"Row.names","baseMean","log2FoldChange","lfcSE","stat","pvalue","padj","Control_155_Cytoplasm","Control_159_Cytoplasm","Control_170_Cytoplasm","Control_2303_Cytoplasm","Patient_55_Cytoplasm","Patient_192_Cytoplasm","Patient_193_Cytoplasm","Patient_194_Cytoplasm","Patient_48_Cytoplasm","Patient_51_Cytoplasm","hgnc_symbol"
"ENSG00000143355",242.569341596182,3.10596517878771,0.611797404021878,5.07678711673095,3.83870551804144e-07,0.00511968154941187,37.7163841476203,67.5501863264304,19.8086222614549,49.8042634673479,261.626721995497,584.02216526497,447.85951882644,756.450773346752,28.1440451164978,172.710735208809,"LHX9"
"ENSG00000134202",333.991949884785,1.85859329917753,0.379705437568207,4.89482929473104,9.83910970460858e-07,0.00656121030651823,166.338924958736,115.614741981775,67.6794593933043,169.334495788983,296.051290679115,358.135906302981,469.685031439815,669.204866661639,241.830313593611,786.044468047897,"GSTM3"
"ENSG00000167641",102.089413703738,2.7078379027231,0.569780840304855,4.75242007308337,2.00996234245273e-06,0.00893562258709736,40.617644466668,28.578924984259,14.8564666960912,10.8663847565123,56.4562926411335,44.4049910779977,162.381813843505,130.389486914016,399.228491837728,133.113639819472,"PPP1R14A"
"ENSG00000259867",30.6353631671498,2.62024583263199,0.586983670982647,4.46391605450547,8.04751039266325e-06,0.0268324115267374,5.80252063809543,9.09329431317332,11.5550296525154,3.62212825217076,37.1785341783074,27.0291250039986,83.8099684353572,63.2772510023899,9.38134837216593,55.6044318233239,""
"ENSG00000072163",816.749773824465,1.16471988125185,0.267524291346341,4.35369766009019,0.0000133860289374182,0.0347170629924631,455.497870090491,452.066631569188,445.694000882736,518.869872123461,928.086371710341,811.839076012958,1331.35626941583,1687.39336006373,777.60954284842,759.084743527497,"LIMS2"
"ENSG00000154096",2182.12800710785,1.0928637650608,0.252990524981496,4.31978140343686,0.0000156183832912033,0.0347170629924631,1349.08604835719,1080.80298122289,1019.31868720403,1746.77134960935,2635.54497841779,2043.59491548089,3452.79609543581,3654.74061850167,1942.9814850797,2895.64291176915,"THY1"
"ENSG00000188783",75.926281361648,2.70074816741864,0.651648965100025,4.14448316817949,0.0000340580969861749,0.0648904056435164,21.2759090063499,18.1865886263466,13.2057481743033,18.1106412608538,37.1785341783074,35.7170580409981,78.5718454081474,308.716285193478,21.8898128683872,206.410390859308,"PRELP"
"ENSG00000141753",14724.6934898421,1.37206152896364,0.33547014693214,4.08996610133894,0.0000431436239959639,0.0719258141542713,7656.42598196692,8429.48382831167,8109.15473828311,5962.92863513611,14127.8429877568,11633.1423365424,26009.0268711059,36445.779084922,11902.8463401959,16970.3040942002,"IGFBP4"
"ENSG00000171533",164.926941326733,1.43121720683623,0.352712002156359,4.05775022705851,0.0000495477175323305,0.0734242120809658,103.478284712702,70.1482704159085,72.6316149586681,80.5923536107993,191.400601880916,80.1220491189958,178.969203429669,298.17007669308,263.720126461998,310.036831984594,"MAP6"
"ENSG00000151572",15.0093236327789,4.03618888295331,1.01396205862467,3.98061135386856,0.0000687382551779159,0.0859764332978081,5.80252063809543,0,0,0,37.1785341783074,7.7226071439996,7.85718454081474,7.6699698184715,37.5253934886637,46.3370265194366,"ANO4"
"ENSG00000231672",31.8516039883857,2.50277918348133,0.62991395016775,3.97320805931481,0.0000709110569300359,0.0859764332978081,14.5063015952386,3.89712613421714,5.77751482625769,9.05532063042689,86.7499130827173,8.68793303699955,55.8733122902382,60.4010123204631,14.5932085789248,58.9743973883738,"DIRC3"
"ENSG00000103175",6.21157439568849,5.10575525541816,1.3017764470608,3.92214444111824,0.000087764350410254,0.0975427617851298,0.967086773015906,0,0,0,1.37698274734472,14.4798883949993,3.49208201813988,8.62871604578044,10.4237204135177,22.747267564087,"WFDC1"
"ENSG00000113732",1143.16583166815,1.27184313682923,0.328026655565579,3.87725544631834,0.000105641426316161,0.108379977136819,602.495059588909,468.954178150796,644.605582758179,757.024804703688,1009.32835380368,1000.07762514795,2199.13865092359,2193.61136808285,788.033263261938,1768.38943025995,"ATP6V0E1"
"ENSG00000197381",1040.6408510344,1.51585707497295,0.397297049735339,3.81542494710882,0.000135948773312855,0.129510627833824,684.697435295261,328.657637318979,333.445141401158,620.289463184242,1294.36378250404,728.821049214962,1557.46858009039,2839.80632528907,691.092663416223,1327.76643262967,"ADARB1"
"ENSG00000173267",29.4170456594991,1.50498959594868,0.39858688638685,3.77581312218087,0.000159486534131694,0.141804793714294,25.1442560984135,12.9904204473905,9.07895186983351,9.05532063042689,37.1785341783074,33.7864062549982,41.0319637131436,48.8960575927558,28.1440451164978,48.864500693224,"SNCG"
"ENSG00000164713",2034.27753600552,0.772041934625597,0.206194563734235,3.74424000634996,0.00018094063137018,0.150825325036505,1252.3773710556,1541.96290710525,1699.41471818065,1218.84615685546,1955.3155012295,2199.97771014689,3066.04801192682,3023.88560093239,2024.28650430514,2360.66087831748,"BRI3"
"ENSG00000140450",465.363620046535,0.939396573787263,0.252654543263609,3.71810679377784,0.000200721418751523,0.154880681607697,426.485266900014,233.827568053028,322.715471009536,217.327695130245,424.110686182174,633.253785807967,645.162152851344,515.805470292209,504.508068014256,730.440036224573,"ARRDC4"
"ENSG00000182901",27.698878760444,2.06075981412134,0.559331143701512,3.68432875109324,0.000229306129735541,0.154880681607697,10.637954503175,7.79425226843427,13.2057481743033,6.33872444129882,44.063447915031,74.3300937609961,20.0794716043043,25.8861481373413,11.4660924548695,63.1868543446862,"RGS7"
"ENSG00000204381",1074.73368169683,0.773437571666138,0.210112156222767,3.68107007976311,0.000232257151694829,0.154880681607697,885.851484082569,701.482704159085,729.617586630256,698.165220605913,1521.56593581592,1375.58939752493,1152.38706598616,1391.14077582527,821.389168585194,1470.14747775303,"LAYN"
"ENSG00000250056",9.94308071199635,4.53108072472751,1.23689305770825,3.66327605809579,0.000249009922131724,0.158145015784324,0.967086773015906,0,1.65071852178791,0,8.26189648406832,1.9306517859999,28.809676649654,37.3911028650486,1.04237204135177,19.3773019990371,"LINC01018"
"ENSG00000126218",26.312606270872,2.24524659784358,0.615199379254031,3.64962429020343,0.000262624145340437,0.159209919382064,5.80252063809543,15.5885045368685,10.7296703916214,0.905532063042689,28.9166376942391,21.2371696459989,24.4445741269792,80.5346830939508,21.8898128683872,53.0769576495364,"F10"
"ENSG00000167548",314.388324565966,-1.41484670511418,0.39067041567089,-3.62158650453347,0.000292801863746624,0.16270909147984,263.047602260326,854.769665438292,283.923585747521,610.328610490772,220.317239575155,198.85713395799,86.4290299489622,144.77068032365,269.974358710108,211.465339206883,"KMT2D"
"ENSG00000218336",157.49126208791,-1.51173965970032,0.419358064260687,-3.60488992232799,0.000312285263328161,0.16270909147984,186.64774719207,327.35859527424,81.7105668285016,436.466454386576,79.8649993459938,129.353669661993,55.8733122902382,69.9884745935525,125.084644962212,82.5641563437233,"TENM3"
"ENSG00000167244",269.66597547725,4.39531556082867,1.21966695738281,3.60370143195504,0.000313717410555357,0.16270909147984,6.76960741111134,35.0741352079542,14.8564666960912,26.260429828238,5.50793098937888,71.4341160819963,1263.2606700621,708.513461981305,11.4660924548695,553.516844059451,"IGF2"
"ENSG00000134986",7492.19412306687,-0.62514608676297,0.173611369653821,-3.60083609736795,0.000317195499623291,0.16270909147984,9784.98396937493,9016.65083253372,9328.21036662348,9851.28331384141,7328.3021813686,6240.83189824468,5582.09310599661,4438.03628621307,6769.16403653839,6582.38523993378,"NREP"
"ENSG00000117266",22.2605676188748,3.21447514004531,0.912972594098877,3.52088897391061,0.000430102661146765,0.212454784878311,5.80252063809543,3.89712613421714,0.825359260893955,4.52766031521344,23.4087067048602,5.7919553579997,20.9524921088393,52.7310425019916,1.04237204135177,103.626441125285,"CDK18"
"ENSG00000135451",53.4699464328496,-1.45414185014876,0.414751894218939,-3.50605234217724,0.000454805771989675,0.216633735036653,68.6631608841293,131.203246518644,77.5837705240318,68.8204367912444,16.5237929681366,49.2316205429974,25.3175946315142,13.4224471823251,51.0762300262367,32.8571642592368,"TROAP"
"ENSG00000129925",894.609735261223,0.74914029773826,0.215943497749048,3.46914959490398,0.000522108648471402,0.234662467984571,855.871794119076,641.726770101089,605.813697496163,437.371986449619,1076.80050842357,1202.79606267794,966.433698520213,1054.62085003983,1235.21086900185,869.451115782883,"TMEM8A"
"ENSG00000143924",245.488279647194,-0.877980506716997,0.253296772675276,-3.46621276474991,0.000527845395481528,0.234662467984571,335.579110236519,315.667216871588,278.971430182157,421.07240931485,167.991895176056,223.955607175988,121.349850130361,157.234381278666,263.720126461998,169.340769643759,"EML4"
"ENSG00000102760",78.4664759989995,2.1817246390209,0.632674407591453,3.44841614081811,0.000563884537385952,0.242167548181848,52.2226857428589,19.4856306710857,9.07895186983351,19.9217053869392,44.063447915031,25.0984732179987,267.144274387701,184.079275643316,48.9914859435332,114.578829211698,"RGCC"
"ENSG00000168955",32.6716210840999,2.27940097223896,0.663599072425413,3.43490680887768,0.000592757633762581,0.242167548181848,7.73669418412724,11.6913784026514,5.77751482625769,14.488513008683,6.8849137367236,26.0637991109986,54.1272712811682,138.059456732487,23.9745569510907,37.9121126068117,"TM4SF20"
"ENSG00000130600",341.479780616215,4.7932947133486,1.39856754947656,3.42728866771047,0.000609640622467216,0.242167548181848,9.67086773015905,45.4664715658666,19.8086222614549,5.43319237825613,16.5237929681366,61.7808571519968,2050.72516515265,1172.54663599883,21.8898128683872,10.9523880864123,"H19"
"ENSG00000139112",1578.5702944153,0.893424399384957,0.262618972680851,3.40197964474827,0.000668996204137463,0.242167548181848,655.684832104784,1271.76216179953,1500.50313630521,741.630759631962,1733.621278907,2290.71834408888,1816.75566993728,1911.73997725402,1610.46480388848,2252.82198023588,"GABARAPL1"
"ENSG00000114933",120.543453141441,-1.10255593238506,0.324567071654535,-3.39700489875512,0.000681277473328617,0.242167548181848,117.98458630794,255.911282813592,130.406763221245,206.461310373733,50.9483616517546,74.3300937609961,59.365394308378,105.462085003983,117.78804067275,86.7766133000358,"INO80D"
"ENSG00000101265",433.385843933835,1.4447168486013,0.426143367438309,3.39021315123588,0.000698382994840178,0.242167548181848,318.171548322233,271.499787350461,159.294337352533,104.136187249909,855.106286101071,399.644919701979,384.129021995387,690.297283662435,214.728640518465,936.850427083881,"RASSF2"
"ENSG00000185278",73.5608905946306,-1.03790908144315,0.306264192650467,-3.38893382364063,0.000701649416368917,0.242167548181848,62.8606402460339,128.605162429166,86.6627223938653,146.696194212916,61.9642236305124,55.9889017939971,35.7938406859338,44.1023264562111,57.3304622743473,55.6044318233239,"ZBTB37"
"ENSG00000224259",899.690243088305,1.01308247751875,0.29909960685649,3.38710735251761,0.000706337432003842,0.242167548181848,524.161030974621,416.992496361234,768.409471892272,523.397532438674,1116.73300809657,1048.34391979795,1358.41990505642,1746.83562615688,891.228095355763,602.381344752675,"LINC01133"
"ENSG00000167767",54.7157750159073,1.2962644422568,0.38332373401186,3.38164409672763,0.000720534313322996,0.242167548181848,17.4075619142863,24.6817988500419,35.4904482184401,38.9378787108356,56.4562926411335,132.249647340993,63.7304968310529,59.4422660931542,43.7796257367743,74.981733822361,"KRT80"
"ENSG00000141994",80.8805177739282,-0.780706585695317,0.231202453127625,-3.37672276022245,0.000733549465878133,0.242167548181848,96.7086773015905,119.511868115992,88.3134409156532,127.680020889019,63.3412063778571,69.5034642959964,73.3337223809376,48.8960575927558,62.5423224811062,58.9743973883738,"DUS3L"
"ENSG00000164761",1318.75251502676,1.20128618162707,0.356183690040379,3.37265915093103,0.000744460484026075,0.242167548181848,793.978240646058,819.695530230338,850.945397981668,499.853698799564,1604.1849006566,1753.99714758091,2397.31430545303,1579.05503637782,529.524997006699,2358.97589553495,"TNFRSF11B"
"ENSG00000149571",135.392998115074,0.725135213627992,0.216623504882175,3.34744474761594,0.000815602444650818,0.244183648095508,93.8074169825428,106.521447668602,99.8684705681686,89.6476742412262,136.321291987127,154.452142879992,199.048675033973,123.678263322853,193.881199691429,156.703398774822,"KIRREL3"
"ENSG00000184258",490.093418377205,-3.04765017298225,0.910559030129483,-3.34700999291487,0.000816882655973347,0.244183648095508,110.247892123813,3521.70298328755,128.756044699457,387.567722982271,206.547412101708,153.486816986992,60.238414812913,104.503338776674,103.194832093825,124.688725906847,"CDR1"
"ENSG00000246859",179.569548954631,-2.12789125719864,0.636713686771008,-3.34199075881328,0.000831798299879575,0.244183648095508,171.174358823815,110.418573802819,75.1076927413499,979.785692212189,92.2578440720962,109.081825908994,24.4445741269792,34.5148641831218,114.660924548695,84.2491391262483,"STARD4-AS1"
"ENSG00000104332",1172.33941068419,1.933828147563,0.57981425754891,3.33525456193163,0.000852213464336672,0.244183648095508,251.442560984135,501.430229269272,866.627223938653,122.246828510763,559.054995421956,561.819669725971,866.036340498691,2127.45787839853,1925.26116037672,3942.01721971716,"SFRP1"
"ENSG00000129473",873.330237210103,0.457251469743677,0.137147946924047,3.33400156545475,0.00085606175971322,0.244183648095508,743.689728449231,593.662214445744,742.82333480456,772.418849775414,981.788698856785,1028.07207604495,975.163903565563,1016.27100094747,917.287396389557,962.125168821756,"BCL2L2"
"ENSG00000167100",40.8914536455538,1.21665960928578,0.365082638066339,3.33255948770891,0.000860510719088916,0.244183648095508,25.1442560984135,22.0837147605638,22.2847000441368,21.7327695130245,55.0793098937888,62.7461830449967,83.8099684353572,40.2673415469754,26.0593010337942,49.7069920844865,"SAMD14"
"ENSG00000138688",241.106807530144,-0.771429426978035,0.23255346913147,-3.31721315471721,0.000909202225994289,0.244859834664815,273.685556763501,394.90878160067,220.370922658686,394.811979486612,191.400601880916,186.30789734899,144.921403752805,190.790499234479,225.152360931982,188.718071642796,"KIAA1109"
"ENSG00000079841",182.530475352454,1.46662455113092,0.4435662190598,3.30643878661371,0.000944899934560473,0.244859834664815,104.445371485718,88.3348590422551,105.645985394426,56.1429879086467,308.444135405217,79.1567232259959,164.127854852575,534.980394838387,218.898128683872,165.128312687447,"RIMS1"
"ENSG00000196935",688.020262009716,-0.617572741071134,0.18696914981431,-3.30307294911744,0.000956315065526911,0.244859834664815,816.221236425424,1106.78382211767,726.31614958668,830.372901810146,656.820770483431,543.478477758972,467.06596992621,548.402842020713,532.652113130754,652.088336837162,"SRGAP1"
"ENSG00000104055",9.31552339507511,4.38223346559643,1.3272119221668,3.30183401189014,0.000960548946253066,0.244859834664815,1.93417354603181,0,0,0.905532063042689,2.75396549468944,0,13.0953075680246,53.6897887293005,7.29660428946239,13.4798622601997,"TGM5"
"ENSG00000188613",65.8350086107407,1.36828394940721,0.415216346079801,3.29535183844674,0.000982985229679092,0.244859834664815,36.7492973746044,12.9904204473905,23.9354185659247,60.6706482238602,92.2578440720962,51.1622723289973,112.619645085011,127.513248232089,64.6270665638097,75.8242252136235,"NANOS1"
"ENSG00000163431",86.5958621064026,1.27741690810865,0.38894939462971,3.28427534724609,0.00102244976209394,0.244859834664815,34.8151238285726,45.4664715658666,45.3947593491675,60.6706482238602,143.206205723851,80.1220491189958,68.9686198582627,83.4109217758776,227.237105014686,76.666716604886,"LMOD1"
"ENSG00000104885",233.215069803124,-0.796862836405035,0.2434135328914,-3.27369981011105,0.0010614931335039,0.244859834664815,229.19956520477,414.394412271756,287.225022791096,320.558350317112,206.547412101708,186.30789734899,165.00087535711,166.821843551755,231.406593180093,124.688725906847,"DOT1L"
"ENSG00000143850",23.7116073024188,2.40009804452994,0.73519884349008,3.26455633844088,0.00109635657065363,0.244859834664815,9.67086773015905,7.79425226843427,6.60287408715164,2.71659618912807,24.785689452205,3.8613035719998,32.3017586677939,49.8548038200648,9.38134837216593,90.1465788650857,"PLEKHA6"
"ENSG00000165359",29.3325154229981,-2.44137173198596,0.747987247327107,-3.26392159854339,0.00109881567228427,0.244859834664815,22.2429957793658,5.19616817895618,17.3325444787731,184.728540860709,15.1468102207919,9.6532589299995,6.1111435317448,13.4224471823251,9.38134837216593,10.1098966951498,"INTS6L"
"ENSG00000166833",310.426997687382,-1.05180030826888,0.322481912788447,-3.26157922834847,0.00110793466474098,0.244859834664815,271.751383217469,744.351091635473,333.445141401158,452.766031521344,187.269653638882,301.181678615984,195.556593015834,133.265725595942,220.982872766575,263.699805465157,"NAV2"
"ENSG00000164659",82.9794555022806,1.90488527765319,0.585642782555433,3.25264023461758,0.00114338160864904,0.244859834664815,51.255598969843,7.79425226843427,28.8875741312884,37.1268145847502,39.9324996729969,68.5381384029965,52.3812302720983,116.96703973169,104.237204135177,322.674202853531,"KIAA1324L"
"ENSG00000246273",120.259894156127,1.49272868697529,0.459984995446459,3.24516821581637,0.00117381261515972,0.244859834664815,89.9390698904792,46.7655136106057,52.8229926972131,40.748942836921,174.876808912779,69.5034642959964,302.938115073635,246.397780418397,61.4999504397544,117.106303385485,"SBF2-AS1"
"ENSG00000135476",55.4850110901983,-1.33112497195647,0.410415489214256,-3.24335949041523,0.00118129060224389,0.244859834664815,56.0910328349225,135.100372652861,103.169907611744,53.4263917195186,31.6706031889286,41.5090133989979,21.8255126133743,17.2574320915609,59.4152063570509,35.3846384330243,"ESPL1"
"ENSG00000175356",28.0371384300368,1.12981663163635,0.348495791139083,3.24198070784001,0.00118702057577901,0.244859834664815,18.3746486873022,16.8875465816076,10.7296703916214,19.9217053869392,26.1626721995497,45.3703169709976,38.4129021995387,41.2260877742843,31.2711612405531,32.0146728679744,"SCUBE2"
"ENSG00000183111",26.1716816136534,1.57953012307143,0.487229511326403,3.24186053256793,0.00118752121741917,0.244859834664815,16.4404751412704,14.2894624921295,5.77751482625769,11.771916819555,28.9166376942391,24.1331473249987,30.555717658724,42.1848340015933,17.7203247029801,69.9267854747861,"ARHGEF37"
"ENSG00000225648",864.172767646813,0.787733472339599,0.243128728376974,3.23998516176257,0.00119535919838324,0.244859834664815,541.568592888907,518.317775850879,869.103301721335,478.12092928654,736.685769829425,1117.84738409394,981.275047097308,1199.39153036348,890.185723314411,1309.2316220219,"SBDSP1"
"ENSG00000127540",583.196287078307,0.801896538059645,0.247569887981759,3.23907137736689,0.00119919558878781,0.244859834664815,446.794089133348,346.844225945325,497.691634319055,321.463882380155,647.181891252018,569.54227686997,938.497042375094,944.365033899304,539.948717420217,579.634077188588,"UQCR11"
"ENSG00000143382",396.779741677422,1.46216813892762,0.451598005759586,3.23776482685803,0.00120470071206726,0.244859834664815,216.627437155563,233.827568053028,141.96179287376,181.106412608538,514.991547506925,235.539517891988,1108.73604075941,748.780803528281,157.398178244117,428.828118152604,"ADAMTSL4"
"ENSG00000180573",422.522893154936,1.37228761063257,0.424055184981952,3.23610619379875,0.00121172295777745,0.244859834664815,180.845226553974,206.547685113508,386.268134098371,91.4587383673116,497.090771791444,321.453522368983,730.718162295771,514.8467240649,282.48282320633,1013.51714368877,"HIST1H2AC"
"ENSG00000174697",96.153852977415,2.07816585636557,0.645033277579063,3.22179634539993,0.00127389647855168,0.247264865530687,46.4201651047635,44.1674295211276,36.315807479334,4.52766031521344,136.321291987127,56.954227686997,302.0650945691,162.028112415211,17.7203247029801,155.018415992297,"LEP"
"ENSG00000171444",101.617090534125,-1.17354145632845,0.364263405295736,-3.22168364778692,0.00127439760971473,0.247264865530687,187.614833965086,219.538105560899,107.296703916214,96.8919307455677,59.2102581358229,31.8557544689983,61.111435317448,77.658444412024,64.6270665638097,110.366372255385,"MCC"
"ENSG00000161281",318.714587658775,1.14413353835629,0.355255231304996,3.22059589144804,0.00127924388705237,0.247264865530687,116.050412761909,235.126610097767,284.748945008415,103.230655186867,224.448187817189,417.986111668978,423.414944699461,613.59758547772,308.542124240124,460.000299629316,"COX7A1"
"ENSG00000142686",403.488089029095,0.600997417728457,0.187312011198918,3.20853646213975,0.00133412391532452,0.248492024503041,369.427147292076,277.994997574156,320.239393226855,264.415362408465,391.0631002459,527.067937577973,548.256876847962,499.506784427957,419.033560623411,417.875730066192,"C1orf216"
"ENSG00000137135",17.7577882324981,-1.69716486853745,0.529211359828803,-3.20696983731882,0.00134141059698055,0.248492024503041,9.67086773015905,48.0645556553447,21.4593407832428,42.5600069630064,5.50793098937888,12.5492366089993,8.73020504534971,9.58746227308938,13.550836537573,5.89743973883738,"ARHGEF39"
"ENSG00000177363",72.6522512506311,2.3131745365753,0.721392269021593,3.2065418994753,0.00134340739534089,0.248492024503041,46.4201651047635,20.7846727158247,9.90431113072746,9.05532063042689,48.1943961570652,24.1331473249987,195.556593015834,220.511632281056,10.4237204135177,141.538553732097,"LRRN4CL"
"ENSG00000090857",115.920874288574,-1.33972248430024,0.418273358964672,-3.20298306259902,0.00136011980120881,0.248492024503041,91.873243436511,133.801330608122,101.519189089956,400.245171864869,72.9800856092701,75.2954196539961,57.6193532993081,56.5660274112273,105.279576176529,64.0293457359487,"PDPR"
"ENSG00000119927",168.854892337515,-1.57419135738862,0.493500674649346,-3.18984641410502,0.00142348422274419,0.25655417673972,89.9390698904792,127.306120384426,253.385293094444,651.983085390736,70.2261201145807,89.7753080489953,65.4765378401228,72.8647132754793,174.076130905746,93.5165444301356,"GPAM"
"ENSG00000198624",60.59794817825,1.87642065938943,0.590022263235262,3.18025399431621,0.00147146016897476,0.258732557567494,18.3746486873022,44.1674295211276,21.4593407832428,9.96085269346958,27.5396549468944,21.2371696459989,125.714952653036,177.368052052154,53.1609741089403,106.996406690335,"CCDC69"
"ENSG00000010244",581.415547288526,-0.646156843149313,0.203492449860557,-3.1753357119249,0.00149663242393568,0.258732557567494,679.862001430182,675.501863264304,640.478786453709,972.541435707848,457.158272118447,417.986111668978,400.716411581552,432.394548516331,598.321551735916,539.194490407989,"ZNF207"
"ENSG00000107738",360.68661201455,1.36898577847397,0.4322664029916,3.16699555875632,0.00154022670667461,0.258732557567494,172.141445596831,161.081213547642,147.739307700018,258.982170030209,422.733703434829,306.973633973984,681.829014041812,952.993749945084,137.593109458434,364.798772416655,"VSIR"
"ENSG00000178980",1938.86198849284,0.660386807143006,0.208739470127681,3.16368919945549,0.00155783058999864,0.258732557567494,1346.18478803814,1456.22613215247,1689.51040704993,1260.50063175542,1795.58550253751,2034.90698244389,2570.17236535096,3190.70744448415,1959.65943774133,2085.16619337465,"SELENOW"
"ENSG00000149639",300.723638844637,-1.27043317170155,0.401708304409749,-3.16257632156314,0.001563797381325,0.258732557567494,269.817209671438,974.281533554284,268.241759790535,342.291119830136,249.233877269394,169.897357167991,116.111727103151,133.265725595942,257.465894213887,226.630184249608,"SOGA1"
"ENSG00000166592",42.937025252044,1.61331057016154,0.510855805754352,3.15805468390293,0.00158825761752326,0.258732557567494,18.3746486873022,25.9808408947809,23.9354185659247,9.05532063042689,27.5396549468944,29.9251026829984,131.826096184781,36.4323566377396,47.9491139021814,78.3516993874109,"RRAD"
"ENSG00000184194",50.661491209096,-1.50334793488537,0.476226913362538,-3.15678911187641,0.00159516666802562,0.258732557567494,61.893553473018,57.157849968518,32.1890111748642,179.295348482452,46.8174134097205,20.2718437529989,24.4445741269792,39.3085953196665,25.0169289924425,20.2197933902996,"GPR173"
"ENSG00000136002",179.613999797495,1.0201523610314,0.32362558248206,3.15226118160159,0.00162011288195083,0.258732557567494,155.700970455561,113.016657892297,71.8062556977741,104.136187249909,271.26560122691,115.839107159994,238.334597738047,300.087569147698,156.355806202765,269.597245203995,"ARHGEF4"
"ENSG00000168528",710.991083307469,1.06457863716314,0.33782648036888,3.15125870535875,0.00162568425823286,0.258732557567494,404.242271120648,397.506865690148,659.46204945427,257.171105904124,530.138357727717,1075.37304480194,1030.16419535127,1436.20184850879,603.533411942675,716.117682573111,"SERINC2"
"ENSG00000197056",56.5881165133528,-0.789766497322251,0.250674804013095,-3.15056194192136,0.00162956698175523,0.258732557567494,73.4985947492088,79.2415647290818,69.3301779150922,80.5923536107993,52.3253443990994,31.8557544689983,35.7938406859338,44.1023264562111,46.9067418608296,52.234466258274,"ZMYM1"
"ENSG00000246430",596.329609167756,1.16296147733384,0.369946686868463,3.14359208668178,0.00166887897082319,0.261610933476458,293.994378996835,401.403991824365,442.39256383916,230.910676075886,523.253443990994,456.599147388976,996.116395674402,1011.47726981093,358.575982225009,1248.572241851,"LINC00968"
"ENSG00000085511",155.839889176351,-0.703384665754869,0.223976272292443,-3.14044277349374,0.00168692661610373,0.261610933476458,156.668057228577,181.865886263466,188.181911483822,283.431535732362,144.583188471196,137.076276805993,117.857768112221,116.96703973169,114.660924548695,117.106303385485,"MAP3K4"
"ENSG00000101639",98.4814360320799,-0.87401528159692,0.278684533279426,-3.13621739718357,0.00171142288880474,0.26235916170102,101.54411116667,148.090793100251,124.629248394987,168.42896372594,41.3094824203416,101.359218764995,64.6035173355879,72.8647132754793,80.2626471840863,81.7216649524609,"CEP192"
"ENSG00000163815",176.639087579883,2.05117971126957,0.654769916456466,3.132672500243,0.00173222605230417,0.262530668858871,23.2100825523817,161.081213547642,46.2201186100615,15.3940450717257,172.12284341809,176.654638418991,495.002626071329,447.734488153274,38.5677655300155,190.403054425321,"CLEC3B"
"ENSG00000140534",48.9708507773279,-1.33127808617105,0.427338783674306,-3.11527560106895,0.00183773116650717,0.271490655033824,36.7492973746044,116.913784026514,58.6005075234708,95.0808666194824,17.9007757154814,48.2662946499975,20.0794716043043,22.0511632281056,47.9491139021814,26.117233129137,"TICRR"
"ENSG00000067840",23.3217835704735,1.63457360798399,0.525797035526253,3.10875394409176,0.00187878112504097,0.271490655033824,7.73669418412724,12.9904204473905,8.25359260893955,12.6774488825976,19.2777584628261,19.306517859999,48.0161277494234,43.1435802289022,10.4237204135177,51.3919748670115,"PDZD4"
"ENSG00000104824",606.124557107808,-0.622368963124424,0.200215188160738,-3.10850025336125,0.00188039484715027,0.271490655033824,560.910328349225,962.590155151633,741.997975543666,805.018004044951,520.499478496304,517.414678647973,495.002626071329,382.539744696266,568.092762536714,507.179817540015,"HNRNPL"
"ENSG00000243156",98.8484923804488,-1.28830330453195,0.414991706057856,-3.10440735495648,0.00190660628096754,0.271490655033824,86.0707227984156,197.454390800335,84.1866446111834,244.493657021526,64.7181891252018,79.1567232259959,30.555717658724,46.019818910829,105.279576176529,50.549483475749,"MICAL3"
"ENSG00000154102",58.0171926240924,1.5361012800933,0.495332816260665,3.10114983232796,0.00192770721310872,0.271490655033824,31.9138635095249,19.4856306710857,11.5550296525154,45.2766031521344,64.7181891252018,111.977803587994,29.682697154189,86.2871604578044,139.677853541137,39.5970953893367,"C16orf74"
"ENSG00000170577",13.1561363278466,3.0302481557566,0.9785500063095,3.09667174515165,0.00195706456667155,0.271490655033824,2.90126031904772,3.89712613421714,3.30143704357582,0,16.5237929681366,3.8613035719998,22.6985331179092,12.4637009550162,1.04237204135177,64.8718371272112,"SIX2"
"ENSG00000101126",475.206188203548,-0.497751793601015,0.161004669201927,-3.09153638877859,0.00199123574672289,0.271490655033824,558.976154803193,592.363172401005,509.24666397157,642.927764760309,442.011461897655,423.778067026978,366.668611904688,361.44732769547,476.364022897759,378.278634676855,"ADNP"
"ENSG00000234498",6.79188143977226,2.1874820298411,0.707870922365347,3.09022727269492,0.00200003389657691,0.271490655033824,1.93417354603181,1.29904204473905,2.47607778268187,2.71659618912807,15.1468102207919,11.5839107159994,9.60322554988468,5.75247736385363,7.29660428946239,10.1098966951498,"RPL13AP20"
"ENSG00000076928",272.823796951044,-0.637847694223178,0.20642712211442,-3.08994132016057,0.00200196043346028,0.271490655033824,293.994378996835,362.432730482194,289.701100573778,442.805178827875,260.249739248152,225.886258961988,255.795007828747,194.625484143714,180.330363153856,222.417727293296,"ARHGEF1"
"ENSG00000065054",318.251066183107,0.988140908923807,0.320354550461998,3.08452278108353,0.00203878995471926,0.271490655033824,210.824916517467,279.294039618895,131.232122482139,180.200880545495,480.566978823307,596.571401873969,457.462744376325,212.841662462584,289.779427495792,343.736487635093,"SLC9A3R2"
"ENSG00000038382",1324.49409803294,-0.955385219657648,0.30990807523628,-3.08280195322191,0.00205061575570652,0.271490655033824,1238.83815623338,2003.12283298761,1442.72798804263,2782.70002973018,1169.05835249567,1014.55751354295,548.256876847962,664.411135525094,1311.30402802053,1069.96406690335,"TRIO"
"ENSG00000183495",232.708307853224,-0.772484626165145,0.250841975741025,-3.07956682243117,0.00207301860993067,0.271490655033824,218.561610701595,344.246141855847,236.878107876565,439.183050575704,192.777584628261,188.23854913499,134.445157698386,186.955514325243,210.559152353057,175.238209382596,"EP400"
"ENSG00000005486",350.509715088148,0.679768658815421,0.220853338562007,3.07791887250356,0.00208451655319303,0.271490655033824,253.376734530167,255.911282813592,253.385293094444,268.037490660636,344.24568683618,368.754491125981,460.954826394465,531.145409929152,277.270962999571,492.01497249729,"RHBDD2"
"ENSG00000163235",41.7337978126156,2.39159423738332,0.77784309009631,3.07464868921982,0.00210750640242536,0.271490655033824,16.4404751412704,15.5885045368685,10.7296703916214,4.52766031521344,11.0158619787578,211.406370566989,6.98416403627977,23.9686556827235,41.6948816540708,74.981733822361,"TGFA"
"ENSG00000265962",27.4927978774275,2.433330897006,0.791952505341286,3.07257175221307,0.00212222806076082,0.271490655033824,9.67086773015905,6.49521022369523,6.60287408715164,7.24425650434151,141.829222976506,8.68793303699955,45.3970662358185,23.9686556827235,3.12711612405531,21.9047761728246,"GACAT2"
"ENSG00000118971",157.904425497219,2.00592445972558,0.653300911696091,3.07044491108672,0.00213740112308252,0.271490655033824,64.7948137920657,19.4856306710857,75.9330520022439,64.2927764760309,28.9166376942391,65.6421607239966,479.288256989699,144.77068032365,117.78804067275,518.132205626427,"CCND2"
"ENSG00000134744",173.860655607131,-0.807791986933664,0.263724900995811,-3.06300991633132,0.00219122798552829,0.271688120851242,199.219875241277,211.743853292464,165.071852178791,359.496229027948,159.729998691988,142.868232163993,119.603809121291,101.627100094747,146.9744578306,132.27114842821,"ZCCHC11"
"ENSG00000164106",8.08659779661497,2.71264619486453,0.887384987026425,3.05689890467321,0.0022363968845934,0.271688120851242,1.93417354603181,0,1.65071852178791,3.62212825217076,9.63887923141304,5.7919553579997,10.4762460544197,34.5148641831218,3.12711612405531,10.1098966951498,"SCRG1"
"ENSG00000134265",240.650186751458,-0.589200013348092,0.193000610486866,-3.05284015351956,0.00226686653301105,0.271688120851242,289.158945131756,292.284460066285,291.351819095566,332.330267136667,179.007757154814,240.366147356988,152.77858829362,178.326798279462,229.321849097389,221.575235902033,"NAPG"
"ENSG00000074410",293.153271125586,1.13410858187472,0.371518979454339,3.05262623067178,0.0022684829858093,0.271688120851242,286.257684812708,129.904204473905,170.849367005049,95.986398682525,254.741808258773,201.75311163699,530.796466757262,577.165228839981,329.389565067159,354.688875721505,"CA12"
"ENSG00000167642",28.404972717209,1.49165170553515,0.488807485487363,3.0516138762644,0.0022761469133453,0.271688120851242,21.2759090063499,10.3923363579124,5.77751482625769,17.2051091978111,15.1468102207919,25.0984732179987,61.111435317448,33.5561179558128,48.9914859435332,45.4945351281741,"SPINT2"
"ENSG00000138336",45.6831729494844,-1.28412338444033,0.420899629816873,-3.05090167220872,0.0022815527881337,0.271688120851242,59.9593799269861,114.315699937036,31.3636519139703,76.9702253586286,37.1785341783074,20.2718437529989,16.5873895861645,27.8036405919592,47.9491139021814,24.432250346612,"TET1"
"ENSG00000254300",62.8562030064834,1.98177725184566,0.650608227236846,3.0460377979884,0.00231878683284493,0.273678406988078,20.308822233334,32.4760511184761,24.7607778268187,13.5829809456403,42.6864651676863,21.2371696459989,144.04838324827,239.686556827235,15.6355806202765,74.1392424310985,"LINC01111"
"ENSG00000121898",32.1676949538157,2.613674448857,0.859267347442873,3.04174766635219,0.00235208979009197,0.273895492485315,4.83543386507953,1.29904204473905,11.5550296525154,13.5829809456403,13.7698274734472,64.6768348309966,15.7143690816295,88.2046529124223,1.04237204135177,106.996406690335,"CPXM2"
"ENSG00000166275",322.891167032024,0.763960664482752,0.251526329679506,3.03729897961851,0.00238708561063168,0.273895492485315,248.541300665088,259.808408947809,241.004904181035,162.090239284641,298.805256173804,334.002758977983,444.3674368083,486.084337245632,268.931986668757,485.27504136719,"BORCS7"
"ENSG00000197903",335.52540949414,1.28611689892143,0.423578525235699,3.03631280222664,0.00239490768841153,0.273895492485315,117.017499534925,205.248643068769,319.414033965961,78.7812894847139,296.051290679115,329.176129512983,573.574471479476,647.153703433533,199.093059898188,589.743973883738,"HIST1H2BK"
"ENSG00000177697",2191.34135414711,0.84662425665441,0.279037916719588,3.03408320491871,0.00241267878155812,0.273895492485315,1659.52090249529,1083.40106531236,1588.81657722086,1594.64196301818,1626.21662461411,2562.94024591487,3028.50813023181,4317.23426157215,1983.63399469242,2468.49977639908,"CD151"
"ENSG00000176485",84.7323172148027,1.30318786069091,0.429880130959139,3.03151452425417,0.00243330213530253,0.273895492485315,65.7619005650816,46.7655136106057,47.8708371318494,19.9217053869392,122.55146451368,79.1567232259959,106.508501553266,224.346617190291,55.2457181916438,79.1941907786734,"PLA2G16"
"ENSG00000132199",135.579928407874,-1.18883440622798,0.393946024037675,-3.0177596261621,0.00254650805153092,0.273895492485315,143.128842406354,119.511868115992,130.406763221245,423.789005503978,108.781637040233,81.0873750119958,73.3337223809376,107.379577458601,113.618552507343,54.7619404320614,"ENOSF1"
"ENSG00000175567",20.8037193703003,2.08043663203532,0.689560982206828,3.01704517180949,0.00255251771834949,0.273895492485315,6.76960741111134,11.6913784026514,6.60287408715164,3.62212825217076,8.26189648406832,32.8210803619983,13.9683280725595,20.1336707734877,90.6863675976039,13.4798622601997,"UCP2"
"ENSG00000104447",249.270677530745,-0.838841937314126,0.278463523694511,-3.01239432075268,0.00259195666681543,0.273895492485315,275.619730309533,531.30819629827,184.880474440246,364.929421406204,206.547412101708,204.649089315989,165.873895861645,185.038021870625,183.457479277911,190.403054425321,"TRPS1"
"ENSG00000141401",223.133571996109,0.911437822479863,0.302566451404917,3.01235585851555,0.00259228513467485,0.273895492485315,135.392148222227,187.062054442423,184.055115179352,77.8757574216713,282.281463205668,234.574191998988,360.557468372943,302.963807829624,302.287891992013,164.285821296184,"IMPA2"
"ENSG00000010626",75.3848592542177,0.992310980314283,0.329723778630438,3.00952204428813,0.00261659089878476,0.273895492485315,54.1568592888907,53.2607238343009,37.9665260011219,44.3710710890918,100.519740556165,57.919553579997,158.01671132083,96.8333689582027,61.4999504397544,89.3040874738232,"LRRC23"
"ENSG00000230630",82.7958100741872,-1.7312035868017,0.576282655974472,-3.00408761022714,0.00266378606954179,0.273895492485315,59.9593799269861,31.1770090737371,66.0287408715164,412.922620747466,42.6864651676863,31.8557544689983,52.3812302720983,49.8548038200648,40.652509612719,40.4395867805992,"DNM3OS"
"ENSG00000110987",169.333744534014,1.01012474671381,0.336545449688841,3.00145120858931,0.00268696095470911,0.273895492485315,121.852933400004,93.5310272212113,147.739307700018,57.9540520347321,140.452240229161,198.85713395799,149.28650627548,188.873006779861,245.999801759018,348.791435982668,"BCL7A"
"ENSG00000166448",16.6355698171249,2.08859793026976,0.695869118208426,3.00142350855723,0.00268720542270137,0.273895492485315,6.76960741111134,5.19616817895618,1.65071852178791,9.05532063042689,19.2777584628261,4.82662946499975,54.1272712811682,31.638625501195,9.38134837216593,24.432250346612,"TMEM130"
"ENSG00000166851",169.813427674246,-1.65940275868106,0.553801454509815,-2.99638569954615,0.00273200636777732,0.273895492485315,195.351528149213,483.243640642925,377.189182228538,95.986398682525,39.9324996729969,143.833558056993,46.2700867403535,26.8448943646503,195.965943774133,93.5165444301356,"PLK1"
"ENSG00000143158",662.002008160344,0.793342180525329,0.264818190305418,2.99579941850051,0.00273726422054928,0.273895492485315,544.469853207955,326.059553229501,621.495523453148,345.913248082307,874.384044563897,560.854343832971,1118.3392663093,763.161996937915,691.092663416223,774.249588570222,"MPC2"
"ENSG00000197646",88.4454771664593,0.951219495256656,0.317708581041696,2.99400001138722,0.00275345934244509,0.273895492485315,53.1897725158748,48.0645556553447,59.4258667843648,66.1038406021163,55.0793098937888,142.868232163993,93.4131939852419,82.4521755485687,149.059201913303,134.798622601997,"PDCD1LG2"
"ENSG00000187951",71.3968042723778,-1.1510883401379,0.384570198673204,-2.9931813336271,0.00276085658174915,0.273895492485315,107.346631804766,123.408994250209,118.85173356873,76.0646932955859,52.3253443990994,74.3300937609961,32.3017586677939,25.8861481373413,78.1779031013827,25.2747417378745,"ARHGAP11B"
"ENSG00000205885",34.5163358830525,-1.91274508135063,0.639877452579108,-2.98923656966043,0.00279675498096935,0.273895492485315,32.8809502825408,40.2703033869104,13.2057481743033,160.279175158556,12.3928447261025,10.6185848229995,11.3492665589546,18.2161783188698,37.5253934886637,8.42491391262483,"C1RL-AS1"
"ENSG00000163812",1234.74806607835,0.536656271551713,0.179708627929019,2.98625768688013,0.00282414554923247,0.273895492485315,985.461421703208,1061.3173505518,986.304316768276,855.727799575341,1411.40731602834,1417.09841092393,1362.78500757909,1657.67222701715,1013.18562419392,1596.52118644241,"ZDHHC3"
"ENSG00000183346",16.9895663187459,1.93225604231174,0.647356757248249,2.9848395350429,0.00283727120586126,0.273895492485315,5.80252063809543,1.29904204473905,14.8564666960912,2.71659618912807,22.0317239575155,9.6532589299995,42.7780047222136,28.7623868192681,12.5084644962212,29.4871986941869,"C10orf107"
"ENSG00000092140",119.992051047462,-0.872955659968574,0.292585360770819,-2.98359308773605,0.00284885362424441,0.273895492485315,156.668057228577,163.67929763712,153.516822526276,185.634072923751,83.9959475880279,105.220522336995,44.5240457312835,69.9884745935525,127.169389044916,109.523880864123,"G2E3"
"ENSG00000198265",358.52953382345,-0.877642554839431,0.2944002118279,-2.98112066356964,0.00287195607680705,0.273895492485315,330.74367637144,802.80798364873,300.4307709654,540.602641636485,298.805256173804,244.227450928987,205.159818565718,265.572704964576,323.135332819049,273.809702160307,"HELZ"
"ENSG00000198837",244.402789798888,-0.79772945859176,0.267603184658729,-2.98101631192878,0.00287293489471141,0.273895492485315,264.981775806358,309.172006647893,258.337448659808,478.12092928654,253.364825511428,182.446593776991,185.953367465949,166.821843551755,220.982872766575,123.846234515585,"DENND4B"
"ENSG00000184182",290.537550473545,0.560370876168661,0.188123900639692,2.97873302787785,0.002894428466281,0.273895492485315,239.837519707945,209.145769202986,211.291970788852,244.493657021526,291.920342437081,330.141455405983,358.811427363873,426.642071152477,267.889614627405,325.201677027318,"UBE2F"
"ENSG00000255364",105.838076631848,1.8655384781101,0.626604427280232,2.97721879528915,0.00290876345312509,0.273895492485315,52.2226857428589,44.1674295211276,61.0765853061527,6.33872444129882,111.535602534922,73.3647678679962,223.493249160953,207.089185098731,18.7626967443319,260.329839900107,"SMILR"
"ENSG00000213347",69.3785555047113,-1.33186386662019,0.447873385394312,-2.97375086364554,0.00294183823862427,0.273895492485315,70.5973344301611,181.865886263466,108.947422438002,74.2536291695005,19.2777584628261,80.1220491189958,43.6510252267486,17.2574320915609,53.1609741089403,44.6520437369116,"MXD3"
"ENSG00000136856",38.2040127355854,1.08256513856721,0.364158366927167,2.97278666889378,0.00295109485585145,0.273895492485315,24.1771693253976,18.1865886263466,28.0622148703945,20.8272374499818,39.9324996729969,43.4396651849978,34.9208201813988,73.8234595027882,31.2711612405531,67.3993113009986,"SLC2A8"
"ENSG00000129559",835.378048616932,0.570033022782551,0.191937654446781,2.96988636453617,0.00297909926605018,0.273895492485315,752.393509406375,514.420649716662,780.789860805682,539.697109573443,1016.2132675404,865.897326020955,1093.02167167778,1065.16705854023,887.058607190356,839.121425697433,"NEDD8"
"ENSG00000163945",39.8344566323964,-1.39752105309027,0.470683851295042,-2.96912895831272,0.00298645235647556,0.273895492485315,36.7492973746044,76.6434806396037,31.3636519139703,108.663847565123,31.6706031889286,28.9597767899985,7.85718454081474,20.1336707734877,34.3982773646084,21.9047761728246,"UVSSA"
"ENSG00000124160",164.11262879764,-0.652694728052162,0.220223802152063,-2.96377921765913,0.00303886230251569,0.273895492485315,167.306011731752,267.602661216243,155.992900308958,249.926849399782,133.567326492438,148.660187521992,126.587973157571,128.471994459398,128.211761086268,134.798622601997,"NCOA5"
"ENSG00000150991",2753.60068867009,0.704733122106025,0.237901770590285,2.9622861585159,0.00305363839386357,0.273895492485315,1387.76951927782,2260.33315784594,2535.50364946623,1810.15859402234,3614.57971177989,2597.69197806287,4090.97408425087,3326.84940876201,2313.02355975958,3599.12322347333,"UBC"
"ENSG00000010404",1733.60877185817,0.719680536789662,0.242958801248069,2.96215050902743,0.00305498409368761,0.273895492485315,1182.74712339845,1160.04454595197,1207.50059868786,1445.22917261613,2179.76368904669,1789.71420562191,2176.44011780568,2706.54059969313,1125.76180465991,2362.3458611,"IDS"
"ENSG00000129250",3632.85246098556,0.563425049520041,0.190240167877707,2.96165134737597,0.00305994064484606,0.273895492485315,2687.5341422112,3477.53555376643,3071.9871690473,2057.36884723299,4929.5982354941,4032.16625506079,3567.16178152989,4230.94710111434,4464.47945310963,3809.74607128895,"KIF1C"
"ENSG00000175899",20.9759807793774,2.47065370642817,0.83489136290571,2.95925172567295,0.00308387082045425,0.274197234215989,6.76960741111134,1.29904204473905,13.2057481743033,0.905532063042689,1.37698274734472,16.4105401809991,61.984455821983,46.978565138138,44.8219977781261,16.0073364339872,"A2M"
"ENSG00000136010",1118.98616296869,-0.786563963241697,0.267215754799733,-2.94355384783055,0.00324467372580229,0.282431140346467,1306.53423034449,1729.02496154767,1380.00068421469,1569.28706525298,925.332406215652,1174.80161178094,447.85951882644,757.409519574061,1123.67706057721,775.934571352747,"ALDH1L2"
"ENSG00000060140",15.7765827580995,1.92891553945204,0.655666358904916,2.94191628601121,0.00326188093413643,0.282431140346467,3.86834709206362,9.09329431317332,9.07895186983351,1.81106412608538,9.63887923141304,28.9597767899985,20.9524921088393,11.5049547277073,11.4660924548695,51.3919748670115,"STYK1"
"ENSG00000172061",235.077021091113,-1.13882644798132,0.387552967849594,-2.93850529464476,0.0032979902489093,0.282431140346467,329.776589598424,380.61931910854,228.624515267626,460.010288025686,103.273706050854,274.152553611986,81.1909069217523,93.9571302762759,139.677853541137,259.487348508845,"LRRC15"
"ENSG00000105486",45.545785063101,-1.11124290424437,0.378570491244,-2.93536588283143,0.00333154596396896,0.282431140346467,44.4859915587317,93.5310272212113,73.456974219562,57.9540520347321,20.6547412101708,47.3009687569975,18.3334305952344,20.1336707734877,41.6948816540708,37.9121126068117,"LIG1"
"ENSG00000088543",269.86867115373,0.708343748653609,0.241339922938013,2.9350458889288,0.0033349836336548,0.282431140346467,237.903346161913,141.595582876556,190.657989266504,210.988970688947,329.098876615388,248.088754500987,313.414361128055,443.899503244038,241.830313593611,341.209013461306,"C3orf18"
"ENSG00000174564",447.314527896063,1.43043603217206,0.487532399330348,2.93403276200073,0.00334588889365987,0.282431140346467,251.442560984135,214.341937381943,177.4522410922,243.588124958483,1108.4711116125,433.431325956978,1014.44982626964,680.709821389346,138.635481499785,210.622847815621,"IL20RB"
"ENSG00000196616",49.9749803095634,2.04208940748833,0.697201252971001,2.92898126442878,0.00340074919970748,0.283473700478117,8.70378095714315,29.8779670289981,23.1100593050307,8.1497885673842,148.71413671323,12.5492366089993,54.1272712811682,147.646919005576,10.4237204135177,56.4469232145864,"ADH1B"
"ENSG00000099991",271.899519702341,-0.683000934027934,0.233916371032832,-2.9198509322465,0.00350198854591363,0.287371150069672,274.652643536517,462.4589679271,267.416400529641,402.056235990954,236.841032543292,222.990281282988,219.128146638278,158.193127505975,215.771012559816,259.487348508845,"CABIN1"
"ENSG00000105290",21.1918591608915,1.43641348868955,0.49269698928004,2.91540951120592,0.00355222100560591,0.287371150069672,7.73669418412724,15.5885045368685,9.07895186983351,9.96085269346958,26.1626721995497,32.8210803619983,12.2222870634896,49.8548038200648,15.6355806202765,32.8571642592368,"APLP1"
"ENSG00000178449",293.735284410842,0.764924875835654,0.262492188096351,2.91408624913012,0.00356731333802946,0.287371150069672,230.166651977786,180.566844218727,269.067119051429,147.601726275958,309.821118152562,279.944508969985,456.58972387179,471.703143835997,261.635382379294,330.256625374893,"COX14"
"ENSG00000165494",170.980788189556,-0.715569353481794,0.245869812410153,-2.91035872386035,0.00361014137248725,0.287371150069672,167.306011731752,246.817988500419,185.70583370114,293.392388425831,151.468102207919,154.452142879992,119.603809121291,98.7508614128206,166.779526616283,125.53121729811,"PCF11"
"ENSG00000124216",52.5094881194437,-0.912649238975512,0.314593209650407,-2.90104557561715,0.00371919781013878,0.287371150069672,49.3214254238112,98.7271954001675,85.8373631329713,58.8595840977748,38.5555169256522,55.0235759009971,32.3017586677939,34.5148641831218,28.1440451164978,43.8095523456491,"SNAI1"
"ENSG00000168769",136.029968123503,-0.782016611559388,0.270269452759942,-2.89347021490434,0.00381010425683818,0.287371150069672,171.174358823815,211.743853292464,122.978529873199,220.044291319373,136.321291987127,120.665736624994,70.7146608673327,85.3284142304955,126.127017003564,95.2015272126606,"TET2"
"ENSG00000074527",138.845676784244,1.52751058996792,0.527944917010275,2.8933143226724,0.00381199602928453,0.287371150069672,67.6960741111134,94.8300692659503,33.8397296966522,65.1983085390736,63.3412063778571,109.081825908994,305.55717658724,377.746013559722,52.1186020675885,219.047761728246,"NTN4"
"ENSG00000175416",1299.30896405365,0.769000406821906,0.265799881092353,2.89315557125744,0.00381392337538043,0.287371150069672,1012.53985134765,1060.01830850706,1088.64886511913,493.514974358266,1118.10999084391,1515.56165200992,1804.53338287379,1974.0584820291,1274.82100657321,1651.28312687447,"CLTB"
"ENSG00000258947",39.7002564025298,-1.14009876361139,0.394209748318509,-2.89211205068988,0.00382661445349499,0.287371150069672,34.8151238285726,105.222405623863,66.8541001324104,29.8825580804087,26.1626721995497,25.0984732179987,27.9366561451191,24.9274019100324,33.3559053232566,22.747267564087,"TUBB3"
"ENSG00000250251",147.611447256958,-0.914380819581414,0.316746149783842,-2.88679379435367,0.00389189205605756,0.287371150069672,145.063015952386,307.872964603154,150.2153854827,218.233227193288,173.499826165435,130.318995554993,89.0480914625671,85.3284142304955,99.0253439284181,77.5092079961484,"PKD1P6"
"ENSG00000099822",78.1730652800021,0.970795991172291,0.336307198615729,2.88663458637869,0.00389386171541524,0.287371150069672,29.9796899634931,66.2511442816913,55.299070479895,47.0876672782198,132.190343745093,100.393892871995,130.953075680246,89.1633991397312,78.1779031013827,52.234466258274,"HCN2"
"ENSG00000155961",23.539478672465,-1.61786356895479,0.560500261302857,-2.88646354096988,0.00389597883182274,0.287371150069672,36.7492973746044,48.0645556553447,62.7273038279406,10.8663847565123,9.63887923141304,26.0637991109986,15.7143690816295,4.79373113654469,7.29660428946239,13.4798622601997,"RAB39B"
"ENSG00000143369",317.101373660082,1.18430060176171,0.410760132544626,2.88319266630154,0.00393666580730284,0.287371150069672,143.128842406354,154.586003323946,144.437870656442,277.092811291063,359.392497056972,213.337022352989,728.099100782166,590.587676022306,154.271062120062,406.080850588517,"ECM1"
"ENSG00000129595",7.28538015459147,-2.20799946072204,0.765878991468008,-2.88296125800478,0.00393955889965347,0.287371150069672,17.4075619142863,14.2894624921295,3.30143704357582,19.9217053869392,5.50793098937888,1.9306517859999,4.36510252267486,1.91749245461788,0,4.21245695631242,"EPB41L4A"
"ENSG00000242221",20.9738053381848,3.07495576977498,1.06708133991986,2.8816507746316,0.00395597916920132,0.287371150069672,2.90126031904772,7.79425226843427,4.95215556536373,0,4.13094824203416,14.4798883949993,6.1111435317448,40.2673415469754,1.04237204135177,128.058691471897,"PSG2"
"ENSG00000124343",159.504605401775,1.19179626912638,0.413728460046798,2.88062433266392,0.00396888379539882,0.287371150069672,64.7948137920657,126.007078339687,103.169907611744,67.009372665159,173.499826165435,52.1275982219973,230.477413197232,293.376345556535,189.711711526022,294.871986941869,"XG"
"ENSG00000150961",511.066036734873,-0.807657753666084,0.280397343275161,-2.88040444403751,0.00397165324407326,0.287371150069672,566.712848987321,736.556839367039,668.541001324104,780.568638342798,356.638531562282,470.113709890976,216.509085124673,274.201421010356,498.253835766146,542.564455973039,"SEC24D"
"ENSG00000159388",84.8931149647958,1.16615129825329,0.404912406995279,2.88000880710698,0.0039766406231694,0.287371150069672,50.2885121968271,61.0549761027352,65.2033816106225,18.1106412608538,139.075257481817,61.7808571519968,84.6829889398922,147.646919005576,67.754182687865,153.333433209772,"BTG2"
"ENSG00000167740",184.500874580917,0.784746414316121,0.272496136395928,2.87984418676642,0.00397871749367897,0.287371150069672,146.997189498418,138.997498787078,132.057481743033,96.8919307455677,268.51163573222,141.902906270993,267.144274387701,281.871390828828,149.059201913303,221.575235902033,"CYB5D2"
"ENSG00000170310",255.959347122211,0.625694950260947,0.217337298781568,2.8789119666468,0.00399049708898954,0.287371150069672,174.075619142863,224.734273739855,223.672359702262,150.318322465086,305.690169910528,258.707339323987,398.097350067947,275.160167237665,302.287891992013,246.849977639908,"STX8"
"ENSG00000128524",687.608123050924,0.704857046322,0.244877653275058,2.87840493771096,0.00399691722663698,0.287371150069672,577.350803490496,483.243640642925,557.942860364314,377.606870288801,802.780941701972,630.357808128967,1120.9583278229,953.952496172393,542.03346150292,829.854020393546,"ATP6V1F"
"ENSG00000146950",7.69719689199713,3.69222954490382,1.28311433539159,2.877553030983,0.00400772541898171,0.287371150069672,0.967086773015906,0,0,2.71659618912807,4.13094824203416,27.0291250039986,1.74604100906994,13.4224471823251,0,26.9597245203995,"SHROOM2"
"ENSG00000157933",1161.64498225823,-0.709285615255803,0.246719494330643,-2.87486652475563,0.00404198328898428,0.288277706551782,1302.66588325242,2391.53640436458,1268.57718399401,1096.5993283447,1060.27671545543,968.22187067895,743.813469863795,819.728024349142,968.363626415794,996.667315863518,"SKI"
"ENSG00000154122",578.63453998072,0.56430108618018,0.196590134949866,2.87044457405803,0.00409895049761807,0.290785653120916,334.612023463503,542.999574700921,470.454778709554,451.860499458302,506.729651022857,674.762799206965,718.495875232281,731.52337143672,616.041876438896,738.864950137198,"ANKH"
"ENSG00000116117",302.294282333818,1.07082726195051,0.373612996356636,2.86614029060258,0.00415510065285837,0.291666196879853,173.108532369847,257.210324858331,129.581403960351,169.334495788983,421.356720687484,245.192776821987,460.954826394465,467.868158926762,131.338877210323,566.996706319651,"PARD3B"
"ENSG00000169045",1218.15895673067,-1.05787725112087,0.369738552483649,-2.86114943658099,0.00422108037725543,0.294746329798197,1021.2436323048,1063.91543464128,1130.74218742472,3863.90531300315,786.257148733835,819.561683156958,853.814053435202,828.356740394922,1071.55845850962,742.234915702248,"HNRNPH1"
"ENSG00000175274",1734.32139865854,1.1234353848846,0.393124645355186,2.85770784955387,0.00426713066889106,0.29497983115113,1410.97960183021,630.035391698437,968.971772289503,1053.13378931865,2402.83489411654,1351.45625019993,3868.35385559446,3140.85264066408,830.77051695736,1685.82527391623,"TP53I11"
"ENSG00000172331",282.130241427981,0.693567237746134,0.242710192736048,2.85759419465502,0.00426865917463958,0.29497983115113,205.989482652388,196.155348755596,255.861370877126,165.712367536812,253.364825511428,312.765589331984,315.160402137125,467.868158926762,253.29640604848,395.128462502105,"BPGM"
"ENSG00000128849",10.4461494709327,1.59059987649381,0.5585746795255,2.84760468885735,0.00440496034654447,0.300686806203286,5.80252063809543,6.49521022369523,2.47607778268187,4.52766031521344,16.5237929681366,9.6532589299995,12.2222870634896,11.5049547277073,12.5084644962212,22.747267564087,"CGNL1"
"ENSG00000189134",17.9872735062351,1.81273083365036,0.636792230460077,2.84665978468467,0.00441805509727966,0.300686806203286,11.6050412761909,2.59808408947809,12.3803889134093,1.81106412608538,8.26189648406832,11.5839107159994,33.1747791723289,41.2260877742843,26.0593010337942,31.1721814767119,"NKAPL"
"ENSG00000138433",240.902046491361,0.94110360773906,0.330965762567328,2.8435074384699,0.00446199678566819,0.300686806203286,152.799710136513,85.736774952777,231.100593050307,150.318322465086,251.987842764084,200.78778574399,433.891190753881,371.034789968559,187.626967443319,343.736487635093,"CIR1"
"ENSG00000130396",209.731163313582,-0.80815682966747,0.284366171816927,-2.84195839647114,0.0044837342250017,0.300686806203286,257.245081622231,290.985418021546,163.421133657003,417.45028106268,188.646636386227,165.070727702991,109.127563066871,158.193127505975,198.050687856836,149.12097625346,"AFDN"
"ENSG00000197769",22.6251369220581,2.31409408953411,0.814364817438559,2.84159389008564,0.00448886320563306,0.300686806203286,13.5392148222227,3.89712613421714,7.4282333480456,1.81106412608538,34.424568683618,2.89597767899985,77.6988249036124,30.679879273886,4.16948816540708,49.7069920844865,"MAP1LC3C"
"ENSG00000196683",2435.50963210774,0.844300459437141,0.29746644438327,2.83830487565617,0.00453538397270817,0.300686806203286,1556.04261778259,1121.0732846098,1498.02705852253,2418.67614038702,3067.91756108404,1985.6753619009,3643.11456542443,4337.36793234564,2842.54855676628,1884.65324225417,"TOMM7"
"ENSG00000008083",168.868930474968,-0.724415238952233,0.255319809858109,-2.83728567460089,0.00454988823070223,0.300686806203286,159.569317547624,302.676796424198,242.655622702823,181.106412608538,125.305430008369,116.804433052994,129.207034671176,101.627100094747,173.033758864394,156.703398774822,"JARID2"
"ENSG00000126785",121.669746655711,1.45946959286651,0.515006848070462,2.83388385675763,0.00459860419512869,0.300686806203286,106.37954503175,68.8492283711694,16.5071852178791,46.1821352151771,132.190343745093,79.1567232259959,91.667152976172,348.024880513144,101.110088011122,226.630184249608,"RHOJ"
"ENSG00000151366",168.761002944361,0.862910050486034,0.304623671405213,2.83270845796544,0.0046155460683154,0.300686806203286,162.470577866672,61.0549761027352,138.660355830184,89.6476742412262,147.337153965885,262.568642895986,236.588556728977,237.769064372617,185.542223360615,165.970804078709,"NDUFC2"
"ENSG00000108389",252.702720955784,-0.855389258812245,0.302160902266957,-2.83090648854535,0.00464162892541089,0.300686806203286,265.948862579374,502.729271314011,226.973796745838,385.756658856186,243.725946280015,233.608866105988,137.06421921199,156.275635051357,241.830313593611,133.113639819472,"MTMR4"
"ENSG00000174197",106.495197174077,-0.894929978378934,0.316183157055174,-2.83041635333778,0.00464874650672325,0.300686806203286,98.6428508476224,166.277381726598,107.296703916214,217.327695130245,71.6031028619254,78.1913973329959,46.2700867403535,86.2871604578044,110.491436383288,82.5641563437233,"MGA"
"ENSG00000205213",300.265201433791,-1.02042216574227,0.360593073654033,-2.82984405496737,0.00465706973953748,0.300686806203286,216.627437155563,431.281958853363,282.272867225733,795.962683414524,181.761722649503,218.163651817989,135.318178202921,234.89282569069,303.330264033365,203.040425294258,"LGR4"
"ENSG00000121851",277.573770835531,0.645726415260461,0.228270052639218,2.8287828727189,0.00467253877837669,0.300686806203286,266.91594935239,153.286961279207,214.593407832428,193.783861491135,327.721893868043,244.227450928987,391.113186031667,373.911028650486,264.762498503349,345.421470417618,"POLR3GL"
"ENSG00000125538",10.3956113260748,1.78047295084859,0.629505190760154,2.8283689745252,0.00467858484462772,0.300686806203286,2.90126031904772,6.49521022369523,1.65071852178791,6.33872444129882,4.13094824203416,12.5492366089993,14.8413485770945,14.3811934096341,18.7626967443319,21.9047761728246,"IL1B"
"ENSG00000124782",200.992080604726,-0.850432144574567,0.300937518037563,-2.82594257479194,0.0047141714503072,0.300686806203286,208.890742971436,266.303619171504,204.689096701701,416.544748999637,183.138705396848,167.001379488991,77.6988249036124,155.316888824048,176.160874988449,154.175924601034,"RREB1"
"ENSG00000101935",201.181619218503,-0.654277701138175,0.231969905829518,-2.82052837327539,0.00479446333722689,0.300686806203286,268.850122898422,303.975838468937,266.591041268748,191.067265302007,162.483964186677,211.406370566989,136.191198707455,116.96703973169,182.41510723656,171.868243817547,"AMMECR1"
"ENSG00000155827",239.297608504138,0.536898576407266,0.190394090866129,2.8199329819788,0.00480336801777936,0.300686806203286,155.700970455561,180.566844218727,193.134067049185,223.666419571544,287.789394195046,279.944508969985,298.57301255096,237.769064372617,224.10998889063,311.721814767119,"RNF20"
"ENSG00000104415",413.82116413541,-1.63790403582434,0.580860354189654,-2.81978968612749,0.00480551338570554,0.300686806203286,402.308097574617,237.724694187245,279.796789443051,1871.73477430924,362.146462551661,394.81829023698,167.619936870714,207.089185098731,150.101573954655,64.8718371272112,"WISP1"
"ENSG00000125966",75.1068136846027,0.761373916554937,0.270024750085478,2.81964492630368,0.00480768155201466,0.300686806203286,58.9922931539702,59.7559340579961,44.5694000882736,49.8042634673479,66.0951718725465,88.8099821559954,81.1909069217523,80.5346830939508,86.5168794321969,134.798622601997,"MMP24"
"ENSG00000180182",203.595822233388,-0.721807995101392,0.256070613995579,-2.81878495872179,0.00482058013047562,0.300686806203286,243.705866800008,224.734273739855,234.402030093883,362.212825217076,188.646636386227,173.758660739991,101.270378526057,134.224471823251,205.347292146299,167.655786861234,"MED14"
"ENSG00000102780",162.690563447939,-1.0585141047208,0.375590773869871,-2.81826439402247,0.00482840324093695,0.300686806203286,208.890742971436,200.052474889813,217.894844876004,318.747286191027,85.3729303353726,152.521491093992,55.0002917857032,61.359758547772,207.432036229002,119.633777559273,"DGKH"
"ENSG00000178776",8.14412515594598,2.28584498071768,0.811872168944731,2.81552326604423,0.00486978706904924,0.300686806203286,0,2.59808408947809,0,7.24425650434151,12.3928447261025,6.75728125099965,15.7143690816295,10.5462085003983,13.550836537573,12.6373708689372,"C5orf46"
"ENSG00000174446",166.156538071771,0.560870672776137,0.199794865198676,2.80723266946028,0.00499691356098669,0.30539952374299,139.26049531429,123.408994250209,133.708200264821,121.34129644772,155.599050449953,190.16920092099,234.842515719907,216.67664737182,155.313434161414,191.245545816584,"SNAPC5"
"ENSG00000005156",69.1975162471766,-0.747148436974682,0.266198213661117,-2.80673723049786,0.00500460471335694,0.30539952374299,96.7086773015905,93.5310272212113,88.3134409156532,86.0255459890555,67.4721546198913,68.5381384029965,41.9049842176786,36.4323566377396,66.7118106465133,46.3370265194366,"LIG3"
"ENSG00000143801",46.067646616536,0.985081555230676,0.351052427662219,2.80608102268564,0.00501480810524967,0.30539952374299,41.5847312396839,27.27988293952,34.6650889575461,12.6774488825976,49.5713789044099,45.3703169709976,75.9527838945425,51.7722962746827,55.2457181916438,66.5568199097362,"PSEN2"
"ENSG00000189079",106.384825634836,-0.70759958274965,0.25256310230862,-2.80167441832021,0.00508381516054466,0.308194739982655,108.313718577781,175.370676039771,104.820626133532,166.617899599855,81.2419820933385,80.1220491189958,63.7304968310529,88.2046529124223,105.279576176529,90.1465788650857,"ARID2"
"ENSG00000182095",671.546814021753,-0.832380191735973,0.297269350360465,-2.80008749885126,0.00510887564468534,0.308312554177233,800.74784805717,1538.06578097103,694.127138411816,613.045206679901,632.035081031226,389.02633487898,506.351892630283,431.435802289022,427.372536954226,683.260518313874,"TNRC18"
"ENSG00000131149",514.453617564181,-0.620071709761499,0.221961912900242,-2.79359508872219,0.00521257014914765,0.313153369726046,622.803881822243,641.726770101089,565.371093712359,772.418849775414,516.36853025427,448.876540244977,310.79529961445,318.303747466567,545.160577626976,402.710885023467,"GSE1"
"ENSG00000160072",168.82561835217,-0.841964979912876,0.301868019257839,-2.7891824446422,0.00528412883453199,0.31602881733701,191.483181057149,171.473549905554,167.547929961473,388.473255045314,110.158619787578,142.868232163993,169.365977879784,114.090801049764,137.593109458434,95.2015272126606,"ATAD3B"
"ENSG00000135913",34.5685229610086,-1.09598755254841,0.393667620045375,-2.78404292540515,0.00536859286640649,0.319488263485971,40.617644466668,75.3444385948647,41.2679630446978,46.1821352151771,23.4087067048602,35.7170580409981,13.0953075680246,12.4637009550162,32.3135332819049,25.2747417378745,"USP37"
"ENSG00000108984",11.4220094543847,2.04326910351669,0.734366160633869,2.78235737571709,0.00539655789975754,0.319488263485971,6.76960741111134,3.89712613421714,2.47607778268187,2.71659618912807,38.5555169256522,17.3758660739991,12.2222870634896,9.58746227308938,2.08474408270354,18.5348106077746,"MAP2K6"
"ENSG00000139718",209.966986828892,-0.7967336673639,0.28645884583913,-2.78131982634368,0.00541383726084048,0.319488263485971,200.186962014292,471.552262240274,222.847000441368,232.721740201971,212.055343091087,121.631062517994,149.28650627548,165.863097324446,162.610038450876,160.915855731134,"SETD1B"
"ENSG00000163633",86.4883404083311,0.875527608031052,0.315010875390046,2.77935676648298,0.0054466668065932,0.320009670482526,52.2226857428589,32.4760511184761,77.5837705240318,67.009372665159,115.666550776956,79.1567232259959,133.572137193851,137.100710505178,69.8389267705686,100.256475560235,"C4orf36"
"ENSG00000197774",46.0563994330553,-1.26641920270516,0.458159832522664,-2.76414280084782,0.00570725562073434,0.332472413134561,41.5847312396839,36.3731772526933,39.6172445229098,165.712367536812,31.6706031889286,30.8904285759984,32.3017586677939,30.679879273886,28.1440451164978,23.5897589553495,"EME2"
"ENSG00000146409",10.118059048061,-1.5655565542225,0.566396750603713,-2.76406344590396,0.00570864381853598,0.332472413134561,21.2759090063499,7.79425226843427,9.07895186983351,28.977026017366,4.13094824203416,5.7919553579997,6.1111435317448,6.71122359116257,6.25423224811062,5.0549483475749,"SLC18B1"
"ENSG00000041982",1117.79199849785,-1.40356929813755,0.508171826232284,-2.76199746952517,0.00574489236882268,0.333128824012991,531.897725158748,1056.12118237284,762.631957066014,4783.02035699148,378.670255519798,755.850174218961,653.019337392158,810.140562076053,571.21987866077,875.34855552172,"TNC"
"ENSG00000157445",14.3189764619226,1.54516728314234,0.560005530509693,2.75920004171387,0.0057943053761908,0.334539613862583,4.83543386507953,3.89712613421714,6.60287408715164,10.8663847565123,31.6706031889286,20.2718437529989,15.7143690816295,11.5049547277073,8.33897633081416,29.4871986941869,"CACNA2D3"
"ENSG00000006007",665.852136987057,0.38692356975493,0.140485965625078,2.75417952272565,0.00588394835614323,0.337764940494253,623.770968595259,474.150346329752,588.48115301739,560.524347023425,740.816718071459,706.618553675963,729.845141791236,755.492027119443,691.092663416223,787.729450830422,"GDE1"
"ENSG00000164978",212.66482691632,0.596493659592171,0.216660286327453,2.7531287330187,0.00590286799895438,0.337764940494253,170.207272050799,144.193666966034,170.024007744155,166.617899599855,165.237929681366,208.510392887989,291.58884851468,298.17007669308,258.508266255239,253.589908770007,"NUDT2"
"ENSG00000175414",370.719531831932,-0.657097461626038,0.238784754705277,-2.75184009312935,0.0059261450157948,0.337764940494253,391.670143071442,509.224481537706,380.490619272113,617.572866995114,369.031376288385,342.690692014982,251.429905306072,274.201421010356,358.575982225009,212.307830598146,"ARL10"
"ENSG00000116191",1041.78340617234,-0.919254380452914,0.334358960476115,-2.74930385937296,0.00597219939225642,0.338384186667641,1333.61265998893,1848.53682966366,1960.22824462314,667.377130462462,753.209562797562,1114.95140641494,442.62139579923,594.422660931542,941.261953340648,761.612217701285,"RALGPS2"
"ENSG00000165617",402.407727212687,-1.63443665766801,0.594675508898153,-2.7484512699983,0.00598775347181249,0.338384186667641,172.141445596831,494.935019045576,264.94032274696,1781.18156800497,101.896723303509,223.955607175988,83.8099684353572,295.293838011153,453.43183798802,152.490941818509,"DACT1"
"ENSG00000130299",49.2092648037844,-0.70470837669834,0.256921888967924,-2.74288959780426,0.00609011573337335,0.340012282331748,53.1897725158748,70.1482704159085,61.0765853061527,72.4425650434151,30.2936204415838,47.3009687569975,34.0477996768639,43.1435802289022,41.6948816540708,38.7546039980742,"GTPBP3"
"ENSG00000185088",2496.3611421421,0.74570538600599,0.271884189063291,2.74273170711078,0.00609304457353886,0.340012282331748,2084.07199584928,1412.05870263134,2575.94625325003,1028.68442361649,3212.50074955523,2301.33692891188,3419.62131626348,3491.75375985915,2351.59132528959,3086.04596619448,"RPS27L"
"ENSG00000219438",399.184567735756,1.37270085771023,0.50084471426469,2.74077137806186,0.00612951408286278,0.340622205513087,37.7163841476203,402.703033869104,184.055115179352,193.783861491135,542.53120245382,375.511772376981,680.955993537278,810.140562076053,194.923571732781,569.524180493439,"FAM19A5"
"ENSG00000106635",906.992893963539,0.440989284785265,0.161181432635914,2.73598067453214,0.00621946784511429,0.343139533420043,738.854294584152,792.415647290818,759.330520022439,697.259688542871,1014.83628479306,1109.15945105694,1184.68882465396,1057.49708872176,802.626471840863,913.260668128532,"BCL7B"
"ENSG00000220205",577.311723215044,0.619261548642363,0.226369648153687,2.73562093546188,0.00622627030723929,0.343139533420043,455.497870090491,415.693454316495,452.296874969887,423.789005503978,693.999304661739,588.848794729969,808.416987199383,806.305577166817,391.931887548265,736.33747596341,"VAMP2"
"ENSG00000123136",153.146151645065,-0.740576382663865,0.271037667953051,-2.73237439008717,0.00628796430401465,0.345113497624047,131.523801130163,201.351516934552,193.959426310079,279.809407480191,117.043533524301,133.214973233993,120.476829625826,87.2459066851134,165.737154574931,101.098966951498,"DDX39A"
"ENSG00000197561",7.75628799304385,2.48898836191216,0.91150172407834,2.73064580807994,0.00632103648394407,0.345506817976894,0,5.19616817895618,2.47607778268187,0.905532063042689,16.5237929681366,4.82662946499975,14.8413485770945,23.9686556827235,2.08474408270354,6.73993113009986,"ELANE"
"ENSG00000162063",114.500269581375,-1.48482705329214,0.544172894076518,-2.72859429320151,0.00636049029835919,0.346244322894761,96.7086773015905,363.731772526933,222.021641180474,63.3872444129882,37.1785341783074,108.116500015994,51.5082097675633,26.8448943646503,137.593109458434,37.9121126068117,"CCNF"
"ENSG00000080603",461.877048721336,-0.657241258072284,0.241663099349135,-2.71965914466219,0.00653492402298176,0.354293828026454,440.991568495253,891.142842690986,438.26576753469,597.651161608175,451.650341129068,365.858513446981,353.573304336663,313.510016330023,379.423423052044,386.70354858948,"SRCAP"
"ENSG00000152495",17.6621294926792,-1.78645485597069,0.660982813083966,-2.70272512478135,0.00687735941945529,0.369852187811594,39.6505576936521,24.6817988500419,27.2368556095005,31.6936222064941,1.37698274734472,15.4452142879992,2.61906151360491,1.91749245461788,21.8898128683872,10.1098966951498,"CAMK4"
"ENSG00000185022",706.078890348448,0.813802910796432,0.302030662942508,2.69443805098471,0.00705074320252481,0.373910296949285,383.933448887314,576.774667864136,632.22519384477,349.535376334478,435.126548160931,1003.93892871995,1003.10055971068,999.972315083222,608.745272149433,1067.43659272957,"MAFF"
"ENSG00000121769",74.8545600583005,1.55084820527446,0.575607857554642,2.69427907371337,0.00705410738797049,0.373910296949285,43.5189047857157,48.0645556553447,40.4426037838038,7.24425650434151,35.8015514309627,59.8502053659969,142.3023422392,195.584230371023,33.3559053232566,142.38104512336,"FABP3"
"ENSG00000175066",103.659533751108,-0.824399588144359,0.306280940890075,-2.69164508163189,0.0071100565778243,0.373910296949285,111.214978896829,150.688877189729,92.440237220123,206.461310373733,95.0118095667857,75.2954196539961,57.6193532993081,55.6072811839184,106.321948217881,85.9341219087733,"GK5"
"ENSG00000189410",57.5410027092737,1.48209639921936,0.55081724954768,2.69072255895476,0.00712974608078856,0.373910296949285,39.6505576936521,35.0741352079542,23.9354185659247,12.6774488825976,50.9483616517546,44.4049910779977,37.5398816950038,32.5973717285039,89.6439955562522,208.937865033096,"SH2D5"
"ENSG00000089916",290.583755146845,-0.82599460284829,0.307029733629429,-2.69027560648321,0.00713930302758761,0.373910296949285,361.690453107949,513.121607671923,284.748945008415,414.733684873552,221.6942223225,258.707339323987,103.016419535127,177.368052052154,309.584496281476,261.17233129137,"GPATCH2L"
"ENSG00000130560",511.904519224617,0.422370935980203,0.15706465123033,2.68915336883034,0.00716334994555864,0.373910296949285,441.958655268269,393.609739555931,424.234660099493,440.088582638747,607.249391579021,501.004138466974,668.733706473788,607.845108113867,495.126719642091,539.194490407989,"UBAC1"
"ENSG00000075218",115.302660543413,-1.53382239012932,0.570663883835328,-2.68778598677172,0.00719274797989802,0.373910296949285,116.050412761909,336.451889587413,236.878107876565,70.6315009173297,27.5396549468944,109.081825908994,41.9049842176786,13.4224471823251,130.296505168971,70.7692768660486,"GTSE1"
"ENSG00000115163",83.377348620682,-1.68905703371864,0.628511430823967,-2.68739270422546,0.00720122338747012,0.373910296949285,81.2352889333361,272.7988293952,178.277600353094,37.1268145847502,19.2777584628261,63.7115089379967,38.4129021995387,5.75247736385363,95.8982278043628,41.2820781718617,"CENPA"
"ENSG00000074416",3452.56182439359,0.661592574073508,0.246200444900854,2.68721112319653,0.00720513956031839,0.373910296949285,3125.62445038741,2616.27067810444,3067.86037274283,1427.11853135528,3514.05997122372,5273.57535345873,3957.40194705702,3605.84456090892,4300.8270426174,3637.03533608014,"MGLL"
"ENSG00000157456",112.185170337286,-1.43704676163554,0.535052735308728,-2.68580397183906,0.00723555256750245,0.374033196096047,180.845226553974,271.499787350461,203.038378179913,67.009372665159,31.6706031889286,96.532589299995,48.0161277494234,12.4637009550162,128.211761086268,82.5641563437233,"CCNB2"
"ENSG00000110852",134.28339199493,1.34780277026182,0.502331761690828,2.6830928741698,0.00729447298963207,0.375623112983486,79.3011153873043,31.1770090737371,70.9808964368801,96.8919307455677,123.928447261025,211.406370566989,294.207910028285,217.635393599129,26.0593010337942,191.245545816584,"CLEC2B"
"ENSG00000074356",261.084887647061,-0.901652576630804,0.336556003488025,-2.6790565828159,0.00738299166631825,0.378719076360333,234.034999069849,300.07871233472,270.717837573217,642.927764760309,173.499826165435,256.776687537987,123.095891139431,164.904351097137,267.889614627405,176.923192165121,"NCBP3"
"ENSG00000143845",77.0118956100972,1.28427789766823,0.480035168776959,2.67538293275539,0.00746439370463341,0.381427658385808,73.4985947492088,20.7846727158247,33.8397296966522,37.1268145847502,97.7657750614751,25.0984732179987,122.222870634896,100.668353867438,77.1355310600309,181.978140512696,"ETNK2"
"ENSG00000126458",1855.76560359597,0.891298875290486,0.333720290458651,2.67079617504085,0.0075671580878261,0.382344820612899,1348.11896158417,1460.12325828669,1324.7016137348,774.229913901499,1960.82343221888,1335.04571001893,3041.60343779984,3775.5426431426,1282.11761086268,2255.34945440967,"RRAS"
"ENSG00000080200",39.7501135623016,-1.03323828039442,0.386865669928599,-2.67079340636535,0.00756722050001326,0.382344820612899,51.255598969843,80.5406067738208,38.7918852620159,58.8595840977748,35.8015514309627,30.8904285759984,16.5873895861645,12.4637009550162,34.3982773646084,37.9121126068117,"CRYBG3"
"ENSG00000117724",171.802786135589,-1.47862487242046,0.554389261335294,-2.66712394258696,0.00765034526740717,0.382344820612899,231.133738750801,507.925439492967,289.701100573778,88.7421421781835,41.3094824203416,106.185848229994,59.365394308378,26.8448943646503,212.643896435761,154.175924601034,"CENPF"
"ENSG00000175600",58.4403189622144,1.53658510707869,0.576329144499417,2.66615895056517,0.00767234082303203,0.382344820612899,24.1771693253976,36.3731772526933,26.4114963486066,22.6383015760672,72.9800856092701,15.4452142879992,90.794132471637,73.8234595027882,22.9321849097389,198.827968337946,"SUGCT"
"ENSG00000239697",332.228391340693,0.900936768126475,0.338155892570175,2.6642645830562,0.00771568502619011,0.382344820612899,264.981775806358,187.062054442423,226.973796745838,194.689393554178,535.646288717096,247.123428607987,546.510835838892,557.031558066493,173.033758864394,389.231022763267,"TNFSF12"
"ENSG00000136280",1031.47572747345,0.413100517836322,0.155173455596588,2.6621854636677,0.00776350893478945,0.382344820612899,854.90470734606,770.331932530254,949.988509288942,864.783120205768,1175.94326623239,1133.29259838194,1318.26096184781,1245.41134927431,1054.88050584799,946.960323779031,"CCM2"
"ENSG00000178381",280.075126559133,0.777255574128778,0.292102542853857,2.66089971875955,0.0077932163922851,0.382344820612899,150.865536590481,213.042895337204,214.593407832428,206.461310373733,203.793446607019,431.500674170978,343.097058282244,507.176754246428,216.813384601168,313.406797549644,"ZFAND2A"
"ENSG00000134775",279.087571564722,0.650626247532381,0.244544389414753,2.66056501680316,0.00780096645365999,0.382344820612899,176.976879461911,193.557264666118,263.289604225172,197.405989743306,396.571031235279,308.904285759984,309.04925860538,302.963807829624,207.432036229002,434.725557891441,"FHOD3"
"ENSG00000164151",231.433619454331,-0.723752800902094,0.272073418925443,-2.66013785455619,0.00781086747307891,0.382344820612899,320.105721868265,410.497286137538,242.655622702823,239.965996706313,201.039481112329,153.486816986992,153.651608798155,121.760770868235,264.762498503349,206.410390859308,"ICE1"
"ENSG00000169432",13.4813918798812,1.34585586017207,0.506028481500941,2.65964448518806,0.00782231709042758,0.382344820612899,4.83543386507953,3.89712613421714,11.5550296525154,7.24425650434151,11.0158619787578,19.306517859999,20.0794716043043,16.2986858642519,27.101673075146,13.4798622601997,"SCN9A"
"ENSG00000163611",30.288607359547,-0.930267139622187,0.349865611153522,-2.65892705646335,0.00783899328080861,0.382344820612899,29.9796899634931,49.3635977000837,39.6172445229098,50.7097955303906,16.5237929681366,27.9944508969985,15.7143690816295,21.0924170007966,33.3559053232566,18.5348106077746,"SPICE1"
"ENSG00000011465",4242.9974394001,1.40428012430507,0.528342114178748,2.65789927893194,0.00786293883415931,0.382344820612899,1151.80034666194,3524.30106737703,2338.24278611257,1523.1049300378,3788.07953794532,4205.92491580078,8910.04726928392,10355.4180011638,703.601127912444,5929.45441170536,"DCN"
"ENSG00000060762",329.291120395861,0.444333517090441,0.167193018469402,2.657608081714,0.00786973515979626,0.382344820612899,265.948862579374,270.200745305722,307.859004313445,239.06046464327,313.952066394596,402.540897380979,385.002042499922,412.260877742843,370.042074679878,326.044168418581,"MPC1"
"ENSG00000140521",248.924651647373,-0.721975708851248,0.271729228702558,-2.65696742414686,0.00788470615607075,0.382344820612899,232.100825523817,322.162427095283,242.655622702823,506.192423240863,218.94025682781,210.441044673989,179.842223934204,155.316888824048,252.254034007128,169.340769643759,"POLG"
"ENSG00000117298",424.696237159374,0.547938958716804,0.206318879789662,2.65578680572237,0.00791236188716804,0.382344820612899,370.394234065092,384.516445242758,250.083856050868,326.897074758411,411.717841456071,475.905665248975,454.84368286272,603.051376977322,403.397980003135,566.154214928389,"ECE1"
"ENSG00000226686",11.2134957577821,2.13601806626797,0.805098285477909,2.65311466288868,0.00797527735749948,0.382922196633043,4.83543386507953,3.89712613421714,2.47607778268187,3.62212825217076,22.0317239575155,2.89597767899985,47.1431072448884,7.6699698184715,12.5084644962212,5.0549483475749,"LINC01535"
"ENSG00000241644",14.4786943683878,2.69940769119775,1.01759714529682,2.65272726409857,0.00798443573004957,0.382922196633043,2.90126031904772,2.59808408947809,1.65071852178791,6.33872444129882,4.13094824203416,2.89597767899985,26.1906151360491,58.4835198658452,0,39.5970953893367,"INMT"
"ENSG00000113615",261.436968534867,-0.603193880259173,0.227657888876959,-2.64956282971234,0.00805959847854681,0.382922196633043,322.039895414296,329.956679363718,268.241759790535,394.811979486612,234.087067048602,238.435495570988,148.413485770945,169.698082233682,262.677754420646,246.007486248645,"SEC24A"
"ENSG00000077942",1178.79109965569,1.57147290573247,0.593137316276094,2.64942512064268,0.00806288372856741,0.382922196633043,246.607127119056,730.061629143344,382.966697054795,800.490343729737,728.423873345357,586.91814294397,1584.53221573097,4006.60048392405,259.550638296591,2461.75984526898,"FBLN1"
"ENSG00000100393",311.407907296719,-0.706304184964438,0.266608722218009,-2.64921634629374,0.00806786663071793,0.382922196633043,332.677849917471,623.540181474742,312.811159878809,354.063036649691,300.182238921149,281.875160755985,179.842223934204,188.873006779861,268.931986668757,271.28222798652,"EP300"
"ENSG00000196440",32.959956721539,-1.62991224429067,0.615964163014938,-2.64611537838955,0.00814220396940403,0.385080050850857,27.0784296444454,24.6817988500419,11.5550296525154,158.468111032471,22.0317239575155,17.3758660739991,21.8255126133743,15.339939636943,13.550836537573,17.6923192165121,"ARMCX4"
"ENSG00000204469",1045.12970939089,-0.644250263652699,0.243878664656422,-2.64168357884165,0.0082495086555585,0.388427052931863,1157.60286730004,2001.82379094287,1120.0125170331,1054.03932138169,1107.09412886515,922.851553707952,812.782089722058,626.061286432737,831.812888998712,817.216649524609,"PRRC2A"
"ENSG00000198729",27.8910363870471,1.56345757416393,0.592040921587112,2.64079308905319,0.00827122164149727,0.388427052931863,18.3746486873022,6.49521022369523,20.6339815223489,5.43319237825613,27.5396549468944,40.5436875059979,13.0953075680246,15.339939636943,79.2202751427345,52.234466258274,"PPP1R14C"
"ENSG00000104435",177.057900268165,2.59410639482596,0.983056570906053,2.63881700361868,0.00831958765615565,0.389327510772449,62.8606402460339,3.89712613421714,80.0598483067136,28.977026017366,16.5237929681366,66.6074866169966,348.335181309454,230.099094554145,148.016829871951,785.201976656634,"STMN2"
"ENSG00000128050",684.757875408944,-0.46745745479686,0.177481387098608,-2.63383931373684,0.00844254320437086,0.392831038386138,937.107083052412,808.004151827687,842.691805372728,696.354156479828,559.054995421956,641.941718844967,529.050425748193,546.485349566095,757.804474062737,529.084593712839,"PAICS"
"ENSG00000189171",721.143034584162,0.660721998714386,0.250900318743939,2.6334043815572,0.00845336342631937,0.392831038386138,687.598695614309,442.973337256015,633.050553105664,374.890274099673,896.415768521413,687.312035815964,1089.52958965964,999.972315083222,603.533411942675,796.154364743047,"S100A13"
"ENSG00000158747",543.187529856,0.758450969519364,0.288356834645909,2.63025140517551,0.00853217455713191,0.393624335466852,408.110618212712,410.497286137538,415.155708229659,302.447709056258,488.828875307376,654.490955453966,816.274171740198,918.478885761963,320.008216694993,697.582871965336,"NBL1"
"ENSG00000117984",452.298983761937,0.993900107788231,0.378025914513604,2.62918511570049,0.00855897557812004,0.393624335466852,301.731073180962,162.380255592381,217.06948561511,452.766031521344,457.158272118447,444.049910779977,812.782089722058,848.49041116841,237.660825428203,588.901482492476,"CTSD"
"ENSG00000137767",146.265122631441,1.20129220705556,0.457403048041142,2.62633187994738,0.00863106175253147,0.39456196364187,117.017499534925,77.9425226843427,73.456974219562,60.6706482238602,136.321291987127,107.151174122994,357.938406859338,203.254200189495,50.0338579848849,278.864650507882,"SQOR"
"ENSG00000162613",229.568529495383,-0.807405946068697,0.307769295190574,-2.62341292223041,0.00870536948837722,0.39456196364187,201.154048787308,320.863385050544,283.098226486627,431.03326200832,159.729998691988,170.862683060991,131.826096184781,108.33832368591,273.101474834164,215.677796163196,"FUBP1"
"ENSG00000119630",46.5860438564445,1.5439007303653,0.588541567597371,2.62326539936343,0.00870914010168946,0.39456196364187,15.4733883682545,23.3827568053028,28.0622148703945,19.9217053869392,45.4404306623758,20.2718437529989,33.1747791723289,33.5561179558128,46.9067418608296,199.670459729208,"PGF"
"ENSG00000139697",432.341983979764,-0.585120770665768,0.223109876616655,-2.62256776588656,0.00872699105523925,0.39456196364187,519.325597109541,698.884620069607,522.452412145874,421.977941377893,342.868704088835,381.30372773498,264.525212874096,314.468762557332,474.279278815055,383.33358302443,"SBNO1"
"ENSG00000172167",10.9135229338773,-1.28328143533738,0.489381506712342,-2.6222515925427,0.00873509201892964,0.39456196364187,14.5063015952386,14.2894624921295,18.983263000561,19.9217053869392,2.75396549468944,9.6532589299995,6.1111435317448,5.75247736385363,10.4237204135177,6.73993113009986,"MTBP"
"ENSG00000139880",35.4335081273186,-0.984522932785755,0.375570992940571,-2.62140301378797,0.00875686745429958,0.39456196364187,30.946776736509,41.5693454316495,49.5215556536373,78.7812894847139,35.8015514309627,29.9251026829984,25.3175946315142,13.4224471823251,22.9321849097389,26.117233129137,"CDH24"
"ENSG00000135837",215.766937445885,-0.657793971269147,0.251048329110165,-2.62018860512111,0.00878811485558665,0.394636659356765,223.397044566674,415.693454316495,204.689096701701,263.509830345422,180.384739902158,167.966705381991,151.905567789085,140.935695414414,209.516780311706,199.670459729208,"CEP350"
"ENSG00000163517",212.729477347024,0.602345633089845,0.230520929438292,2.61297590009539,0.00897576312720357,0.401710579958101,168.273098504768,187.062054442423,170.024007744155,124.057892636848,305.690169910528,188.23854913499,249.683864297002,286.665121965372,181.372735195208,266.227279638945,"HDAC11"
"ENSG00000196072",587.735150763104,0.421770217518921,0.161567762152882,2.61048498722055,0.00904139403469515,0.401833278854675,590.890018312718,393.609739555931,484.485886144752,482.648589601753,665.0826669675,699.861272424964,687.067137069022,662.493643070476,600.406295818619,610.8062586653,"BLOC1S2"
"ENSG00000168899",1080.25494328884,0.872520152974876,0.334481496577679,2.60857524826413,0.0090920019327511,0.401833278854675,819.122496744472,700.183662114346,984.653598246488,379.417934414887,1477.50248790088,916.094272456952,1820.24775195541,1817.78284697775,700.474011788389,1187.07037028884,"VAMP5"
"ENSG00000267470",34.8519955680233,0.829305284943099,0.317976098543037,2.60807428213305,0.00910531928897633,0.401833278854675,27.0784296444454,25.9808408947809,23.9354185659247,18.1106412608538,49.5713789044099,53.0929241149972,31.428738163259,48.8960575927558,33.3559053232566,37.0696212155493,"ZNF571-AS1"
"ENSG00000110080",306.371541543238,0.397138039853501,0.15235441271527,2.60667238169004,0.00914267909161201,0.401833278854675,235.002085842865,248.117030545158,283.923585747521,261.698766219337,355.261548814938,323.384174154983,347.462160804919,379.663506014339,320.008216694993,309.194340593331,"ST3GAL4"
"ENSG00000258289",591.611568247211,1.02891979532729,0.394841276909023,2.60590737468506,0.0091631237228047,0.401833278854675,475.806692323825,301.377754379459,450.646156448099,229.0996119498,499.844737286133,406.402200952979,492.383564557724,561.825289203038,908.948420058743,1589.78125531231,"CHURC1"
"ENSG00000138356",530.409871936829,1.24419245116622,0.477669704424007,2.60471292117325,0.00919512681583854,0.401833278854675,398.439750482553,192.258222621379,354.904482184401,219.138759256331,615.51128806309,524.171959898973,725.480039268561,542.650364656859,141.762597623841,1589.78125531231,"AOX1"
"ENSG00000231924",23.7151887889519,2.26724108575278,0.870784778531077,2.60367560578789,0.00922300059188178,0.401833278854675,4.83543386507953,1.29904204473905,22.2847000441368,0,17.9007757154814,21.2371696459989,13.9683280725595,71.9059670481704,10.4237204135177,73.296751039836,"PSG1"
"ENSG00000162961",360.641201623544,0.683345342092069,0.262522526564671,2.60299697338061,0.00924127695235185,0.401833278854675,300.763986407947,258.50936690307,367.28487109781,131.30214914119,395.194048487935,408.332852738979,423.414944699461,445.816995698656,406.52509612719,469.267704933203,"DPY30"
"ENSG00000013810",162.11274367947,-1.1268585082628,0.432959868371168,-2.60268581589822,0.00924966758704245,0.401833278854675,188.581920738102,401.403991824365,282.272867225733,89.6476742412262,60.5872408831677,163.140075916992,89.0480914625671,54.6485349566095,155.313434161414,136.483605384522,"TACC3"
"ENSG00000129353",1107.81565344488,0.61465325559224,0.236548700131555,2.59842161571974,0.00936534242223631,0.404903928469066,729.183426853993,1049.62597214915,775.012345979424,807.734600234079,1188.33611095849,938.296767995951,1482.38881670038,1896.40003761708,1056.96524993069,1154.2132060296,"SLC44A2"
"ENSG00000160808",13.1226882203683,2.48920906305164,0.95856599671801,2.59680509383217,0.0094095300060256,0.404903928469066,0,3.89712613421714,9.07895186983351,0.905532063042689,1.37698274734472,4.82662946499975,40.1589432086087,13.4224471823251,14.5932085789248,42.9670609543866,"MYL3"
"ENSG00000101447",71.3361033053454,-1.82259400290489,0.701878874302186,-2.59673580390481,0.00941142819415238,0.404903928469066,89.9390698904792,250.715114634636,137.83499656929,22.6383015760672,20.6547412101708,46.3356428639976,13.9683280725595,2.87623868192681,89.6439955562522,38.7546039980742,"FAM83D"
"ENSG00000004777",39.4701614297157,-0.982974591603057,0.378734373464178,-2.59541953536475,0.00944755212597875,0.405151134097037,38.6834709206362,81.8396488185599,45.3947593491675,57.9540520347321,46.8174134097205,30.8904285759984,20.9524921088393,14.3811934096341,33.3559053232566,24.432250346612,"ARHGAP33"
"ENSG00000173473",359.624890049492,-0.603250220238542,0.232836203907034,-2.59087809419624,0.0095731396424017,0.409221036572793,395.538490163505,537.803406521965,421.758582316811,455.482627710473,236.841032543292,407.367526845979,238.334597738047,222.429124735674,351.279377935546,329.414133983631,"SMARCC1"
"ENSG00000100568",1812.35912874082,0.460959010873126,0.178033274486169,2.58917335651734,0.00962066480137506,0.409938678772969,1457.39976693497,1558.85045368685,1706.8429515287,1190.77466290114,2154.97799959449,1836.0498484859,2027.1536115302,2370.979420135,1607.33768776443,2213.22488484654,"VTI1B"
"ENSG00000126070",276.581276560834,-0.534404416871266,0.206544681944283,-2.58735500638755,0.00967158901615472,0.410166402703858,290.126031904772,398.805907734887,250.909215311762,419.261345188765,239.594998037981,250.019406286987,213.017003106533,240.645303054543,259.550638296591,203.882916685521,"AGO3"
"ENSG00000170011",6.91238145808551,2.36743528228234,0.915511681134427,2.58591488352045,0.00971209106992455,0.410166402703858,3.86834709206362,2.59808408947809,1.65071852178791,0,2.75396549468944,21.2371696459989,10.4762460544197,3.83498490923575,4.16948816540708,18.5348106077746,"MYRIP"
"ENSG00000107829",490.349698207195,0.644287858510487,0.249260497639068,2.58479728883244,0.00974362644556499,0.410166402703858,397.472663709537,345.545183900586,379.665260011219,343.196651893179,681.606459935636,401.575571487979,739.448367341121,691.256029889744,353.36412201825,570.366671884701,"FBXW4"
"ENSG00000117713",335.006735810478,-0.705899518249152,0.273127999047806,-2.58450074950242,0.00975200925614169,0.410166402703858,289.158945131756,635.231559877393,314.461878400597,507.097955303906,282.281463205668,276.083205397986,222.620228656418,196.542976598332,328.347193025807,298.241952506919,"ARID1A"
"ENSG00000111731",218.005538895633,-0.542705636686378,0.210152534825442,-2.58243678639025,0.0098105332880356,0.410166402703858,285.290598039692,232.528526008289,281.447507964839,274.376215101935,163.860946934022,230.712888426988,140.55630123013,153.39939636943,224.10998889063,193.773019990371,"C2CD5"
"ENSG00000160294",256.876136918232,-0.793655664009042,0.308073154918288,-2.57619221713605,0.00998950962978907,0.416344031039052,274.652643536517,357.236562303238,213.768048571534,530.641788943016,280.904480458323,166.036053595991,168.492957375249,129.430740686707,242.872685634962,204.725408076783,"MCM3AP"
"ENSG00000205002",16.5288946916449,2.73916799992993,1.06401781335496,2.57436291530971,0.0100424873694258,0.416448136142362,2.90126031904772,6.49521022369523,5.77751482625769,0,4.13094824203416,1.9306517859999,27.9366561451191,99.7096076401295,2.08474408270354,14.3223536514622,"AARD"
"ENSG00000173068",316.074261917531,-0.664490193862246,0.258221173174659,-2.57333736692765,0.0100722972342998,0.416448136142362,386.834709206362,367.62889866115,269.067119051429,599.46222573426,319.459997383975,190.16920092099,226.985331179092,260.778973828031,296.033659743903,244.32250346612,"BNC2"
"ENSG00000165029",80.0040193202137,-1.03381409251239,0.401829400765564,-2.57276866884995,0.0100888616619071,0.416448136142362,46.4201651047635,211.743853292464,104.820626133532,99.6085269346958,46.8174134097205,55.0235759009971,30.555717658724,73.8234595027882,60.4575783984026,70.7692768660486,"ABCA1"
"ENSG00000168398",150.21992914079,1.39240098143687,0.541409450749012,2.57180767626156,0.0101169075586808,0.416448136142362,136.359234995243,61.0549761027352,76.7584112631378,29.8825580804087,287.789394195046,59.8502053659969,197.302634024903,448.693234380583,82.3473912667898,122.16125173306,"BDKRB2"
"ENSG00000070476",113.658525059167,-0.933573321339543,0.363276946107177,-2.56986668530326,0.0101737658211505,0.417350281520791,97.6757640746064,119.511868115992,114.72493726426,304.258773182344,82.6189648406832,125.492366089993,61.984455821983,70.9472208208614,88.6016235149004,70.7692768660486,"ZXDC"
"ENSG00000083097",39.6232909294812,-1.01853602489944,0.396619718936218,-2.56804182008721,0.0102274816572337,0.417350281520791,41.5847312396839,53.2607238343009,32.1890111748642,100.514058997738,33.0475859362733,27.9944508969985,18.3334305952344,23.0099094554145,25.0169289924425,41.2820781718617,"DOPEY1"
"ENSG00000174231",525.272155411539,-0.629020258149437,0.244958466769412,-2.56786493826954,0.0102327016613405,0.417350281520791,488.378820373032,719.669292785431,541.435675146435,917.303979862244,436.503530908276,394.81829023698,357.065386354803,344.189895603909,466.982674525593,586.374008318688,"PRPF8"
"ENSG00000072310",114.417104222552,-0.679926420495847,0.266147193657491,-2.55470069457451,0.0106279141571658,0.424788565374978,109.280805350797,168.875465816076,104.820626133532,208.272374499818,92.2578440720962,93.6366116209951,104.762460544197,106.420831231292,83.3897633081416,72.4542596485736,"SREBF1"
"ENSG00000143442",344.76255482472,-0.998262547266024,0.39092496993709,-2.55359115951757,0.010661836523181,0.424788565374978,291.093118677788,355.937520258499,247.607778268187,1073.96102676863,253.364825511428,249.054080393987,178.096182925134,302.963807829624,290.821799537144,204.725408076783,"POGZ"
"ENSG00000134057",202.764773042906,-1.55845754131364,0.610578817272064,-2.55242647996944,0.0106975483959679,0.424788565374978,241.771693253976,578.073709908875,450.646156448099,73.3480971064578,63.3412063778571,112.943129480994,63.7304968310529,17.2574320915609,242.872685634962,183.663123295221,"CCNB1"
"ENSG00000158856",34.3356874658818,1.07116919397048,0.419687863237991,2.55229966791546,0.010701443171784,0.424788565374978,26.1113428714294,14.2894624921295,22.2847000441368,19.9217053869392,31.6706031889286,36.6823839339981,43.6510252267486,66.1534896843167,17.7203247029801,64.8718371272112,"DMTN"
"ENSG00000117399",176.880803451579,-1.65105237940434,0.646889862230711,-2.55229286436939,0.0107016521645772,0.424788565374978,264.981775806358,484.542682687664,376.363822967644,71.5370329803724,37.1785341783074,156.382794665992,51.5082097675633,8.62871604578044,198.050687856836,119.633777559273,"CDC20"
"ENSG00000163840",201.514674937214,-0.54492341815401,0.213705470187845,-2.54988053265566,0.0107759838554045,0.424788565374978,243.705866800008,305.274880513676,231.100593050307,214.611098941117,173.499826165435,124.527040196994,163.25483434804,159.151873733284,179.287991112504,220.732744510771,"DTX3L"
"ENSG00000164107",203.292834637273,1.15545713623283,0.453169884297493,2.54972180692022,0.0107808907605617,0.424788565374978,144.09592917937,137.698456742339,131.232122482139,55.237455845604,457.158272118447,83.9833526909956,239.207618242582,367.199805059323,114.660924548695,302.454409463231,"HAND2"
"ENSG00000188827",37.225381184684,-0.921759304928779,0.361541248795462,-2.54952735821924,0.0107869047256538,0.424788565374978,42.5518180126998,55.858807923779,32.1890111748642,76.9702253586286,31.6706031889286,20.2718437529989,21.8255126133743,20.1336707734877,39.6101375713672,31.1721814767119,"SLX4"
"ENSG00000055609",317.250277573653,-0.77600263626492,0.304388640449084,-2.5493810646811,0.0107914312998376,0.424788565374978,304.63233350001,688.492283711694,264.114963486066,434.655390260491,283.658445953012,228.782236640988,165.873895861645,207.089185098731,287.694683413088,307.509357810806,"KMT2C"
"ENSG00000158716",179.545591909092,1.16494980278792,0.456987840543543,2.54919212161604,0.0107972800226526,0.424788565374978,148.931363044449,105.222405623863,102.34454835085,55.237455845604,238.218015290637,86.8793303699955,199.048675033973,315.427508784641,91.7287396389557,452.417877107953,"DUSP23"
"ENSG00000172716",186.976212035972,-1.19635373275757,0.469582869063727,-2.54769458507486,0.0108437359530268,0.425361489427994,215.660350382547,115.614741981775,116.375655786048,681.865643471145,126.682412755714,142.868232163993,86.4290299489622,99.7096076401295,183.457479277911,101.098966951498,"SLFN11"
"ENSG00000198815",357.136642263872,-0.487595959948654,0.19155955114885,-2.54540145361779,0.0109152168366924,0.426909815105474,406.17644466668,396.207823645409,406.076756359826,516.153275934333,302.936204415838,347.517321479982,235.715536224442,290.500106874608,379.423423052044,290.659529985557,"FOXJ3"
"ENSG00000107951",139.277330427304,-0.504571766363886,0.198449486448671,-2.54257028019265,0.0110040468847603,0.427938481257731,151.832623363497,207.846727158247,168.373289222367,150.318322465086,104.650688798199,139.006928591993,124.841932148501,101.627100094747,127.169389044916,117.106303385485,"MTPAP"
"ENSG00000150051",561.08478666232,0.870734229455973,0.342619213374721,2.54140513860691,0.0110407901918979,0.427938481257731,294.961465769851,329.956679363718,592.60794932186,280.714939543234,890.907837532034,1092.74891087594,398.970370572482,624.143793978119,402.355607961783,703.480311704173,"MKX"
"ENSG00000147251",116.460222194291,-0.680897964699232,0.267939438962222,-2.54123830122387,0.0110460604018211,0.427938481257731,146.997189498418,201.351516934552,146.08858917823,106.852783439037,128.059395503059,91.7059598349952,62.8574763265179,81.4934293212597,107.364320259232,91.8315616476107,"DOCK11"
"ENSG00000066933",276.954232471127,-0.542081715339407,0.213402883286757,-2.54017990286941,0.0110795461389029,0.427938481257731,302.698159953978,397.506865690148,274.844633877687,389.378787108356,242.348963532671,196.92648217199,192.937531502229,218.594139826438,311.669240364179,242.637520683595,"MYO9A"
"ENSG00000083457",369.143996265957,0.536277922748614,0.211176827022454,2.53947334236437,0.0111019505522362,0.427938481257731,263.047602260326,236.425652142506,339.222656227416,323.27494650624,335.983790352112,378.40775005598,491.510544053189,547.444095793404,370.042074679878,406.080850588517,"ITGAE"
"ENSG00000119979",777.498045648318,0.553490217850209,0.218102563506968,2.53775200506768,0.0111567011853168,0.428339573766167,652.783571785736,537.803406521965,765.108034848696,472.687736908284,783.503183239146,724.959745642962,882.623730084856,1039.28091040289,757.804474062737,1158.42566298591,"FAM45A"
"ENSG00000198168",53.9761739514264,0.956577512209914,0.377129033027631,2.5364727412536,0.0111975459832357,0.428339573766167,45.4530783317476,29.8779670289981,33.0143704357582,29.8825580804087,42.6864651676863,97.4979151929949,71.5876813718676,89.1633991397312,28.1440451164978,72.4542596485736,"SVIP"
"ENSG00000124785",1399.96656165376,0.838738189188677,0.330716562792946,2.53612393073216,0.0112087059491934,0.428339573766167,865.542661849235,934.011230167374,790.694171936409,1210.69636828808,2645.18385764921,1139.08455373994,1916.28000745426,2495.61642968517,1005.88901990446,996.667315863518,"NRN1"
"ENSG00000169083",73.8181246321392,1.10354275974758,0.435687666084967,2.532875832047,0.0113131019419703,0.429793316522931,87.0378095714315,27.27988293952,33.8397296966522,26.260429828238,97.7657750614751,73.3647678679962,44.5240457312835,105.462085003983,162.610038450876,80.0366821699359,"AR"
"ENSG00000164244",437.447480067221,-0.594110504731219,0.234699399782786,-2.53136780614296,0.0113618636548576,0.429793316522931,540.601506115891,463.758009971839,486.961963927433,702.692880921127,327.721893868043,374.546446483981,234.842515719907,347.066134285836,421.118304706115,475.16514467204,"PRRC1"
"ENSG00000170271",69.9160315402963,1.03809050211611,0.410312004318662,2.53000275690177,0.0114061630423673,0.429793316522931,45.4530783317476,57.157849968518,41.2679630446978,28.0714939543234,99.1427578088198,55.9889017939971,96.0322554988468,119.843278413617,28.1440451164978,128.058691471897,"FAXDC2"
"ENSG00000237649",64.3341360585492,-1.66731056608896,0.659464959849745,-2.52827772148629,0.011462364180136,0.429793316522931,50.2885121968271,222.136189650377,129.581403960351,35.3157504586649,13.7698274734472,63.7115089379967,19.2064510997694,4.79373113654469,75.0507869773274,29.4871986941869,"KIFC1"
"ENSG00000064205",588.005520096416,1.57022801754738,0.621485732503944,2.52657130393161,0.0115182004369451,0.429793316522931,192.450267830165,331.255721408457,425.885378621281,128.585552952062,776.618269502422,327.245477726983,1119.21228681383,1536.87020237623,42.7372536954226,999.194790037305,"WISP2"
"ENSG00000113811",253.69246639152,0.550486115785382,0.218021375224523,2.5249180967622,0.0115725256546507,0.429793316522931,203.08822233334,155.885045368685,208.815893006171,225.47748369763,203.793446607019,320.488196475983,367.541632409223,311.592523875405,286.652311371737,253.589908770007,"SELENOK"
"ENSG00000157106",618.813431247311,-0.64601475112745,0.255987203951932,-2.52362126369706,0.0116152992414879,0.429793316522931,786.241546461931,848.274455214597,756.854442239757,767.8911894602,502.598702780823,580.16086169297,279.366561451191,403.632161697063,734.872289152998,528.242102321577,"SMG1"
"ENSG00000148120",940.147777296484,0.586841187069748,0.232563335595709,2.52336072479593,0.0116239095267218,0.429793316522931,687.598695614309,557.289037193051,751.076927413499,892.854614160091,1376.98274734472,960.49926353495,1152.38706598616,1069.00204344947,690.050291374871,1263.73708689372,"C9orf3"
"ENSG00000154736",848.467740642808,1.24698147113137,0.494191610329994,2.52327527433885,0.011626734724986,0.429793316522931,558.009068030177,450.767589524449,598.385464148117,253.548977651953,801.403958954627,356.205254516982,1260.6416085485,2533.96627877752,343.982773646084,1327.76643262967,"ADAMTS5"
"ENSG00000213186",128.434691518748,-0.83133610227089,0.32948820806479,-2.5231133677094,0.0116320894195783,0.429793316522931,146.030102725402,205.248643068769,179.102959613988,166.617899599855,68.849137367236,107.151174122994,67.2225788491928,85.3284142304955,189.711711526022,69.0842940835236,"TRIM59"
"ENSG00000165084",20.627152744832,1.14634947240245,0.45434028113625,2.52310772343489,0.0116322761306188,0.429793316522931,12.5721280492068,9.09329431317332,10.7296703916214,15.3940450717257,15.1468102207919,24.1331473249987,19.2064510997694,39.3085953196665,17.7203247029801,42.9670609543866,"C8orf34"
"ENSG00000170954",101.971463133868,0.959860900112279,0.380433402147144,2.52307209276284,0.011633454844776,0.429793316522931,79.3011153873043,51.9616817895618,101.519189089956,27.1659618912807,130.813360997748,100.393892871995,125.714952653036,125.595755777471,75.0507869773274,202.197933902996,"ZNF415"
"ENSG00000130224",19.5570320986673,-1.16477074430201,0.462039995167298,-2.52093056117418,0.0117044946866449,0.430035387426398,34.8151238285726,27.27988293952,26.4114963486066,28.977026017366,8.26189648406832,7.7226071439996,5.23812302720983,22.0511632281056,14.5932085789248,20.2197933902996,"LRCH2"
"ENSG00000124126",19.3896486741488,-1.67409672563632,0.664778843477299,-2.51827617870556,0.0117930809638996,0.431986286894017,20.308822233334,61.0549761027352,41.2679630446978,9.96085269346958,1.37698274734472,2.89597767899985,8.73020504534971,17.2574320915609,12.5084644962212,18.5348106077746,"PREX1"
"ENSG00000077454",138.926253418746,-0.469080657151317,0.186427851558868,-2.51615117177488,0.0118644281318549,0.431986286894017,145.063015952386,188.361096487162,149.390026221806,183.823008797666,134.944309239783,110.047151801994,113.492665589546,123.678263322853,129.254133127619,111.208863646648,"LRCH4"
"ENSG00000101199",606.840372396533,-0.846063454841859,0.336284918187507,-2.51591257616289,0.0118724628392594,0.431986286894017,601.527972815893,561.186163327268,480.359089840282,1664.36793187246,497.090771791444,408.332852738979,498.494708089469,477.455621199851,487.830115352628,391.758496937055,"ARFGAP1"
"ENSG00000108510",506.002307138533,-0.495222468630789,0.196870227226516,-2.51547669552387,0.0118871535795234,0.431986286894017,558.009068030177,753.444385948647,541.435675146435,599.46222573426,413.094824203416,452.737843816977,327.382689200614,394.044699423973,536.821601296161,483.590058584665,"MED13"
"ENSG00000023516",408.102634127684,-0.662828243948437,0.263679273355567,-2.51376695450243,0.0119449337140276,0.432906469956483,528.9964648397,719.669292785431,433.313611969326,414.733684873552,282.281463205668,411.228830417979,220.001167142813,261.73772005534,423.203048788818,385.861057198217,"AKAP11"
"ENSG00000205085",15.3592286603637,-1.97832754206405,0.787359586654411,-2.51260996321923,0.0119841749849331,0.433151603723722,5.80252063809543,14.2894624921295,5.77751482625769,85.1200139260128,9.63887923141304,3.8613035719998,7.85718454081474,12.4637009550162,6.25423224811062,2.52747417378745,"FAM71F2"
"ENSG00000214113",375.989229263294,0.524464308360064,0.208984465702584,2.50958513398051,0.0120873075437511,0.434085723773185,303.665246726994,283.191165753112,312.811159878809,290.675792236703,475.059047833928,395.783616129979,521.193241207378,517.722962746827,294.991287702551,364.798772416655,"LYRM4"
"ENSG00000204946",86.0724760740332,-0.903092534767854,0.359946260182486,-2.508964905789,0.0121085513552778,0.434085723773185,79.3011153873043,96.1291113106894,78.4091297849257,223.666419571544,56.4562926411335,80.1220491189958,75.0797633900075,71.9059670481704,58.3728343156991,41.2820781718617,"ZNF783"
"ENSG00000005075",632.697244872231,0.580975615935224,0.23167133322421,2.50775789930366,0.0121499881438825,0.434085723773185,477.740865869857,519.616817895618,557.942860364314,395.717511549655,644.427925757329,597.536727766969,969.052760033818,974.086166945881,573.304622743473,617.5461897954,"POLR2J"
"ENSG00000138085",486.577816448199,0.614621696388565,0.245178600846527,2.50683254683102,0.0121818407398453,0.434085723773185,378.130928249219,303.975838468937,323.54083027043,469.971140719156,549.416116190543,504.865442038974,726.353059773096,728.647132754793,362.745470390416,518.132205626427,"ATRAID"
"ENSG00000140459",27.0299691307679,1.29579552828171,0.517283075031972,2.50500275540934,0.0122450439446568,0.434085723773185,23.2100825523817,3.89712613421714,14.8564666960912,15.3940450717257,19.2777584628261,20.2718437529989,47.1431072448884,63.2772510023899,20.8474408270354,42.1245695631242,"CYP11A1"
"ENSG00000100625",92.6656066415871,-0.608444113979044,0.242964729755457,-2.50424872199121,0.0122711735876036,0.434085723773185,112.182065669845,105.222405623863,107.296703916214,142.168533897702,64.7181891252018,89.7753080489953,55.0002917857032,90.1221453670402,92.7711116803075,67.3993113009986,"SIX4"
"ENSG00000198466",113.749905630094,-0.94491182151563,0.377346871893041,-2.50409342675952,0.0122765611890955,0.434085723773185,117.98458630794,140.296540831817,93.2655964810169,287.053663984532,111.535602534922,86.8793303699955,45.3970662358185,54.6485349566095,109.449064341936,90.9890702563482,"ZNF587"
"ENSG00000110583",169.731363683431,-0.537624385838271,0.214763368289639,-2.50333373945415,0.0123029469585562,0.434085723773185,169.240185277783,197.454390800335,203.038378179913,264.415362408465,151.468102207919,167.001379488991,116.111727103151,116.96703973169,153.22869007871,158.388381557347,"NAA40"
"ENSG00000164741",1817.72817212636,-0.508980489840639,0.203737479328313,-2.49821727214187,0.0124819664722017,0.439240070817293,1720.4473691953,2377.24694187245,1989.94117801533,2760.96726021716,1845.15688144192,1754.96247347391,1226.59380887163,1281.84370591205,1643.82070921174,1576.30139305211,"DLC1"
"ENSG00000205763",285.570376243397,0.660743033791282,0.26481265371093,2.49513391649536,0.0125909601618408,0.439595328875629,227.265391658738,232.528526008289,206.339815223489,181.106412608538,364.900428046351,361.031883981981,384.129021995387,461.156935335599,245.999801759018,191.245545816584,"RP9P"
"ENSG00000113368",82.1146237279232,-1.63434184205904,0.655038381294703,-2.4950321824329,0.0125945706793467,0.439595328875629,89.9390698904792,292.284460066285,141.96179287376,29.8825580804087,13.7698274734472,79.1567232259959,22.6985331179092,10.5462085003983,102.152460052473,38.7546039980742,"LMNB1"
"ENSG00000173821",576.473177064369,-0.710616926272613,0.285074903141099,-2.49273758735924,0.0126762491582696,0.439595328875629,433.254874311126,1054.82214032811,496.040915797267,1024.15676330128,506.729651022857,436.327303635977,398.097350067947,402.673415469754,535.77922925481,476.850127454565,"RNF213"
"ENSG00000101158",360.806015973085,-0.461262809501692,0.185098624059881,-2.49198399958106,0.0127031759862818,0.439595328875629,426.485266900014,367.62889866115,383.792056315689,547.846898140827,322.213962878664,366.823839339981,313.414361128055,273.242674783047,325.220076901752,281.392124681669,"NELFCD"
"ENSG00000160305",198.061242189124,-0.768907787691077,0.308650364159807,-2.49119352178366,0.0127314753430752,0.439595328875629,174.075619142863,235.126610097767,203.863737440807,439.183050575704,212.055343091087,158.313446451992,97.7782965079168,159.151873733284,155.313434161414,145.75101068841,"DIP2A"
"ENSG00000164190",230.831624778761,-0.513064925336213,0.206016672308912,-2.49040487639222,0.0127597646882012,0.439595328875629,276.586817082549,375.423150929584,231.100593050307,244.493657021526,176.253791660124,189.20387502799,204.286798061183,174.491813370227,198.050687856836,238.425063727283,"NIPBL"
"ENSG00000170370",738.529001265571,0.773672361785981,0.310837099140388,2.48899621031579,0.0128104331250764,0.439595328875629,551.239460619066,502.729271314011,614.892649365997,402.961768053997,1060.27671545543,472.044361676976,1432.62664794189,894.510230079239,544.118205585624,909.890702563482,"EMX2"
"ENSG00000137337",105.651131932461,-1.05324863201195,0.423414320312416,-2.48751301381307,0.0128639746999659,0.439595328875629,80.2682021603202,109.11953175808,84.1866446111834,339.574523641008,56.4562926411335,80.1220491189958,55.8733122902382,65.1947434570078,107.364320259232,78.3516993874109,"MDC1"
"ENSG00000171130",101.714101560119,0.920581518933911,0.370221827362158,2.4865673790578,0.0128982142281642,0.439595328875629,94.7745037555587,80.5406067738208,38.7918852620159,51.6153275934333,121.174481766335,122.596388410994,94.2862144897769,183.120529416007,58.3728343156991,171.868243817547,"ATP6V0E2"
"ENSG00000127481",523.252511468141,-0.918175696474556,0.369375967269843,-2.48574833728637,0.0129279352151807,0.439595328875629,312.369027684137,752.145343903908,430.837534186645,1421.68533897702,384.178186509177,404.471549166979,277.620520442121,360.488581468161,438.838629409095,449.890402934166,"UBR4"
"ENSG00000214046",348.898548743744,0.535223915579406,0.215358621279777,2.48526811881882,0.0129453893096698,0.439595328875629,277.553903855565,233.827568053028,269.892478312323,317.841754127984,351.130600572904,368.754491125981,488.891482539584,515.805470292209,292.906543619847,372.381194938018,"SMIM7"
"ENSG00000233554",30.0618058467519,1.00199705007916,0.403285238173103,2.48458647933221,0.0129702000791654,0.439595328875629,16.4404751412704,15.5885045368685,26.4114963486066,16.2995771347684,37.1785341783074,22.2024955389988,51.5082097675633,59.4422660931542,26.0593010337942,29.4871986941869,"B4GALT1-AS1"
"ENSG00000146094",23.565727735444,-1.42655365752859,0.574310098667829,-2.48394318824905,0.0129936535893459,0.439595328875629,20.308822233334,23.3827568053028,22.2847000441368,85.1200139260128,16.5237929681366,9.6532589299995,29.682697154189,13.4224471823251,9.38134837216593,5.89743973883738,"DOK3"
"ENSG00000146414",23.2984592993288,-1.23017946336432,0.495325178408987,-2.48357950895153,0.0130069294299299,0.439595328875629,34.8151238285726,42.8683874763885,18.983263000561,45.2766031521344,17.9007757154814,13.5145625019993,2.61906151360491,15.339939636943,23.9745569510907,17.6923192165121,"SHPRH"
"ENSG00000138468",64.206627881467,-1.02707659888269,0.41399245834471,-2.4809065435378,0.013104872729968,0.439595328875629,65.7619005650816,68.8492283711694,56.1244297407889,178.38981641941,55.0793098937888,61.7808571519968,22.6985331179092,40.2673415469754,59.4152063570509,33.6996556504993,"SENP7"
"ENSG00000126012",410.623303934315,-0.803347824360415,0.323953029877648,-2.47982809317705,0.0131445738070805,0.439595328875629,375.229667930171,876.853380198856,359.856637749764,596.745629545132,326.344911120699,295.389723257985,219.128146638278,245.439034191088,518.05890455183,293.187004159344,"KDM5C"
"ENSG00000082898",752.112372925153,-0.538003197957887,0.217055449229499,-2.47864405094497,0.0131882844964979,0.439595328875629,862.641401530188,771.630974574993,857.548272068819,1207.0742400359,560.431978169301,702.757250103964,470.558051944349,576.206482612672,817.219680419787,695.055397791549,"XPO1"
"ENSG00000021826",85.4355194123519,-0.989135817770782,0.399086002047098,-2.478502910894,0.0131935034560796,0.439595328875629,132.490887903179,149.38983514499,94.9163150028048,108.663847565123,117.043533524301,55.9889017939971,34.9208201813988,26.8448943646503,88.6016235149004,45.4945351281741,"CPS1"
"ENSG00000110660",62.2178058159065,-0.996553461046518,0.402437603627774,-2.47629310000627,0.0132754544532918,0.439595328875629,88.0048963444474,35.0741352079542,102.34454835085,128.585552952062,53.7023271464441,56.954227686997,27.0636356405841,30.679879273886,67.754182687865,32.0146728679744,"SLC35F2"
"ENSG00000040199",139.693912457257,-0.788647967145305,0.318796421451578,-2.47382942240803,0.013367350341982,0.439595328875629,167.306011731752,192.258222621379,141.136433612866,246.304721147611,141.829222976506,127.423017875993,58.4923738038431,63.2772510023899,137.593109458434,121.318760341798,"PHLPP2"
"ENSG00000076108",441.235103467141,-0.542818303626819,0.219427721785873,-2.47379091032319,0.0133687913060223,0.439595328875629,406.17644466668,570.279457640441,474.581575014024,721.709054245023,479.189996075962,363.927861660981,318.652484155264,346.107388058527,406.52509612719,325.201677027318,"BAZ2A"
"ENSG00000198053",1130.66884677441,0.495455722487876,0.200383087424727,2.47254261252956,0.0134155718879992,0.439595328875629,1037.68410744607,817.09744614086,828.660697937531,946.28100587961,1182.82817996911,1034.82935729595,1061.59293351452,1588.64249865091,1635.48173288093,1173.59050802864,"SIRPA"
"ENSG00000087116",1123.39087039569,-0.638821678781828,0.25846643902137,-2.47158463280801,0.0134515707085628,0.439595328875629,1092.80805350797,1165.24071413092,1335.43128412642,2128.00034815032,766.979390271009,778.05266975796,1000.48149819708,1210.89648509119,1077.81269075773,678.205569966299,"ADAMTS2"
"ENSG00000162601",178.290963578777,-1.02982035677627,0.417015698520272,-2.46950021409376,0.01353019376061,0.439595328875629,208.890742971436,161.081213547642,121.327811351411,536.074981321272,125.305430008369,169.897357167991,68.9686198582627,92.998384048967,171.991386823042,126.373708689372,"MYSM1"
"ENSG00000005243",1558.69592328795,0.521061569476101,0.211115127326681,2.4681394274026,0.0135817406386934,0.439595328875629,1049.28914872226,1326.32192767857,1312.32122482139,1256.87850350325,1586.28412494112,1837.0151743789,1995.72487336694,2450.55535700165,1335.27858497162,1437.2903134938,"COPZ2"
"ENSG00000120314",194.660839334395,-0.501199763173819,0.20307203121157,-2.46808858996267,0.0135836697286324,0.439595328875629,196.318614922229,280.593081663634,188.181911483822,280.714939543234,165.237929681366,153.486816986992,164.127854852575,152.440650142121,197.008315815484,168.498278252497,"WDR55"
"ENSG00000077684",588.556276571047,-0.516050828491784,0.209228941241009,-2.46644094947337,0.0136463226955869,0.439595328875629,734.985947492088,848.274455214597,647.081660540861,642.927764760309,458.535254865792,648.699000095966,495.875646575864,386.374729605502,610.830016232137,411.978290327354,"JADE1"
"ENSG00000011638",342.135743829554,0.66394188872905,0.269386035883234,2.46464849802696,0.0137147720020659,0.439595328875629,232.100825523817,259.808408947809,365.634152576022,154.8459827803,537.023271464441,368.754491125981,336.112894245964,479.373113654469,365.872586514471,321.831711462269,"TMEM159"
"ENSG00000106948",183.271347968039,-0.703152675190835,0.285342809024037,-2.46423828795911,0.0137304794886846,0.439595328875629,207.92365619842,259.808408947809,208.815893006171,276.18727922802,206.547412101708,185.34257145599,131.826096184781,112.173308595146,165.737154574931,78.3516993874109,"AKNA"
"ENSG00000061918",9.90039086051806,-1.7197530294054,0.697919075311809,-2.46411523948828,0.0137351942742632,0.439595328875629,35.7822106015885,2.59808408947809,12.3803889134093,17.2051091978111,5.50793098937888,6.75728125099965,5.23812302720983,5.75247736385363,1.04237204135177,6.73993113009986,"GUCY1B3"
"ENSG00000222009",144.034674566695,-1.34009497307969,0.544000891751989,-2.46340583884676,0.0137624039110219,0.439595328875629,79.3011153873043,141.595582876556,69.3301779150922,613.950738742943,106.027671545543,68.5381384029965,102.143399030592,137.100710505178,62.5423224811062,59.8168887796363,"BTBD19"
"ENSG00000138772",13.1550607984675,1.66381530844349,0.675609348494332,2.46268840440335,0.0137899700940732,0.439595328875629,3.86834709206362,5.19616817895618,6.60287408715164,7.24425650434151,9.63887923141304,12.5492366089993,7.85718454081474,26.8448943646503,6.25423224811062,45.4945351281741,"ANXA3"
"ENSG00000242125",203.183696735279,-1.37065900007955,0.55674939242243,-2.46189581656439,0.0138204805944379,0.439595328875629,219.528697474611,76.6434806396037,103.995266872638,885.61035765575,85.3729303353726,120.665736624994,151.905567789085,150.523157687503,162.610038450876,74.981733822361,"SNHG3"
"ENSG00000164916",306.464652251709,-0.969110348296887,0.393667635345587,-2.46174757913776,0.013826193574777,0.439595328875629,264.981775806358,924.917935854201,256.68673013802,289.77026017366,199.662498364984,224.920933068988,140.55630123013,178.326798279462,273.101474834164,311.721814767119,"FOXK1"
"ENSG00000138160",102.759363520565,-1.3543371362692,0.550160383253972,-2.4617133066886,0.0138275147108936,0.439595328875629,109.280805350797,285.78924984259,200.562300397231,52.520859656476,24.785689452205,85.9140044769955,39.2859227040737,21.0924170007966,137.593109458434,70.7692768660486,"KIF11"
"ENSG00000258484",8.66591194935168,1.66819873532276,0.67769500798995,2.46157742886532,0.0138327536332323,0.439595328875629,7.73669418412724,0,4.12679630446978,2.71659618912807,15.1468102207919,8.68793303699955,18.3334305952344,11.5049547277073,12.5084644962212,5.89743973883738,"SPESP1"
"ENSG00000173511",1309.28919647059,0.799091487752961,0.32469537216476,2.4610498216386,0.0138531127425325,0.439595328875629,813.319976106377,1114.5780743861,866.627223938653,833.089497999274,1378.35973009206,926.712857279952,2286.44070137709,2607.78973828031,890.185723314411,1375.78844193163,"VEGFB"
"ENSG00000260910",90.0971056656967,0.755883856727964,0.307148050711814,2.46097559459097,0.0138559791098379,0.439595328875629,88.9719831174633,46.7655136106057,46.2201186100615,72.4425650434151,140.452240229161,114.873781266994,144.04838324827,84.3696680031865,80.2626471840863,82.5641563437233,"LINC00565"
"ENSG00000115461",2841.30409528009,1.98956056815411,0.808861977171184,2.45970341579432,0.0139051872984641,0.439595328875629,2235.90461921277,255.911282813592,80.0598483067136,1512.23854528129,4068.98401840365,2201.90836193289,6374.79572411436,4441.87127112231,1477.04118259546,5764.32609901791,"IGFBP5"
"ENSG00000136811",351.46802690939,-0.638323818465679,0.259532325380182,-2.45951565967984,0.0139124628016201,0.439595328875629,323.974068960328,457.262799748144,377.189182228538,631.155847940754,282.281463205668,380.33840184198,275.874479433051,216.67664737182,349.194633852843,220.732744510771,"ODF2"
"ENSG00000185684",56.7956150945186,-1.02099025392731,0.415172072139109,-2.45919781806811,0.0139247867459861,0.439595328875629,60.926466700002,51.9616817895618,43.7440408273796,170.240027852026,23.4087067048602,40.5436875059979,45.3970662358185,44.1023264562111,39.6101375713672,48.0220093019615,"EP400NL"
"ENSG00000166046",78.5098022370309,-1.1629583572464,0.473689961404165,-2.45510450295174,0.0140843637698811,0.439595328875629,60.926466700002,262.406493037287,68.5048186541983,78.7812894847139,67.4721546198913,71.4341160819963,22.6985331179092,33.5561179558128,51.0762300262367,68.2418026922611,"TCP11L2"
"ENSG00000166228",389.049352815233,0.775621188554443,0.316037645424583,2.45420506000932,0.014119643881236,0.439595328875629,375.229667930171,193.557264666118,228.624515267626,292.486856362789,535.646288717096,306.973633973984,667.860685969253,643.318718524297,288.73705545444,358.058841286555,"PCBD1"
"ENSG00000129534",91.3240545753702,-0.758863985859867,0.309427831933877,-2.45247488280897,0.0141877284013285,0.439595328875629,122.82002017302,132.502288563383,131.232122482139,97.7974628086104,56.4562926411335,97.4979151929949,38.4129021995387,53.6897887293005,101.110088011122,81.7216649524609,"MIS18BP1"
"ENSG00000136997",619.157637592601,-0.553551525018741,0.225781273775859,-2.45171583879127,0.014217688987048,0.439595328875629,804.616195149233,880.750506333073,885.610486939214,491.70391023218,465.420168602515,563.750321511971,606.749250651805,454.445711744437,618.126620521599,420.403204239979,"MYC"
"ENSG00000145908",59.8367586004454,-0.849060832216558,0.346357266495341,-2.45140181641888,0.0142301002276028,0.439595328875629,82.202375706352,37.6722192974323,74.282333480456,131.30214914119,49.5713789044099,42.4743392919978,34.0477996768639,51.7722962746827,56.2880902329956,38.7546039980742,"ZNF300"
"ENSG00000196754",70.5747240992139,0.938756174136024,0.382973161478916,2.45123227567921,0.014236805031528,0.439595328875629,58.0252063809543,36.3731772526933,58.6005075234708,28.977026017366,77.1110338513043,98.4632410859949,149.28650627548,87.2459066851134,37.5253934886637,74.1392424310985,"S100A2"
"ENSG00000081059",74.6859687311272,-1.5220839704624,0.621674176535643,-2.44836286902635,0.014350704572078,0.439595328875629,144.09592917937,161.081213547642,178.277600353094,7.24425650434151,30.2936204415838,28.9597767899985,47.1431072448884,22.0511632281056,94.855855763011,32.8571642592368,"TCF7"
"ENSG00000198862",125.496707051982,-0.807820075821687,0.33014528053081,-2.44686240712837,0.0144105840340361,0.439595328875629,123.787106946036,126.007078339687,182.404396657564,243.588124958483,60.5872408831677,113.908455373994,56.7463327947731,92.039637821658,143.847341706544,112.05135503791,"LTN1"
"ENSG00000060138",3223.3417002353,0.557375859570245,0.227953451268106,2.44513016350295,0.0144799872424381,0.439595328875629,1982.52788468261,2941.0311892892,2451.31700485505,2675.84724629115,3317.15143835343,3248.32162994483,4126.76792493681,5424.58615411397,2745.60795692056,3320.25857296545,"YBX3"
"ENSG00000184903",76.8158696665003,0.776203733288058,0.317577067253713,2.44414289734576,0.0145196742803095,0.439595328875629,74.4656815222247,42.8683874763885,56.1244297407889,41.6544748999637,79.8649993459938,76.260745546996,109.127563066871,144.77068032365,60.4575783984026,82.5641563437233,"IMMP2L"
"ENSG00000127334",514.02263945324,-0.421684323485933,0.172539073656467,-2.44399320426123,0.0145257001476644,0.439595328875629,520.292683882557,540.401490611443,649.557738323543,712.653733614596,513.614564759581,514.518700968973,415.557760158646,418.972101334006,454.474210029372,400.183410849679,"DYRK2"
"ENSG00000186185",62.8136270725781,-1.66005594718392,0.679290325346977,-2.44380920092742,0.0145331101887682,0.439595328875629,50.2885121968271,235.126610097767,86.6627223938653,54.3319237825613,9.63887923141304,65.6421607239966,16.5873895861645,3.83498490923575,74.0084149359756,32.0146728679744,"KIF18B"
"ENSG00000256053",303.362306752147,0.451825734919988,0.184910493567836,2.44348347247384,0.0145462358479377,0.439595328875629,247.574213892072,213.042895337204,303.732208008975,228.194079886758,363.523445299006,371.650468804981,321.271545668869,393.085953196665,294.991287702551,296.556969724394,"APOPT1"
"ENSG00000146072",245.194846411065,1.00312862346913,0.411070756007522,2.4402821383158,0.0146757950421961,0.439595328875629,229.19956520477,111.717615847558,213.768048571534,57.0485199716894,243.725946280015,385.16503130698,543.018753820752,218.594139826438,262.677754420646,187.033088860271,"TNFRSF21"
"ENSG00000006453",75.8619443547283,0.929061602438646,0.380788398400957,2.43983694445537,0.0146938925318271,0.439595328875629,46.4201651047635,15.5885045368685,40.4426037838038,93.269802493397,85.3729303353726,97.4979151929949,80.3178864172174,101.627100094747,92.7711116803075,105.31142390781,"BAIAP2L1"
"ENSG00000178105",113.341896118327,0.589469617054647,0.241656016953024,2.43929211648488,0.0147160669935487,0.439595328875629,84.1365492523838,67.5501863264304,113.074218742472,81.497885673842,158.353015944643,153.486816986992,114.365686094081,116.008293504381,143.847341706544,101.098966951498,"DDX10"
"ENSG00000143033",102.256175209923,-0.653676910351649,0.268084280427166,-2.43832614620327,0.0147554544310184,0.439595328875629,118.951673080956,109.11953175808,129.581403960351,164.806835473769,89.5038785774068,102.324544657995,73.3337223809376,55.6072811839184,113.618552507343,65.7143285184737,"MTF2"
"ENSG00000170442",10.8941510918425,1.43738610323821,0.589563176699317,2.43805271435955,0.0147666204729738,0.439595328875629,3.86834709206362,7.79425226843427,6.60287408715164,3.62212825217076,8.26189648406832,12.5492366089993,14.8413485770945,24.9274019100324,6.25423224811062,20.2197933902996,"KRT86"
"ENSG00000154188",192.594739323959,0.828020428619919,0.339671187463038,2.437711702321,0.014780556698748,0.439595328875629,146.030102725402,98.7271954001675,209.641252267065,70.6315009173297,198.28551561764,168.932031274991,197.302634024903,237.769064372617,384.635283258803,213.992813380671,"ANGPT1"
"ENSG00000186193",58.0309652648196,-1.43884905506976,0.590596833760629,-2.4362627308851,0.014839901526061,0.439595328875629,93.8074169825428,176.66971808451,81.7105668285016,21.7327695130245,34.424568683618,32.8210803619983,30.555717658724,3.83498490923575,54.203346150292,50.549483475749,"SAPCD2"
"ENSG00000167978",1640.79391935502,-0.92218033395075,0.378535545920467,-2.4361789636118,0.0148433387530495,0.439595328875629,1144.06365247782,2056.38355682191,1146.4240133817,4811.09185094581,1506.41912559512,1280.02213411793,1307.78471579339,1164.87666618036,1076.77031871638,914.103159519794,"SRRM2"
"ENSG00000198324",158.517888508795,0.556018689484718,0.228247900020487,2.43602981422748,0.014849460544278,0.439595328875629,115.083325988893,154.586003323946,128.756044699457,96.8919307455677,210.678360343742,158.313446451992,151.905567789085,210.924170007966,144.889713747896,213.150321989408,"FAM109A"
"ENSG00000126215",109.267111348449,-1.04832437561349,0.430439382003151,-2.43547505048184,0.014872250185363,0.439595328875629,83.1694624793679,154.586003323946,94.0909557419109,301.542176993215,55.0793098937888,132.249647340993,70.7146608673327,47.9373113654469,105.279576176529,48.0220093019615,"XRCC3"
"ENSG00000125450",109.230424368322,-0.692332776513824,0.284414929676398,-2.43423500060826,0.0149233027787296,0.439595328875629,79.3011153873043,167.576423771337,133.708200264821,186.539604986794,63.3412063778571,97.4979151929949,85.5560094444272,85.3284142304955,112.576180465991,80.8791735611984,"NUP85"
"ENSG00000111206",541.605059975245,-1.13070322389407,0.464556586843125,-2.43394078550843,0.014935438191597,0.439595328875629,776.570678731772,1287.35066633639,814.629590502334,335.952395388838,309.821118152562,730.751701000962,182.461285447809,127.513248232089,523.270764758588,327.729151201106,"FOXM1"
"ENSG00000174705",338.610806093201,-0.537495447148957,0.220913142557054,-2.43306233810938,0.0149717230274868,0.439595328875629,410.044791758744,539.102448566704,348.301608097249,368.551549658374,320.83698013132,293.459071471985,232.223454206302,212.841662462584,304.372636074717,356.37385850403,"SH3PXD2B"
"ENSG00000133138",52.8830483191523,-0.760157589880769,0.312462103108741,-2.43279931331776,0.0149826025325799,0.439595328875629,77.3669418412724,45.4664715658666,70.1555371759862,86.9310780520981,38.5555169256522,40.5436875059979,29.682697154189,29.7211330465771,57.3304622743473,53.0769576495364,"TBC1D8B"
"ENSG00000181481",334.867745849949,0.501474579817091,0.20617065292976,2.43232765037581,0.0150021293890087,0.439595328875629,268.850122898422,298.779670289981,283.923585747521,220.949823382416,415.848789698105,357.170580409981,406.827555113297,480.331859881778,273.101474834164,342.893996243831,"RNF135"
"ENSG00000136478",256.513993670881,0.458220952759992,0.188477544502778,2.43117000472827,0.015050151010106,0.439595328875629,228.232478431754,215.640979426682,161.770415135215,232.721740201971,326.344911120699,284.771138434985,263.652192369561,256.943988918795,260.593010337942,334.469082331206,"TEX2"
"ENSG00000261040",71.3661650376151,0.807720811284087,0.332331569944848,2.43046669149769,0.0150793920203118,0.439595328875629,65.7619005650816,50.6626397448228,52.8229926972131,28.0714939543234,74.3570683566149,55.9889017939971,116.984747607686,89.1633991397312,63.5846945224579,116.263811994223,"WFDC21P"
"ENSG00000185339",21.1429462783825,1.06570834949623,0.438619930100732,2.4296851929448,0.0151119423509955,0.439595328875629,18.3746486873022,12.9904204473905,9.90431113072746,9.96085269346958,31.6706031889286,19.306517859999,34.0477996768639,37.3911028650486,12.5084644962212,25.2747417378745,"TCN2"
"ENSG00000106976",215.432084891666,-0.900830524686724,0.370786142366401,-2.42951508095075,0.015119035910421,0.439595328875629,254.343821303183,296.181586200502,223.672359702262,420.166877251808,228.579136059223,159.278772344992,201.667736547578,139.018202959796,46.9067418608296,184.505614686484,"DNM1"
"ENSG00000129009",392.984505768985,0.935396596820429,0.385146146695568,2.42867961901173,0.0151539167132023,0.439595328875629,191.483181057149,177.968760129249,331.79442287937,314.219625875813,312.575083647251,265.464620574986,612.86039418355,952.993749945084,283.525195247681,486.960024149715,"ISLR"
"ENSG00000173120",763.505114157085,-0.611064684035683,0.251655020042706,-2.42818396363397,0.0151746439598365,0.439595328875629,703.072083982563,1210.70718569679,803.074560849818,1134.63167499249,822.058700164798,685.381384029964,409.446616626901,548.402842020713,736.957033235701,581.319059971113,"KDM2A"
"ENSG00000139146",63.8702670775182,-0.900016426390223,0.370665963348454,-2.42810647694712,0.0151778865426673,0.439595328875629,108.313718577781,70.1482704159085,65.2033816106225,109.569379628165,56.4562926411335,57.919553579997,22.6985331179092,35.4736104104307,79.2202751427345,33.6996556504993,"FAM60A"
"ENSG00000112159",114.470418239173,-0.773007843804886,0.318525351023743,-2.42683303329055,0.0152312637765031,0.439595328875629,125.721280492068,133.801330608122,82.5359260893955,267.131958597593,97.7657750614751,89.7753080489953,73.3337223809376,90.1221453670402,101.110088011122,83.4066477349858,"MDN1"
"ENSG00000103319",118.495302622828,-0.664483283556957,0.2738238226318,-2.42668178820388,0.0152376142825255,0.439595328875629,136.359234995243,183.164928308205,120.502452090517,168.42896372594,110.158619787578,81.0873750119958,66.3495583446578,89.1633991397312,148.016829871951,81.7216649524609,"EEF2K"
"ENSG00000183963",286.918500873709,-0.897947928598803,0.370174998571582,-2.42573899389146,0.0152772530864638,0.439595328875629,193.417354603181,283.191165753112,278.971430182157,833.995030062317,183.138705396848,222.990281282988,266.271253883166,180.24429073408,201.177803980892,225.787692858345,"SMTN"
"ENSG00000168556",165.096833203309,0.446200331122352,0.184178189691658,2.42265564597719,0.0154075239081105,0.439595328875629,129.589627584131,133.801330608122,161.770415135215,116.813636132507,181.761722649503,198.85713395799,195.556593015834,195.584230371023,181.372735195208,155.860907383559,"ING2"
"ENSG00000129158",115.427213390538,0.653265954080727,0.269780712503594,2.42147019339652,0.0154578686631697,0.439595328875629,93.8074169825428,79.2415647290818,85.0120038720774,85.1200139260128,172.12284341809,98.4632410859949,163.25483434804,170.656828460991,84.4321353494933,122.16125173306,"SERGEF"
"ENSG00000066739",158.418022541973,-0.714995540947522,0.295643024377891,-2.41844211427635,0.0155871253636334,0.439595328875629,207.92365619842,171.473549905554,137.009637308397,310.597497623642,156.976033197298,129.353669661993,76.8258043990775,106.420831231292,133.423621293027,154.175924601034,"ATG2B"
"ENSG00000054277",35.819916062152,0.948671904166188,0.39251261369691,2.41692080983347,0.0156524220128001,0.439595328875629,21.2759090063499,19.4856306710857,26.4114963486066,24.4493657021526,49.5713789044099,74.3300937609961,24.4445741269792,32.5973717285039,29.1864171578495,56.4469232145864,"OPN3"
"ENSG00000177868",199.431518875505,0.748999214355063,0.309999163182784,2.4161330200541,0.0156863296028294,0.439595328875629,152.799710136513,140.296540831817,168.373289222367,105.041719312952,234.087067048602,151.556165200992,407.700575617832,277.077659692283,167.821898657635,189.560563034059,"SVBP"
"ENSG00000198133",15.9066879451566,1.67292845020842,0.693230502687047,2.41323548765373,0.0158116000617947,0.439595328875629,4.83543386507953,11.6913784026514,3.30143704357582,8.1497885673842,22.0317239575155,5.7919553579997,19.2064510997694,24.9274019100324,5.21186020675885,53.9194490407989,"TMEM229B"
"ENSG00000145819",127.152267995755,-0.897211655205175,0.371789664793847,-2.41322376646126,0.0158121085916042,0.439595328875629,135.392148222227,146.791751055512,101.519189089956,319.652818254069,143.206205723851,58.8848794729969,60.238414812913,102.585846322056,102.152460052473,101.098966951498,"ARHGAP26"
"ENSG00000204387",2253.06927554305,0.624030138020381,0.258626298741181,2.41286420235583,0.015827715450923,0.439595328875629,1554.10844423656,1330.21905381278,1987.46510023264,1930.59435840701,2507.48558291473,2227.00683515088,3512.16148974419,3666.24557322938,2107.67626761328,1707.73005008905,"C6orf48"
"ENSG00000213246",666.046470969582,0.399037318670792,0.165444559629944,2.41190958205778,0.0158692164391342,0.439595328875629,568.647022533352,504.02831335875,681.746749498407,480.837525475668,754.586545544906,709.514531354963,828.496458803688,725.770894072866,768.228194476254,638.608474576962,"SUPT4H1"
"ENSG00000154240",106.137159079386,0.647948319783864,0.26885098386555,2.4100649008891,0.0159496829693066,0.439595328875629,117.017499534925,80.5406067738208,72.6316149586681,47.0876672782198,122.55146451368,111.012477694994,140.55630123013,133.265725595942,105.279576176529,131.428657036947,"CEP112"
"ENSG00000160801",84.7597395252477,1.40189174512452,0.58218985556908,2.40796319570735,0.0160417981238796,0.439595328875629,29.0126031904772,75.3444385948647,44.5694000882736,22.6383015760672,33.0475859362733,30.8904285759984,198.175654529438,176.409305824845,47.9491139021814,189.560563034059,"PTH1R"
"ENSG00000112378",528.717636695208,0.825154388255783,0.342796415562466,2.40712665242388,0.0160785927118794,0.439595328875629,385.867622433346,244.219904410941,351.603045140825,463.632416277857,397.948013982624,408.332852738979,511.590015657493,1122.69183217877,488.87248739398,912.418176737269,"PERP"
"ENSG00000104904",8514.16065133737,0.578140460895708,0.240221942412599,2.40669297354489,0.016097696862302,0.439595328875629,6282.19567751132,7967.02486038457,8043.95135667249,3990.67980182913,10324.6166395907,7848.09951008959,11716.8081913638,11806.0010430823,8865.3742116968,8296.85522115293,"OAZ1"
"ENSG00000064607",272.978291431151,-0.791619467978729,0.328927111089349,-2.40667139098697,0.0160986481246102,0.439595328875629,244.672953573024,288.387333932068,248.43313752908,680.054579345059,275.396549468944,199.82245985099,233.969495215372,161.069366187902,234.533709304148,163.443329904922,"SUGP2"
"ENSG00000198625",325.578684648033,-0.921460672716911,0.38290204246158,-2.40651803994848,0.0161054085732343,0.439595328875629,227.265391658738,428.683874763885,244.306341224611,916.398447799201,234.087067048602,278.979183076986,204.286798061183,292.417599329226,275.186218916867,154.175924601034,"MDM4"
"ENSG00000122176",316.11238969576,1.43847237282477,0.597983352461215,2.40553916242688,0.0161486210191121,0.439595328875629,43.5189047857157,123.408994250209,255.036011616232,201.93365005852,132.190343745093,242.296799142987,482.780339007839,1046.95088022136,93.8134837216593,539.194490407989,"FMOD"
"ENSG00000127920",650.758162285712,0.764611155295921,0.317949378854197,2.4048204089952,0.0161804151661094,0.439595328875629,588.955844766686,470.253220195535,557.942860364314,217.327695130245,607.249391579021,587.88346883697,1128.81551236372,654.823673252005,646.270665638097,1048.05929073053,"GNG11"
"ENSG00000100201",1683.18975096862,-0.943443017403636,0.392371268410158,-2.40446509049033,0.0161961530356343,0.439595328875629,1437.09094470164,1653.68052295281,1170.35943194763,5195.03744567591,1002.44344006696,1135.22325016794,844.210827885317,1378.67707487025,1440.55816114815,1574.61641026958,"DDX17"
"ENSG00000150667",18.7101269152926,1.01025440317775,0.420254788014487,2.40390932355761,0.0162207962027582,0.439595328875629,11.6050412761909,19.4856306710857,8.25359260893955,8.1497885673842,22.0317239575155,17.3758660739991,32.3017586677939,20.1336707734877,25.0169289924425,22.747267564087,"FSIP1"
"ENSG00000071626",1057.83017126992,-0.398753144209047,0.166008416401662,-2.40200559015185,0.0163054592548947,0.439595328875629,1268.81784619687,1275.65928793374,1206.67523942696,1197.11338734243,928.086371710341,1168.04433052994,989.132231638122,837.944202668012,966.27888233309,740.549932919723,"DAZAP1"
"ENSG00000150556",103.68148851815,2.38654980739578,0.993997307445548,2.40096204438312,0.0163520324977096,0.439595328875629,14.5063015952386,1.29904204473905,30.5382926530763,70.6315009173297,35.8015514309627,212.371696459989,233.969495215372,204.212946416804,9.38134837216593,224.102710075821,"LYPD6B"
"ENSG00000188243",1009.70219627913,0.675623649604862,0.28140060047005,2.40093179785794,0.0163533841353121,0.439595328875629,668.256960153991,633.932517832654,831.136775720213,839.428222440573,1184.20516271646,862.036022448955,1773.10464471053,1621.23987037941,964.194138250387,719.487648138161,"COMMD6"
"ENSG00000066279",98.0457940109284,-1.38727681836886,0.57815549788079,-2.39948737572137,0.0164180459376544,0.439595328875629,138.293408541274,303.975838468937,136.184278047503,45.2766031521344,24.785689452205,69.5034642959964,26.1906151360491,19.1749245461788,130.296505168971,86.7766133000358,"ASPM"
"ENSG00000125971",1229.18842825387,0.653704675405691,0.27247212003551,2.39916170256427,0.0164326561949885,0.439595328875629,953.547558193683,976.879617643762,1262.79966916775,465.443480403942,1343.93516140845,1231.75583946794,1878.74012575926,1625.07485528865,1296.7108194416,1256.99715576362,"DYNLRB1"
"ENSG00000159433",60.0166036219879,-0.96058087393632,0.400433847996108,-2.39885034380425,0.0164466349619603,0.439595328875629,31.9138635095249,96.1291113106894,58.6005075234708,152.129386591172,48.1943961570652,52.1275982219973,43.6510252267486,41.2260877742843,45.8643698194779,30.3296900854494,"STARD9"
"ENSG00000078403",281.771962770598,-0.56075815617249,0.233768542739345,-2.39877508582386,0.0164500153123773,0.439595328875629,330.74367637144,329.956679363718,306.208285791657,428.316665819192,345.622669583525,254.846035751987,230.477413197232,188.873006779861,228.279477056038,174.395717991334,"MLLT10"
"ENSG00000169020",349.644213417214,0.543850137045311,0.226757585787367,2.39837681794375,0.0164679144086634,0.439595328875629,251.442560984135,242.920862366202,319.414033965961,282.526003669319,424.110686182174,352.343950944982,531.669487261797,461.156935335599,363.787842431768,267.069771030207,"ATP5I"
"ENSG00000163001",456.28483318931,0.555327557958114,0.231576524344726,2.39803045463904,0.0164834946973305,0.439595328875629,414.880225623823,280.593081663634,380.490619272113,346.81878014535,619.642236305124,421.847415240978,661.749542437508,620.308809068883,435.71151328504,380.806108850642,"CFAP36"
"ENSG00000163104",120.99515171262,-0.616017840789396,0.257032785287793,-2.39665084008507,0.0165456817837596,0.439595328875629,127.6554540381,150.688877189729,132.882841003927,200.122585932434,93.6348268194409,102.324544657995,65.4765378401228,89.1633991397312,133.423621293027,114.578829211698,"SMARCAD1"
"ENSG00000165288",107.114691678499,-0.522833080626893,0.218180768394499,-2.39632981620792,0.0165601816761101,0.439595328875629,108.313718577781,140.296540831817,113.074218742472,162.090239284641,99.1427578088198,83.0180267979957,79.4448659126824,85.3284142304955,109.449064341936,90.9890702563482,"BRWD3"
"ENSG00000184208",224.092250001903,0.460637595713324,0.192245874823435,2.39608572166445,0.0165712143193623,0.439595328875629,211.792003290483,205.248643068769,172.500085526837,142.168533897702,297.428273426459,243.262125035987,270.636356405841,249.274019100324,226.194732973334,222.417727293296,"C22orf46"
"ENSG00000178184",31.09862141316,1.29198662943732,0.539376149359984,2.39533511255619,0.0166051809835492,0.439595328875629,15.4733883682545,22.0837147605638,4.12679630446978,25.3548977651953,44.063447915031,24.1331473249987,51.5082097675633,46.019818910829,12.5084644962212,65.7143285184737,"PARD6G"
"ENSG00000171914",240.802726535314,-0.532209749572981,0.22222741028713,-2.39488796132456,0.0166254445782759,0.439595328875629,301.731073180962,333.853805497935,268.241759790535,277.998343354106,263.003704742841,196.92648217199,158.889731825365,173.533067142918,166.779526616283,267.069771030207,"TLN2"
"ENSG00000142089",4864.91298236536,0.779105652901647,0.325521955713103,2.3934043133739,0.0166928348306165,0.439595328875629,3243.60903669535,3185.25109370014,4234.09300838599,2948.412397267,6232.2239144822,3396.98181746682,10272.832276863,7474.38558810048,3807.78506705801,3853.5556236346,"IFITM3"
"ENSG00000067601",30.178302416228,0.843631649549462,0.352535227547388,2.39304212353093,0.0167093225939391,0.439595328875629,19.3417354603181,16.8875465816076,25.5861370877126,19.0161733238965,56.4562926411335,37.647709826998,22.6985331179092,31.638625501195,35.4406494059602,37.0696212155493,"PMS2P4"
"ENSG00000099337",158.945652279773,0.892678224355666,0.37304531296529,2.39294850606721,0.0167135866136313,0.439595328875629,102.511197939686,59.7559340579961,57.7751482625769,199.217053869392,180.384739902158,173.758660739991,188.572428979554,179.285544506771,307.499752198772,140.696062340835,"KCNK6"
"ENSG00000148848",2212.42432043292,-1.17166730620676,0.489735499544511,-2.39244920430824,0.0167363445840248,0.439595328875629,2434.15740768103,1964.15157164544,2358.87676763492,6522.54745009649,2521.25541038818,1597.61435291492,1032.78325686487,643.318718524297,2581.95554642833,467.582722150678,"ADAM12"
"ENSG00000163956",234.747769081399,0.887351683804052,0.370992016778282,2.39183498208363,0.0167643778988071,0.439595328875629,119.918759853972,92.2319851764723,129.581403960351,279.809407480191,185.892670891537,229.747562533988,405.081514104227,426.642071152477,180.330363153856,298.241952506919,"LRPAP1"
"ENSG00000243147",558.625064141026,0.541478263255584,0.226436112208073,2.39130701360046,0.0167885075005361,0.439595328875629,467.102911366682,302.676796424198,488.612682449221,495.326038484351,570.070857400714,530.929241149972,762.14690045903,841.779187577248,599.363923777267,528.242102321577,"MRPL33"
"ENSG00000182263",31.2619377982778,-0.800951985445467,0.334967250376111,-2.39113520663926,0.0167963661202519,0.439595328875629,40.617644466668,37.6722192974323,34.6650889575461,55.237455845604,15.1468102207919,24.1331473249987,19.2064510997694,30.679879273886,33.3559053232566,21.9047761728246,"FIGN"
"ENSG00000163463",19.1003045645055,-2.06730031206477,0.865358181341475,-2.38895333358962,0.0168964484114427,0.439595328875629,19.3417354603181,1.29904204473905,4.12679630446978,115.908104069464,4.13094824203416,7.7226071439996,8.73020504534971,13.4224471823251,10.4237204135177,5.89743973883738,"KRTCAP2"
"ENSG00000140632",174.328530495921,-0.718693922693484,0.300866339513932,-2.38874818583753,0.016905885383206,0.439595328875629,158.602230774609,281.892123708373,190.657989266504,281.620471606276,117.043533524301,164.105401809991,89.0480914625671,97.7921151855117,159.482922326821,203.040425294258,"GLYR1"
"ENSG00000095564",187.287954282633,-1.25286329269344,0.524582888318144,-2.38830377542474,0.0169263445082344,0.439595328875629,179.878139780958,89.6339010869942,127.930685438563,751.591612325432,106.027671545543,127.423017875993,53.2542507766332,159.151873733284,166.779526616283,111.208863646648,"BTAF1"
"ENSG00000110318",131.918845108376,0.673514285363341,0.282008867515173,2.38827343018603,0.0169277422907285,0.439595328875629,96.7086773015905,107.820489713341,107.296703916214,77.8757574216713,114.289568029612,140.937580377993,194.683572511299,210.924170007966,91.7287396389557,176.923192165121,"CEP126"
"ENSG00000127585",9.01870283036246,2.50344118787039,1.04885522048133,2.38683198499172,0.0169942559005026,0.439595328875629,3.86834709206362,5.19616817895618,0.825359260893955,0,1.37698274734472,9.6532589299995,8.73020504534971,9.58746227308938,2.08474408270354,48.864500693224,"FBXL16"
"ENSG00000225746",94.0295368083986,-1.09772215992943,0.459912667698777,-2.38680566339258,0.0169954726055938,0.439595328875629,63.8277270190498,155.885045368685,74.282333480456,258.076637967166,107.404654292888,53.0929241149972,47.1431072448884,91.0808915943491,62.5423224811062,26.9597245203995,"MEG8"
"ENSG00000198718",91.0758929576447,-0.619757501300624,0.259710852877475,-2.3863365524929,0.0170171698890018,0.439595328875629,123.787106946036,138.997498787078,117.201015046942,81.497885673842,75.7340511039596,63.7115089379967,63.7304968310529,58.4835198658452,86.5168794321969,101.098966951498,"TOGARAM1"
"ENSG00000100425",221.053813967999,-0.599653244245477,0.25136830548862,-2.38555629787871,0.0170533120070183,0.439595328875629,222.429957793658,280.593081663634,218.720204136898,388.473255045314,245.10292902736,176.654638418991,160.635772834435,176.409305824845,133.423621293027,208.095373641833,"BRD1"
"ENSG00000092148",478.774983761919,-0.526958713115324,0.220910165549164,-2.38539820838643,0.0170606430593395,0.439595328875629,552.206547392082,654.717190548479,524.103130667662,614.856270805986,437.880513655621,370.685142911981,336.112894245964,276.118913464974,513.889416386422,507.179817540015,"HECTD1"
"ENSG00000254087",64.1310934255289,1.00857376731377,0.422845244889916,2.38520777873793,0.0170694774867637,0.439595328875629,75.4327682952406,22.0837147605638,23.9354185659247,38.0323466477929,44.063447915031,128.388343768993,53.2542507766332,97.7921151855117,87.5592514735486,70.7692768660486,"LYN"
"ENSG00000115129",386.713252142219,-1.11960345972336,0.469472158383153,-2.38481332647975,0.0170877897164247,0.439595328875629,256.277994849215,258.50936690307,418.457145273235,1353.77043424882,308.444135405217,365.858513446981,209.524921088393,238.727810599926,338.770913439325,118.79128616801,"TP53I3"
"ENSG00000166681",1191.05654090764,0.653914149311746,0.274216473958176,2.38466398416123,0.0170947273486283,0.439595328875629,1110.21561542226,850.872539304075,1121.66323555488,461.821352151771,1427.93110899647,1104.33282159194,1794.05713681937,1622.19861660672,1109.08385199828,1308.38913063064,"BEX3"
"ENSG00000196814",129.702482988524,0.465738607020526,0.195329476462778,2.38437441933797,0.0171081859975035,0.439595328875629,103.478284712702,122.10995220547,94.0909557419109,103.230655186867,166.614912428711,144.798883949993,130.953075680246,161.069366187902,119.872784755454,150.805959035984,"MVB12B"
"ENSG00000174325",38.3831769533815,2.10100037633428,0.881567027864146,2.38325653061749,0.0171602314746096,0.439595328875629,6.76960741111134,9.09329431317332,24.7607778268187,10.8663847565123,23.4087067048602,9.6532589299995,129.207034671176,110.255816140528,0,59.8168887796363,"DIRC1"
"ENSG00000164919",749.20479388717,0.564018707219195,0.236840068504461,2.38143279885334,0.017245437005238,0.439595328875629,676.960741111134,637.829643966871,681.746749498407,332.330267136667,870.253096321863,742.335611716961,1080.79938461429,877.252797987678,835.982377164119,756.55726935371,"COX6C"
"ENSG00000082438",75.1806557461236,1.02448924089418,0.430228592871345,2.38126720973319,0.0172531917452547,0.439595328875629,52.2226857428589,41.5693454316495,50.3469149145313,41.6544748999637,39.9324996729969,49.2316205429974,61.984455821983,164.904351097137,86.5168794321969,163.443329904922,"COBLL1"
"ENSG00000065413",13.6923538961903,-1.52314904970423,0.63987279772291,-2.38039350184068,0.0172941592139381,0.439595328875629,6.76960741111134,20.7846727158247,9.90431113072746,52.520859656476,8.26189648406832,8.68793303699955,6.98416403627977,2.87623868192681,8.33897633081416,11.7948794776748,"ANKRD44"
"ENSG00000038358",88.0969915157295,-0.836068362140537,0.351295904792843,-2.37995476387225,0.0173147634478719,0.439595328875629,64.7948137920657,137.698456742339,73.456974219562,202.839182121562,75.7340511039596,84.9486785839956,58.4923738038431,61.359758547772,50.0338579848849,71.6117682573111,"EDC4"
"ENSG00000141741",420.622530304065,0.584667771376494,0.245700369057867,2.37959663478891,0.0173315980424815,0.439595328875629,321.072808641281,342.947099811108,396.172445229098,234.532804328056,458.535254865792,394.81829023698,667.860685969253,604.010123204631,365.872586514471,420.403204239979,"MIEN1"
"ENSG00000123989",470.120667007692,0.698367881723145,0.293518366015745,2.37929875122596,0.0173456116060162,0.439595328875629,404.242271120648,398.805907734887,352.428404401719,214.611098941117,377.293272772453,403.506223273979,646.035173355879,838.902948895321,424.24542083017,641.13594875075,"CHPF"
"ENSG00000173889",288.394041993048,-0.779136880129359,0.327596612401839,-2.37834229852673,0.0173906739348164,0.439595328875629,293.994378996835,624.839223519481,319.414033965961,301.542176993215,203.793446607019,262.568642895986,112.619645085011,181.203036961389,294.991287702551,288.974547203032,"PHC3"
"ENSG00000135870",345.161612711188,-0.630924610598505,0.265317112676527,-2.37800194730645,0.0174067339946152,0.439595328875629,365.558800200012,669.006653040609,338.397296966522,381.228998540972,320.83698013132,280.909834862985,190.318469988624,239.686556827235,316.881100570938,348.791435982668,"RC3H1"
"ENSG00000089048",164.222128423822,0.819150420119127,0.344653758610055,2.37673433019462,0.0174666631698573,0.439595328875629,128.622540811115,59.7559340579961,141.96179287376,119.530232321635,114.289568029612,129.353669661993,317.779463650729,220.511632281056,171.991386823042,238.425063727283,"ESF1"
"ENSG00000129214",8.36782020029478,1.67448564368184,0.704775683389404,2.37591290838655,0.0175055940806594,0.439595328875629,4.83543386507953,2.59808408947809,2.47607778268187,4.52766031521344,12.3928447261025,3.8613035719998,25.3175946315142,11.5049547277073,5.21186020675885,10.9523880864123,"SHBG"
"ENSG00000091009",210.915085055145,-0.592399950461953,0.249436926156421,-2.37494888824304,0.0175513803862095,0.439595328875629,256.277994849215,311.770090737371,237.703467137459,251.737913525868,176.253791660124,158.313446451992,125.714952653036,129.430740686707,260.593010337942,201.355442511733,"RBM27"
"ENSG00000089902",222.012535705938,-0.577340026201037,0.243127913849158,-2.37463488688194,0.0175663165852504,0.439595328875629,253.376734530167,297.480628245242,256.68673013802,299.73111286713,167.991895176056,197.89180806499,124.841932148501,143.811934096341,266.847242586053,211.465339206883,"RCOR1"
"ENSG00000165475",144.943885365516,0.64145562040613,0.270171025591028,2.37425763552134,0.0175842761504902,0.439595328875629,138.293408541274,116.913784026514,116.375655786048,62.4817123499455,210.678360343742,146.729535735992,167.619936870714,192.707991689097,119.872784755454,177.765683556384,"CRYL1"
"ENSG00000169375",249.795858002767,-0.605279782016704,0.25506846614455,-2.37300906366718,0.0176438309548129,0.439595328875629,245.64004034604,471.552262240274,309.509722835233,231.816208138928,227.202153311879,228.782236640988,163.25483434804,165.863097324446,242.872685634962,211.465339206883,"SIN3A"
"ENSG00000177853",77.2713846591826,-0.690987973730937,0.29118705000512,-2.37300379161363,0.0176440827973726,0.439595328875629,91.873243436511,107.820489713341,72.6316149586681,128.585552952062,48.1943961570652,75.2954196539961,46.2700867403535,49.8548038200648,90.6863675976039,61.5018715621613,"ZNF518A"
"ENSG00000158008",18.8510185326573,1.98771065262571,0.837803189286324,2.37252695865115,0.0176668738304969,0.439595328875629,10.637954503175,2.59808408947809,7.4282333480456,6.33872444129882,9.63887923141304,12.5492366089993,8.73020504534971,1.91749245461788,42.7372536954226,85.9341219087733,"EXTL1"
"ENSG00000007923",162.952708046846,-0.676631558352504,0.285513343466221,-2.36987718380509,0.0177939949488791,0.441227806110312,187.614833965086,254.612240768853,162.595774396109,236.343868454142,118.420516271646,139.006928591993,77.6988249036124,98.7508614128206,183.457479277911,171.025752426284,"DNAJC11"
"ENSG00000100100",96.1409940986737,1.09329074349945,0.461346835022984,2.36978052194718,0.0177986473485303,0.441227806110312,49.3214254238112,38.9712613421714,54.473711219001,86.0255459890555,74.3570683566149,51.1622723289973,137.06421921199,215.717901144511,52.1186020675885,202.197933902996,"PIK3IP1"
"ENSG00000120875",100.357768221745,1.67498302834979,0.707384861998535,2.3678525203629,0.0178916662582692,0.442710858787636,67.6960741111134,32.4760511184761,67.6794593933043,5.43319237825613,88.1268958300621,262.568642895986,165.873895861645,55.6072811839184,10.4237204135177,247.69246903117,"DUSP4"
"ENSG00000135441",203.651028498495,0.664787871449946,0.281089130514374,2.3650429678068,0.0180279791904566,0.443799598577012,191.483181057149,135.100372652861,158.468978091639,117.71916819555,240.971980785326,185.34257145599,328.255709705149,330.767448421584,160.525294368173,187.875580251534,"BLOC1S1"
"ENSG00000122966",111.679509003271,-1.23180006678309,0.520858433404765,-2.36494215660677,0.0180328871741309,0.443799598577012,143.128842406354,352.040394124281,133.708200264821,53.4263917195186,48.1943961570652,109.081825908994,48.0161277494234,21.0924170007966,101.110088011122,106.996406690335,"CIT"
"ENSG00000068489",332.551222631987,-1.21143579216101,0.512328272918511,-2.36456946882902,0.0180510416050591,0.443799598577012,480.642126188905,731.360671188083,609.115134539739,197.405989743306,130.813360997748,401.575571487979,157.143690816295,44.1023264562111,384.635283258803,188.718071642796,"PRR11"
"ENSG00000120802",261.029868716752,-1.0759682944513,0.455185467088199,-2.36380194942124,0.0180884795773984,0.443799598577012,339.447457328583,481.944598598186,422.583941577705,281.620471606276,67.4721546198913,300.216352722984,83.8099684353572,90.1221453670402,358.575982225009,184.505614686484,"TMPO"
"ENSG00000158417",549.776340002046,0.808848892119884,0.342221543814591,2.36352417531639,0.0181020455594133,0.443799598577012,467.102911366682,213.042895337204,521.62705288498,313.31409381277,380.047238267143,481.697620606975,985.640149619982,633.731256251208,528.482624965347,973.077556908168,"EIF5B"
"ENSG00000198646",321.710935243282,-0.604778981883635,0.256012918458421,-2.36229868994622,0.0181620024599662,0.444055624384779,352.01958537779,526.112028119314,343.349452531885,397.52857567574,373.162324530419,292.493745578985,220.001167142813,171.6155746883,311.669240364179,229.157658423395,"NCOA6"
"ENSG00000182208",300.09819662584,0.576588918219725,0.244242422559457,2.36072387498271,0.0182393055873531,0.444055624384779,241.771693253976,233.827568053028,255.861370877126,195.594925617221,366.277410793695,303.112330401984,506.351892630283,385.415983378193,275.186218916867,237.58257233602,"MOB2"
"ENSG00000047932",484.223636007224,-0.659829906840586,0.279529000360769,-2.36050608698557,0.018250018815053,0.444055624384779,533.83189870478,483.243640642925,492.739478753691,974.352499833933,271.26560122691,382.26905362798,295.08093053282,438.147025880185,478.448766980462,492.857463888553,"GOPC"
"ENSG00000143614",177.618340832571,-0.671039278465306,0.28434307224442,-2.35996352282669,0.0182767320966523,0.444055624384779,168.273098504768,311.770090737371,147.739307700018,287.959196047575,126.682412755714,131.284321447993,106.508501553266,149.564411460194,150.101573954655,196.300494164159,"GATAD2B"
"ENSG00000164609",298.938510888601,0.425751968279323,0.180445912975553,2.35944367627216,0.018302358977675,0.444055624384779,227.265391658738,268.901703260983,286.399663530202,210.083438625904,280.904480458323,355.239928623982,361.430488877478,326.932463512348,293.948915661199,378.278634676855,"SLU7"
"ENSG00000090924",232.768548574367,-1.02860057669797,0.43598754493914,-2.35924303030618,0.0183122586347476,0.444055624384779,193.417354603181,231.22948396355,164.246492917897,751.591612325432,232.710084301258,201.75311163699,114.365686094081,147.646919005576,198.050687856836,92.6740530388731,"PLEKHG2"
"ENSG00000135407",40.5809444091163,-1.12395922121239,0.476797389461287,-2.35730993091698,0.0184078760788441,0.444910507100066,32.8809502825408,31.1770090737371,37.141166740228,138.546405645531,35.8015514309627,19.306517859999,31.428738163259,29.7211330465771,31.2711612405531,18.5348106077746,"AVIL"
"ENSG00000162734",12685.4883919592,0.584325895033613,0.247891742625019,2.35718176348259,0.0184142310803956,0.444910507100066,9213.43568652253,9616.80825720316,14043.4878241106,6170.29547757288,12186.2973140008,20180.137793164,13714.2791057399,14721.5483203287,13549.7941655317,13458.7999754182,"PEA15"
"ENSG00000011114",386.935011021621,-0.43999399351792,0.186738110336912,-2.35620887843454,0.0184625328569897,0.445270887366494,447.761175906364,571.57849968518,422.583941577705,396.623043612698,335.983790352112,388.06100898598,281.112602460261,300.087569147698,391.931887548265,333.626590939943,"BTBD7"
"ENSG00000188610",16.8125000887645,-1.14697297721896,0.487775326263318,-2.35143705608386,0.0187010533496343,0.450095474760946,15.4733883682545,32.4760511184761,37.9665260011219,14.488513008683,6.8849137367236,18.341191966999,8.73020504534971,10.5462085003983,15.6355806202765,7.58242252136235,"FAM72B"
"ENSG00000166352",127.386522433485,0.621047046512549,0.264222695664745,2.35046820996995,0.0187498092134269,0.450095474760946,103.478284712702,87.0358169975161,101.519189089956,92.3642704303543,192.777584628261,100.393892871995,178.969203429669,182.161783188698,132.381249251675,102.783949734023,"C11orf74"
"ENSG00000125356",614.076305400841,0.593611819346134,0.252580333531256,2.35019017928677,0.0187638212466886,0.450095474760946,543.502766434939,398.805907734887,617.368727148678,321.463882380155,643.050943009984,598.502053659969,970.798801042888,837.944202668012,660.863874217022,548.461895711877,"NDUFA1"
"ENSG00000184319",339.744661252098,0.585843467373372,0.24935904053984,2.34939734330495,0.0188038284601025,0.450245350399258,247.574213892072,237.724694187245,391.220289663735,167.523431662897,444.765427392344,410.263504524979,398.097350067947,396.9209381059,298.118403826606,405.238359197254,"RPL23AP82"
"ENSG00000023445",26.1723691736457,1.11110721363655,0.473452513128337,2.34681870478396,0.0189344652772958,0.450793598598445,24.1771693253976,16.8875465816076,15.6818259569851,5.43319237825613,19.2777584628261,26.0637991109986,57.6193532993081,39.3085953196665,21.8898128683872,35.3846384330243,"BIRC3"
"ENSG00000249992",184.127421616414,0.846675517978352,0.360822609186138,2.34651459310737,0.0189499241245186,0.450793598598445,218.561610701595,83.1386908632989,147.739307700018,47.9931993412625,228.579136059223,248.088754500987,241.826679756187,188.873006779861,259.550638296591,176.923192165121,"TMEM158"
"ENSG00000198270",58.9530836768679,0.734041556395406,0.31302552732569,2.34498944116997,0.0190276184431917,0.450793598598445,32.8809502825408,36.3731772526933,45.3947593491675,53.4263917195186,79.8649993459938,92.6712857279952,76.8258043990775,80.5346830939508,46.9067418608296,44.6520437369116,"TMEM116"
"ENSG00000163939",310.535370089118,-0.548183957014373,0.233851339171018,-2.34415573140455,0.0190702069238705,0.450793598598445,325.90824250636,479.346514508708,311.160441357021,417.45028106268,234.087067048602,272.221901825986,175.477121411529,250.232765327633,325.220076901752,314.249288940906,"PBRM1"
"ENSG00000118058",441.468100731984,-0.616956440030423,0.26319913382798,-2.34406713676212,0.019074737507772,0.450793598598445,373.295494384139,861.264875661987,427.536097143069,570.485199716894,410.340858708727,420.882089347978,267.144274387701,359.529835240852,380.465795093396,343.736487635093,"KMT2A"
"ENSG00000164850",137.417656917715,0.888734373409826,0.379212815638197,2.34362958412713,0.0190971270306757,0.450793598598445,92.8403302095269,122.10995220547,120.502452090517,28.977026017366,137.698274734472,164.105401809991,171.112018888854,262.696466282649,111.533808424639,162.600838513659,"GPER1"
"ENSG00000268894",14.3891585667372,1.495024065765,0.638436829795841,2.34169458275625,0.0191964165324219,0.452336762001608,4.83543386507953,3.89712613421714,3.30143704357582,15.3940450717257,12.3928447261025,5.7919553579997,24.4445741269792,31.638625501195,13.550836537573,28.6447073029244,"PLCE1-AS1"
"ENSG00000151498",120.540232188948,-0.616430412643984,0.263361497311462,-2.34062465066778,0.0192515107707068,0.452834919133891,123.787106946036,133.801330608122,119.677092829623,231.816208138928,96.3887923141304,85.9140044769955,115.238706598616,80.5346830939508,118.830412714102,99.413984168973,"ACAD8"
"ENSG00000082258",151.313213164555,-1.01192884217317,0.432707389455504,-2.33859847747579,0.0193562236836546,0.4540983090792,142.161755633338,101.325279489646,130.406763221245,493.514974358266,82.6189648406832,112.943129480994,66.3495583446578,127.513248232089,145.932085789248,110.366372255385,"CCNT2"
"ENSG00000137804",119.014947762596,-1.35015748909224,0.57748802566989,-2.33798352359956,0.0193881028780327,0.4540983090792,156.668057228577,301.377754379459,231.100593050307,60.6706482238602,26.1626721995497,111.977803587994,34.0477996768639,17.2574320915609,139.677853541137,111.208863646648,"NUSAP1"
"ENSG00000134508",364.103590597161,0.916799608241127,0.392194882344583,2.33761236954547,0.0194073656875717,0.4540983090792,293.994378996835,174.071633995032,382.141337793901,99.6085269346958,257.495773753463,356.205254516982,463.57388790807,331.726194648893,781.779031013827,500.439886409915,"CABLES1"
"ENSG00000034713",948.242184748641,0.673675800310988,0.28847900873596,2.33526800879849,0.0195294242965478,0.454293289659217,859.74014121114,735.2577973223,880.65833137385,319.652818254069,1043.7529224873,931.539486744952,1306.91169528885,1254.04006532009,839.109493288174,1311.75909619569,"GABARAPL2"
"ENSG00000166398",214.655657459869,-0.602892954855803,0.258216751907392,-2.33483285031805,0.0195521543665093,0.454293289659217,166.338924958736,370.226982750628,255.036011616232,288.864728110618,192.777584628261,221.059629496989,129.207034671176,165.863097324446,166.779526616283,190.403054425321,"KIAA0355"
"ENSG00000185347",33.8895310069652,-1.13945036061004,0.488413549260911,-2.33296222501262,0.0196501280081329,0.454293289659217,46.4201651047635,77.9425226843427,66.0287408715164,11.771916819555,12.3928447261025,32.8210803619983,26.1906151360491,20.1336707734877,29.1864171578495,16.0073364339872,"C14orf80"
"ENSG00000138135",63.030022390084,-1.3191145294465,0.56544770815851,-2.3328674082745,0.0196551054139459,0.454293289659217,51.255598969843,33.7750931632152,88.3134409156532,220.044291319373,31.6706031889286,98.4632410859949,34.9208201813988,22.0511632281056,31.2711612405531,18.5348106077746,"CH25H"
"ENSG00000157741",126.128160567146,-0.768694534237336,0.329603364712645,-2.33218048276753,0.0196911984742114,0.454293289659217,127.6554540381,185.763012397684,86.6627223938653,270.754086849764,99.1427578088198,114.873781266994,66.3495583446578,83.4109217758776,118.830412714102,107.838898081598,"UBN2"
"ENSG00000154265",66.5781695942066,-1.39773129321259,0.599354750478206,-2.33206008978386,0.0196975302288458,0.454293289659217,63.8277270190498,36.3731772526933,21.4593407832428,302.447709056258,35.8015514309627,44.4049910779977,40.1589432086087,63.2772510023899,30.2287891992013,27.8022159116619,"ABCA5"
"ENSG00000112659",99.1376732165417,-0.852157568194806,0.36543437754037,-2.33190312835488,0.0197057878755086,0.454293289659217,74.4656815222247,115.614741981775,96.5670335245927,254.454509714996,95.0118095667857,66.6074866169966,73.3337223809376,75.7409519574061,46.9067418608296,92.6740530388731,"CUL9"
"ENSG00000139354",75.3260443001161,-1.17224887616482,0.502767982594082,-2.33159015042383,0.0197222624812691,0.454293289659217,119.918759853972,172.772591950293,115.550296525154,44.3710710890918,35.8015514309627,73.3647678679962,21.8255126133743,15.339939636943,88.6016235149004,65.7143285184737,"GAS2L3"
"ENSG00000112941",317.846531758944,-0.452910659943255,0.194437758163565,-2.32933492044409,0.0198413297962356,0.455266319677847,328.809502825408,368.927940705889,316.937956183279,501.66476292565,271.26560122691,299.251026829984,283.731663973866,248.315272873015,312.711612405531,246.849977639908,"PAPD7"
"ENSG00000124733",997.672139569028,0.593054301233138,0.254645553572439,2.32894033653108,0.0198622266676519,0.455266319677847,785.274459688915,817.09744614086,1010.2397353342,445.521775017003,987.296629846164,1251.06235732794,1424.76946340107,1358.54340409677,1017.35511235933,879.561012478032,"MEA1"
"ENSG00000156398",19.2695660694617,-1.1897661305371,0.511004821684352,-2.32828748389388,0.0198968434563835,0.455266319677847,21.2759090063499,32.4760511184761,22.2847000441368,39.8434107738783,15.1468102207919,12.5492366089993,13.0953075680246,5.75247736385363,26.0593010337942,4.21245695631242,"SFXN2"
"ENSG00000149131",936.671674547299,0.883466622354351,0.379500584419073,2.32797170446188,0.0199136062025146,0.455266319677847,480.642126188905,596.260298535222,739.521897760984,670.09372665159,864.745165332484,820.527009049957,1746.91402957448,1895.44129138977,381.508167134748,1171.06303385485,"SERPING1"
"ENSG00000174516",161.560225827363,0.74495734273432,0.320058582820868,2.32756558555176,0.0199351826266674,0.455266319677847,119.918759853972,137.698456742339,118.026374307836,84.2144818629701,280.904480458323,99.4285669789949,227.858351683627,248.315272873015,128.211761086268,171.025752426284,"PELI3"
"ENSG00000087086",72571.0900322792,0.700473687818876,0.301193704967245,2.32565845921332,0.0200367782460643,0.456223402033118,44244.2198654777,54664.9882846638,68492.4382652849,43710.9382151336,86675.5560143607,59076.0139998109,140015.901537823,94700.1586024404,45663.192015497,88467.4935222996,"FTL"
"ENSG00000162408",143.413573518762,-0.655808030713994,0.28200792762293,-2.32549501796584,0.0200455060052041,0.456223402033118,118.951673080956,277.994997574156,124.629248394987,214.611098941117,92.2578440720962,125.492366089993,110.000583571406,124.637009550162,125.084644962212,120.476268950535,"NOL9"
"ENSG00000125968",363.770759536503,-1.3888033179744,0.597481046050317,-2.32443075333546,0.0201024189033948,0.456301807286264,251.442560984135,483.243640642925,1370.09637308397,208.272374499818,64.7181891252018,369.719817018981,100.397358021522,81.4934293212597,367.957330597175,340.366522070043,"ID1"
"ENSG00000107290",426.102885384677,-0.539705054391996,0.232215955807167,-2.3241514671807,0.020117377422533,0.456301807286264,449.695349452396,657.315274637957,409.378193403402,581.351584473406,351.130600572904,387.09568309298,249.683864297002,313.510016330023,470.109790649648,391.758496937055,"SETX"
"ENSG00000181817",364.013418271092,0.537372375274695,0.231278299181505,2.32348809713863,0.0201529463525828,0.456332505100844,307.533593819058,288.387333932068,340.048015488309,210.083438625904,374.539307277764,389.99166077198,555.241040884242,502.383023109884,323.135332819049,348.791435982668,"LSM10"
"ENSG00000136819",784.578110488456,0.431347024686923,0.185729537823625,2.3224470902229,0.0202088742512386,0.45682331506571,712.742951712722,550.793826969355,823.708542372167,507.097955303906,873.007061816552,900.649058168953,989.132231638122,834.109217758776,869.338282487376,785.201976656634,"C9orf78"
"ENSG00000011258",119.726983192626,-0.585609429919857,0.252320198441348,-2.32089794450594,0.0202923525209513,0.457045689702885,124.754193719052,135.100372652861,118.85173356873,219.138759256331,114.289568029612,101.359218764995,82.9369479308223,95.8746227308938,119.872784755454,85.0916305175108,"MBTD1"
"ENSG00000112242",244.662160631436,-0.56149125391576,0.24196911620527,-2.32050793391099,0.0203134162280003,0.457045689702885,261.113428714294,316.966258916327,285.574304269308,349.535376334478,199.662498364984,268.360598253986,126.587973157571,172.574320915609,252.254034007128,213.992813380671,"E2F3"
"ENSG00000198258",1272.32158606275,0.654400867641361,0.282076027036165,2.31994499680563,0.0203438529910449,0.457045689702885,1064.76253709051,988.570996046414,1276.00541734205,456.388159773515,1403.14541954427,1276.16083054593,1943.34364309485,1761.21681956652,1305.04979577242,1248.572241851,"UBL5"
"ENSG00000120868",148.999997816761,-0.812948673764117,0.350740449871558,-2.31780701103001,0.0204598119073618,0.457502929956265,154.733883682545,284.490207797851,173.325444787731,191.067265302007,132.190343745093,143.833558056993,53.2542507766332,71.9059670481704,182.41510723656,102.783949734023,"APAF1"
"ENSG00000205903",57.2073701102515,-0.883643731811705,0.381383742374554,-2.31694126841905,0.0205069313155929,0.457502929956265,57.0581196079384,85.736774952777,37.141166740228,135.829809456403,46.8174134097205,32.8210803619983,36.6668611904688,44.1023264562111,34.3982773646084,61.5018715621613,"ZNF316"
"ENSG00000172260",345.136645812175,0.967459479643938,0.417572371849755,2.31686659574316,0.0205109999237863,0.457502929956265,122.82002017302,174.071633995032,193.134067049185,387.567722982271,152.845084955264,379.37307594898,698.416403627977,625.102540205428,304.372636074717,413.663273109879,"NEGR1"
"ENSG00000136108",206.995772780289,-1.23142319684529,0.531646273701031,-2.31624532656422,0.0205448776381725,0.457502929956265,306.566507046042,524.812986074574,351.603045140825,80.5923536107993,78.488016598649,199.82245985099,56.7463327947731,45.0610726835201,228.279477056038,197.985476946684,"CKAP2"
"ENSG00000135924",1041.62462810044,0.55129051738844,0.238147129373721,2.31491565251374,0.0206175485784301,0.457502929956265,862.641401530188,901.535179048898,872.404738764911,620.289463184242,1546.35162526812,990.424366217949,1500.72224729562,1338.40973332328,948.55855763011,834.908968741121,"DNAJB2"
"ENSG00000184634",114.644701287029,-0.724873316445349,0.313227862188617,-2.31420446246526,0.0206565093117448,0.457502929956265,86.0707227984156,170.174507860815,110.59814095979,233.627272265014,123.928447261025,87.8446562629954,79.4448659126824,68.0709821389346,94.855855763011,91.8315616476107,"MED12"
"ENSG00000237659",9.74373914761417,2.15402941933554,0.93080489170937,2.31415782031375,0.0206590667245925,0.457502929956265,4.83543386507953,0,6.60287408715164,0.905532063042689,23.4087067048602,10.6185848229995,13.0953075680246,14.3811934096341,0,23.5897589553495,"RNASEH2CP1"
"ENSG00000105583",523.973742109349,0.588037477560488,0.254128988030275,2.31393310191922,0.0206713920176476,0.457502929956265,480.642126188905,328.657637318979,425.060019360387,374.890274099673,645.804908504674,475.905665248975,854.687073939737,763.161996937915,450.304721863964,440.622997630279,"WDR83OS"
"ENSG00000185163",86.7973143313689,-0.647780888223015,0.280002782500617,-2.31348018201065,0.0206962531287536,0.457502929956265,87.0378095714315,123.408994250209,70.1555371759862,162.995771347684,72.9800856092701,83.9833526909956,67.2225788491928,64.2359972296989,71.9236708532721,64.0293457359487,"DDX51"
"ENSG00000100058",394.533262692712,0.83636320343755,0.361778503171745,2.31181011614863,0.0207881496985136,0.457507164551425,196.318614922229,203.94960102403,285.574304269308,386.662190919228,276.773532216289,348.482647372982,976.909944574633,493.754307064103,396.101375713672,380.806108850642,"CRYBB2P1"
"ENSG00000214655",198.090960739107,-0.853571354962326,0.369409804451937,-2.31063535584471,0.0208530046355806,0.457507164551425,136.359234995243,235.126610097767,169.198648483261,541.508173699528,173.499826165435,129.353669661993,175.477121411529,156.275635051357,103.194832093825,160.915855731134,"ZSWIM8"
"ENSG00000171388",154.454383986745,1.04797167798336,0.453553728174835,2.3105789080393,0.0208561253825985,0.457507164551425,93.8074169825428,114.315699937036,71.8062556977741,96.8919307455677,261.626721995497,115.839107159994,298.57301255096,331.726194648893,52.1186020675885,107.838898081598,"APLN"
"ENSG00000257267",734.824438613902,0.391312424743366,0.169357493069678,2.31057048407283,0.0208565911409812,0.457507164551425,641.178530509545,542.999574700921,683.397468020195,607.612014301644,839.959475880279,751.023544753961,1019.68794929685,810.140562076053,776.567170807068,675.678095792511,"ZNF271P"
"ENSG00000137802",99.697016513635,-0.838063976485237,0.362936535055595,-2.30911990262116,0.020936928630082,0.458131346760052,101.54411116667,118.212826071253,73.456974219562,248.115785273697,108.781637040233,70.4687901889964,56.7463327947731,53.6897887293005,83.3897633081416,82.5641563437233,"MAPKBP1"
"ENSG00000059588",104.579463994431,-1.0030367147039,0.434437541711204,-2.30881684569213,0.0209537468338931,0.458131346760052,104.445371485718,79.2415647290818,71.8062556977741,342.291119830136,67.4721546198913,93.6366116209951,50.6351892630283,88.2046529124223,82.3473912667898,65.7143285184737,"TARBP1"
"ENSG00000113282",458.138290615461,-0.656707793944755,0.284630083217081,-2.30723255434633,0.0210418591727106,0.459155315852892,609.26466700002,440.375253166537,448.170078665418,849.389075134042,352.507583320248,405.436875059979,231.350433701767,285.706375738064,489.914859435332,469.267704933203,"CLINT1"
"ENSG00000033867",249.787033460693,-0.502196666420132,0.217788814507448,-2.30588824111973,0.021116877848113,0.459155315852892,255.310908076199,287.088291887329,237.703467137459,432.844326134405,203.793446607019,222.990281282988,204.286798061183,204.212946416804,249.126917883073,200.512951120471,"SLC4A7"
"ENSG00000079102",349.767524558162,-0.496870994872363,0.215616470042067,-2.30442041266802,0.0211990552331535,0.459155315852892,354.920845696837,561.186163327268,447.344719404524,332.330267136667,367.65439354104,299.251026829984,288.969787001075,328.849955966966,236.618453386852,280.549633290407,"RUNX1T1"
"ENSG00000007237",507.418759034015,-0.57591210363602,0.249993664293111,-2.30370679698818,0.0212391080396201,0.459155315852892,471.938345231762,656.016232593218,702.380731020756,698.165220605913,483.320944317997,612.016616161968,286.350725487471,454.445711744437,330.431937108511,379.121126068117,"GAS7"
"ENSG00000105963",18.0789284282271,1.33669366186694,0.580439346224624,2.30289981298004,0.0212844806922442,0.459155315852892,6.76960741111134,9.09329431317332,18.157903739667,3.62212825217076,17.9007757154814,8.68793303699955,31.428738163259,45.0610726835201,15.6355806202765,24.432250346612,"ADAP1"
"ENSG00000147421",136.73113698999,-0.783126254223681,0.340103253515181,-2.30261323915481,0.0213006135982188,0.459155315852892,105.412458258734,205.248643068769,117.201015046942,302.447709056258,114.289568029612,110.047151801994,107.381522057801,104.503338776674,137.593109458434,63.1868543446862,"HMBOX1"
"ENSG00000170542",14.7346287456708,1.37553640550096,0.597465801852832,2.30228475208993,0.0213191191436241,0.459155315852892,6.76960741111134,5.19616817895618,9.07895186983351,9.05532063042689,9.63887923141304,11.5839107159994,18.3334305952344,11.5049547277073,15.6355806202765,50.549483475749,"SERPINB9"
"ENSG00000130176",340.042307552511,1.0565600428462,0.458931709061721,2.30221626003206,0.0213229794546113,0.459155315852892,126.688367265084,154.586003323946,315.287237661491,228.194079886758,290.543359689736,317.592218796984,248.810843792467,333.64368710351,1142.43975732154,242.637520683595,"CNN1"
"ENSG00000170634",158.378650792652,0.696538621004966,0.302633533705059,2.30159101166825,0.0213582475060562,0.459155315852892,103.478284712702,127.306120384426,144.437870656442,86.9310780520981,148.71413671323,124.527040196994,192.937531502229,271.325182328429,127.169389044916,256.959874335057,"ACYP2"
"ENSG00000183648",447.996007337142,0.540353319630199,0.234839170703304,2.30095055272054,0.0213944261912801,0.459155315852892,368.46006051906,246.817988500419,368.935589619598,421.977941377893,640.296977515295,407.367526845979,546.510835838892,574.288990158054,547.245321709679,358.058841286555,"NDUFB1"
"ENSG00000012232",286.84791421052,0.384093201308053,0.166952792750832,2.30060962131548,0.0214137067151907,0.459155315852892,244.672953573024,296.181586200502,212.117330049746,218.233227193288,351.130600572904,309.869611652984,291.58884851468,321.179986148494,321.050588736345,302.454409463231,"EXTL3"
"ENSG00000161996",78.2394854267573,-0.825369551277106,0.358869872706757,-2.29991318315968,0.0214531390622655,0.459262464965386,58.9922931539702,90.9329431317332,70.9808964368801,202.839182121562,50.9483616517546,63.7115089379967,64.6035173355879,71.9059670481704,55.2457181916438,52.234466258274,"WDR90"
"ENSG00000215424",15.0873071640786,-1.31510325396931,0.572283561516917,-2.29799236323239,0.0215622237790714,0.460169639794988,24.1771693253976,9.09329431317332,11.5550296525154,48.8987314043052,12.3928447261025,10.6185848229995,4.36510252267486,6.71122359116257,10.4237204135177,12.6373708689372,"MCM3AP-AS1"
"ENSG00000165699",357.14471157192,-0.698790569791625,0.304107492587612,-2.29784068733626,0.0215708580947171,0.460169639794988,268.850122898422,459.860883837622,319.414033965961,807.734600234079,297.428273426459,332.072107191983,242.699700260722,254.067750236869,327.304820984456,262.014822682632,"TSC1"
"ENSG00000167258",270.714482933837,-0.600948851809609,0.26158392510637,-2.29734625919861,0.0215990248565392,0.460169639794988,254.343821303183,463.758009971839,295.478615400036,348.629844271435,180.384739902158,264.499294681986,158.01671132083,186.955514325243,298.118403826606,256.959874335057,"CDK12"
"ENSG00000160714",927.491187708595,0.312035976324948,0.135890297837986,2.29623439855118,0.0216624827194903,0.460573996810592,845.233839615901,844.37732908038,818.756386806803,731.669906938493,1155.28852502222,972.08317425095,995.243375169867,1042.15714908482,921.456884554964,948.645306561556,"UBE2Q1"
"ENSG00000243927",223.935459799312,0.6454874034376,0.281159588718921,2.29580433795165,0.02168707130517,0.460573996810592,169.240185277783,184.463970352945,174.150804048625,142.168533897702,181.761722649503,228.782236640988,267.144274387701,430.477056061713,173.033758864394,288.132055811769,"MRPS6"
"ENSG00000103495",527.704600116847,-0.678876438019346,0.295803722331758,-2.29502331028125,0.0217317884518432,0.460789924614042,654.717745331768,1082.10202326763,576.100764103981,412.017088684423,480.566978823307,515.484026861973,412.938698645041,333.64368710351,526.397880882644,283.077107464194,"MAZ"
"ENSG00000118260",414.195361231721,-0.462108170967064,0.201541506590506,-2.29286849535158,0.0218555771034345,0.461033964197406,572.515369625416,524.812986074574,430.837534186645,454.57709564743,384.178186509177,326.280151833983,273.255417919446,315.427508784641,460.728442277482,399.340919458417,"CREB1"
"ENSG00000108639",43.017134720639,0.968327100979323,0.422328193637178,2.29283082580845,0.0218577465687913,0.461033964197406,44.4859915587317,20.7846727158247,18.983263000561,25.3548977651953,23.4087067048602,68.5381384029965,61.111435317448,77.658444412024,29.1864171578495,60.6593801708988,"SYNGR2"
"ENSG00000258537",7.93826522896939,1.70140154841344,0.742304662518261,2.29205289192372,0.0219025912708626,0.461033964197406,2.90126031904772,2.59808408947809,4.12679630446978,3.62212825217076,16.5237929681366,6.75728125099965,7.85718454081474,12.4637009550162,20.8474408270354,1.68498278252497,"FRMD6-AS2"
"ENSG00000168813",124.179808895027,-0.528919708882758,0.230772629001066,-2.29195165463195,0.0219084330688471,0.461033964197406,132.490887903179,183.164928308205,132.057481743033,162.090239284641,83.9959475880279,118.735084838994,85.5560094444272,96.8333689582027,140.720225582489,106.153915299073,"ZNF507"
"ENSG00000126062",241.460654021199,0.539351258984373,0.235337718911452,2.29181816446223,0.0219161380596203,0.461033964197406,210.824916517467,215.640979426682,169.198648483261,164.806835473769,245.10292902736,238.435495570988,404.208493599692,311.592523875405,218.898128683872,235.897589553495,"TMEM115"
"ENSG00000179532",53.6845359374913,-1.23719258292113,0.539976772920109,-2.29119592724441,0.0219520844202383,0.461062913248376,41.5847312396839,49.3635977000837,23.1100593050307,213.705566878075,45.4404306623758,28.9597767899985,45.3970662358185,38.3498490923575,23.9745569510907,26.9597245203995,"DNHD1"
"ENSG00000128731",286.422908412723,-0.54213398641003,0.23675262302631,-2.28987531153893,0.0220285457863004,0.461941376024981,253.376734530167,431.281958853363,341.698734010097,384.851126793143,267.134652984876,234.574191998988,204.286798061183,169.698082233682,264.762498503349,312.564306158381,"HERC2"
"ENSG00000176720",678.627581511245,0.536472556258144,0.234422131267544,2.28848937324042,0.0221090382651375,0.462901480913877,484.510473280969,552.092869014095,379.665260011219,721.709054245023,589.34861586354,805.081794761958,835.480622839967,962.581212218174,614.999504397544,840.806408479958,"BOK"
"ENSG00000177374",220.976447270118,-0.775021626716361,0.33895097602546,-2.28653015195373,0.0222232622428808,0.463536836160019,352.986672150805,459.860883837622,228.624515267626,136.735341519446,179.007757154814,109.081825908994,183.334305952344,188.873006779861,231.406593180093,139.853570949572,"HIC1"
"ENSG00000221890",51.2835810137503,1.14000578959756,0.498780217182951,2.28558741971798,0.0222784068365129,0.463536836160019,53.1897725158748,16.8875465816076,36.315807479334,12.6774488825976,34.424568683618,45.3703169709976,89.921111967102,63.2772510023899,34.3982773646084,126.373708689372,"NPTXR"
"ENSG00000101596",220.722851280557,-0.583282877260013,0.255379819704826,-2.28398186643794,0.0223725966809221,0.464172624086807,275.619730309533,342.947099811108,241.004904181035,244.493657021526,141.829222976506,221.059629496989,120.476829625826,157.234381278666,241.830313593611,220.732744510771,"SMCHD1"
"ENSG00000124762",5327.03064358639,0.809344679525192,0.354372645333768,2.28388023224227,0.0223785706896466,0.464172624086807,3558.87932469853,5257.22315505892,4567.53814978715,1297.62744634017,7795.09933271846,5715.6946124527,6550.27284552589,7797.48306670359,3526.34461589304,7204.14388668549,"CDKN1A"
"ENSG00000066777",359.518250204172,-0.370560202787419,0.16230376912329,-2.28312752555939,0.022422857610136,0.464369024761465,417.781485942871,458.561841792883,418.457145273235,369.457081721417,353.884566067593,305.042982187984,286.350725487471,278.036405919592,355.448866100953,352.161401547718,"ARFGEF1"
"ENSG00000151418",7.18117177137674,1.91873523104624,0.841201332998621,2.28094649375619,0.022551613253771,0.465674040381795,0,2.59808408947809,0.825359260893955,7.24425650434151,19.2777584628261,8.68793303699955,8.73020504534971,14.3811934096341,4.16948816540708,5.89743973883738,"ATP6V1G3"
"ENSG00000130821",750.208136475987,0.75922994781259,0.332867500005868,2.28087736952152,0.0225557044377776,0.465674040381795,522.226857428589,549.494784924616,467.978700926873,580.446052410364,951.495078415201,654.490955453966,1579.29409270376,1142.82550295225,421.118304706115,632.711034838125,"SLC6A8"
"ENSG00000119048",1257.08969276907,0.430396639358233,0.188819223300352,2.27941113110929,0.0226426372562871,0.466308683033015,1013.50693812067,918.422725630505,1346.98631377893,881.082697340536,1224.13766238946,1447.02351360693,1681.43749173435,1539.74644105815,1253.97356574618,1264.57957828499,"UBE2B"
"ENSG00000051009",127.350140338592,-0.924586792906871,0.405666432793215,-2.27917993248944,0.0226563714932439,0.466308683033015,84.1365492523838,137.698456742339,101.519189089956,387.567722982271,100.519740556165,117.769758945994,79.4448659126824,91.0808915943491,102.152460052473,71.6117682573111,"FAM160A2"
"ENSG00000105173",48.0709085752861,0.689923332061516,0.302794908878391,2.27851694936722,0.0226957958236602,0.466400352696697,41.5847312396839,23.3827568053028,37.141166740228,38.0323466477929,41.3094824203416,67.5728125099965,54.1272712811682,78.6171906393329,45.8643698194779,53.0769576495364,"CCNE1"
"ENSG00000158859",22.5279207787466,-1.24062402011586,0.544914745317437,-2.27673049917771,0.022802324060535,0.467868609223624,23.2100825523817,25.9808408947809,18.983263000561,68.8204367912444,24.785689452205,8.68793303699955,11.3492665589546,11.5049547277073,26.0593010337942,5.89743973883738,"ADAMTS4"
"ENSG00000109685",1314.2053492849,-0.684055689631117,0.300620093519255,-2.27548225942955,0.0228770157198529,0.468680120822855,1507.6882791318,2299.30441918811,1696.93864039797,1293.09978602496,983.16568160413,1773.30366544091,755.16273642275,673.039851570874,1288.37184311079,871.97858995667,"NSD2"
"ENSG00000182165",149.315456407168,0.776342682872483,0.341403298675179,2.27397534202245,0.022967469126536,0.468746484856003,88.0048963444474,97.4281533554284,93.2655964810169,139.451937708574,216.186291333121,108.116500015994,242.699700260722,262.696466282649,88.6016235149004,156.703398774822,"TP53TG1"
"ENSG00000008710",859.306756482878,-0.71056526687878,0.312497735936634,-2.2738253278829,0.0229764907728712,0.468746484856003,696.302476571452,1577.0370423132,652.859175367118,1557.51514843343,816.550769175419,611.051290268968,726.353059773096,885.881514033459,595.19443561186,474.322653280778,"PKD1"
"ENSG00000091592",320.687824743654,-1.1934671555584,0.524939994687435,-2.27353062757015,0.022994222611925,0.468746484856003,122.82002017302,271.499787350461,193.959426310079,1348.33724187056,172.12284341809,234.574191998988,201.667736547578,266.531451191885,181.372735195208,213.992813380671,"NLRP1"
"ENSG00000109390",434.086073359079,0.605135354097228,0.266217229697505,2.27308861558219,0.0230208403374583,0.468746484856003,365.558800200012,352.040394124281,393.696367446417,211.894502751989,480.566978823307,415.090133989978,669.606726978323,626.061286432737,320.008216694993,506.337326148752,"NDUFC1"
"ENSG00000196535",120.350184329392,-0.660897107887014,0.291134980138283,-2.2700711112526,0.023203268793687,0.469975203885739,132.490887903179,170.174507860815,102.34454835085,212.800034815032,112.912585282267,91.7059598349952,73.3337223809376,83.4109217758776,80.2626471840863,144.066027905885,"MYO18A"
"ENSG00000158711",817.856898686153,-0.495241807927158,0.218191394023154,-2.26975866827545,0.0232222295965354,0.469975203885739,857.805967665108,1231.49185841262,880.65833137385,992.463141094787,750.455597302872,819.561683156958,440.002334285625,704.678477072069,804.711215923566,696.740380574074,"ELK4"
"ENSG00000125868",5215.54680592577,0.459644851846098,0.202517282823645,2.26965741114729,0.0232283773360856,0.469975203885739,4514.36105643825,4268.6521590125,4932.34694310228,3313.3418186732,4951.62995945161,6387.56143398067,4301.3720258438,6174.32570386956,7348.72289152998,5963.15406735586,"DSTN"
"ENSG00000051825",131.546354587909,-0.794904287673348,0.350286198309928,-2.26929947999272,0.0232501201460012,0.469975203885739,180.845226553974,236.425652142506,178.277600353094,110.474911691208,72.9800856092701,142.868232163993,77.6988249036124,57.5247736385363,169.906642740338,88.4615960825607,"MPHOSPH9"
"ENSG00000134909",169.26465693533,-0.77301274625373,0.340657293504273,-2.26918008506996,0.0232573768137203,0.469975203885739,171.174358823815,187.062054442423,133.708200264821,408.394960432253,185.892670891537,132.249647340993,97.7782965079168,107.379577458601,159.482922326821,109.523880864123,"ARHGAP32"
"ENSG00000169692",400.807748355001,0.57604535091916,0.254205266640159,2.26606379377097,0.0234474776371159,0.472505845916012,404.242271120648,281.892123708373,277.320711660369,275.281747164977,414.471806950761,367.789165232981,602.38414812913,654.823673252005,361.703098349064,368.168737981705,"AGPAT2"
"ENSG00000111605",264.875419246808,-0.521966654592562,0.230449963286668,-2.26498909849364,0.0235133485027818,0.472505845916012,323.974068960328,283.191165753112,282.272867225733,405.678364243125,224.448187817189,273.187227718986,185.080346961414,152.440650142121,252.254034007128,266.227279638945,"CPSF6"
"ENSG00000152904",560.6309920562,0.317295509884351,0.140098050262816,2.26481031883829,0.0235243219380844,0.472505845916012,506.753469060334,454.664715658666,526.579208450343,464.537948340899,641.673960262639,658.352259025966,567.463327947731,621.267555296192,627.507968893765,537.509507625464,"GGPS1"
"ENSG00000242779",16.5120507583695,1.27251411375648,0.562033241713149,2.26412606819785,0.0235663620795932,0.472638452715089,10.637954503175,11.6913784026514,7.4282333480456,6.33872444129882,13.7698274734472,27.0291250039986,6.1111435317448,37.3911028650486,13.550836537573,31.1721814767119,"ZNF702P"
"ENSG00000124098",1408.1284881056,0.543250227660486,0.240234742349686,2.26133082312354,0.0237387789214588,0.474259953602142,1568.6147458318,804.107025693469,784.916657110151,1261.40616381847,1889.22032935696,1552.24403594392,1601.11960531714,1777.51550543077,1267.52440228375,1574.61641026958,"FAM210B"
"ENSG00000116001",257.223659237127,-0.886981313309214,0.392322492687613,-2.26084746564728,0.0237687041869813,0.474259953602142,275.619730309533,171.473549905554,195.610144831867,776.946510090627,190.023619133571,183.41191966999,158.889731825365,208.04793132604,242.872685634962,169.340769643759,"TIA1"
"ENSG00000120913",1326.00140058147,0.709862576994079,0.313984214787826,2.26082249858887,0.0237702508172306,0.474259953602142,1004.80315716353,600.157424669439,1112.58428368505,1121.04869404685,1712.96653769683,1061.85848229994,2110.96357996556,2423.710462637,1062.17711013745,1049.74427351305,"PDLIM2"
"ENSG00000176697",173.388699428724,0.996457368102266,0.440865910829914,2.26022775547892,0.0238071190893601,0.474259953602142,176.009792688895,123.408994250209,71.8062556977741,63.3872444129882,163.860946934022,266.429946467986,63.7304968310529,271.325182328429,367.957330597175,165.970804078709,"BDNF"
"ENSG00000010818",462.958149077947,-0.469812470689208,0.207887196482583,-2.25993942214026,0.0238250107905403,0.474259953602142,585.087497674623,580.671793998353,501.818430623525,554.185622582126,475.059047833928,417.986111668978,289.84280750561,301.046315375007,481.575883104518,442.307980412804,"HIVEP2"
"ENSG00000174606",233.922694961179,-0.405612722172612,0.179525951802743,-2.25935424989857,0.0238613578399244,0.474275602848096,288.19185835874,258.50936690307,259.162807920702,289.77026017366,240.971980785326,238.435495570988,161.50879333897,197.501722825641,210.559152353057,194.615511381634,"ANGEL2"
"ENSG00000080824",2326.81676779201,0.56486560583827,0.250151710799154,2.25809211551545,0.0239399170990441,0.474841470167458,2158.5376773715,1543.26194914999,2105.49147454048,1421.68533897702,1646.87136582428,2642.09696914086,3066.92103243135,2133.21035576239,2990.56538663823,3559.52612808399,"HSP90AA1"
"ENSG00000197971",96.0794047882051,1.37038313569184,0.606977992497625,2.25771469909958,0.0239634522220789,0.474841470167458,97.6757640746064,57.157849968518,18.983263000561,23.5438336391099,129.436378250404,37.647709826998,82.9369479308223,207.089185098731,33.3559053232566,272.967210769045,"MBP"
"ENSG00000185219",97.9734207686308,-0.714331803591752,0.316600114507081,-2.25625882891389,0.0240544261945734,0.474841470167458,82.202375706352,155.885045368685,80.0598483067136,193.783861491135,92.2578440720962,69.5034642959964,63.7304968310529,63.2772510023899,81.305019225438,97.729001386448,"ZNF445"
"ENSG00000159714",120.850169664153,0.75246195743456,0.333580651139639,2.25571223889594,0.0240886585870732,0.474841470167458,111.214978896829,83.1386908632989,75.1076927413499,73.3480971064578,154.222067702609,68.5381384029965,199.048675033973,207.089185098731,96.9405998457146,139.853570949572,"ZDHHC1"
"ENSG00000269343",66.838114323481,-0.795425797223355,0.35269675163059,-2.25526828230183,0.0241164942300164,0.474841470167458,57.0581196079384,71.4473124606475,62.7273038279406,166.617899599855,68.849137367236,51.1622723289973,50.6351892630283,42.1848340015933,43.7796257367743,53.9194490407989,"ZNF587B"
"ENSG00000094631",103.563717321704,-0.908133612110799,0.402764353340168,-2.25475170426466,0.0241489182667887,0.474841470167458,76.3998550682565,97.4281533554284,89.9641594374411,311.503029686685,74.3570683566149,93.6366116209951,55.8733122902382,78.6171906393329,71.9236708532721,85.9341219087733,"HDAC6"
"ENSG00000264364",1474.7083472139,0.464120719274663,0.205878564886916,2.25434211438958,0.0241746538384722,0.474841470167458,1402.27582087306,1147.05412550458,1389.07963608453,866.594184331853,1426.55412624913,1739.51725918591,1793.18411631483,2090.06677553348,1404.07513970083,1488.68228836081,"DYNLL2"
"ENSG00000053747",10.6420296695755,1.68087626265645,0.746223440418665,2.25251067121853,0.0242900191270355,0.476402801904387,7.73669418412724,3.89712613421714,4.12679630446978,2.71659618912807,4.13094824203416,10.6185848229995,8.73020504534971,9.58746227308938,9.38134837216593,45.4945351281741,"LAMA3"
"ENSG00000090238",817.28185891363,0.721612775555233,0.320439416745737,2.25194760021618,0.0243255835717843,0.476402801904387,370.394234065092,697.585578024868,705.682168064332,579.540520347321,995.558526330232,743.300937609961,1275.48295712559,1467.84047400998,472.194534732352,865.23865882657,"YPEL3"
"ENSG00000117682",229.120716782413,-0.439633314695647,0.195298471781984,-2.25108425418925,0.0243802015094477,0.476595583434471,251.442560984135,258.50936690307,252.55993383355,325.086010632325,196.908532870295,215.267674138989,150.159526780015,184.079275643316,231.406593180093,225.787692858345,"DHDDS"
"ENSG00000140332",304.328036793409,-0.627534194108787,0.278894876986896,-2.25007429641051,0.0244442294198706,0.476595583434471,336.546197009535,645.623896235306,282.272867225733,280.714939543234,289.166376942391,189.20387502799,266.271253883166,252.150257782251,281.440451164978,219.890253119508,"TLE3"
"ENSG00000183856",129.853664422387,-1.13454963134758,0.504312935748624,-2.2496936939827,0.0244683961043363,0.476595583434471,142.161755633338,296.181586200502,137.009637308397,196.500457680264,53.7023271464441,165.070727702991,48.8891482539584,18.2161783188698,157.398178244117,83.4066477349858,"IQGAP3"
"ENSG00000117000",148.342762568441,-0.587408777269632,0.261134360144053,-2.24945034788066,0.0244838584265064,0.476595583434471,154.733883682545,209.145769202986,153.516822526276,224.571951634587,140.452240229161,138.041602698993,74.2067428854726,103.544592549365,160.525294368173,124.688725906847,"RLF"
"ENSG00000170745",45.6696734531971,1.45619506558959,0.647604771899853,2.24858606479629,0.0245388438260159,0.476595583434471,11.6050412761909,23.3827568053028,37.9665260011219,16.2995771347684,39.9324996729969,117.769758945994,42.7780047222136,3.83498490923575,51.0762300262367,112.05135503791,"KCNS3"
"ENSG00000198198",161.83699089772,-0.789318292674239,0.351111607806826,-2.24805524831439,0.024572667202001,0.476595583434471,121.852933400004,207.846727158247,129.581403960351,406.583896306167,156.976033197298,139.006928591993,127.460993662106,98.7508614128206,133.423621293027,96.8865099951856,"SZT2"
"ENSG00000076382",84.8141944689887,-1.11681846499449,0.496887072014529,-2.24763035284169,0.0245997704410235,0.476595583434471,84.1365492523838,207.846727158247,133.708200264821,76.0646932955859,35.8015514309627,84.9486785839956,41.0319637131436,14.3811934096341,118.830412714102,51.3919748670115,"SPAG5"
"ENSG00000170144",1300.9716022816,-0.587486173696458,0.261419479063132,-2.24729303188069,0.0246213059148497,0.476595583434471,2144.03137577626,1217.20239592049,1488.9481066527,1659.84027155725,996.935509077577,1218.24127696594,867.782381507761,682.627313843964,1552.09196957278,1182.01542194126,"HNRNPA3"
"ENSG00000156265",979.7281931643,0.724065817939939,0.322746659677663,2.24344945556706,0.0248678457708306,0.480416187827988,1056.05875613337,659.913358727435,577.751482625769,523.397532438674,1516.05800482654,1137.15390195394,1308.65773629792,1302.93612291285,465.940302484241,1249.41473324226,"MAP3K7CL"
"ENSG00000039319",173.207647539976,-0.518540234593776,0.231171822813007,-2.2430944579834,0.0248907239850896,0.480416187827988,188.581920738102,175.370676039771,209.641252267065,271.659618912807,154.222067702609,144.798883949993,97.7782965079168,148.605665232885,163.652410492228,177.765683556384,"ZFYVE16"
"ENSG00000140948",397.411501656248,-0.588586207861058,0.262473581597271,-2.24245885730382,0.0249317315127372,0.480512287840138,458.399130409539,704.080788248563,508.421304710676,318.747286191027,415.848789698105,378.40775005598,270.636356405841,236.810318145308,375.253934886637,307.509357810806,"ZCCHC14"
"ENSG00000055813",26.0675280321287,-1.70842055672283,0.763124782689671,-2.23871717375161,0.0251743243816448,0.482077033078041,15.4733883682545,116.913784026514,20.6339815223489,26.260429828238,8.26189648406832,15.4452142879992,1.74604100906994,3.83498490923575,12.5084644962212,39.5970953893367,"CCDC85A"
"ENSG00000071967",2132.79659958752,0.583002445611325,0.260456537196777,2.23838668779837,0.025195849390228,0.482077033078041,1400.34164732703,1180.82921866779,1633.38597730914,2353.47783184795,2036.55748332284,2313.88616552088,2070.80463675695,3223.30481621265,1861.67646585426,3253.70175305571,"CYBRD1"
"ENSG00000090905",566.993946046495,-0.50682718392465,0.226445015819491,-2.23819094489879,0.025208605907535,0.482077033078041,537.700245796843,704.080788248563,524.928489928555,990.652076968702,601.741460589643,446.945888458977,440.87535479016,470.744397608689,506.59281209696,445.677945977854,"TNRC6A"
"ENSG00000162614",315.374769663374,0.781264073370888,0.349081400529264,2.23805700385745,0.025217338033822,0.482077033078041,276.586817082549,92.2319851764723,222.847000441368,288.864728110618,260.249739248152,249.054080393987,453.970662358185,447.734488153274,559.7537862059,302.454409463231,"NEXN"
"ENSG00000184402",111.94216244162,-0.656657246735076,0.293430100458498,-2.23786600525652,0.0252297944881512,0.482077033078041,122.82002017302,103.923363579124,118.85173356873,227.288547823715,85.3729303353726,111.012477694994,76.8258043990775,84.3696680031865,119.872784755454,69.0842940835236,"SS18L1"
"ENSG00000116016",4995.97019796365,0.727177245544973,0.325045187746659,2.23715739521034,0.0252760548184423,0.482270018760465,2729.11887345089,4385.56594303902,5084.21304710676,2144.29992528509,8976.55052994023,4482.00812119877,3963.51309058877,8073.60198016857,4252.87792871522,5867.95254014319,"EPAS1"
"ENSG00000136003",1422.52387672104,0.581543172133382,0.260049674196686,2.23627725714256,0.0253336152493555,0.482677752258077,1100.5447476921,935.310272212113,1276.00541734205,1072.14996264254,1459.6017121854,1113.02075462894,2307.39319348593,2184.02390580976,1091.3635272953,1685.82527391623,"ISCU"
"ENSG00000108021",213.170124604498,-0.600214664861549,0.26849531786297,-2.23547535070193,0.0253861581123656,0.482988859835407,279.488077401597,287.088291887329,234.402030093883,270.754086849764,154.222067702609,187.27322324199,148.413485770945,102.585846322056,276.228590958219,191.245545816584,"FAM208B"
"ENSG00000168795",82.6030590690396,-0.748891287381011,0.335132457570382,-2.23461282386751,0.0254427782095401,0.483376542707458,67.6960741111134,94.8300692659503,77.5837705240318,196.500457680264,49.5713789044099,82.0527009049957,59.365394308378,63.2772510023899,67.754182687865,67.3993113009986,"ZBTB5"
"ENSG00000119285",121.076618247847,-0.632272951514668,0.283037787037933,-2.23388176586447,0.0254908536307559,0.483601016889603,116.050412761909,158.483129458164,131.232122482139,210.083438625904,75.7340511039596,123.561714303994,70.7146608673327,78.6171906393329,115.703296590046,130.586165645685,"HEATR1"
"ENSG00000030066",111.634025056059,-0.636395500865505,0.285096210859582,-2.2322131148174,0.0256008810386248,0.483912614182698,117.98458630794,131.203246518644,144.437870656442,174.767688167239,70.2261201145807,110.047151801994,58.4923738038431,69.9884745935525,109.449064341936,129.743674254422,"NUP160"
"ENSG00000112200",205.606636694083,-0.617838952794618,0.276983882407808,-2.23059532353931,0.0257079468576005,0.483912614182698,187.614833965086,331.255721408457,165.897211439685,355.874100775777,148.71413671323,159.278772344992,130.080055175711,173.533067142918,199.093059898188,204.725408076783,"ZNF451"
"ENSG00000213977",354.302373393378,0.542288644684968,0.24323733120296,2.22946305981493,0.0257831105248119,0.483912614182698,311.401940911122,235.126610097767,368.935589619598,196.500457680264,395.194048487935,349.447973265982,520.320220702843,488.001829700249,337.728541397973,340.366522070043,"TAX1BP3"
"ENSG00000099785",431.035332333148,0.714914993132312,0.320705099805638,2.22919745761943,0.0258007696320577,0.483912614182698,329.776589598424,372.825066840106,271.543196834111,271.659618912807,499.844737286133,283.805812541985,537.780630793542,771.790712983695,272.059102792812,699.267854747861,"MARCH2"
"ENSG00000138131",561.140261601561,0.876539732314207,0.393242715006472,2.22900437532525,0.0258136136695893,0.483912614182698,381.999275341283,366.329856616411,168.373289222367,578.634988284278,473.682065086584,663.178888490966,1082.54542562336,789.048145075256,271.01673075146,836.593951523646,"LOXL4"
"ENSG00000120685",208.936539772578,-0.60943541257777,0.273510055265772,-2.22820112403391,0.0258671061585984,0.483912614182698,296.895639315883,275.396913484678,235.227389354777,245.399189084569,196.908532870295,227.816910747988,121.349850130361,111.214562367837,241.830313593611,137.326096775785,"PROSER1"
"ENSG00000164136",79.7123593423469,1.01442097226146,0.455278470209075,2.22813297495841,0.0258716489516857,0.483912614182698,20.308822233334,33.7750931632152,52.8229926972131,90.5532063042689,88.1268958300621,100.393892871995,150.159526780015,114.090801049764,32.3135332819049,114.578829211698,"IL15"
"ENSG00000112531",1657.77242095017,-0.41120896050408,0.184587280216402,-2.22772100017941,0.0258991257369478,0.483912614182698,2198.18823506515,1992.7304966297,1915.65884453487,1683.38410519636,1488.51834987964,1679.66705381991,1101.75187672313,1301.97737668554,1792.87991112504,1422.96795984233,"QKI"
"ENSG00000128463",627.728374763772,0.471002668302694,0.211469097363702,2.22728840371709,0.0259280050467641,0.483912614182698,624.738055368275,481.944598598186,587.655793756496,344.102183956222,684.360425430326,750.058218860961,812.782089722058,745.904564846354,683.796059126761,561.941757972076,"EMC4"
"ENSG00000176018",293.021455995354,-0.43687565923198,0.196179511500946,-2.22691786664926,0.0259527635246325,0.483912614182698,372.328407611124,340.34901572163,350.777685879931,325.991542695368,261.626721995497,334.968084870983,192.937531502229,223.387870962983,283.525195247681,244.32250346612,"LYSMD3"
"ENSG00000197620",120.404850840308,0.492298687898642,0.221069714614741,2.22689339766224,0.0259543992081655,0.483912614182698,95.7415905285746,115.614741981775,95.7416742636988,80.5923536107993,154.222067702609,130.318995554993,153.651608798155,158.193127505975,114.660924548695,105.31142390781,"CXorf40A"
"ENSG00000182923",328.80984572147,0.450891857087048,0.202506602816902,2.22655385461542,0.0259771059152352,0.483912614182698,327.842416052392,210.444811247725,322.715471009536,215.51663100416,402.078962224658,353.309276837982,424.287965203996,334.602433330819,354.406494059602,342.893996243831,"CEP63"
"ENSG00000196712",426.759207117911,-0.503719066685598,0.22623542033097,-2.22652609369781,0.02597896316674,0.483912614182698,474.83960555081,576.774667864136,384.617415576583,637.494572382053,389.686117498556,331.106781298983,253.175946315142,365.282312604705,458.643698194779,395.970953893367,"NF1"
"ENSG00000183530",257.778048041214,-0.672572807094865,0.302154487783277,-2.22592360626222,0.0260192988685281,0.483987990250432,281.422250947628,562.485205372007,218.720204136898,266.226426534551,234.087067048602,176.654638418991,145.79442425734,203.254200189495,279.355707082274,209.780356424358,"PRR14L"
"ENSG00000162636",181.503283142634,-0.753126634026237,0.338501026059307,-2.22488730032471,0.0260888047791684,0.484172498693499,241.771693253976,380.61931910854,183.229755918458,154.8459827803,206.547412101708,191.13452681399,96.0322554988468,87.2459066851134,121.957528838157,151.648450427247,"FAM102B"
"ENSG00000228300",239.847617398862,0.692626792695772,0.311335834300372,2.22469345442432,0.0261018239904495,0.484172498693499,202.121135560324,210.444811247725,150.2153854827,138.546405645531,225.825170564534,215.267674138989,422.541924194926,432.394548516331,215.771012559816,185.348106077746,"C19orf24"
"ENSG00000140264",8021.56399346072,0.625451219356789,0.281318917710432,2.22328176308634,0.0261968064585319,0.484933192944426,6225.13755790338,5745.6629638808,7439.78837769811,4793.886741748,10305.3388811279,7053.63630015063,13352.8486168624,12810.767089302,6099.96118599056,6388.61221994341,"SERF2"
"ENSG00000101210",24.3025145083658,1.92099391972017,0.864143390175905,2.22300366068776,0.0262155531313587,0.484933192944426,4.83543386507953,11.6913784026514,18.157903739667,1.81106412608538,9.63887923141304,22.2024955389988,36.6668611904688,24.9274019100324,1.04237204135177,112.05135503791,"EEF1A2"
"ENSG00000137812",59.8599446868353,-1.36925087626186,0.616377029532309,-2.22145020118744,0.0263204840730501,0.485190335101314,69.6302476571452,192.258222621379,69.3301779150922,47.9931993412625,9.63887923141304,60.8155312589968,13.9683280725595,12.4637009550162,89.6439955562522,32.8571642592368,"KNL1"
"ENSG00000107438",1095.98346539669,0.510996359789133,0.2300331125737,2.22140349305327,0.0263236446619084,0.485190335101314,975.790553973049,771.630974574993,910.371264766032,833.995030062317,1740.50619264373,1200.86541089194,1486.75391922306,1233.9063945466,947.516185588759,858.49872769647,"PDLIM1"
"ENSG00000099194",254.169123849864,-1.15309229428931,0.519134384774498,-2.22118266119127,0.0263385920831785,0.485190335101314,331.710763144456,175.370676039771,179.928318874882,830.372901810146,170.745860670745,213.337022352989,55.0002917857032,83.4109217758776,336.686169356622,165.128312687447,"SCD"
"ENSG00000238278",17.7886910279312,-1.18628786108904,0.534429712566381,-2.21972662296858,0.0264373304967562,0.485789222412506,28.0455164174613,29.8779670289981,9.07895186983351,40.748942836921,6.8849137367236,4.82662946499975,12.2222870634896,10.5462085003983,14.5932085789248,21.0622847815621,"ALG1L6P"
"ENSG00000037757",92.8146637320512,-0.660522029672217,0.297592733914398,-2.21955025912096,0.0264493119563972,0.485789222412506,102.511197939686,98.7271954001675,77.5837705240318,197.405989743306,67.4721546198913,82.0527009049957,71.5876813718676,92.039637821658,64.6270665638097,74.1392424310985,"MRI1"
"ENSG00000197275",10.7554498276346,-1.31355312212912,0.591932344697507,-2.21909333709477,0.0264803752488484,0.485789222412506,15.4733883682545,19.4856306710857,13.2057481743033,19.0161733238965,4.13094824203416,8.68793303699955,2.61906151360491,1.91749245461788,14.5932085789248,8.42491391262483,"RAD54B"
"ENSG00000143228",30.0911522500549,-1.3866847152341,0.625291951439823,-2.21765962610116,0.0265780490472009,0.486911318877086,45.4530783317476,63.6530601922132,65.2033816106225,17.2051091978111,5.50793098937888,26.0637991109986,11.3492665589546,2.87623868192681,41.6948816540708,21.9047761728246,"NUF2"
"ENSG00000179104",30.5934458290022,-1.20133467006017,0.541998743327896,-2.21648977022331,0.0266579777163181,0.487250626848306,43.5189047857157,27.27988293952,23.9354185659247,90.5532063042689,11.0158619787578,13.5145625019993,16.5873895861645,50.8135500473737,13.550836537573,15.1648450427247,"TMTC2"
"ENSG00000099204",69.4396497151306,1.14628472887876,0.51731516156103,2.21583439661767,0.0267028458125548,0.487250626848306,48.3543386507953,58.4568920132571,33.8397296966522,20.8272374499818,56.4562926411335,34.7517321479982,50.6351892630283,103.544592549365,58.3728343156991,229.157658423395,"ABLIM1"
"ENSG00000108963",185.186078821226,-0.580569206860576,0.262077230728275,-2.21526000273758,0.0267422235007851,0.487250626848306,251.442560984135,198.753432845074,171.674726265943,301.542176993215,196.908532870295,113.908455373994,122.222870634896,203.254200189495,161.567666409524,130.586165645685,"DPH1"
"ENSG00000151789",182.765283088073,1.08360448042852,0.489217764116712,2.21497369864519,0.026761869855996,0.487250626848306,151.832623363497,168.875465816076,88.3134409156532,28.977026017366,264.380687490186,291.528419685985,267.144274387701,362.406073922779,71.9236708532721,132.27114842821,"ZNF385D"
"ENSG00000033178",206.130082059157,-0.639404167343529,0.288776774758869,-2.21418141357607,0.0268163019060765,0.487260243217088,224.36413133969,211.743853292464,231.100593050307,383.040062667057,108.781637040233,203.683763422989,117.857768112221,157.234381278666,231.406593180093,192.088037207846,"UBA6"
"ENSG00000234546",30.2233168905704,0.956440958638987,0.432096017140436,2.21349172567849,0.0268637630673451,0.487458514325418,15.4733883682545,24.6817988500419,15.6818259569851,21.7327695130245,52.3253443990994,27.0291250039986,54.1272712811682,37.3911028650486,12.5084644962212,41.2820781718617,"LINC01759"
"ENSG00000113119",30.3238286619324,-0.702839790862673,0.317668176099231,-2.21249669857746,0.0269323640658903,0.488039320036385,33.8480370555567,37.6722192974323,37.9665260011219,47.9931993412625,28.9166376942391,18.341191966999,30.555717658724,28.7623868192681,19.8050687856836,19.3773019990371,"TMCO6"
"ENSG00000140471",33.2929718327323,-0.786651043206224,0.355707245843589,-2.21151256376747,0.0270003628245485,0.488607651276802,28.0455164174613,44.1674295211276,35.4904482184401,70.6315009173297,22.0317239575155,27.0291250039986,32.3017586677939,30.679879273886,19.8050687856836,22.747267564087,"LINS1"
"ENSG00000272047",717.027147634903,0.523987269950893,0.237059235184433,2.21036429794953,0.0270798895064895,0.489242527530281,708.874604620659,422.18866454019,628.923756801194,510.720083556077,750.455597302872,708.549205461963,1095.64073319139,996.137330173987,597.279179694564,751.502321006135,"GTF2H5"
"ENSG00000131023",230.551432152797,-0.452277206457969,0.204673886444448,-2.2097455338091,0.0271228276909439,0.489242527530281,242.738780026992,250.715114634636,292.17717835646,313.31409381277,196.908532870295,223.955607175988,141.429321734665,192.707991689097,245.999801759018,205.567899468046,"LATS1"
"ENSG00000089154",363.204826948203,-0.6571082444517,0.297412205871847,-2.20941922180169,0.0271454952667322,0.489242527530281,344.282891193662,381.918361153279,308.684363574339,825.845241494932,322.213962878664,281.875160755985,232.223454206302,288.58261441999,365.872586514471,280.549633290407,"GCN1"
"ENSG00000102763",273.198535139868,-0.797311311927234,0.361217537487873,-2.20728848735369,0.0272939110999299,0.490024652228457,244.672953573024,194.856306710857,663.58884575874,363.118357280118,128.059395503059,157.348120558992,288.969787001075,193.666737916405,244.957429717666,252.747417378745,"VWA8"
"ENSG00000148926",2535.71882586563,0.933359713395751,0.422904005033543,2.20702500398813,0.027312312531159,0.490024652228457,1577.31852678894,1478.30984691303,1914.83348527398,1591.019834766,2614.89023720762,1194.10812964094,5699.07785360429,5214.62073033331,1166.41431427263,2906.59529985557,"ADM"
"ENSG00000177034",83.6912254625088,-1.00172878303659,0.454143166821848,-2.20575548906046,0.0274011243829238,0.490024652228457,120.885846626988,157.184087413425,109.772781698896,90.5532063042689,64.7181891252018,80.1220491189958,9.60322554988468,44.1023264562111,91.7287396389557,68.2418026922611,"MTX3"
"ENSG00000171456",525.071307334446,-0.704857477027754,0.319578161277604,-2.20558712212965,0.0274129215733946,0.490024652228457,426.485266900014,578.073709908875,421.758582316811,1307.58829903364,457.158272118447,415.090133989978,351.827263327593,417.054608879388,458.643698194779,417.033238674929,"ASXL1"
"ENSG00000182518",129.016051618931,0.545319196854273,0.247318625242499,2.20492571604577,0.0274593076239658,0.490024652228457,118.951673080956,88.3348590422551,113.899578003366,83.3089497999274,126.682412755714,126.457691982993,208.651900583858,171.6155746883,129.254133127619,123.003743124323,"FAM104B"
"ENSG00000148396",448.357410224974,-0.764243336077206,0.34668572836834,-2.2044268729321,0.0274943375088325,0.490024652228457,352.01958537779,468.954178150796,349.952326619037,1209.79083622503,327.721893868043,337.864062549982,290.715828010145,410.343385288225,359.61835426636,376.59365189433,"SEC16A"
"ENSG00000198892",315.788404460141,0.535138474569917,0.242798002194578,2.20404809649569,0.027520961783454,0.490024652228457,237.903346161913,255.911282813592,247.607778268187,253.548977651953,400.701979477313,230.712888426988,412.065678140506,514.8467240649,297.076031785254,307.509357810806,"SHISA4"
"ENSG00000130749",118.949660158764,-0.627593354511031,0.284749987972677,-2.20401538549407,0.0275232620894418,0.490024652228457,109.280805350797,250.715114634636,127.930685438563,116.813636132507,108.781637040233,85.9140044769955,99.5243375169867,78.6171906393329,99.0253439284181,112.893846429173,"ZC3H4"
"ENSG00000125730",83.5033657140444,1.5685610564782,0.712071020373071,2.20281546587361,0.0276077576470366,0.490024652228457,29.0126031904772,28.578924984259,22.2847000441368,73.3480971064578,60.5872408831677,65.6421607239966,134.445157698386,306.79879273886,3.12711612405531,111.208863646648,"C3"
"ENSG00000120675",375.998191048251,0.436593392011665,0.198276765066749,2.20193925326898,0.0276695997564424,0.490024652228457,309.46776736509,262.406493037287,406.90211562072,260.793234156294,399.324996729969,424.743392919978,426.034006213066,369.117297513941,517.016532510478,384.176074415692,"DNAJC15"
"ENSG00000162545",1147.43743329273,1.05273736958861,0.478151697034946,2.20168071370804,0.0276878700014189,0.490024652228457,823.957930609551,826.190740454033,1046.55554281354,94.1753345564397,1422.4231780071,1305.12060733593,1980.88352478985,1729.57819406532,691.092663416223,1554.39661687928,"CAMK2N1"
"ENSG00000163083",91.3992166539765,2.41207068328059,1.09563016735349,2.20153730259818,0.0276980089361655,0.490024652228457,18.3746486873022,0,1.65071852178791,81.497885673842,190.023619133571,67.5728125099965,143.175362743735,199.419215280259,43.7796257367743,168.498278252497,"INHBB"
"ENSG00000122335",350.859806972873,-0.834490731744722,0.379116152635047,-2.20114792246279,0.027725553635103,0.490024652228457,228.232478431754,368.927940705889,571.148608538617,737.103099316749,249.233877269394,208.510392887989,286.350725487471,493.754307064103,152.186318037358,213.150321989408,"SERAC1"
"ENSG00000127483",916.686296713745,-0.585727933326739,0.266128683814209,-2.20091996447723,0.0277416903125553,0.490024652228457,1030.91450003496,1193.81963911518,1097.72781698896,1262.31169588151,732.554821587391,890.995799238954,425.160985708531,545.526603338786,920.414512513613,1067.43659272957,"HP1BP3"
"ENSG00000124788",574.338906959426,-0.622131182503689,0.282763017101647,-2.2001858265646,0.0277937134782481,0.490024652228457,478.707952642873,1106.78382211767,581.878278930238,741.630759631962,630.658098283882,542.513151865972,412.938698645041,307.757538966169,440.923373491799,499.597395018652,"ATXN1"
"ENSG00000196154",3165.17215758906,1.20115282066811,0.546341490522478,2.19853853588792,0.0279107515500971,0.490024652228457,1867.44455869371,2837.10782571008,2191.32883767345,219.138759256331,6316.21986207023,2561.97492002187,4587.72275133127,3769.79016577874,1168.49905835533,6132.49483699961,"S100A4"
"ENSG00000196704",1156.43498606396,0.399287046217865,0.181622528779506,2.1984444820863,0.027917446765601,0.490024652228457,1063.7954503175,853.470623393553,1001.16078346437,963.486115077421,1389.37559207082,1137.15390195394,1387.22958170607,1615.48739301556,1022.56697256609,1130.62344707425,"AMZ2"
"ENSG00000133106",26.14469993063,-0.987654687679076,0.449456535930972,-2.19744204104924,0.0279888915466836,0.490024652228457,36.7492973746044,24.6817988500419,49.5215556536373,38.0323466477929,16.5237929681366,21.2371696459989,34.9208201813988,12.4637009550162,6.25423224811062,21.0622847815621,"EPSTI1"
"ENSG00000164405",1140.43356137636,0.51008957855948,0.232165386248582,2.19709572904775,0.0280136100848958,0.490024652228457,1044.45371485718,870.358169975161,1108.45748738058,613.045206679901,1156.66550776956,1192.17747785494,1672.707286689,1542.62267974008,1216.44817225752,987.39991055963,"UQCRQ"
"ENSG00000106484",316.76212077486,2.12160055878443,0.965695615726677,2.196966129113,0.0280228653119496,0.490024652228457,146.030102725402,81.8396488185599,139.485715091078,53.4263917195186,139.075257481817,186.30789734899,1169.84747607686,1042.15714908482,11.4660924548695,197.985476946684,"MEST"
"ENSG00000117691",741.595959418432,0.700501623772832,0.318941658629119,2.19633153845045,0.0280682219176863,0.490024652228457,476.773779096841,483.243640642925,558.768219625208,638.400104445096,789.011114228524,562.784995618971,1251.91140350315,1482.22166741962,562.880902329956,609.963767274038,"NENF"
"ENSG00000090686",344.070033406758,-0.430518604421462,0.196114976023506,-2.19523573951772,0.0281466918041352,0.490024652228457,453.56369654446,391.011655466453,356.555200706189,426.505601693107,334.606807604767,268.360598253986,272.382397414911,232.975333236072,388.80477142421,315.934271723431,"USP48"
"ENSG00000178950",270.949615698136,-0.419173297949059,0.190964708959675,-2.19503017197578,0.0281614334856497,0.490024652228457,247.574213892072,393.609739555931,293.002537617354,344.102183956222,235.464049795947,235.539517891988,280.239581955726,208.04793132604,233.491337262796,238.425063727283,"GAK"
"ENSG00000162735",437.875468474212,0.442696651302555,0.201722696714058,2.19458027536722,0.0281937197372391,0.490024652228457,409.077704985728,370.226982750628,411.02891192519,250.832381462825,498.467754538789,442.119258993977,422.541924194926,535.939141065696,455.516582070723,583.004042753638,"PEX19"
"ENSG00000100364",902.970697654297,0.533071919594328,0.242940141356547,2.19425211748755,0.0282172896797046,0.490024652228457,852.970533800029,840.480202946163,542.261034407328,613.045206679901,1310.88757547217,783.844625115959,1072.94220007348,1135.15553313378,695.26215158163,1182.85791333253,"KIAA0930"
"ENSG00000112984",76.7666966565958,-1.50031173725922,0.683747893139356,-2.19424696194777,0.0282176601118284,0.490024652228457,123.787106946036,211.743853292464,130.406763221245,36.2212825217076,17.9007757154814,37.647709826998,20.9524921088393,2.87623868192681,87.5592514735486,98.5714927777105,"KIF20A"
"ENSG00000162624",21.7320216919138,1.66587833796458,0.759732988352586,2.19271555073171,0.0283278796261002,0.491298999445122,18.3746486873022,7.79425226843427,10.7296703916214,0.905532063042689,19.2777584628261,5.7919553579997,19.2064510997694,13.4224471823251,33.3559053232566,88.4615960825607,"LHX8"
"ENSG00000148180",717.96313420866,0.802097224374385,0.36601540747636,2.19143021848388,0.0284206743390927,0.492098493050387,440.991568495253,513.121607671923,505.945226927994,526.114128627802,848.221372364347,473.009687569975,1055.48178998278,811.099308303362,358.575982225009,1647.07066991815,"GSN"
"ENSG00000168461",1490.16682023343,0.423135834301176,0.193218914928975,2.18992966841117,0.0285293379238833,0.492098493050387,1032.84867358099,980.77674377798,1587.99121795997,1345.62064568144,1460.97869493275,1571.55055380392,1530.4049444498,1599.18870715131,1916.9221840459,1875.38583695029,"RAB31"
"ENSG00000127663",391.859007584321,-0.499998790373798,0.228330743063772,-2.18980056590168,0.028538703686548,0.492098493050387,432.28778753811,641.726770101089,357.380559967083,470.876672782198,422.733703434829,285.736464327985,287.223745992006,327.891209739657,286.652311371737,406.080850588517,"KDM4B"
"ENSG00000120860",401.553493373789,0.508633975246442,0.232288586974048,2.18966408066905,0.0285486079097214,0.492098493050387,414.880225623823,311.770090737371,352.428404401719,201.93365005852,516.36853025427,384.19970541398,553.494999875172,447.734488153274,436.753885326391,395.970953893367,"WASHC3"
"ENSG00000196507",454.437004149476,0.597373776541548,0.272832178760068,2.18952829998432,0.0285584639439904,0.492098493050387,464.201651047635,231.22948396355,401.124600794462,292.486856362789,585.217667621506,383.23437952098,724.607018764026,535.939141065696,366.914958555823,559.414283798289,"TCEAL3"
"ENSG00000214900",10.2301696259825,1.50932993012468,0.68959050600333,2.18873362812421,0.0286162062916818,0.492457217176982,4.83543386507953,2.59808408947809,9.07895186983351,2.71659618912807,6.8849137367236,10.6185848229995,22.6985331179092,22.0511632281056,3.12711612405531,17.6923192165121,"LINC01588"
"ENSG00000103168",113.566408818744,-0.923402427857449,0.422077586530875,-2.18775518370223,0.0286874399897898,0.492848119765721,88.0048963444474,103.923363579124,74.282333480456,367.646017595332,82.6189648406832,89.7753080489953,82.0639274262873,95.8746227308938,78.1779031013827,73.296751039836,"TAF1C"
"ENSG00000112592",93.9005147624301,-0.430488603350821,0.19680316016874,-2.18740696532372,0.0287128281516057,0.492848119765721,113.149152442861,101.325279489646,113.074218742472,116.813636132507,71.6031028619254,81.0873750119958,82.9369479308223,75.7409519574061,99.0253439284181,84.2491391262483,"TBP"
"ENSG00000129048",113.01087251787,1.35334602625846,0.618930433161145,2.18658827187789,0.0287725942851526,0.493239190207045,100.577024393654,59.7559340579961,32.1890111748642,41.6544748999637,100.519740556165,36.6823839339981,197.302634024903,257.902735146104,18.7626967443319,284.762090246719,"ACKR4"
"ENSG00000168936",577.260864289068,0.604458733037335,0.276606567756755,2.18526529554024,0.0288694004084619,0.493353275500772,495.148427784144,491.037892911359,394.521726707311,379.417934414887,739.439735324115,579.19553579997,886.988832607531,893.55148385193,342.940401604732,570.366671884701,"TMEM129"
"ENSG00000100526",134.556793569927,-1.03197349885992,0.472315708278059,-2.18492309439004,0.0288944858853334,0.493353275500772,264.981775806358,244.219904410941,202.213018919019,65.1983085390736,60.5872408831677,112.943129480994,75.9527838945425,27.8036405919592,167.821898657635,123.846234515585,"CDKN3"
"ENSG00000177463",80.2110403617256,-1.00552506723536,0.460253845561856,-2.18471844815955,0.0289094966942513,0.493353275500772,82.202375706352,177.968760129249,105.645985394426,93.269802493397,63.3412063778571,94.6019375139951,15.7143690816295,26.8448943646503,88.6016235149004,53.9194490407989,"NR2C2"
"ENSG00000139291",136.836701929507,0.478220147692289,0.218927658106938,2.18437520333176,0.0289346887885026,0.493353275500772,128.622540811115,116.913784026514,100.693829829063,97.7974628086104,118.420516271646,148.660187521992,130.953075680246,174.491813370227,156.355806202765,195.458002772896,"TMEM19"
"ENSG00000166347",535.12383041777,0.78846217938257,0.361021885701697,2.1839733562138,0.0289642059471474,0.493353275500772,397.472663709537,350.741352079542,415.981067490553,325.991542695368,779.372234997111,349.447973265982,968.179739529283,723.853401618248,231.406593180093,808.791735611984,"CYB5A"
"ENSG00000259330",143.650765439679,0.523418222188081,0.239864124085639,2.18214467954868,0.0290988566022828,0.493601921028287,110.247892123813,131.203246518644,108.947422438002,105.947251375995,130.813360997748,154.452142879992,198.175654529438,222.429124735674,116.745668631398,157.545890166084,"INAFM2"
"ENSG00000241973",305.827203520547,-0.502589370497094,0.230354025151624,-2.18181284293287,0.0291233483377822,0.493601921028287,352.986672150805,463.758009971839,297.129333921824,371.268145847502,371.785341783074,250.984732179987,222.620228656418,199.419215280259,237.660825428203,290.659529985557,"PI4KA"
"ENSG00000115896",26.5520642517799,1.17221797930386,0.537279545248913,2.18176550674527,0.0291268435067303,0.493601921028287,26.1113428714294,12.9904204473905,11.5550296525154,9.96085269346958,27.5396549468944,50.1969464359974,6.1111435317448,45.0610726835201,44.8219977781261,31.1721814767119,"PLCL1"
"ENSG00000113141",327.913790848528,0.469803813060872,0.215416430555921,2.1809098398319,0.0291900857775764,0.49370951509842,242.738780026992,216.940021471421,308.684363574339,297.014516678002,283.658445953012,391.92231255798,420.795883185856,335.561179558128,307.499752198772,474.322653280778,"IK"
"ENSG00000127922",1082.4454027011,0.521806148802375,0.239286179531117,2.18067817299293,0.0292072285680928,0.49370951509842,1060.89418999845,766.434806396037,1001.16078346437,603.084353986431,1489.89533262699,981.736433180949,1631.67532297586,1130.36180199724,1194.55835938913,964.652642995543,"SEM1"
"ENSG00000111269",1036.36025002503,0.389162150728649,0.178580526576611,2.17919701654423,0.0293170354800675,0.494283288583339,777.537765504788,915.824641541027,969.797131550397,833.089497999274,1142.89568029612,1106.26347337794,928.893816825209,1290.47242195783,976.702602746608,1422.12546845107,"CREBL2"
"ENSG00000188010",194.582793015735,0.505997215726423,0.232288841775364,2.17831046837691,0.0293829303302969,0.494283288583339,210.824916517467,137.698456742339,155.167541048064,117.71916819555,217.563274080466,199.82245985099,261.033130855956,264.613958737267,209.516780311706,171.868243817547,"MORN2"
"ENSG00000248498",7.53581839272869,2.33296656677653,1.07122717769394,2.17784482634092,0.0294175913165177,0.494283288583339,0,2.59808408947809,1.65071852178791,4.52766031521344,15.1468102207919,2.89597767899985,0,15.339939636943,28.1440451164978,5.0549483475749,"ASNSP1"
"ENSG00000152256",599.537150972982,-0.527131832211944,0.242047653149005,-2.17780187229265,0.0294207904573274,0.494283288583339,782.373199369868,958.693029017416,575.275404843087,622.100527310327,546.662150695854,629.392482235967,331.747791723289,441.023264562111,488.87248739398,619.231172577925,"PDK1"
"ENSG00000140859",551.195181642282,0.328835713034979,0.15099961384456,2.1777255230168,0.0294264775538106,0.494283288583339,469.037084912714,501.430229269272,463.851904622403,476.309865160454,705.015166640497,648.699000095966,612.86039418355,537.856633520314,575.389366826177,521.502171191477,"KIFC3"
"ENSG00000240024",44.8495673218745,0.798148150398181,0.366667091723182,2.17676515949991,0.0294980938056563,0.494862990045331,26.1113428714294,19.4856306710857,47.8708371318494,29.8825580804087,46.8174134097205,62.7461830449967,31.428738163259,70.9472208208614,71.9236708532721,41.2820781718617,"LINC00888"
"ENSG00000116586",471.671280996617,0.59259134240033,0.272349345560792,2.17585006925619,0.0295664733724523,0.495387004231653,454.530783317476,344.246141855847,441.567204578266,205.55577831069,553.547064432577,431.500674170978,739.448367341121,645.236210978915,446.135233698557,454.945351281741,"LAMTOR2"
"ENSG00000003436",81.5536800401135,0.937947083266273,0.431337568978093,2.17450820592423,0.0296669898088395,0.495994535121568,50.2885121968271,55.858807923779,68.5048186541983,36.2212825217076,70.2261201145807,56.954227686997,145.79442425734,138.059456732487,34.3982773646084,159.230872948609,"TFPI"
"ENSG00000176542",300.894183331582,-0.666594268047169,0.306585921260979,-2.17424944141429,0.0296864071286874,0.495994535121568,303.665246726994,636.530601922133,302.906848748082,304.258773182344,318.08301463663,300.216352722984,145.79442425734,195.584230371023,266.847242586053,235.055098162233,"USF3"
"ENSG00000035499",32.383541221835,-1.34710653086552,0.619775090487288,-2.17354093693307,0.0297396282301947,0.495994535121568,46.4201651047635,70.1482704159085,70.1555371759862,17.2051091978111,6.8849137367236,47.3009687569975,8.73020504534971,7.6699698184715,37.5253934886637,11.7948794776748,"DEPDC1B"
"ENSG00000153237",18.2833652076314,1.25301651165466,0.576979799191561,2.1716817701596,0.0298796744950755,0.495994535121568,3.86834709206362,10.3923363579124,14.0311074351972,11.771916819555,13.7698274734472,21.2371696459989,20.0794716043043,30.679879273886,7.29660428946239,49.7069920844865,"CCDC148"
"ENSG00000006459",140.847839089372,-0.859996213970672,0.396027330669654,-2.1715577369786,0.0298890377370112,0.495994535121568,169.240185277783,123.408994250209,131.232122482139,346.81878014535,96.3887923141304,131.284321447993,73.3337223809376,51.7722962746827,181.372735195208,103.626441125285,"KDM7A"
"ENSG00000143028",23.3901515310567,1.39595579437876,0.64288024102444,2.17140877149107,0.0299002864479729,0.495994535121568,28.0455164174613,5.19616817895618,5.77751482625769,8.1497885673842,27.5396549468944,17.3758660739991,10.4762460544197,73.8234595027882,18.7626967443319,38.7546039980742,"SYPL2"
"ENSG00000130816",311.894014787535,-0.578289780150353,0.266378889021114,-2.17092946920623,0.0299365043121085,0.495994535121568,292.060205450803,472.851304285013,388.744211881053,402.961768053997,199.662498364984,381.30372773498,247.064802783397,172.574320915609,328.347193025807,233.370115379708,"DNMT1"
"ENSG00000215041",67.1185521844872,-0.796301271378499,0.366842935297202,-2.17068721994978,0.0299548239098823,0.495994535121568,58.9922931539702,71.4473124606475,51.9976334363192,177.484284356367,49.5713789044099,51.1622723289973,48.0161277494234,47.9373113654469,61.4999504397544,53.0769576495364,"NEURL4"
"ENSG00000110108",212.3922326851,0.621110166085782,0.286192429030992,2.17025365831226,0.0299876351677671,0.495994535121568,153.766796909529,167.576423771337,137.009637308397,184.728540860709,147.337153965885,226.851584854988,307.30321759631,387.333475832811,180.330363153856,231.685132597183,"TMEM109"
"ENSG00000116717",569.115007006527,0.599347618931529,0.276200646634224,2.16997181663102,0.0300089810641052,0.495994535121568,571.5482828524,389.712613421714,518.325615841404,259.887702093252,419.97973794014,732.682352786962,706.273588168792,743.028326164427,527.440252923995,822.271597872184,"GADD45A"
"ENSG00000198887",238.455288703376,-0.485166533724399,0.223725479870114,-2.16857969868281,0.0301146078359529,0.495994535121568,265.948862579374,277.994997574156,283.098226486627,323.27494650624,205.170429354363,221.059629496989,148.413485770945,177.368052052154,296.033659743903,186.190597469009,"SMC5"
"ENSG00000185100",121.042197202256,0.85160623139142,0.392732286740495,2.1684141083978,0.0301271932158684,0.495994535121568,57.0581196079384,74.0453965501256,125.454607655881,69.725968854287,144.583188471196,152.521491093992,175.477121411529,213.800408689893,42.7372536954226,155.018415992297,"ADSSL1"
"ENSG00000198482",37.1906355749135,-0.760283606818523,0.350678509022259,-2.16803592823039,0.0301559530429338,0.495994535121568,38.6834709206362,77.9425226843427,29.7129333921824,51.6153275934333,31.6706031889286,22.2024955389988,23.5715536224442,37.3911028650486,27.101673075146,32.0146728679744,"ZNF808"
"ENSG00000166803",164.681022269183,-1.20316867494311,0.554971857612498,-2.16798141822753,0.0301601003617948,0.495994535121568,250.47547421112,323.461469140022,301.256130226294,122.246828510763,64.7181891252018,225.886258961988,70.7146608673327,11.5049547277073,163.652410492228,112.893846429173,"PCLAF"
"ENSG00000156504",264.10719352754,-0.438814767822584,0.202428784089884,-2.16774886928994,0.0301777990354501,0.495994535121568,264.981775806358,365.030814571672,302.906848748082,321.463882380155,218.94025682781,252.915383965987,176.350141916064,195.584230371023,274.143846875515,268.754753812732,"FAM122B"
"ENSG00000146574",117.476058882459,0.829309508259625,0.382613424387005,2.16748669910964,0.0301977628041324,0.495994535121568,115.083325988893,25.9808408947809,99.0431113072746,79.6868215477566,67.4721546198913,143.833558056993,150.159526780015,159.151873733284,175.118502947097,159.230872948609,"CCZ1B"
"ENSG00000116497",214.556127967124,-0.492439492670792,0.227278786687632,-2.16667600108052,0.0302595677629191,0.496398345945944,247.574213892072,254.612240768853,242.655622702823,293.392388425831,158.353015944643,194.03050449299,129.207034671176,190.790499234479,264.762498503349,170.183261035022,"S100PBP"
"ENSG00000168924",346.9365806964,-0.49058805872597,0.226554518291032,-2.16543047751429,0.030354734152028,0.496470452519671,377.163841476203,568.980415595702,368.935589619598,364.023889343161,282.281463205668,328.210803619983,237.461577233512,237.769064372617,387.762399382858,316.776763114694,"LETM1"
"ENSG00000176386",165.135666451324,0.556904726339724,0.257204426590738,2.16522216869101,0.0303706754216005,0.496470452519671,146.997189498418,96.1291113106894,146.913948439124,124.057892636848,198.28551561764,204.649089315989,278.493540946656,151.481903914812,163.652410492228,140.696062340835,"CDC26"
"ENSG00000123191",13.8597019638973,-1.33099646524616,0.615028904995022,-2.16412018107822,0.0304551270508172,0.496470452519671,17.4075619142863,12.9904204473905,6.60287408715164,49.8042634673479,6.8849137367236,10.6185848229995,3.49208201813988,11.5049547277073,8.33897633081416,10.9523880864123,"ATP7B"
"ENSG00000138778",75.5983175884915,-1.03890297550592,0.480105775725792,-2.16390434781872,0.0304716911934555,0.496470452519671,136.359234995243,118.212826071253,139.485715091078,43.4655390260491,15.1468102207919,75.2954196539961,55.8733122902382,23.9686556827235,91.7287396389557,56.4469232145864,"CENPE"
"ENSG00000128581",469.291030380247,0.446885920861909,0.206627662443051,2.16275940780715,0.0305596891826845,0.496470452519671,351.052498604774,440.375253166537,429.186815664857,321.463882380155,539.77723695913,431.500674170978,606.749250651805,650.988688342769,396.101375713672,525.714628147789,"IFT22"
"ENSG00000163453",327.064175668031,1.13201919555317,0.523484011196808,2.16247138659518,0.0305818602931726,0.496470452519671,102.511197939686,102.624321534385,96.5670335245927,460.915820088729,155.599050449953,241.331473249987,475.796174971559,877.252797987678,407.567468168542,350.476418765193,"IGFBP7"
"ENSG00000108175",717.465557977424,-0.473727726329116,0.219135048782413,-2.16180720045152,0.0306330402506373,0.496470452519671,648.915224693673,1135.36274710193,891.388001765471,773.324381838456,766.979390271009,640.976392951967,484.526380016909,515.805470292209,701.516383829741,615.861207012875,"ZMIZ1"
"ENSG00000152127",291.806971069128,0.474285429624007,0.219530519824453,2.16045327093139,0.0307375973553712,0.496470452519671,249.508387438104,266.303619171504,186.531192962034,244.493657021526,351.130600572904,337.864062549982,222.620228656418,286.665121965372,371.08444672123,401.868393632204,"MGAT5"
"ENSG00000163535",58.9790923302276,-1.18537228530662,0.548840210677134,-2.15977667497096,0.0307899621577356,0.496470452519671,67.6960741111134,155.885045368685,110.59814095979,21.7327695130245,19.2777584628261,51.1622723289973,22.6985331179092,15.339939636943,74.0084149359756,51.3919748670115,"SGO2"
"ENSG00000156531",111.949762663123,-0.601084993289414,0.278422410845377,-2.15889587143625,0.0308582462475507,0.496470452519671,136.359234995243,144.193666966034,155.992900308958,126.774488825976,67.4721546198913,84.9486785839956,62.8574763265179,78.6171906393329,137.593109458434,124.688725906847,"PHF6"
"ENSG00000226237",21.1017276399191,1.24980271727692,0.579073351395759,2.15828049117522,0.0309060305709913,0.496470452519671,23.2100825523817,9.09329431317332,5.77751482625769,8.1497885673842,39.9324996729969,13.5145625019993,39.2859227040737,26.8448943646503,7.29660428946239,37.9121126068117,"GAS1RR"
"ENSG00000114315",18.476411962047,-1.95497740183996,0.905855623895949,-2.15815561582749,0.0309157349001224,0.496470452519671,8.70378095714315,1.29904204473905,9.90431113072746,113.191507880336,5.50793098937888,11.5839107159994,6.1111435317448,1.91749245461788,19.8050687856836,6.73993113009986,"HES1"
"ENSG00000183340",109.657730084072,-0.505486778092917,0.234288437772733,-2.15754043562002,0.0309635800570484,0.496470452519671,117.017499534925,141.595582876556,152.691463265382,121.34129644772,117.043533524301,75.2954196539961,85.5560094444272,70.9472208208614,97.9829718870663,117.106303385485,"JRKL"
"ENSG00000000971",23.526121125991,1.56660111233924,0.726188268093545,2.15729333723888,0.0309828158239838,0.496470452519671,15.4733883682545,0,16.5071852178791,10.8663847565123,15.1468102207919,20.2718437529989,82.9369479308223,36.4323566377396,7.29660428946239,30.3296900854494,"CFH"
"ENSG00000229619",138.073568935006,0.50509178843,0.234139511420425,2.15722577264223,0.0309880772830749,0.496470452519671,115.083325988893,119.511868115992,98.2177520463807,108.663847565123,148.71413671323,155.417468772992,110.000583571406,178.326798279462,213.686268477113,133.113639819472,"MBNL1-AS1"
"ENSG00000101439",896.08021426956,0.869940364604869,0.403379294567983,2.15663118142088,0.0310344129783415,0.496470452519671,691.467042706372,579.372751953614,522.452412145874,602.178821923388,594.856546852919,626.496504556967,1480.64277569131,2271.26981249487,473.236906773703,1118.82856759658,"CST3"
"ENSG00000162402",264.272988733405,-0.484513955229099,0.224694036731934,-2.15632761009647,0.0310580928066235,0.496470452519671,277.553903855565,316.966258916327,278.971430182157,402.056235990954,205.170429354363,236.504843784988,158.889731825365,210.924170007966,279.355707082274,276.337176334094,"USP24"
"ENSG00000173276",157.087249371838,-0.651655007407945,0.302233220709829,-2.15613295546221,0.0310732848376965,0.496470452519671,207.92365619842,172.772591950293,159.294337352533,263.509830345422,103.273706050854,185.34257145599,80.3178864172174,89.1633991397312,176.160874988449,133.113639819472,"ZBTB21"
"ENSG00000136040",18.5463773014491,1.04688641557404,0.485786849450452,2.15503243193662,0.031159296400172,0.496470452519671,8.70378095714315,15.5885045368685,11.5550296525154,9.96085269346958,9.63887923141304,27.0291250039986,40.1589432086087,13.4224471823251,29.1864171578495,20.2197933902996,"PLXNC1"
"ENSG00000171988",188.344227075101,-0.532205828667607,0.247143887915619,-2.15342500741639,0.0312852919832279,0.496470452519671,171.174358823815,268.901703260983,170.024007744155,314.219625875813,198.28551561764,154.452142879992,139.683280725595,133.265725595942,161.567666409524,171.868243817547,"JMJD1C"
"ENSG00000248869",20.9077048612425,1.33157673729816,0.618617044784729,2.15250573601884,0.0313575439989981,0.496470452519671,7.73669418412724,25.9808408947809,8.25359260893955,2.71659618912807,26.1626721995497,15.4452142879992,28.809676649654,60.4010123204631,12.5084644962212,21.0622847815621,"LINC02511"
"ENSG00000088325",240.229898972125,-1.25976875313008,0.585372914952302,-2.15207899264134,0.0313911333911464,0.496470452519671,276.586817082549,680.69803144326,405.251397098932,115.002572006422,64.7181891252018,223.955607175988,71.5876813718676,32.5973717285039,339.813285480677,192.088037207846,"TPX2"
"ENSG00000165949",20.133792702344,0.912278938829459,0.423954511931022,2.15183212622086,0.0314105785798931,0.496470452519671,9.67086773015905,10.3923363579124,12.3803889134093,19.9217053869392,23.4087067048602,16.4105401809991,20.0794716043043,40.2673415469754,26.0593010337942,22.747267564087,"IFI27"
"ENSG00000172667",1652.86613784592,0.537987750498679,0.25005268642745,2.15149758310943,0.0314369463805946,0.496470452519671,1080.23592545877,1726.42687745819,1265.27574695043,1130.10401467728,2300.93817081303,1887.2121208149,1494.61110376387,2062.26313494153,1169.54143039669,2412.05285318449,"ZMAT3"
"ENSG00000112983",267.345628339018,-0.447168815633168,0.207869214567642,-2.1512027000403,0.0314602040244645,0.496470452519671,205.989482652388,355.937520258499,335.095859922946,375.795806162716,246.479911774705,211.406370566989,226.112310674558,231.057840781454,256.423522172535,229.157658423395,"BRD8"
"ENSG00000214253",1134.61704025085,0.397339129714838,0.184723730778859,2.15099125618305,0.0314768898412181,0.496470452519671,834.595885112726,1005.45854262802,1230.61065799289,742.536291695005,1195.22102469522,1155.49509392094,1464.92840660968,1256.91630400202,1214.36342817481,1246.04476767721,"FIS1"
"ENSG00000180304",1265.71158956074,0.472543448910439,0.219687471918586,2.15098041223561,0.0314777457818188,0.496470452519671,1136.32695829369,1082.10202326763,1206.67523942696,682.771175534187,1568.38334922564,1275.19550465293,1526.91286243166,1516.73653160274,1026.73646073149,1635.27579044048,"OAZ2"
"ENSG00000178307",345.990996694268,0.544209789481639,0.253012060783288,2.15092429901107,0.031482175261599,0.496470452519671,308.500680592074,333.853805497935,293.827896878248,150.318322465086,377.293272772453,329.176129512983,461.827846899,489.919322154867,355.448866100953,359.74382406908,"TMEM11"
"ENSG00000104973",123.034437473669,-0.695400909698816,0.32345179043232,-2.14993680748947,0.0315602136545921,0.496470452519671,125.721280492068,250.715114634636,184.055115179352,78.7812894847139,121.174481766335,79.1567232259959,98.6513170124517,83.4109217758776,86.5168794321969,122.16125173306,"MED25"
"ENSG00000174348",205.756750120338,1.18761573550526,0.552415485417971,2.14985960179354,0.0315663219682558,0.496470452519671,52.2226857428589,120.810910160731,60.2512260452587,232.721740201971,238.218015290637,110.047151801994,489.764503044119,489.919322154867,69.8389267705686,193.773019990371,"PODN"
"ENSG00000178882",163.074906921581,1.47316106101253,0.685270862500198,2.14975003553738,0.0315749923057381,0.496470452519671,118.951673080956,10.3923363579124,61.0765853061527,124.963424699891,195.53155012295,476.870991141975,331.747791723289,125.595755777471,14.5932085789248,171.025752426284,"RFLNA"
"ENSG00000184661",83.1794040121755,-1.17851696208534,0.548395854966805,-2.14902602091453,0.0316323373179034,0.496470452519671,76.3998550682565,281.892123708373,128.756044699457,13.5829809456403,61.9642236305124,55.9889017939971,55.8733122902382,57.5247736385363,63.5846945224579,36.2271298242868,"CDCA2"
"ENSG00000257219",15.8644031655152,1.29309840242228,0.602120004463721,2.14757588659421,0.0317474627140984,0.496470452519671,9.67086773015905,6.49521022369523,14.0311074351972,3.62212825217076,13.7698274734472,43.4396651849978,23.5715536224442,9.58746227308938,8.33897633081416,26.117233129137,"LINC02407"
"ENSG00000166603",5.82951199006786,2.16838108447257,1.01016001182562,2.14657188869886,0.0318273798952982,0.496470452519671,0,1.29904204473905,2.47607778268187,3.62212825217076,12.3928447261025,10.6185848229995,17.4604100906994,0.958746227308938,1.04237204135177,8.42491391262483,"MC4R"
"ENSG00000126787",82.173578366808,-1.46734746974609,0.683577887435041,-2.14656953760156,0.0318275672424213,0.496470452519671,125.721280492068,189.660138531901,200.562300397231,17.2051091978111,13.7698274734472,56.954227686997,34.0477996768639,5.75247736385363,93.8134837216593,84.2491391262483,"DLGAP5"
"ENSG00000003137",76.442411691039,2.17613327272547,1.01436915814293,2.14530701693401,0.0319283078401032,0.496470452519671,22.2429957793658,36.3731772526933,28.0622148703945,11.771916819555,20.6547412101708,22.2024955389988,163.25483434804,266.531451191885,2.08474408270354,191.245545816584,"CYP26B1"
"ENSG00000149357",1414.2229046534,0.491435059286648,0.229079976089774,2.14525541548887,0.0319324310937758,0.496470452519671,1112.14978896829,1037.9345937465,1351.1131100834,1047.70059694039,1476.12550515354,1503.97774129392,2242.78967615034,1967.34725843794,1196.64310347183,1206.44767228788,"LAMTOR1"
"ENSG00000054654",21.9084692134088,-1.22501989246048,0.571264382652989,-2.14440096330075,0.0320007731492777,0.496470452519671,28.0455164174613,67.5501863264304,22.2847000441368,16.2995771347684,4.13094824203416,27.0291250039986,6.1111435317448,12.4637009550162,20.8474408270354,14.3223536514622,"SYNE2"
"ENSG00000223749",376.15545815612,-1.99509772275175,0.930843978038822,-2.14332129746941,0.0320873078420155,0.496470452519671,203.08822233334,37.6722192974323,212.94268931064,2279.22420267845,205.170429354363,195.96115627899,194.683572511299,212.841662462584,176.160874988449,43.8095523456491,"MIR503HG"
"ENSG00000130723",790.576236106691,-0.547454319897911,0.255441231799976,-2.14317131200885,0.0320993449552807,0.496470452519671,705.006257528595,1301.64012882852,765.93339410959,1129.19848261423,766.979390271009,693.103991173964,440.87535479016,545.526603338786,802.626471840863,754.872286571185,"PRRC2B"
"ENSG00000100023",127.810295182666,-0.588144219498879,0.274449978530661,-2.14299240483698,0.0321137082475587,0.496470452519671,120.885846626988,161.081213547642,124.629248394987,233.627272265014,92.2578440720962,103.289870550995,93.4131939852419,82.4521755485687,119.872784755454,146.593502079672,"PPIL2"
"ENSG00000180332",15.6198331134229,1.75519523410403,0.81920882954899,2.1425492143076,0.0321493128557145,0.496470452519671,4.83543386507953,3.89712613421714,12.3803889134093,4.52766031521344,6.8849137367236,34.7517321479982,15.7143690816295,11.5049547277073,1.04237204135177,60.6593801708988,"KCTD4"
"ENSG00000169071",22.9977425263065,-1.45026167161063,0.676961019048608,-2.14231193643736,0.0321683889543916,0.496470452519671,50.2885121968271,10.3923363579124,7.4282333480456,80.5923536107993,2.75396549468944,12.5492366089993,21.8255126133743,11.5049547277073,20.8474408270354,11.7948794776748,"ROR2"
"ENSG00000121904",50.4775154316113,-1.33844043631288,0.624809947633741,-2.14215609303561,0.0321809233564933,0.496470452519671,35.7822106015885,19.4856306710857,60.2512260452587,201.028117995477,19.2777584628261,41.5090133989979,10.4762460544197,22.0511632281056,68.7965547292168,26.117233129137,"CSMD2"
"ENSG00000130338",323.860766163029,-0.736234375000373,0.343801988672124,-2.14144885503412,0.0322378587426267,0.496470452519671,231.133738750801,804.107025693469,311.160441357021,358.590696964905,265.757670237531,321.453522368983,176.350141916064,277.077659692283,294.991287702551,197.985476946684,"TULP4"
"ENSG00000212724",120.253455705974,1.10469334096766,0.515876347289462,2.14139172453242,0.0322424617339213,0.496470452519671,111.214978896829,37.6722192974323,107.296703916214,28.0714939543234,61.9642236305124,307.938959866984,161.50879333897,60.4010123204631,204.304920104947,122.16125173306,"KRTAP2-3"
"ENSG00000065243",217.234931085681,-0.575094985591312,0.268620885979634,-2.1409168668847,0.0322807427033946,0.496470452519671,261.113428714294,252.014156679375,250.083856050868,318.747286191027,199.662498364984,142.868232163993,107.381522057801,152.440650142121,242.872685634962,245.164994857383,"PKN2"
"ENSG00000137573",3895.25780175347,1.01471501462494,0.474178131229884,2.1399447755911,0.0323592299746183,0.496470452519671,2166.27437155563,1534.16865483681,964.844975985034,4998.53698799564,2877.89394195046,2640.16631735486,3219.69962072497,6810.9331988027,3773.38678969341,9966.67315863517,"SULF1"
"ENSG00000189067",1135.64587182518,0.624447956210924,0.291810966264801,2.1399057211725,0.0323623866665921,0.496470452519671,1288.15958165719,724.865460964388,964.01961672414,450.954967395259,1536.71274603671,985.597736752949,1177.70466061768,1096.80568404143,1441.6005331895,1690.03773087254,"LITAF"
"ENSG00000175283",38.3716661848659,0.818246471506069,0.382448833797969,2.13949265678324,0.0323957900050946,0.496470452519671,29.0126031904772,15.5885045368685,20.6339815223489,39.8434107738783,30.2936204415838,39.5783616129979,75.9527838945425,54.6485349566095,38.5677655300155,39.5970953893367,"DOLK"
"ENSG00000138829",203.578963789733,-1.13748464388361,0.531677695021795,-2.13942517155431,0.0324012501491245,0.496470452519671,151.832623363497,493.635977000837,204.689096701701,359.496229027948,341.491721341491,155.417468772992,110.873604075941,111.214562367837,27.101673075146,80.0366821699359,"FBN2"
"ENSG00000138398",232.340814114943,0.602929061265784,0.281953427678131,2.13839947338419,0.032484335187642,0.496470452519671,197.285701695245,120.810910160731,193.959426310079,196.500457680264,174.876808912779,188.23854913499,385.002042499922,286.665121965372,243.915057676314,336.154065113731,"PPIG"
"ENSG00000100099",245.400320254297,-0.473552784533694,0.221473111158538,-2.13819538659349,0.0325008886626817,0.496470452519671,226.298304885722,297.480628245242,257.512089398914,397.52857567574,269.888618479565,218.163651817989,215.636064620138,185.996768097934,178.245619071153,207.252882250571,"HPS4"
"ENSG00000086758",677.211405126339,-0.54398055636864,0.25443252458336,-2.13801500912441,0.0325155250899434,0.496470452519671,592.82419185875,1221.0995220547,623.97160123583,901.004402727476,626.527150041847,525.137285791973,453.09764185365,472.661890063306,673.372338713243,682.418026922611,"HUWE1"
"ENSG00000152223",505.400996192839,-0.641606751365796,0.300096104725156,-2.13800426351223,0.0325163972027894,0.496470452519671,433.254874311126,558.58807923779,520.801693624086,1064.00017407516,348.376635078214,399.644919701979,279.366561451191,376.787267332413,504.508068014256,568.681689102176,"EPG5"
"ENSG00000011304",894.28218830033,-0.424727877355183,0.19867997461654,-2.13774880017438,0.032537136483728,0.496470452519671,844.266752842885,1306.83629700748,937.608120375533,1136.44273911857,667.836632462189,867.827977806955,665.241624455648,722.894655390939,818.262052461139,975.605031081955,"PTBP1"
"ENSG00000184481",198.764416139646,0.447699689929741,0.209505456006065,2.13693570785469,0.0326032211966217,0.496470452519671,143.128842406354,177.968760129249,155.167541048064,176.578752293324,257.495773753463,225.886258961988,233.969495215372,233.934079463381,145.932085789248,237.58257233602,"FOXO4"
"ENSG00000176953",228.015860061685,-0.770335226255464,0.360509939433803,-2.13679330857094,0.0326148066310488,0.496470452519671,195.351528149213,220.837147605638,194.784785570973,602.178821923388,133.567326492438,184.37724556299,122.222870634896,191.749245461788,230.364221138741,204.725408076783,"NFATC2IP"
"ENSG00000109016",80.0465159131954,0.624552717440128,0.292331575537203,2.13645315697567,0.0326424952270525,0.496470452519671,56.0910328349225,55.858807923779,61.0765853061527,68.8204367912444,70.2261201145807,67.5728125099965,138.81026022106,124.637009550162,78.1779031013827,79.1941907786734,"DHRS7B"
"ENSG00000187605",137.259332349608,-0.810445954896633,0.379363005633365,-2.13633365104632,0.0326522278774086,0.496470452519671,98.6428508476224,318.265300961066,188.181911483822,134.924277393361,121.174481766335,155.417468772992,68.0955993537277,70.9472208208614,142.804969665192,74.1392424310985,"TET3"
"ENSG00000100211",278.059800224006,0.587944199366766,0.275261379321471,2.13594875102373,0.0326835913108099,0.496470452519671,200.186962014292,246.817988500419,269.892478312323,137.640873582489,366.277410793695,277.048531290986,410.319637131436,399.797176787827,206.38966418765,266.227279638945,"CBY1"
"ENSG00000105976",140.992712464583,0.872271564389619,0.408570674882239,2.1349343406524,0.0327663737796416,0.497161691807827,127.6554540381,93.5310272212113,69.3301779150922,86.0255459890555,141.829222976506,238.435495570988,41.0319637131436,178.326798279462,236.618453386852,197.142985555421,"MET"
"ENSG00000178295",73.2683853245106,-0.833466543292084,0.390570533069615,-2.13397190192924,0.0328450809389572,0.497789596003264,73.4985947492088,118.212826071253,85.8373631329713,120.435764384678,41.3094824203416,94.6019375139951,23.5715536224442,38.3498490923575,85.4745073908451,51.3919748670115,"GEN1"
"ENSG00000110274",217.611311173561,-0.657659697873119,0.308732421225871,-2.13019317913479,0.0331556679601307,0.500070554933399,186.64774719207,244.219904410941,195.610144831867,488.081781980009,227.202153311879,171.828008953991,175.477121411529,185.996768097934,177.203247029801,123.846234515585,"CEP164"
"ENSG00000224189",184.341994277526,-0.919753441591422,0.431852544695452,-2.12978585604965,0.033189296923167,0.500070554933399,282.389337720644,153.286961279207,276.495352399475,316.030690001898,82.6189648406832,264.499294681986,203.413777556648,56.5660274112273,140.720225582489,67.3993113009986,"HAGLR"
"ENSG00000104093",49.6602296030311,-0.799447528534226,0.375409279832596,-2.1295358731961,0.0332099501854578,0.500070554933399,75.4327682952406,70.1482704159085,33.0143704357582,88.7421421781835,24.785689452205,41.5090133989979,21.8255126133743,37.3911028650486,48.9914859435332,54.7619404320614,"DMXL2"
"ENSG00000135926",843.26335515504,0.390517323925728,0.183384937122903,2.12949509404912,0.0332133203494228,0.500070554933399,675.026567565102,623.540181474742,828.660697937531,714.464797740682,941.856199183788,1101.43684391294,828.496458803688,1104.4756538599,731.745173028942,882.930978043082,"TMBIM1"
"ENSG00000228288",77.5601199052508,0.953208970290492,0.447749580092887,2.1288885856526,0.0332634793679137,0.500070554933399,53.1897725158748,57.157849968518,47.0454778709554,41.6544748999637,89.5038785774068,43.4396651849978,170.238998384319,144.77068032365,29.1864171578495,99.413984168973,"PCAT6"
"ENSG00000111186",662.032422369461,0.730350972985632,0.343086474695008,2.12876643894193,0.0332735888947436,0.500070554933399,719.512559123834,341.648057766369,649.557738323543,186.539604986794,769.733355765698,992.355018003949,781.353351558799,659.617404388549,598.321551735916,921.685582041157,"WNT5B"
"ENSG00000167283",1238.84643239697,0.471730971386848,0.22163391086655,2.12842416371422,0.0333019314631647,0.500070554933399,972.889293654001,953.49686083846,1230.61065799289,864.783120205768,1352.19705789251,1182.52421892494,1778.34276773774,1823.5353243416,1041.32966931042,1188.75535307136,"ATP5L"
"ENSG00000081189",37.8616601417875,-0.999827821790628,0.469758175966002,-2.12838833456087,0.0333048995392739,0.500070554933399,28.0455164174613,98.7271954001675,62.7273038279406,27.1659618912807,30.2936204415838,19.306517859999,13.9683280725595,19.1749245461788,39.6101375713672,39.5970953893367,"MEF2C"
"ENSG00000183087",10820.0413345839,0.78347353864221,0.368165212382928,2.12804880062194,0.0333330376648266,0.500070554933399,9566.42235867334,4894.79042457672,5775.8641077359,9969.90801410001,15239.068064864,8658.00793431655,20221.7739465435,19476.9296077811,6877.57072883898,7520.07815840892,"GAS6"
"ENSG00000214176",70.0469010069599,-0.907880990094372,0.427005506435915,-2.12615757036057,0.0334901416669575,0.501862943159789,43.5189047857157,68.8492283711694,66.8541001324104,209.177906562861,78.488016598649,45.3703169709976,37.5398816950038,51.7722962746827,50.0338579848849,48.864500693224,"PLEKHM1P1"
"ENSG00000141384",42.5096390277314,-0.715724027137639,0.336839501409758,-2.12482213084319,0.0336014574549935,0.502600140017105,73.4985947492088,40.2703033869104,70.9808964368801,37.1268145847502,27.5396549468944,30.8904285759984,29.682697154189,27.8036405919592,51.0762300262367,36.2271298242868,"TAF4B"
"ENSG00000168172",620.312785405952,-0.552610345905262,0.260151024625925,-2.12419054162815,0.0336542138145828,0.502600140017105,681.796174976213,1144.4560414151,534.007441798389,708.126073299383,433.749565413587,528.998589363973,378.017878463643,511.011739155664,689.00791933352,593.956430840051,"HOOK3"
"ENSG00000118193",50.5005209967032,-1.55877807067965,0.734080473797816,-2.12344303699457,0.0337167440593406,0.502600140017105,69.6302476571452,142.894624921295,90.7895186983351,31.6936222064941,4.13094824203416,41.5090133989979,10.4762460544197,1.91749245461788,69.8389267705686,42.1245695631242,"KIF14"
"ENSG00000072364",962.273521709997,-0.575292194790861,0.270936544060904,-2.12334661898374,0.0337248168470963,0.502600140017105,1077.33466513972,1301.64012882852,1003.63686124705,1412.63001834659,802.780941701972,753.919522432961,429.526088231206,674.957344025492,1139.31264119748,1026.99700594897,"AFF4"
"ENSG00000099331",999.838727753578,-0.528314961215493,0.248816514191442,-2.12331148088106,0.0337277592648504,0.502600140017105,1077.33466513972,1526.37440256838,1042.42874650907,1254.16190731412,1195.22102469522,834.041571551957,818.020212749268,549.361588248021,1039.24492522771,662.198233532312,"MYO9B"
"ENSG00000143786",36.2294203850857,0.621866859841215,0.29300114356839,2.12240420725888,0.0338038091978292,0.502675566777118,25.1442560984135,33.7750931632152,30.5382926530763,20.8272374499818,35.8015514309627,38.613035719998,44.5240457312835,41.2260877742843,39.6101375713672,52.234466258274,"CNIH3"
"ENSG00000117533",330.404469039931,0.464108076410752,0.218676311424511,2.12235186055333,0.0338082014995182,0.502675566777118,336.546197009535,227.332357829333,293.002537617354,219.138759256331,396.571031235279,329.176129512983,351.827263327593,394.044699423973,280.398079123626,476.007636063303,"VAMP4"
"ENSG00000127993",57.7730441543392,-0.676964660708186,0.319188849871485,-2.1208906920801,0.0339310021432128,0.502942009515426,59.9593799269861,64.9521022369523,59.4258667843648,114.097039943379,31.6706031889286,54.0582500079972,41.9049842176786,34.5148641831218,57.3304622743473,59.8168887796363,"RBM48"
"ENSG00000141380",491.70600755643,-0.49932420675518,0.235504501669762,-2.12023211112695,0.0339864756654931,0.502942009515426,546.404026753987,504.02831335875,531.531364015707,803.206939918865,424.110686182174,400.610245594979,311.668320118985,342.272403149291,479.491139021814,573.736637449751,"SS18"
"ENSG00000164366",134.346077058952,0.425403517648485,0.200648691504761,2.12014100096133,0.033994156149123,0.502942009515426,102.511197939686,115.614741981775,102.34454835085,125.868956762934,137.698274734472,135.145625019993,163.25483434804,182.161783188698,122.999900879509,155.860907383559,"CCDC127"
"ENSG00000115232",220.939546715415,-1.02395778741697,0.483137817230647,-2.11939068087509,0.0340574637257714,0.502942009515426,416.814399169855,137.698456742339,114.72493726426,601.273289860345,282.281463205668,136.110950912993,71.5876813718676,103.544592549365,149.059201913303,196.300494164159,"ITGA4"
"ENSG00000180448",69.2262687948864,0.876223353695622,0.413565617107354,2.11870454759823,0.0341154437887736,0.502942009515426,43.5189047857157,67.5501863264304,37.9665260011219,36.2212825217076,92.2578440720962,68.5381384029965,160.635772834435,73.8234595027882,29.1864171578495,82.5641563437233,"ARHGAP45"
"ENSG00000100426",228.866733922194,-0.517988846513502,0.244499493104827,-2.11856818161754,0.0341269771168002,0.502942009515426,256.277994849215,322.162427095283,261.638885703384,277.092811291063,242.348963532671,249.054080393987,159.7627523299,124.637009550162,231.406593180093,164.285821296184,"ZBED4"
"ENSG00000112146",833.505448968956,0.382394731047285,0.180597920486143,2.11738169530377,0.0342274664387597,0.502942009515426,881.01605021749,570.279457640441,751.902286674393,616.667334932071,828.943613901521,863.001348341955,1026.67211333313,1016.27100094747,826.601028791953,953.700254909131,"FBXO9"
"ENSG00000153922",105.393715032385,-0.566863004198518,0.267730561228341,-2.11728911932118,0.0342353177752889,0.502942009515426,83.1694624793679,140.296540831817,127.930685438563,172.956624041154,61.9642236305124,88.8099821559954,78.5718454081474,88.2046529124223,108.406692300584,103.626441125285,"CHD1"
"ENSG00000183486",14.233626727008,-1.37599462606863,0.649886923968358,-2.11728313852893,0.0342358250571017,0.502942009515426,17.4075619142863,7.79425226843427,22.2847000441368,42.5600069630064,12.3928447261025,2.89597767899985,14.8413485770945,5.75247736385363,2.08474408270354,14.3223536514622,"MX2"
"ENSG00000124193",877.208938717164,-0.786472904879493,0.371455723003811,-2.11727227815905,0.0342367462337812,0.502942009515426,765.932724228597,665.109526906391,675.969234672149,2584.38850792383,638.91999476795,669.936169741965,645.162152851344,734.399610118646,771.35531060031,620.91615536045,"SRSF6"
"ENSG00000223496",99.4940388885562,-0.673439236734198,0.318090961153617,-2.11712786270897,0.0342489975673887,0.502942009515426,102.511197939686,215.640979426682,98.2177520463807,97.7974628086104,71.6031028619254,92.6712857279952,62.8574763265179,59.4422660931542,81.305019225438,112.893846429173,"EXOSC6"
"ENSG00000189129",328.149945917809,0.945715885925675,0.446886626449166,2.11623223867777,0.0343250605915604,0.502942009515426,206.956569425404,239.023736231984,198.086222614549,200.122585932434,196.908532870295,245.192776821987,563.098225425056,988.467360355515,217.85575664252,225.787692858345,"PLAC9"
"ENSG00000126790",117.526505210259,-0.605240936448631,0.286039583082551,-2.11593420017662,0.0343504042171175,0.502942009515426,167.306011731752,141.595582876556,82.5359260893955,201.028117995477,81.2419820933385,71.4341160819963,114.365686094081,100.668353867438,97.9829718870663,117.106303385485,"L3HYPDH"
"ENSG00000132879",158.930447194276,0.671164853233961,0.317211821214313,2.11582547795567,0.0343596533619825,0.502942009515426,117.017499534925,93.5310272212113,103.169907611744,154.8459827803,231.333101553913,112.943129480994,271.509376910376,212.841662462584,104.237204135177,187.875580251534,"FBXO44"
"ENSG00000082269",68.4007405665313,-0.565893540768736,0.267525403441302,-2.11528899121126,0.0344053241707905,0.502942009515426,79.3011153873043,98.7271954001675,94.9163150028048,66.1038406021163,79.8649993459938,70.4687901889964,51.5082097675633,45.0610726835201,50.0338579848849,48.0220093019615,"FAM135A"
"ENSG00000205670",233.32837267276,0.548522106331753,0.259347849908365,2.11500541271332,0.0344294859929208,0.502942009515426,221.462871020642,109.11953175808,192.308707788292,206.461310373733,280.904480458323,212.371696459989,338.731955759569,315.427508784641,197.008315815484,259.487348508845,"SMIM11A"
"ENSG00000134574",166.693095240429,0.679313997249426,0.321478247225572,2.11309475248187,0.0345926587389826,0.503532988098536,95.7415905285746,158.483129458164,100.693829829063,135.829809456403,224.448187817189,201.75311163699,213.017003106533,189.83175300717,79.2202751427345,267.91226242147,"DDB2"
"ENSG00000102898",1540.58252003193,0.348273048969888,0.164857161341502,2.11257458357201,0.0346371960418489,0.503532988098536,1444.82763888576,1250.9774890837,1554.97684752421,1043.17293662518,1750.14507187514,1738.55193329291,1741.67590654727,1782.30923656732,1667.79526616283,1431.39287375496,"NUTF2"
"ENSG00000138449",46.956648435531,1.46942024191493,0.69564290200128,2.11231975153859,0.0346590328452233,0.503532988098536,15.4733883682545,29.8779670289981,29.7129333921824,16.2995771347684,28.9166376942391,14.4798883949993,52.3812302720983,151.481903914812,6.25423224811062,124.688725906847,"SLC40A1"
"ENSG00000182504",42.4871422535283,-0.753511112367801,0.356802859264692,-2.11184157526275,0.0347000399672007,0.503532988098536,40.617644466668,83.1386908632989,60.2512260452587,41.6544748999637,26.1626721995497,37.647709826998,20.0794716043043,26.8448943646503,39.6101375713672,48.864500693224,"CEP97"
"ENSG00000051596",72.0488376006657,-1.01746269496496,0.481847333207911,-2.11158727016538,0.0347218653681375,0.503532988098536,95.7415905285746,188.361096487162,109.772781698896,20.8272374499818,31.6706031889286,73.3647678679962,35.7938406859338,41.2260877742843,52.1186020675885,71.6117682573111,"THOC3"
"ENSG00000165886",303.441595518787,0.486348060011211,0.230341900981155,2.11141810473727,0.0347363902613774,0.503532988098536,307.533593819058,279.294039618895,233.576670832989,158.468111032471,414.471806950761,304.077656294984,391.986206536202,345.148641831218,285.609939330385,314.249288940906,"UBTD1"
"ENSG00000163382",442.787857968822,0.525506013478498,0.249134733606961,2.10932456454484,0.034916575869704,0.503532988098536,368.46006051906,265.004577126765,433.313611969326,334.141331262752,417.22577244545,408.332852738979,637.304968310529,720.018416709012,438.838629409095,405.238359197254,"NAXE"
"ENSG00000185010",117.375487198416,0.662414718601938,0.314080738872602,2.10905871203592,0.0349395141157686,0.503532988098536,96.7086773015905,102.624321534385,78.4091297849257,70.6315009173297,147.337153965885,112.943129480994,90.794132471637,224.346617190291,86.5168794321969,163.443329904922,"F8"
"ENSG00000121957",154.971941995579,-0.912938369175609,0.432875907800239,-2.10900711433658,0.0349439675512575,0.503532988098536,188.581920738102,359.834646392716,236.878107876565,76.9702253586286,184.515688144192,150.590839307992,75.9527838945425,49.8548038200648,131.338877210323,95.2015272126606,"GPSM2"
"ENSG00000136603",608.473569046885,-0.623472294589851,0.295631553247396,-2.1089504409839,0.0349488596286377,0.503532988098536,396.505576936521,835.284034767206,718.887916238635,1132.8206108664,337.360773099456,642.907044737967,434.764211258416,534.980394838387,592.067319487805,459.157808238053,"SKIL"
"ENSG00000171867",640.369736747847,0.66942007447902,0.317439322131366,2.10881270154047,0.0349607518166937,0.503532988098536,522.226857428589,268.901703260983,477.8830120576,622.100527310327,382.801203761832,698.895946531964,751.67065440461,1023.94097076595,613.957132356192,1041.31935960043,"PRNP"
"ENSG00000116580",179.480451456535,-0.84190626365612,0.399613588846963,-2.10680088754073,0.0351348425410875,0.504644039162762,127.6554540381,181.865886263466,122.153170612305,545.130301951699,136.321291987127,161.209424130992,123.968911643966,124.637009550162,148.016829871951,123.846234515585,"GON4L"
"ENSG00000111907",155.33109889737,1.17782758106512,0.559246957412699,2.10609564424673,0.0351960451251154,0.504644039162762,104.445371485718,29.8779670289981,40.4426037838038,178.38981641941,117.043533524301,111.977803587994,173.731080402459,474.579382517924,251.211661965776,71.6117682573111,"TPD52L1"
"ENSG00000100068",12.6117951908898,-1.24662632442265,0.591952771820302,-2.10595571769885,0.0352081990747842,0.504644039162762,13.5392148222227,12.9904204473905,9.07895186983351,41.6544748999637,5.50793098937888,3.8613035719998,7.85718454081474,13.4224471823251,11.4660924548695,6.73993113009986,"LRP5L"
"ENSG00000132003",100.595141229096,-0.986785709155868,0.468617426929402,-2.1057383965034,0.0352270825868285,0.504644039162762,79.3011153873043,101.325279489646,53.6483519581071,337.763459514923,95.0118095667857,66.6074866169966,78.5718454081474,85.3284142304955,68.7965547292168,39.5970953893367,"ZSWIM4"
"ENSG00000227533",14.7226128596178,0.953223503991948,0.452789913599981,2.10522247815369,0.0352719464779884,0.504744581734905,10.637954503175,7.79425226843427,7.4282333480456,11.771916819555,20.6547412101708,10.6185848229995,22.6985331179092,22.0511632281056,12.5084644962212,21.0622847815621,"SLC2A1-AS1"
"ENSG00000214367",71.53263623687,-0.580372209713749,0.276056295399356,-2.10236904351033,0.0355209607453996,0.505413651405145,85.1036360253997,97.4281533554284,99.0431113072746,76.0646932955859,38.5555169256522,81.0873750119958,51.5082097675633,56.5660274112273,80.2626471840863,49.7069920844865,"HAUS3"
"ENSG00000105755",313.95800563611,0.615920909497066,0.292969141633106,2.10234056072841,0.0355234539292588,0.505413651405145,280.455164174613,288.387333932068,259.162807920702,124.057892636848,468.174134097205,355.239928623982,423.414944699461,408.425892833608,223.067616849279,309.194340593331,"ETHE1"
"ENSG00000118495",698.995984750873,-0.562367041210283,0.267543675800659,-2.10196350008023,0.0355564732587837,0.505413651405145,643.112704055577,656.016232593218,705.682168064332,1461.5287497509,733.931804334736,558.923692046971,537.780630793542,519.640455201444,596.236807653212,577.106603014801,"PLAGL1"
"ENSG00000145386",244.728076067367,-1.1904992759443,0.566433635343024,-2.10174537962131,0.0355755860935182,0.505413651405145,221.462871020642,666.408568951131,459.725108317933,129.491085015105,79.8649993459938,246.158102714987,59.365394308378,53.6897887293005,375.253934886637,155.860907383559,"CCNA2"
"ENSG00000130856",101.566103498433,-0.64349896012511,0.306209987816248,-2.10149565895696,0.0355974786611841,0.505413651405145,103.478284712702,126.007078339687,95.7416742636988,191.97279736505,114.289568029612,98.4632410859949,51.5082097675633,63.2772510023899,91.7287396389557,79.1941907786734,"ZNF236"
"ENSG00000158113",10.5622686826772,1.66956124441257,0.794568453970654,2.10121763086537,0.0356218664107998,0.505413651405145,2.90126031904772,7.79425226843427,2.47607778268187,5.43319237825613,17.9007757154814,0.96532589299995,20.9524921088393,23.0099094554145,3.12711612405531,21.0622847815621,"LRRC43"
"ENSG00000143222",775.130574149781,0.424509488446711,0.202086844845355,2.1006290081453,0.0356735455774759,0.505551605460021,689.532869160341,519.616817895618,747.775490369923,613.950738742943,1014.83628479306,690.208013494964,1048.4976259465,952.993749945084,740.084149359756,733.810001789623,"UFC1"
"ENSG00000135314",25.3476412124133,0.90983235663458,0.433289409623778,2.0998259741095,0.0357441524921038,0.505551605460021,17.4075619142863,5.19616817895618,24.7607778268187,18.1106412608538,33.0475859362733,39.5783616129979,23.5715536224442,21.0924170007966,26.0593010337942,44.6520437369116,"KHDC1"
"ENSG00000151729",205.929940663425,0.564987450536914,0.269065621861889,2.09981285095917,0.0357453073366424,0.505551605460021,199.219875241277,181.865886263466,168.373289222367,91.4587383673116,150.091119460574,245.192776821987,258.414069342351,268.448943646503,224.10998889063,272.124719377782,"SLC25A4"
"ENSG00000124789",206.123013080368,-0.558537437280897,0.266105250860111,-2.09893429564272,0.0358226931078663,0.506109383452979,202.121135560324,233.827568053028,268.241759790535,316.936222064941,130.813360997748,199.82245985099,112.619645085011,156.275635051357,250.169289924425,190.403054425321,"NUP153"
"ENSG00000129003",131.083018655362,-0.636991857798163,0.303642985819363,-2.09783162314544,0.0359200219483219,0.506947442036792,144.09592917937,177.968760129249,104.820626133532,240.871528769355,88.1268958300621,110.047151801994,66.3495583446578,103.544592549365,129.254133127619,145.75101068841,"VPS13C"
"ENSG00000204941",605.956546073576,0.995403486709911,0.474650415446206,2.0971297070796,0.0359820948780333,0.507286680114514,249.508387438104,283.191165753112,600.036182669905,385.756658856186,260.249739248152,419.916763454978,802.305843667639,954.911242399702,368.999702638526,1734.68977460945,"PSG5"
"ENSG00000189221",49.0841822372366,2.23952413565486,1.06916397964631,2.09464981825866,0.0362021331678833,0.507978522082872,19.3417354603181,7.79425226843427,28.0622148703945,5.43319237825613,12.3928447261025,27.9944508969985,75.0797633900075,71.9059670481704,1.04237204135177,241.795029292333,"MAOA"
"ENSG00000134056",196.41428778871,0.467466873113355,0.223198152660431,2.09440296678687,0.0362240987126443,0.507978522082872,166.338924958736,140.296540831817,204.689096701701,126.774488825976,206.547412101708,205.614415208989,219.128146638278,274.201421010356,251.211661965776,169.340769643759,"MRPS36"
"ENSG00000112695",1196.36342004752,0.516065211313946,0.246467828981564,2.09384410714531,0.0362738696064063,0.507978522082872,1010.60567780162,833.984992722467,1361.84278047503,596.745629545132,1258.56223107307,1433.50895110493,1535.64306747701,1475.51044382846,1461.40560197518,995.824824472255,"COX7A2"
"ENSG00000169710",270.552615603593,-0.592439504949577,0.282986125567161,-2.09352845042212,0.0363020070963417,0.507978522082872,311.401940911122,379.320277063801,219.545563397792,446.427307080046,209.301377596397,208.510392887989,178.969203429669,149.564411460194,316.881100570938,285.604581637982,"FASN"
"ENSG00000172264",14.9749666775065,1.26387757899952,0.603823781259698,2.09312322274358,0.0363381561662578,0.507978522082872,11.6050412761909,2.59808408947809,9.07895186983351,9.05532063042689,9.63887923141304,12.5492366089993,11.3492665589546,19.1749245461788,16.6779526616283,48.0220093019615,"MACROD2"
"ENSG00000197386",246.466943917451,-0.528473246511125,0.252486653568774,-2.09307398645202,0.0363425504684624,0.507978522082872,231.133738750801,350.741352079542,246.782419007293,379.417934414887,251.987842764084,159.278772344992,153.651608798155,188.873006779861,240.787941552259,262.014822682632,"HTT"
"ENSG00000160298",48.4655701528086,-0.809475983257825,0.386855062129796,-2.09245286542543,0.0363980239599613,0.507978522082872,36.7492973746044,76.6434806396037,80.8852075676076,67.009372665159,28.9166376942391,71.4341160819963,34.0477996768639,24.9274019100324,39.6101375713672,24.432250346612,"C21orf58"
"ENSG00000139517",32.5041691784535,-0.819431641876462,0.391632836466039,-2.09234662055085,0.0364075201139571,0.507978522082872,53.1897725158748,50.6626397448228,41.2679630446978,30.7880901434514,20.6547412101708,44.4049910779977,11.3492665589546,26.8448943646503,23.9745569510907,21.9047761728246,"LNX2"
"ENSG00000228221",20.9880496866815,1.85144956887366,0.884888936739057,2.09229598428083,0.0364120467204938,0.507978522082872,4.83543386507953,5.19616817895618,0,22.6383015760672,6.8849137367236,6.75728125099965,24.4445741269792,34.5148641831218,88.6016235149004,16.0073364339872,"LINC00578"
"ENSG00000170860",768.784082205885,0.545058227978035,0.260685537087733,2.09086485605297,0.0365401802591759,0.508464495157245,692.434129479388,519.616817895618,833.612853502895,364.929421406204,742.193700818804,859.140044769955,1051.98970796464,1100.64066895066,852.660329825748,670.623147444937,"LSM3"
"ENSG00000123240",2070.03039401613,0.382581528016899,0.183090139410383,2.08958018847411,0.036655527729404,0.508464495157245,1934.17354603181,1974.54390800335,1669.70178478847,1426.21299929224,2674.10049534345,2165.22597799889,2610.33130855956,2296.19721440491,1736.59182089205,2213.22488484654,"OPTN"
"ENSG00000135070",741.17792147403,0.34869583021149,0.166878729076843,2.08951633404953,0.0366612691608288,0.508464495157245,565.745762214305,605.353592848395,793.995608979985,581.351584473406,725.669907850667,898.718406382953,832.861561326363,892.592737624621,750.507869773274,764.982183266335,"ISCA1"
"ENSG00000158125",15.7116287163048,1.24056323219175,0.593895293627822,2.08885849997858,0.0367204625226402,0.508464495157245,12.5721280492068,6.49521022369523,9.07895186983351,6.33872444129882,20.6547412101708,26.0637991109986,5.23812302720983,9.58746227308938,19.8050687856836,41.2820781718617,"XDH"
"ENSG00000159164",24.1562009354064,-1.03000884443185,0.493103966324558,-2.08882693057453,0.0367233052534079,0.508464495157245,15.4733883682545,25.9808408947809,22.2847000441368,75.1591612325432,23.4087067048602,13.5145625019993,18.3334305952344,20.1336707734877,10.4237204135177,16.8498278252497,"SV2A"
"ENSG00000111530",454.45535339906,-0.436335373606415,0.208925569228136,-2.08847282416619,0.0367552043269341,0.508464495157245,455.497870090491,454.664715658666,505.945226927994,738.008631379791,451.650341129068,364.893187553981,330.001750714219,360.488581468161,424.24542083017,459.157808238053,"CAND1"
"ENSG00000213025",19.2262145556825,5.06190533452912,2.42418995122368,2.08808114726075,0.0367905153634211,0.508464495157245,2.90126031904772,0,0.825359260893955,0,92.2578440720962,0,41.0319637131436,0,55.2457181916438,0,"COX20P1"
"ENSG00000161714",1168.87350921844,0.667331198673884,0.319636819139724,2.08777950071569,0.036817729541558,0.508464495157245,986.428508476224,1049.62597214915,1021.79476498672,398.434107738783,1682.67291725525,1735.65595561391,1184.68882465396,1398.81074564374,723.406196698128,1507.21709896858,"PLCD3"
"ENSG00000130695",31.6995525216663,-0.910754713553099,0.436255341433989,-2.08766432649148,0.036828124939784,0.508464495157245,28.0455164174613,61.0549761027352,28.8875741312884,58.8595840977748,16.5237929681366,27.9944508969985,11.3492665589546,15.339939636943,34.3982773646084,34.5421470417618,"CEP85"
"ENSG00000110315",969.660066570177,0.475360166704315,0.227791499129619,2.08682136304755,0.0369042852903143,0.508515835940425,766.899811001613,804.107025693469,920.27557589676,651.077553327693,1310.88757547217,757.780826004961,939.370062879629,1389.22328337065,879.762002900894,1277.21694915392,"RNF141"
"ENSG00000156030",205.465105878286,-0.760198365931085,0.364351060778598,-2.08644477199156,0.036938352991445,0.508515835940425,190.516094284133,367.62889866115,151.040744743594,380.323466477929,225.825170564534,221.059629496989,90.794132471637,99.7096076401295,140.720225582489,187.033088860271,"ELMSAN1"
"ENSG00000101104",87.3102989237347,-1.4003846893266,0.67130264728349,-2.08607055996789,0.0369722320027627,0.508515835940425,87.0378095714315,24.6817988500419,26.4114963486066,418.355813125722,46.8174134097205,41.5090133989979,66.3495583446578,67.1122359116257,77.1355310600309,17.6923192165121,"PABPC1L"
"ENSG00000168488",611.215927087428,-0.501395010764215,0.240369234684647,-2.08593671075261,0.0369843563666651,0.508515835940425,552.206547392082,969.085365375328,586.005075234708,860.255459890555,663.705684220155,602.363357231969,545.637815334357,424.72457869786,513.889416386422,394.285971110842,"ATXN2L"
"ENSG00000062822",61.9346157143608,-0.70701032053129,0.339135297988921,-2.08474412638223,0.0370925329027757,0.5090441532852,62.8606402460339,119.511868115992,77.5837705240318,63.3872444129882,42.6864651676863,75.2954196539961,41.0319637131436,30.679879273886,66.7118106465133,39.5970953893367,"POLD1"
"ENSG00000120733",252.379282616742,-0.595191666955098,0.285569081784458,-2.0842300687311,0.0371392448926928,0.5090441532852,221.462871020642,410.497286137538,249.258496789974,385.756658856186,225.825170564534,188.23854913499,131.826096184781,196.542976598332,200.13543193954,314.249288940906,"KDM3B"
"ENSG00000088305",23.6330481380072,-1.02047288023623,0.489900357713868,-2.08302130049117,0.0372492820376886,0.5090441532852,21.2759090063499,35.0741352079542,28.8875741312884,50.7097955303906,9.63887923141304,27.0291250039986,13.0953075680246,6.71122359116257,31.2711612405531,12.6373708689372,"DNMT3B"
"ENSG00000138639",166.784625792291,-0.66210751407182,0.317964697189902,-2.08233027101239,0.0373123127423589,0.5090441532852,245.64004034604,181.865886263466,219.545563397792,209.177906562861,95.0118095667857,165.070727702991,117.857768112221,68.0709821389346,228.279477056038,137.326096775785,"ARHGAP24"
"ENSG00000136231",30.3527319949442,-1.59500988505386,0.766371617194765,-2.08124863873776,0.0374111536621765,0.5090441532852,5.80252063809543,110.418573802819,28.0622148703945,58.8595840977748,11.0158619787578,49.2316205429974,2.61906151360491,16.2986858642519,5.21186020675885,16.0073364339872,"IGF2BP3"
"ENSG00000246985",46.7805643183734,1.2692248399883,0.609946178655857,2.08088005860664,0.0374448858461169,0.5090441532852,20.308822233334,18.1865886263466,56.1244297407889,6.33872444129882,46.8174134097205,24.1331473249987,29.682697154189,36.4323566377396,143.847341706544,85.9341219087733,"SOCS2-AS1"
"ENSG00000188559",34.8815723207118,-0.68081541899375,0.327220391337511,-2.08060205603606,0.0374703455597315,0.5090441532852,33.8480370555567,54.5597658790399,32.1890111748642,59.7651161608175,31.6706031889286,33.7864062549982,26.1906151360491,19.1749245461788,28.1440451164978,29.4871986941869,"RALGAPA2"
"ENSG00000165209",44.6199089047956,-0.693447296365123,0.333388427982911,-2.07999809879624,0.0375257072527214,0.5090441532852,43.5189047857157,83.1386908632989,56.9497890016829,47.9931993412625,44.063447915031,55.0235759009971,26.1906151360491,28.7623868192681,30.2287891992013,30.3296900854494,"STRBP"
"ENSG00000109854",229.76232807103,0.60542706465974,0.291091575341227,2.07985086462925,0.0375392140088963,0.5090441532852,131.523801130163,185.763012397684,200.562300397231,182.01194467158,263.003704742841,286.701790220985,216.509085124673,139.018202959796,408.609840209894,283.919598855457,"HTATIP2"
"ENSG00000090266",776.117443111685,0.423361037211572,0.203583643365601,2.07954347516656,0.0375674261960419,0.5090441532852,749.492249087327,518.317775850879,820.407105328591,488.081781980009,746.324649060838,840.798852802956,955.084431961258,976.003659400499,857.872190032506,808.791735611984,"NDUFB2"
"ENSG00000149531",182.66911269276,0.927479675265846,0.446021280426313,2.07945162253099,0.0375758599259133,0.5090441532852,168.273098504768,31.1770090737371,158.468978091639,115.002572006422,358.015514309627,248.088754500987,306.430197091775,204.212946416804,115.703296590046,121.318760341798,"FRG1BP"
"ENSG00000005100",167.615580433005,-0.547162842050677,0.263163433403081,-2.07917503953751,0.0376012649671142,0.5090441532852,233.067912296833,192.258222621379,165.897211439685,235.438336391099,137.698274734472,162.174750023992,82.0639274262873,133.265725595942,201.177803980892,133.113639819472,"DHX33"
"ENSG00000166295",999.400294526661,0.512325989089858,0.246446679054534,2.0788512592474,0.0376310238000409,0.5090441532852,900.357785677808,526.112028119314,915.323420331396,840.333754503615,1141.51869754877,1113.02075462894,1381.11843817432,1426.6143862357,719.236708532721,1030.36697151402,"ANAPC16"
"ENSG00000085871",26.8926416530399,1.0365586648609,0.498627260763768,2.07882469817868,0.0376334659323092,0.5090441532852,17.4075619142863,18.1865886263466,9.90431113072746,20.8272374499818,24.785689452205,9.6532589299995,50.6351892630283,57.5247736385363,22.9321849097389,37.0696212155493,"MGST2"
"ENSG00000169118",194.568636924575,-0.518906371187517,0.249701982860078,-2.07810272567315,0.0376998986768605,0.509426087794618,238.870432934929,292.284460066285,231.100593050307,188.350669112879,183.138705396848,213.337022352989,101.270378526057,141.894441641723,192.838827650077,162.600838513659,"CSNK1G1"
"ENSG00000125863",412.569724625262,0.408131422366389,0.196441886561822,2.07761913464391,0.0377444523778643,0.509502264519693,352.986672150805,340.34901572163,411.854271186084,274.376215101935,440.63447915031,512.588049182973,578.812594506686,417.054608879388,404.440352044487,392.600988328317,"MKKS"
"ENSG00000188186",506.696461359229,0.675200306608529,0.325051130077016,2.0772126109777,0.037781940437128,0.509502264519693,424.551093353982,358.535604347977,396.172445229098,313.31409381277,568.693874653369,355.239928623982,951.592349943119,833.150471531467,301.245519950661,564.469232145864,"LAMTOR4"
"ENSG00000137504",237.207581170046,-0.833199009770984,0.401292989500869,-2.07628598448062,0.0378675087905405,0.509879809268735,221.462871020642,185.763012397684,156.818259569851,723.520118371109,163.860946934022,152.521491093992,178.096182925134,241.604049281852,178.245619071153,170.183261035022,"CREBZF"
"ENSG00000122008",118.023621561775,-0.542255943856579,0.261231391125897,-2.07576869502351,0.0379153490016643,0.509879809268735,149.898449817465,154.586003323946,115.550296525154,162.090239284641,72.9800856092701,97.4979151929949,64.6035173355879,111.214562367837,131.338877210323,120.476268950535,"POLK"
"ENSG00000143751",90.0513329257653,-0.625337194791527,0.301278601389121,-2.07561105205697,0.0379299384302329,0.509879809268735,108.313718577781,159.782171502903,92.440237220123,96.8919307455677,60.5872408831677,86.8793303699955,41.9049842176786,67.1122359116257,103.194832093825,83.4066477349858,"SDE2"
"ENSG00000143702",342.876265714324,-0.668173414028932,0.321971634786407,-2.07525552514025,0.0379628590090616,0.509879809268735,433.254874311126,428.683874763885,445.694000882736,456.388159773515,198.28551561764,319.522870582983,117.857768112221,233.934079463381,425.287792871522,369.85372076423,"CEP170"
"ENSG00000126214",215.860864670342,-0.687779551165947,0.331662950055517,-2.07373042738364,0.038104353700906,0.510893697654468,242.738780026992,287.088291887329,182.404396657564,406.583896306167,114.289568029612,108.116500015994,176.350141916064,206.130438871422,145.932085789248,288.974547203032,"KLC1"
"ENSG00000145736",26.8526390064751,-0.8054205373044,0.38858492561235,-2.0727014462416,0.0382000731054028,0.510898450264749,35.7822106015885,40.2703033869104,41.2679630446978,27.1659618912807,19.2777584628261,39.5783616129979,14.8413485770945,17.2574320915609,18.7626967443319,14.3223536514622,"GTF2H2"
"ENSG00000197182",56.900344893337,-1.30882385919028,0.631692225196555,-2.07193282897068,0.0382717058801813,0.510898450264749,37.7163841476203,31.1770090737371,25.5861370877126,259.887702093252,26.1626721995497,25.0984732179987,60.238414812913,52.7310425019916,34.3982773646084,16.0073364339872,"MIRLET7BHG"
"ENSG00000161980",85.764138265198,0.665021262473066,0.321031099085175,2.07151663613943,0.038310541415138,0.510898450264749,80.2682021603202,64.9521022369523,83.3612853502895,25.3548977651953,86.7499130827173,115.839107159994,104.762460544197,94.9158765035849,114.660924548695,86.7766133000358,"POLR3K"
"ENSG00000177943",37.1437134376069,-1.22098086188229,0.589642288629763,-2.07071454240445,0.0383854804055289,0.510898450264749,26.1113428714294,29.8779670289981,21.4593407832428,148.507258339001,17.9007757154814,21.2371696459989,35.7938406859338,38.3498490923575,22.9321849097389,9.26740530388731,"MAMDC4"
"ENSG00000101680",32.7397365916191,-0.950230102953853,0.458945211280685,-2.07046523113781,0.0384087987320857,0.510898450264749,29.0126031904772,53.2607238343009,30.5382926530763,71.5370329803724,19.2777584628261,21.2371696459989,19.2064510997694,10.5462085003983,50.0338579848849,22.747267564087,"LAMA1"
"ENSG00000232187",45.026410264528,0.911721178983467,0.440380518514198,2.07030315977538,0.0384239638821961,0.510898450264749,20.308822233334,24.6817988500419,45.3947593491675,27.1659618912807,46.8174134097205,23.1678214319988,75.9527838945425,101.627100094747,35.4406494059602,49.7069920844865,"FTH1P7"
"ENSG00000063438",542.455719443019,-0.526345722861036,0.254325071868919,-2.06957858693663,0.0384918250116364,0.510898450264749,522.226857428589,902.834221093637,502.643789884419,729.858842812407,614.134305315745,462.391102746976,509.843974648423,408.425892833608,301.245519950661,470.952687715728,"AHRR"
"ENSG00000085982",339.753551017277,-0.420784666315505,0.203325882783221,-2.06950861619586,0.0384983836332064,0.510898450264749,349.118325058742,476.74843041923,345.825530314567,430.127729945277,397.948013982624,299.251026829984,321.271545668869,253.10900400956,255.381150131184,268.754753812732,"USP40"
"ENSG00000150054",12.6506435360158,1.24996437741747,0.604275164884621,2.0685350814577,0.0385897353046151,0.511601689619932,4.83543386507953,7.79425226843427,4.12679630446978,10.8663847565123,27.5396549468944,20.2718437529989,11.3492665589546,25.8861481373413,6.25423224811062,7.58242252136235,"MPP7"
"ENSG00000101224",775.905160572893,-0.811920891667191,0.392942662867634,-2.06625792613589,0.0388041318851129,0.5129099804498,821.056670290504,1666.6709434002,1179.43838381746,517.058807997375,649.935856746708,896.787754596954,518.574179693773,242.562795509161,851.617957784396,415.348255892404,"CDC25B"
"ENSG00000177302",156.479873880471,-0.525435227680691,0.2543057070372,-2.06615586335949,0.0388137648519557,0.5129099804498,154.733883682545,239.023736231984,151.866104004488,220.949823382416,133.567326492438,183.41191966999,115.238706598616,115.049547277073,153.22869007871,97.729001386448,"TOP3A"
"ENSG00000006634",110.531413785839,-1.05243323629515,0.509414824781024,-2.06596507423503,0.0388317775053925,0.5129099804498,172.141445596831,198.753432845074,214.593407832428,56.1429879086467,38.5555169256522,135.145625019993,40.1589432086087,30.679879273886,154.271062120062,64.8718371272112,"DBF4"
"ENSG00000103066",61.4471684999898,0.815280755763907,0.394674125006993,2.06570612083947,0.0388562369984347,0.5129099804498,41.5847312396839,22.0837147605638,39.6172445229098,65.1983085390736,41.3094824203416,42.4743392919978,94.2862144897769,118.884532186308,69.8389267705686,79.1941907786734,"PLA2G15"
"ENSG00000113716",329.794666615149,-0.581084975052294,0.281462902935595,-2.06451709618464,0.0389687146438078,0.5129099804498,352.986672150805,300.07871233472,323.54083027043,669.188194588547,304.313187163183,322.418848261983,194.683572511299,220.511632281056,322.092960777697,288.132055811769,"HMGXB3"
"ENSG00000196460",51.9610419755003,-0.872623764898598,0.4227290737527,-2.06426247703296,0.0389928366601961,0.5129099804498,71.564421203177,42.8683874763885,54.473711219001,116.813636132507,24.785689452205,36.6823839339981,34.0477996768639,17.2574320915609,60.4575783984026,60.6593801708988,"RFX8"
"ENSG00000107854",410.241544761892,-0.525743946912204,0.254771914899336,-2.06358674628612,0.0390569152952121,0.5129099804498,587.021671220655,472.851304285013,453.122234230781,495.326038484351,407.586893214037,401.575571487979,191.191490493159,271.325182328429,435.71151328504,386.70354858948,"TNKS2"
"ENSG00000110075",286.02996978361,-0.446975613246176,0.216645981844688,-2.06316133555899,0.0390973022800081,0.5129099804498,286.257684812708,352.040394124281,321.064752487749,402.961768053997,203.793446607019,242.296799142987,207.778880079323,215.717901144511,337.728541397973,290.659529985557,"PPP6R3"
"ENSG00000196628",613.798592420097,-0.44554950037502,0.21605213895387,-2.06223137864953,0.0391857126159294,0.5129099804498,690.499955933357,918.422725630505,695.777856933604,617.572866995114,466.79715134986,593.675424194969,539.526671802612,362.406073922779,644.185921555394,609.121275882775,"TCF4"
"ENSG00000197415",410.457039218964,1.17582864153354,0.570197860155742,2.06214144895664,0.0391942711628263,0.5129099804498,107.346631804766,305.274880513676,341.698734010097,181.106412608538,439.257496402966,281.875160755985,891.353935130206,1176.38162090807,71.9236708532721,308.351849202069,"VEPH1"
"ENSG00000234444",59.651809233844,-0.804734846434742,0.390294813041502,-2.06186405646434,0.0392206804153914,0.5129099804498,55.1239460619066,80.5406067738208,41.2679630446978,143.979598023788,41.3094824203416,60.8155312589968,26.1906151360491,53.6897887293005,53.1609741089403,40.4395867805992,"ZNF736"
"ENSG00000212747",365.556113793592,0.586326691447821,0.284374367761791,2.06181272968654,0.0392255686561146,0.5129099804498,342.348717647631,276.695955529417,375.53846370675,129.491085015105,403.455944972003,339.794714335982,511.590015657493,446.775741925965,386.720027341507,443.150471804066,"RTL8B"
"ENSG00000151276",212.727494036761,-0.486591429448113,0.236037757331551,-2.06149827446725,0.0392555279213988,0.5129099804498,213.726176836515,309.172006647893,244.306341224611,259.887702093252,228.579136059223,125.492366089993,139.683280725595,182.161783188698,217.85575664252,206.410390859308,"MAGI1"
"ENSG00000107938",70.7263134522619,-0.641111205922361,0.31101519404701,-2.06135011470037,0.039269650360991,0.5129099804498,78.3340286142883,59.7559340579961,75.1076927413499,146.696194212916,56.4562926411335,66.6074866169966,52.3812302720983,41.2260877742843,70.8812988119203,59.8168887796363,"EDRF1"
"ENSG00000269293",97.4325464647758,0.695733201887895,0.337613085062672,2.06074122322227,0.0393277345868828,0.5129099804498,73.4985947492088,57.157849968518,72.6316149586681,80.5923536107993,118.420516271646,68.5381384029965,178.969203429669,150.523157687503,59.4152063570509,114.578829211698,"ZSCAN16-AS1"
"ENSG00000119986",234.88748664478,0.762548846363283,0.37003721153789,2.0607355762792,0.0393282736091589,0.5129099804498,151.832623363497,248.117030545158,213.768048571534,49.8042634673479,258.872756500807,222.024955389988,374.525796445503,330.767448421584,226.194732973334,272.967210769045,"AVPI1"
"ENSG00000171840",15.8098205721525,1.19798936987981,0.581389369357322,2.06056290847575,0.0393447584387388,0.5129099804498,3.86834709206362,7.79425226843427,15.6818259569851,8.1497885673842,8.26189648406832,27.0291250039986,12.2222870634896,38.3498490923575,11.4660924548695,25.2747417378745,"NINJ2"
"ENSG00000157869",228.892986822855,0.338658815944017,0.164414160210795,2.05979105151176,0.039418520416068,0.5129099804498,214.693263609531,162.380255592381,216.244126354216,195.594925617221,229.956118806568,257.742013430987,237.461577233512,265.572704964576,265.804870544701,243.480012074858,"RAB28"
"ENSG00000155011",79.3631901530805,1.39604079480091,0.677831637744007,2.05956865549576,0.0394397953113668,0.5129099804498,33.8480370555567,16.8875465816076,57.7751482625769,51.6153275934333,66.0951718725465,160.244098237992,196.429613520369,94.9158765035849,2.08474408270354,113.736337820435,"DKK2"
"ENSG00000174132",72.5950890302171,0.606048657387986,0.294286534163615,2.05938290418358,0.0394575721632672,0.5129099804498,62.8606402460339,49.3635977000837,59.4258667843648,49.8042634673479,57.8332753884782,74.3300937609961,113.492665589546,114.090801049764,56.2880902329956,88.4615960825607,"FAM174A"
"ENSG00000174684",59.7464283730919,0.913448149232959,0.44378891882116,2.05829418107004,0.0395619024361529,0.513765426281374,43.5189047857157,36.3731772526933,33.0143704357582,43.4655390260491,56.4562926411335,24.1331473249987,95.1592349943119,143.811934096341,40.652509612719,80.8791735611984,"B4GAT1"
"ENSG00000102908",620.827090326688,-0.885639404487034,0.43039006477957,-2.05775987171225,0.0396131898848819,0.513931044255516,571.5482828524,1488.70218327095,528.229926972131,838.52269037753,439.257496402966,576.29955812097,111.746624580476,400.755923015136,612.91476031484,640.293457359487,"NFAT5"
"ENSG00000166313",392.829244917356,0.442907987317004,0.215313252438482,2.05704006744104,0.0396823718859939,0.51432827390039,295.928552542867,419.590580450712,329.318345096688,249.021317336739,509.483616517546,366.823839339981,467.06596992621,401.714669242445,358.575982225009,530.769576495364,"APBB1"
"ENSG00000132793",78.2973347753105,-1.19204160290644,0.57980420482446,-2.05593818221333,0.0397884751581719,0.514487770315019,44.4859915587317,58.4568920132571,38.7918852620159,330.519203010581,66.0951718725465,58.8848794729969,48.0161277494234,80.5346830939508,30.2287891992013,26.9597245203995,"LPIN3"
"ENSG00000101463",49.2076206339763,-0.741577763986494,0.360823327231038,-2.05523786302113,0.039856035683921,0.514487770315019,42.5518180126998,41.5693454316495,94.9163150028048,79.6868215477566,41.3094824203416,32.8210803619983,41.9049842176786,59.4422660931542,25.0169289924425,32.8571642592368,"SYNDIG1"
"ENSG00000078401",18.8181573869807,1.0744132796675,0.523003414570025,2.0543140823484,0.0399453026313017,0.514487770315019,17.4075619142863,9.09329431317332,12.3803889134093,6.33872444129882,26.1626721995497,30.8904285759984,33.1747791723289,13.4224471823251,7.29660428946239,32.0146728679744,"EDN1"
"ENSG00000174080",213.751236613466,0.99759338112871,0.48567735783956,2.05402488921103,0.0399732828358779,0.514487770315019,91.873243436511,81.8396488185599,66.0287408715164,295.203452551917,137.698274734472,276.083205397986,393.732247545272,455.404457971746,110.491436383288,229.157658423395,"CTSF"
"ENSG00000172534",318.449168623655,-0.705559311742947,0.343539079590277,-2.05379636163791,0.0399954052453698,0.514487770315019,285.290598039692,815.798404096121,294.653256139142,264.415362408465,231.333101553913,263.533968788986,201.667736547578,202.295453962186,331.474309149863,294.029495550607,"HCFC1"
"ENSG00000137807",130.373383440512,-1.09755357347346,0.534478669811003,-2.05350304037683,0.0400238151708881,0.514487770315019,122.82002017302,268.901703260983,238.528826398353,136.735341519446,26.1626721995497,163.140075916992,56.7463327947731,21.0924170007966,162.610038450876,106.996406690335,"KIF23"
"ENSG00000100711",727.641465968774,0.419238021144705,0.204222725357512,2.05284705906646,0.0400874128584674,0.514487770315019,659.553179196848,592.363172401005,738.69653850009,430.127729945277,793.142062470559,693.103991173964,914.92548875265,951.076257490466,674.414710754595,829.011529002283,"ZFYVE21"
"ENSG00000218739",550.682359561191,0.44544040369326,0.217016540890501,2.05256429701372,0.0401148531958664,0.514487770315019,563.811588668273,437.777169077058,418.457145273235,390.284319171399,603.118443336987,442.119258993977,736.829305827516,753.574534664825,500.338579848849,660.513250749787,"CEBPZOS"
"ENSG00000105397",362.805962967282,-0.427702379027531,0.208428051868558,-2.05203846216081,0.0401659246341684,0.514487770315019,331.710763144456,448.169505434971,371.41166740228,563.240943212553,370.40835903573,327.245477726983,311.668320118985,268.448943646503,358.575982225009,277.179667725357,"TYK2"
"ENSG00000115756",237.083324809837,0.609547814401989,0.29705078774869,2.05199864649972,0.0401697939546424,0.514487770315019,222.429957793658,188.361096487162,225.32307822405,85.1200139260128,229.956118806568,374.546446483981,308.176238100845,279.95389837421,212.643896435761,244.32250346612,"HPCAL1"
"ENSG00000134690",118.576234615117,-1.39547097172207,0.68008170418646,-2.05191664932581,0.0401777635070857,0.514487770315019,118.951673080956,323.461469140022,255.036011616232,57.9540520347321,31.6706031889286,115.839107159994,21.8255126133743,6.71122359116257,175.118502947097,79.1941907786734,"CDCA8"
"ENSG00000101544",166.069696836169,-0.538262282737746,0.262361899494815,-2.05160232401955,0.0402083261554537,0.514487770315019,193.417354603181,250.715114634636,147.739307700018,224.571951634587,188.646636386227,180.515941990991,103.016419535127,114.090801049764,145.932085789248,112.05135503791,"ADNP2"
"ENSG00000224877",419.398505480806,0.533151609356636,0.259936624963357,2.05108306469623,0.0402588582503299,0.514487770315019,302.698159953978,413.095370227017,307.859004313445,300.636644930173,351.130600572904,335.933410763983,559.606143406917,684.544806298582,373.169190803934,565.311723537126,"NDUFAF8"
"ENSG00000232931",20.2227537043606,-1.4100221602489,0.687778485663513,-2.05011088546717,0.0403536113896384,0.514487770315019,22.2429957793658,3.89712613421714,11.5550296525154,91.4587383673116,8.26189648406832,11.5839107159994,16.5873895861645,13.4224471823251,15.6355806202765,7.58242252136235,"LINC00342"
"ENSG00000187123",178.15473090348,1.10746229025599,0.540449455787988,2.04915053275664,0.0404473974628985,0.514487770315019,139.26049531429,23.3827568053028,48.6961963927434,209.177906562861,161.106981439332,464.321754532976,137.937239716525,270.366436101121,103.194832093825,224.102710075821,"LYPD6"
"ENSG00000131747",352.543787198395,-1.23427210747278,0.602659871196242,-2.0480409704778,0.0405559850832272,0.514487770315019,291.093118677788,1010.65471080698,667.71564206321,183.823008797666,83.9959475880279,357.170580409981,127.460993662106,42.1848340015933,517.016532510478,244.32250346612,"TOP2A"
"ENSG00000169490",208.56188102139,0.39241270161685,0.191619883199225,2.04787047703637,0.0405726923566229,0.514487770315019,196.318614922229,149.38983514499,172.500085526837,183.823008797666,225.825170564534,196.92648217199,260.160110351421,278.036405919592,191.796455608726,230.84264120592,"TM2D2"
"ENSG00000254109",35.8216152404332,0.966639051495198,0.47221738461837,2.04702131472013,0.0406559917901061,0.514487770315019,19.3417354603181,15.5885045368685,28.8875741312884,27.1659618912807,26.1626721995497,19.306517859999,68.0955993537277,77.658444412024,22.9321849097389,53.0769576495364,"RBPMS-AS1"
"ENSG00000131389",104.67995620448,0.790377105202634,0.386195823004231,2.04657082786205,0.0407002415745613,0.514487770315019,72.5315079761929,98.7271954001675,50.3469149145313,70.6315009173297,77.1110338513043,114.873781266994,171.985039393389,233.934079463381,65.6694386051615,90.9890702563482,"SLC6A6"
"ENSG00000187792",55.6689376325935,-0.8727333328594,0.426439295399405,-2.04655936325473,0.040701368236211,0.514487770315019,43.5189047857157,140.296540831817,37.9665260011219,84.2144818629701,67.4721546198913,55.0235759009971,30.555717658724,33.5561179558128,35.4406494059602,28.6447073029244,"ZNF70"
"ENSG00000213079",139.414311759258,-0.543876532784872,0.265843104900157,-2.04585532880056,0.0407706065070979,0.514487770315019,121.852933400004,192.258222621379,148.564666960912,224.571951634587,123.928447261025,154.452142879992,100.397358021522,77.658444412024,119.872784755454,130.586165645685,"SCAF8"
"ENSG00000161888",119.710221334072,-1.41509614643414,0.691888089988524,-2.04526738776153,0.0408285040372818,0.514487770315019,101.54411116667,435.17908498758,206.339815223489,23.5438336391099,26.1626721995497,168.932031274991,38.4129021995387,16.2986858642519,125.084644962212,55.6044318233239,"SPC24"
"ENSG00000137500",694.588875206479,0.358753407506263,0.17541304023628,2.04519234729085,0.040835898664017,0.514487770315019,591.857105085734,539.102448566704,753.553005196181,490.798378169137,687.114390925015,784.809951008959,808.416987199383,859.036619668808,693.177407498927,738.022458745935,"CCDC90B"
"ENSG00000114383",293.930456050645,0.537178031192085,0.262730659815642,2.04459590505738,0.0408947135564365,0.514487770315019,236.936259388897,284.490207797851,241.004904181035,163.901303410727,318.08301463663,284.771138434985,418.176821672251,443.899503244038,204.304920104947,343.736487635093,"TUSC2"
"ENSG00000008294",722.959590923276,-0.543374045988121,0.265787560227162,-2.04439231664459,0.0409148057415592,0.514487770315019,797.846587738122,1054.82214032811,804.725279371606,905.532063042689,607.249391579021,706.618553675963,336.112894245964,449.651980607892,817.219680419787,749.81733822361,"SPAG9"
"ENSG00000124249",11.3291940082764,1.34038677916432,0.655823347999496,2.0438229033062,0.0409710456899374,0.514487770315019,8.70378095714315,6.49521022369523,4.95215556536373,3.62212825217076,17.9007757154814,3.8613035719998,14.8413485770945,18.2161783188698,5.21186020675885,29.4871986941869,"KCNK15"
"ENSG00000141574",79.6215709727389,1.53351472605778,0.750400423309645,2.04359523052266,0.0409935508522125,0.514487770315019,29.0126031904772,58.4568920132571,33.8397296966522,28.0714939543234,81.2419820933385,9.6532589299995,274.128438423981,219.552886053747,8.33897633081416,53.9194490407989,"SECTM1"
"ENSG00000126267",1322.21275217303,0.525738883853292,0.25728727935598,2.04339244897485,0.0410136043661417,0.514487770315019,1123.75483024448,1083.40106531236,1323.05089521301,654.699681579864,1555.99050449953,1160.32172338594,2001.83601689869,1878.18385929821,1187.26175509967,1253.62719019857,"COX6B1"
"ENSG00000243444",32.8904354642587,-0.820041700872755,0.401390208378111,-2.04300374985797,0.0410520669144439,0.514487770315019,50.2885121968271,16.8875465816076,37.9665260011219,72.4425650434151,16.5237929681366,27.9944508969985,27.0636356405841,27.8036405919592,29.1864171578495,22.747267564087,"PALM2"
"ENSG00000133983",311.191054239237,0.555224401335982,0.27177268704355,2.04297351354888,0.0410550601378318,0.514487770315019,303.665246726994,140.296540831817,311.985800617915,213.705566878075,424.110686182174,338.829388442982,460.954826394465,358.571089013543,269.974358710108,289.817038594294,"COX16"
"ENSG00000166741",2682.68391791328,0.532008888417672,0.260474106553968,2.04246362702254,0.0411055638734721,0.514487770315019,2092.77577680642,1899.19946940849,1785.25208131363,2688.52469517374,2866.87807997171,1899.7613574239,4186.13331924519,3918.39583101163,2224.42193624468,3265.49663253338,"NNMT"
"ENSG00000186020",71.6261846713894,-0.658155267016404,0.322258553753392,-2.04232055084582,0.0411197448746049,0.514487770315019,74.4656815222247,64.9521022369523,64.3780223497285,162.995771347684,59.2102581358229,61.7808571519968,54.1272712811682,68.0709821389346,48.9914859435332,57.2894146058489,"ZNF529"
"ENSG00000137497",484.16434700181,-0.700741220099449,0.343204518340896,-2.04175989141093,0.0411753546059298,0.514487770315019,317.204461549217,613.14784511683,411.02891192519,1176.28614989245,477.813013328618,312.765589331984,392.859227040737,372.952282423177,299.160775867958,468.425213541941,"NUMA1"
"ENSG00000139329",540.817920289693,1.19396809774375,0.584800707678312,2.04166664312678,0.0411846097339029,0.514487770315019,240.80460648096,257.210324858331,132.057481743033,590.406905103833,450.273358381723,335.933410763983,735.956285322981,1164.87666618036,84.4321353494933,1416.22802871223,"LUM"
"ENSG00000219507",47.1296268206681,0.798182577152827,0.390992825997267,2.04142512107986,0.0412085896013329,0.514487770315019,18.3746486873022,23.3827568053028,54.473711219001,33.5046863325795,64.7181891252018,49.2316205429974,70.7146608673327,78.6171906393329,47.9491139021814,30.3296900854494,"FTH1P8"
"ENSG00000160408",2070.76269388809,0.505147125064593,0.247453502002048,2.0413820009725,0.0412128720879,0.514487770315019,1413.88086214925,1865.42437624527,1767.09417757396,1572.00366144211,2822.81463205668,1627.53945559792,2719.45887162644,2924.17599329226,1437.43104502409,2557.8038638729,"ST6GALNAC6"
"ENSG00000197614",1407.04303275545,1.04132065262606,0.510148283644072,2.04121171434262,0.0412297878405286,0.514487770315019,741.755554903199,567.681373550963,535.658160320177,1597.3585592073,930.840337205031,601.398031338969,1287.70524418908,4887.68826682097,1424.92258052787,1495.42221949091,"MFAP5"
"ENSG00000114446",540.325082691136,0.617153954203779,0.302348706374255,2.04119925500806,0.0412310257435528,0.514487770315019,613.133014092084,379.320277063801,420.933223055917,223.666419571544,651.312839494052,419.916763454978,798.813761649499,810.140562076053,465.940302484241,620.073663969188,"IFT57"
"ENSG00000134107",283.383823876718,-0.751731515620158,0.368281733811674,-2.04118599051824,0.0412323436777537,0.514487770315019,168.273098504768,365.030814571672,281.447507964839,683.67670759723,224.448187817189,292.493745578985,159.7627523299,149.564411460194,300.20314790931,208.937865033096,"BHLHE40"
"ENSG00000172986",160.768006033325,-0.950342348536197,0.465713438123448,-2.04061611871351,0.0412889987525121,0.514487770315019,121.852933400004,190.95918057664,110.59814095979,480.837525475668,198.28551561764,100.393892871995,127.460993662106,136.141964277869,99.0253439284181,42.1245695631242,"GXYLT2"
"ENSG00000254999",3084.81763533896,0.439708922889757,0.215525687364712,2.04016944924844,0.0413334514740277,0.514487770315019,2792.94660046994,2296.70633509863,2656.83146081764,2418.67614038702,4031.80548422534,2856.39931738685,4338.91190753881,4119.73253874651,2367.22690590987,2968.93966280899,"BRK1"
"ENSG00000149596",136.574391373332,0.810058898955336,0.397109399826489,2.03988850253678,0.0413614321620759,0.514487770315019,121.852933400004,109.11953175808,32.1890111748642,113.191507880336,279.527497710978,186.30789734899,142.3023422392,92.039637821658,119.872784755454,169.340769643759,"JPH2"
"ENSG00000094916",937.006149515363,-0.923593234119295,0.452807598729027,-2.03970347828018,0.0413798682813384,0.514487770315019,931.304562414317,2726.68925190726,1140.64649855545,434.655390260491,503.975685528167,792.532558152959,358.811427363873,447.734488153274,1089.2787832126,944.432849605244,"CBX5"
"ENSG00000173166",72.8798579442687,-1.27126047646777,0.623294749867823,-2.03958155710017,0.0413920205104608,0.514487770315019,69.6302476571452,290.985418021546,51.9976334363192,37.1268145847502,59.2102581358229,93.6366116209951,10.4762460544197,21.0924170007966,54.203346150292,40.4395867805992,"RAPH1"
"ENSG00000130717",486.518714682982,0.454550629280353,0.222910085473399,2.03916582919527,0.041433480013128,0.514523578151851,408.110618212712,392.310697511192,454.772952752569,336.85792745188,604.495426084332,514.518700968973,757.781797936355,556.072811839184,379.423423052044,460.842791020578,"UCK1"
"ENSG00000154723",933.814741833825,0.42126152610186,0.206872725191811,2.03633188334165,0.0417170403178829,0.515599792932682,900.357785677808,704.080788248563,907.895186983351,591.312437166876,948.741112920512,942.158071567951,1282.46712116187,1250.20508041086,858.914562073858,952.015272126606,"ATP5J"
"ENSG00000184445",48.8678098960967,-0.970874752887209,0.477103423728214,-2.0349356231832,0.0418573510025265,0.515599792932682,47.3872518777794,75.3444385948647,60.2512260452587,94.1753345564397,15.1468102207919,55.0235759009971,13.0953075680246,19.1749245461788,63.5846945224579,45.4945351281741,"KNTC1"
"ENSG00000158161",109.831937731157,-0.472828300230664,0.232386409198681,-2.03466416930783,0.0418846758263036,0.515599792932682,121.852933400004,133.801330608122,117.201015046942,154.8459827803,86.7499130827173,99.4285669789949,70.7146608673327,92.039637821658,132.381249251675,89.3040874738232,"EYA3"
"ENSG00000132952",94.6674111827615,-0.603746236634122,0.296771417602275,-2.03438134815007,0.0419131609500289,0.515599792932682,92.8403302095269,116.913784026514,113.074218742472,153.034918654214,92.2578440720962,76.260745546996,61.111435317448,42.1848340015933,106.321948217881,92.6740530388731,"USPL1"
"ENSG00000198826",333.42299741189,-1.13256822178391,0.556986352593517,-2.03338594655021,0.042013546041514,0.515599792932682,424.551093353982,785.920437067123,598.385464148117,171.145559915068,129.436378250404,434.396651849978,96.9052760033818,56.5660274112273,470.109790649648,166.813295469972,"ARHGAP11A"
"ENSG00000170558",520.415901353721,-0.905143531404941,0.445154568561162,-2.03332414251204,0.042019785609732,0.515599792932682,362.657539880965,1023.64513125437,551.339986277162,952.619730320909,154.222067702609,781.91397332996,226.985331179092,422.807086243242,505.550440055608,222.417727293296,"CDH2"
"ENSG00000181894",172.375752837592,0.348072658044534,0.171190294925183,2.03324994677213,0.0420272772463443,0.515599792932682,144.09592917937,158.483129458164,161.770415135215,128.585552952062,187.269653638882,194.03050449299,199.921695538508,204.212946416804,166.779526616283,178.608174947646,"ZNF329"
"ENSG00000226328",87.7001515015854,0.704018865963737,0.346255641359705,2.03323435597796,0.0420288516120223,0.515599792932682,43.5189047857157,49.3635977000837,90.7895186983351,70.6315009173297,71.6031028619254,81.0873750119958,163.25483434804,143.811934096341,89.6439955562522,73.296751039836,"NUP50-AS1"
"ENSG00000115107",90.612197375822,-0.771466784300232,0.379446464697164,-2.03313736212021,0.0420386472181835,0.515599792932682,90.9061566634951,110.418573802819,52.8229926972131,228.194079886758,64.7181891252018,68.5381384029965,90.794132471637,56.5660274112273,87.5592514735486,55.6044318233239,"STEAP3"
"ENSG00000156011",619.862990633084,-0.488592661546038,0.240467524159376,-2.03184468777668,0.0421693815768502,0.515599792932682,590.890018312718,1106.78382211767,628.0983975403,671.904790777675,505.352668275512,630.357808128967,453.970662358185,474.579382517924,453.43183798802,683.260518313874,"PSD3"
"ENSG00000223361",18.6280670060675,0.920316103556154,0.453250144045902,2.0304816570846,0.0423076038303535,0.515599792932682,14.5063015952386,10.3923363579124,9.90431113072746,13.5829809456403,27.5396549468944,18.341191966999,26.1906151360491,38.3498490923575,11.4660924548695,16.0073364339872,"FTH1P10"
"ENSG00000172007",156.771647289822,-0.34414358105263,0.169574834602328,-2.02944960471101,0.042412517020626,0.515599792932682,196.318614922229,166.277381726598,194.784785570973,161.184707221599,129.436378250404,140.937580377993,135.318178202921,148.605665232885,144.889713747896,149.963467644722,"RAB33B"
"ENSG00000154079",109.066091547992,0.51860634576286,0.255544128041216,2.02941992734505,0.0424155371225454,0.515599792932682,96.7086773015905,94.8300692659503,100.693829829063,54.3319237825613,125.305430008369,99.4285669789949,108.254542562336,164.904351097137,124.042272920861,122.16125173306,"SDHAF4"
"ENSG00000253729",330.273154298129,-0.559150317311633,0.275629855104706,-2.02862754870739,0.0424962404187488,0.515599792932682,321.072808641281,489.73885086662,399.473882272674,427.411133756149,170.745860670745,315.661567010984,182.461285447809,262.696466282649,380.465795093396,353.00389293898,"PRKDC"
"ENSG00000198218",270.534439330275,-0.442599216690684,0.218205268803277,-2.02836173075963,0.0425233428942976,0.515599792932682,270.784296444454,348.143267990064,269.067119051429,398.434107738783,245.10292902736,178.585290204991,221.747208151883,214.759154917202,251.211661965776,307.509357810806,"QRICH1"
"ENSG00000164611",171.948017190228,-1.06744629140367,0.526473965780512,-2.02753860738613,0.0426073602915537,0.515599792932682,245.64004034604,361.133688437455,326.016908053112,69.725968854287,78.488016598649,195.96115627899,91.667152976172,23.0099094554145,193.881199691429,133.956131210735,"PTTG1"
"ENSG00000061987",168.177166340426,-0.831256254327272,0.410070978021962,-2.02710335253902,0.0426518440973824,0.515599792932682,185.680660419054,114.315699937036,113.074218742472,498.948166736522,126.682412755714,127.423017875993,81.1909069217523,152.440650142121,143.847341706544,138.168588167047,"MON2"
"ENSG00000008952",819.880971194015,0.618009266163583,0.304874053012067,2.02709696039342,0.0426524976783286,0.515599792932682,619.902621503195,375.423150929584,594.258667843648,892.854614160091,623.773184547158,775.15669207896,1257.14952653036,1403.60447678029,722.363824656776,934.322952910094,"SEC62"
"ENSG00000137960",21.9343360583134,1.20697139923289,0.595519724807665,2.02675301749695,0.042687677471221,0.515599792932682,28.0455164174613,3.89712613421714,13.2057481743033,3.62212825217076,37.1785341783074,13.5145625019993,17.4604100906994,23.9686556827235,31.2711612405531,47.1795179106991,"GIPC2"
"ENSG00000171530",874.64056229045,0.509388703903576,0.25136536983201,2.02648719767566,0.0427148833434825,0.515599792932682,802.682021603202,396.207823645409,933.481324071063,655.605213642907,999.689474572267,976.909803715949,1164.60935304965,1133.23804067916,935.007721092537,748.974846832347,"TBCA"
"ENSG00000162591",281.156747696502,-1.28892980433097,0.636080608527408,-2.02636236202039,0.0427276649617968,0.515599792932682,56.0910328349225,189.660138531901,235.227389354777,1261.40616381847,59.2102581358229,301.181678615984,211.270962097463,147.646919005576,119.872784755454,230.000149814658,"MEGF6"
"ENSG00000033030",130.502462845189,-0.724881047152049,0.357727689596625,-2.02634872343661,0.0427290615790617,0.515599792932682,117.017499534925,110.418573802819,114.72493726426,341.385587767094,103.273706050854,104.255196443995,95.1592349943119,130.389486914016,112.576180465991,75.8242252136235,"ZCCHC8"
"ENSG00000111087",10.0488982198298,-1.4804366562648,0.730627230098551,-2.02625442260769,0.0427387192218038,0.515599792932682,13.5392148222227,9.09329431317332,9.90431113072746,32.5991542695368,5.50793098937888,8.68793303699955,7.85718454081474,2.87623868192681,10.4237204135177,0,"GLI1"
"ENSG00000272695",354.685381402074,0.639821990037899,0.315815967885244,2.02593299611243,0.0427716513818102,0.515599792932682,266.91594935239,224.734273739855,279.796789443051,290.675792236703,607.249391579021,306.008308080984,487.145441530514,469.78565138138,168.864270698987,445.677945977854,"GAS6-AS2"
"ENSG00000105778",281.910423752486,-0.417084492763445,0.205877192764731,-2.02588974117242,0.0427760847590825,0.515599792932682,305.599420273026,311.770090737371,302.906848748082,406.583896306167,278.150514963633,269.325924146986,196.429613520369,189.83175300717,272.059102792812,286.447073029244,"AVL9"
"ENSG00000160796",38.5235459165845,-0.781723357477159,0.385895496642488,-2.0257384817356,0.0427915910177958,0.515599792932682,43.5189047857157,44.1674295211276,33.0143704357582,84.2144818629701,46.8174134097205,36.6823839339981,18.3334305952344,30.679879273886,20.8474408270354,26.9597245203995,"NBEAL2"
"ENSG00000090889",58.9939378773597,-1.2673836825676,0.625825024407927,-2.02514062739283,0.0428529261715507,0.515599792932682,74.4656815222247,149.38983514499,106.47134465532,33.5046863325795,17.9007757154814,49.2316205429974,24.4445741269792,2.87623868192681,80.2626471840863,51.3919748670115,"KIF4A"
"ENSG00000174720",257.250883451177,0.632612547989666,0.312465670774405,2.02458256109165,0.0429102464364463,0.515599792932682,235.969172615881,115.614741981775,266.591041268748,154.8459827803,207.924394849053,229.747562533988,460.954826394465,347.066134285836,238.703197469555,315.091780332169,"LARP7"
"ENSG00000196367",196.880056915888,-0.591380974170809,0.292105046418212,-2.02454898134186,0.0429136975555867,0.515599792932682,158.602230774609,383.217403198019,206.339815223489,239.06046464327,205.170429354363,160.244098237992,122.222870634896,124.637009550162,155.313434161414,213.992813380671,"TRRAP"
"ENSG00000241839",333.523525554545,0.451877531539449,0.22326090985082,2.02398857839192,0.0429713269478418,0.515599792932682,252.409647757151,339.049973676891,274.019274616793,228.194079886758,428.241634424208,293.459071471985,295.08093053282,464.991920244835,320.008216694993,439.780506239016,"PLEKHO2"
"ENSG00000159921",197.623270708244,-0.434808324270647,0.214999555841755,-2.02236847684781,0.043138299161976,0.515599792932682,213.726176836515,250.715114634636,198.911581875443,273.470683038892,166.614912428711,180.515941990991,132.699116689316,149.564411460194,231.406593180093,178.608174947646,"GNE"
"ENSG00000182389",21.1704376394723,1.67390364177744,0.828015428307508,2.02158508712689,0.0432192339685041,0.515599792932682,9.67086773015905,10.3923363579124,4.95215556536373,11.771916819555,4.13094824203416,3.8613035719998,58.4923738038431,85.3284142304955,6.25423224811062,16.8498278252497,"CACNB4"
"ENSG00000196739",212.94217431543,-1.01002211762978,0.499680401657192,-2.02133626670176,0.0432449673354158,0.515599792932682,145.063015952386,131.203246518644,160.945055874321,782.379702468883,239.594998037981,104.255196443995,158.01671132083,197.501722825641,117.78804067275,92.6740530388731,"COL27A1"
"ENSG00000160957",101.167870456646,-0.787650210015376,0.389858834716657,-2.02034721256946,0.0433473847916615,0.515599792932682,121.852933400004,193.557264666118,164.246492917897,62.4817123499455,42.6864651676863,132.249647340993,82.9369479308223,49.8548038200648,96.9405998457146,64.8718371272112,"RECQL4"
"ENSG00000173926",60.5824664018665,0.795395916081936,0.393732727466193,2.02014173726574,0.0433686876367004,0.515599792932682,51.255598969843,58.4568920132571,42.0933223055917,17.2051091978111,44.063447915031,72.3994419749963,94.2862144897769,112.173308595146,66.7118106465133,47.1795179106991,"MARCH3"
"ENSG00000228439",54.7543550868577,0.745326656343058,0.368951683662093,2.02011994889193,0.0433709470854154,0.515599792932682,43.5189047857157,16.8875465816076,52.8229926972131,41.6544748999637,64.7181891252018,47.3009687569975,101.270378526057,77.658444412024,42.7372536954226,58.9743973883738,"TSTD3"
"ENSG00000104979",1340.26894134332,0.542067698143807,0.268390350958614,2.01969890574566,0.0434146286843517,0.515599792932682,1043.48662808416,1011.95375285172,1271.87862103758,881.988229403579,1292.98679975669,1174.80161178094,2300.40902944965,2057.46940380498,1359.25314192271,1008.46219534119,"C19orf53"
"ENSG00000115020",341.376643781169,-0.578856375567717,0.286623365104699,-2.01957148663114,0.0434278552486469,0.515599792932682,421.649833034935,470.253220195535,422.583941577705,388.473255045314,301.559221668494,376.477098269981,147.54046526641,195.584230371023,402.355607961783,287.289564420507,"PIKFYVE"
"ENSG00000185825",649.881698565287,0.473495252388861,0.234547816551503,2.01875787782014,0.0435123910728487,0.515599792932682,514.490163244462,413.095370227017,527.404567711237,652.888617453779,535.646288717096,727.855723321962,966.433698520213,924.231363125816,654.609641968911,582.161551362376,"BCAP31"
"ENSG00000174307",1013.1018655111,0.684582346584294,0.339285534746562,2.01771745764422,0.0436206956124561,0.515599792932682,894.555265039713,943.104524480547,778.313783023,354.968568712734,1310.88757547217,654.490955453966,1446.59497601445,1483.18041364693,726.533312822183,1538.38928044529,"PHLDA3"
"ENSG00000083168",219.80933200602,-0.481660652218546,0.238805893514691,-2.01695462842049,0.0437002483805161,0.515599792932682,245.64004034604,326.059553229501,241.830263441929,246.304721147611,210.678360343742,196.92648217199,122.222870634896,150.523157687503,243.915057676314,213.992813380671,"KAT6A"
"ENSG00000140406",133.920546488028,-0.752472276103041,0.373205875624832,-2.016239092815,0.0437749803987423,0.515599792932682,178.911053007943,314.368174826849,146.08858917823,70.6315009173297,61.9642236305124,118.735084838994,112.619645085011,132.306979368633,90.6863675976039,112.893846429173,"TLNRD1"
"ENSG00000187634",46.5394510509613,-1.25541256248637,0.622693575115511,-2.01610007338439,0.0437895123893474,0.515599792932682,23.2100825523817,64.9521022369523,149.390026221806,47.9931993412625,16.5237929681366,32.8210803619983,16.5873895861645,19.1749245461788,85.4745073908451,9.26740530388731,"SAMD11"
"ENSG00000113649",201.779035226299,-0.763422995072951,0.378699451026776,-2.01590731912356,0.0438096681335155,0.515599792932682,211.792003290483,154.586003323946,157.643618830745,546.941366077784,115.666550776956,207.545066994989,122.222870634896,157.234381278666,204.304920104947,139.853570949572,"TCERG1"
"ENSG00000136888",992.811895539834,0.410706796107499,0.20378507359048,2.01539194638387,0.0438635976188177,0.515599792932682,883.917310536538,728.762587098605,1101.02925403254,601.273289860345,1105.71714611781,1238.51312071894,1198.65715272652,1118.85684726953,1024.65171664879,926.740530388731,"ATP6V1G1"
"ENSG00000152520",312.233699867724,-0.480363620958978,0.238405045492561,-2.0149054310764,0.0439145588374408,0.515599792932682,308.500680592074,358.535604347977,295.478615400036,541.508173699528,285.035428700357,255.811361644987,199.048675033973,269.407689873812,337.728541397973,271.28222798652,"PAN3"
"ENSG00000095951",165.097943357101,-0.607778118623837,0.301665433717686,-2.01474232938675,0.0439316545018106,0.515599792932682,140.227582087306,326.059553229501,207.165174484383,159.373643095513,123.928447261025,163.140075916992,108.254542562336,104.503338776674,197.008315815484,121.318760341798,"HIVEP1"
"ENSG00000120699",142.571967502068,-0.752745307670135,0.373630158625816,-2.01468026681432,0.0439381611272061,0.515599792932682,143.128842406354,155.885045368685,201.387659658125,253.548977651953,85.3729303353726,167.001379488991,96.0322554988468,51.7722962746827,194.923571732781,76.666716604886,"EXOSC8"
"ENSG00000136247",492.988030225027,0.482274999738017,0.239383753228642,2.01465217765795,0.0439411062551526,0.515599792932682,323.974068960328,344.246141855847,401.124600794462,522.492000375632,619.642236305124,508.726745610974,599.765086615525,748.780803528281,378.381051010692,482.747567193403,"ZDHHC4"
"ENSG00000148082",18.7857454869609,1.59328582470281,0.790894326364376,2.01453692559272,0.0439531920966908,0.515599792932682,4.83543386507953,9.09329431317332,18.983263000561,0.905532063042689,50.9483616517546,16.4105401809991,15.7143690816295,19.1749245461788,2.08474408270354,49.7069920844865,"SHC3"
"ENSG00000123349",3296.3740575424,0.590227628034846,0.292996702810159,2.01445143366433,0.04396215897154,0.515599792932682,2125.65672708896,1995.32858071917,2882.97989830259,3112.31370067772,4115.80143181337,2526.25786198087,5030.3441471305,5778.36351199097,2911.34511149549,2485.34960422433,"PFDN5"
"ENSG00000138316",25.7478620577069,-0.906344407546699,0.44998468380915,-2.01416723759225,0.0439919781572593,0.515599792932682,49.3214254238112,19.4856306710857,19.8086222614549,54.3319237825613,20.6547412101708,12.5492366089993,27.0636356405841,21.0924170007966,10.4237204135177,22.747267564087,"ADAMTS14"
"ENSG00000088367",624.107219922406,0.671488378620351,0.33345985428483,2.01370080983358,0.0440409549564099,0.515599792932682,414.880225623823,649.521022369523,465.502623144191,312.408561749728,912.939561489549,469.148383997976,705.400567664257,1023.94097076595,347.109889770139,940.220392648931,"EPB41L1"
"ENSG00000133985",19.8180256072016,1.53255827803361,0.761086054064391,2.0136465119146,0.0440466594473176,0.515599792932682,7.73669418412724,15.5885045368685,1.65071852178791,12.6774488825976,6.8849137367236,16.4105401809991,52.3812302720983,27.8036405919592,3.12711612405531,53.9194490407989,"TTC9"
"ENSG00000148840",207.820275560774,-0.700863327898151,0.348143822682452,-2.01314308120705,0.0440995791360484,0.515599792932682,170.207272050799,223.435231695116,171.674726265943,515.24774387129,159.729998691988,204.649089315989,158.889731825365,106.420831231292,205.347292146299,162.600838513659,"PPRC1"
"ENSG00000083642",101.293578688749,-0.519482075118087,0.258051561926701,-2.01309409344185,0.044104731501918,0.515599792932682,103.478284712702,171.473549905554,119.677092829623,101.419591060781,83.9959475880279,101.359218764995,68.0955993537277,66.1534896843167,88.6016235149004,108.68138947286,"PDS5B"
"ENSG00000117650",53.758020769469,-1.58989259835297,0.790283078761954,-2.01180139253857,0.0442408771061836,0.515599792932682,90.9061566634951,140.296540831817,110.59814095979,17.2051091978111,6.8849137367236,31.8557544689983,10.4762460544197,0.958746227308938,89.6439955562522,38.7546039980742,"NEK2"
"ENSG00000225398",9.36364868993049,1.91007508268055,0.94956052650975,2.01153589408493,0.0442688829251101,0.515599792932682,4.83543386507953,2.59808408947809,6.60287408715164,0,9.63887923141304,2.89597767899985,9.60322554988468,34.5148641831218,1.04237204135177,21.9047761728246,"PGM5P4"
"ENSG00000104870",330.829930966103,0.815049923128809,0.405218855749171,2.01138202619407,0.0442851203614091,0.515599792932682,188.581920738102,188.361096487162,199.736941136337,332.330267136667,363.523445299006,191.13452681399,598.89206611099,745.904564846354,181.372735195208,318.461745897219,"FCGRT"
"ENSG00000144589",76.186693662366,-0.759289560859122,0.377546070283564,-2.01111763734911,0.044313032638479,0.515599792932682,60.926466700002,79.2415647290818,61.0765853061527,201.93365005852,79.8649993459938,52.1275982219973,53.2542507766332,63.2772510023899,60.4575783984026,49.7069920844865,"STK11IP"
"ENSG00000165912",114.878388731755,0.782170777213218,0.388932396271651,2.01107129339493,0.04431792682961,0.515599792932682,58.0252063809543,132.502288563383,73.456974219562,57.9540520347321,159.729998691988,136.110950912993,187.699408475019,168.739336006373,44.8219977781261,129.743674254422,"PACSIN3"
"ENSG00000233521",54.2716379508073,-0.986118204868409,0.490389351571628,-2.01088829051455,0.0443372574557006,0.515599792932682,44.4859915587317,55.858807923779,41.2679630446978,166.617899599855,67.4721546198913,18.341191966999,55.8733122902382,32.5973717285039,23.9745569510907,36.2271298242868,"LINC01638"
"ENSG00000115816",124.908592934825,0.465146776297105,0.231322722038629,2.01081317130372,0.0443451943705871,0.515599792932682,125.721280492068,94.8300692659503,116.375655786048,69.725968854287,133.567326492438,136.110950912993,144.921403752805,113.132054822455,160.525294368173,154.175924601034,"CEBPZ"
"ENSG00000092607",260.220427825722,-0.432496484082388,0.215086460755778,-2.01080292345073,0.0443462772269883,0.515599792932682,240.80460648096,402.703033869104,312.811159878809,277.092811291063,217.563274080466,288.632442006985,178.096182925134,226.264109644909,232.448965221445,225.787692858345,"TBX15"
"ENSG00000160075",1742.40489541287,0.426175368360214,0.211980672723256,2.01044445649342,0.0443841692774148,0.515599792932682,1426.45299019846,1218.50143796523,1790.20423687899,1341.99851742927,1966.33136320826,1683.52835739191,2540.48966819677,2301.94969176876,1666.75289412148,1487.83979696955,"SSU72"
"ENSG00000099849",46.3835754512944,0.985426349466806,0.490187042965033,2.01030680759365,0.0443987268279679,0.515599792932682,19.3417354603181,58.4568920132571,23.1100593050307,17.2051091978111,26.1626721995497,90.7406339419953,50.6351892630283,76.699698184715,23.9745569510907,77.5092079961484,"RASSF7"
"ENSG00000157014",352.638729711694,0.359716169570619,0.178954062571807,2.01010339972739,0.0444202463285936,0.515599792932682,302.698159953978,296.181586200502,327.6676265749,278.903875417148,414.471806950761,361.031883981981,464.446908412605,423.765832470551,299.160775867958,358.058841286555,"TATDN2"
"ENSG00000189077",191.420212833708,0.477055643021931,0.237331197786527,2.01008399852694,0.0444222993349843,0.515599792932682,170.207272050799,166.277381726598,155.167541048064,128.585552952062,224.448187817189,181.481267883991,233.096474710837,311.592523875405,160.525294368173,182.820631903959,"TMEM120A"
"ENSG00000161692",70.3899588230524,-0.821144460262901,0.408567046474874,-2.0098156896102,0.0444506995995195,0.515599792932682,58.9922931539702,151.987919234468,93.2655964810169,76.9702253586286,44.063447915031,85.9140044769955,40.1589432086087,21.0924170007966,79.2202751427345,52.234466258274,"DBF4B"
"ENSG00000087088",1332.65444774392,0.50149045452492,0.249528084085418,2.00975556063361,0.0444570663001644,0.515599792932682,1250.44319750957,1005.45854262802,1230.61065799289,779.663106279755,1744.63714088576,1400.68787074293,1982.62956579892,1746.83562615688,945.431441506055,1240.14732793838,"BAX"
"ENSG00000163629",559.624511150082,-0.670567940629265,0.333662004202556,-2.00972221045038,0.0444605978849573,0.515599792932682,715.64421203177,979.477701733241,626.447679018512,559.618814960382,472.305082339239,618.773897412968,326.509668696079,222.429124735674,733.829917111646,341.209013461306,"PTPN13"
"ENSG00000204310",741.300906236086,0.416827343449087,0.207490419947423,2.00889922317719,0.0445478223358145,0.515599792932682,550.27237384605,487.140766777142,620.670164192254,809.545664360164,844.090424122313,813.769727798958,908.814345220905,999.013568855913,745.296009566515,634.39601762065,"AGPAT1"
"ENSG00000114737",15.5652634426954,-0.880098579596909,0.438124824958349,-2.00878500705952,0.0445599389520114,0.515599792932682,10.637954503175,23.3827568053028,24.7607778268187,27.1659618912807,11.0158619787578,9.6532589299995,16.5873895861645,9.58746227308938,9.38134837216593,13.4798622601997,"CISH"
"ENSG00000112742",39.3354283821181,-1.45015041355529,0.721961057497636,-2.0086269176091,0.0445767144579669,0.515599792932682,36.7492973746044,122.10995220547,79.2344890458197,16.2995771347684,2.75396549468944,47.3009687569975,9.60322554988468,4.79373113654469,45.8643698194779,28.6447073029244,"TTK"
"ENSG00000197948",108.262762850999,-0.806896529689553,0.401784374616852,-2.00828250341747,0.0446132800788491,0.515599792932682,78.3340286142883,100.026237444907,92.440237220123,311.503029686685,93.6348268194409,82.0527009049957,93.4131939852419,93.9571302762759,87.5592514735486,49.7069920844865,"FCHSD1"
"ENSG00000152795",1265.13601348551,-0.709388465973651,0.353236822661019,-2.00825174632037,0.0446165467157742,0.515599792932682,1252.3773710556,856.068707483031,1093.60102068449,3395.74523641008,871.630079069208,1221.13725464494,1024.92607232406,962.581212218174,1147.6516175283,825.641563437233,"HNRNPDL"
"ENSG00000151229",55.1406386495813,-0.76093481752423,0.378946679816577,-2.00802608401939,0.0446405199349792,0.515599792932682,51.255598969843,76.6434806396037,56.9497890016829,107.75831550208,28.9166376942391,61.7808571519968,22.6985331179092,52.7310425019916,61.4999504397544,31.1721814767119,"SLC2A13"
"ENSG00000171345",138.404428632738,1.01054151995888,0.503377804007754,2.00752101485849,0.0446942153028725,0.515599792932682,96.7086773015905,67.5501863264304,164.246492917897,15.3940450717257,117.043533524301,77.226071439996,177.223162420599,172.574320915609,218.898128683872,277.179667725357,"KRT19"
"ENSG00000100209",132.256404923398,0.535702403688053,0.266867072141288,2.00737542998349,0.044709702965029,0.515599792932682,100.577024393654,114.315699937036,99.8684705681686,102.325123123824,137.698274734472,116.804433052994,186.826387970484,229.140348326836,127.169389044916,107.838898081598,"HSCB"
"ENSG00000119772",83.1448323900931,-0.605225994877337,0.301602344685235,-2.00670188923424,0.0447814147509065,0.515599792932682,82.202375706352,123.408994250209,63.5526630888345,149.412790402044,81.2419820933385,79.1567232259959,46.2700867403535,65.1947434570078,71.9236708532721,69.0842940835236,"DNMT3A"
"ENSG00000165801",456.889326740376,-0.436225381626935,0.217445941406982,-2.00613255324216,0.0448421075106122,0.515599792932682,542.535679661923,566.382331506224,429.186815664857,628.439251751626,510.860599264891,354.274602730982,457.462744376325,305.840046511551,318.965844653642,454.945351281741,"ARHGEF40"
"ENSG00000080986",47.9976506072513,-1.1408142784194,0.568663562403616,-2.00613219105763,0.0448421461425344,0.515599792932682,50.2885121968271,96.1291113106894,119.677092829623,19.9217053869392,9.63887923141304,52.1275982219973,23.5715536224442,13.4224471823251,61.4999504397544,33.6996556504993,"NDC80"
"ENSG00000013583",788.605780920342,0.509985217763669,0.254226296853967,2.0060285819158,0.0448531986238668,0.515599792932682,576.38371671748,694.98749393539,765.93339410959,477.215397223497,1115.35602534922,633.253785807967,903.576222193695,1190.7628143177,603.533411942675,925.055547606206,"HEBP1"
"ENSG00000090615",1223.46663832443,-0.513865066387786,0.256253714462775,-2.00529802061633,0.0449311963143934,0.515599792932682,1116.01813606035,1934.27360461644,983.002879724701,1933.31095459614,1341.18119591376,1221.13725464494,870.401443021366,883.005275351532,994.422927449588,957.912711865443,"GOLGA3"
"ENSG00000168209",854.463194683375,-0.696016794792736,0.347149619497371,-2.00494759521984,0.0449686497243878,0.515599792932682,866.509748622251,1434.14241739191,1495.55098073985,640.211168571181,812.419820933385,470.113709890976,931.512878338814,594.422660931542,961.067022126332,338.681539287518,"DDIT4"
"ENSG00000064042",282.606901537917,1.15351550750861,0.575343237829426,2.004917120188,0.0449719081348496,0.515599792932682,101.54411116667,229.930441918811,92.440237220123,228.194079886758,162.483964186677,93.6366116209951,171.985039393389,181.203036961389,844.321353494933,720.330139529423,"LIMCH1"
"ENSG00000178177",52.5562939485949,-0.632075860243558,0.315340225807721,-2.0044250892018,0.0450245439746841,0.515599792932682,73.4985947492088,85.736774952777,59.4258667843648,48.8987314043052,38.5555169256522,63.7115089379967,27.9366561451191,33.5561179558128,52.1186020675885,42.1245695631242,"LCORL"
"ENSG00000014919",201.952891366202,-0.414864875111751,0.207008323663486,-2.00409755400057,0.0450596113939083,0.515599792932682,223.397044566674,236.425652142506,188.181911483822,302.447709056258,177.630774407469,164.105401809991,142.3023422392,188.873006779861,185.542223360615,210.622847815621,"COX15"
"ENSG00000141698",797.192732912848,0.567216503669136,0.283051060960105,2.0039370343469,0.0450768057703762,0.515599792932682,609.26466700002,531.30819629827,720.538634760423,612.139674616858,1102.96318062312,618.773897412968,1083.4184461279,1256.91630400202,475.321650856407,961.282677430493,"NT5C3B"
"ENSG00000115942",94.6579631575514,-0.53468729818734,0.266909471692918,-2.00325336825252,0.0451500999699474,0.515995615509159,121.852933400004,88.3348590422551,112.248859481578,142.168533897702,67.4721546198913,93.6366116209951,55.0002917857032,67.1122359116257,109.449064341936,89.3040874738232,"ORC2"
"ENSG00000170776",231.183472475364,-0.596935621718849,0.298040057235779,-2.00287044384311,0.0451911962567211,0.516023103147166,211.792003290483,309.172006647893,170.849367005049,469.065608656113,185.892670891537,227.816910747988,137.937239716525,178.326798279462,209.516780311706,211.465339206883,"AKAP13"
"ENSG00000104805",1204.8344194352,0.601030219048157,0.300310416268835,2.00136321115855,0.045353262251239,0.517311542442936,729.183426853993,935.310272212113,854.246835025244,1159.98657275768,1496.78024636371,1055.10120104895,2106.59847744289,1892.56505270784,771.35531060031,1047.21679933927,"NUCB1"
"ENSG00000176444",186.76123404907,-0.84454046591796,0.422062099660951,-2.00098626859979,0.0453938696914877,0.517311542442936,179.878139780958,123.408994250209,149.390026221806,564.146475275595,177.630774407469,112.943129480994,168.492957375249,174.491813370227,135.50836537573,81.7216649524609,"CLK2"
"ENSG00000080345",185.726853768011,-0.603817180477378,0.301796896321018,-2.00074019261982,0.0454203956062591,0.517311542442936,186.64774719207,315.667216871588,153.516822526276,279.809407480191,111.535602534922,151.556165200992,106.508501553266,150.523157687503,239.745569510907,161.758347122397,"RIF1"
"ENSG00000123908",172.336424366718,-0.896488819575257,0.448184497634813,-2.00026735486449,0.0454714021186551,0.517450588785413,125.721280492068,509.224481537706,202.213018919019,117.71916819555,133.567326492438,191.13452681399,87.3020504534971,74.7822057300972,194.923571732781,86.7766133000358,"AGO2"
"ENSG00000145730",2333.69042297055,0.542962728438534,0.271565028001681,1.99938383978946,0.045566839075286,0.5180945718219,1628.57412575878,1365.29318902074,1848.80474440246,2482.96891686305,2434.50549730546,2729.94162540386,2961.28555138262,3348.90057199012,1387.39718703921,3149.23282053916,"PAM"
"ENSG00000186832",6.21379876135024,2.15946783633765,1.08038694807016,1.9987911184923,0.0456309591579653,0.518381688492149,0.967086773015906,7.79425226843427,0,0,1.37698274734472,6.75728125099965,11.3492665589546,10.5462085003983,3.12711612405531,20.2197933902996,"KRT16"
"ENSG00000078699",158.042939472788,-0.512378081144227,0.256405116660002,-1.99831457273004,0.045682566590018,0.518526289881762,133.457974676195,210.444811247725,142.787152134654,283.431535732362,158.353015944643,117.769758945994,129.207034671176,142.853187869032,132.381249251675,129.743674254422,"CBFA2T2"
"ENSG00000180747",14.7244285014487,-0.932489485231447,0.466735596487847,-1.99789665122687,0.0457278657855763,0.518599103726387,14.5063015952386,36.3731772526933,12.3803889134093,19.9217053869392,9.63887923141304,8.68793303699955,10.4762460544197,8.62871604578044,11.4660924548695,15.1648450427247,"SMG1P3"
"ENSG00000078269",695.160698958304,-0.688982520659718,0.344983362240242,-1.9971470977198,0.0458092059240762,0.519080186414108,740.788468130184,1358.79797879704,822.883183111273,679.149047282017,490.20585805472,858.174718876955,370.160693922828,282.830137056137,838.067121246823,510.549783105065,"SYNJ2"
"ENSG00000158636",133.193284715075,-0.508954127812658,0.254891854041101,-1.99674536374391,0.0458528514885444,0.519092550642366,141.194668860322,203.94960102403,127.930685438563,175.673220230282,117.043533524301,138.041602698993,73.3337223809376,99.7096076401295,143.847341706544,111.208863646648,"EMSY"
"ENSG00000064932",522.645833473853,-0.526487479738087,0.263715686580639,-1.99642079151441,0.0458881395521743,0.519092550642366,542.535679661923,953.49686083846,500.167712101737,565.052007338638,543.908185201164,322.418848261983,602.38414812913,412.260877742843,359.61835426636,424.615661196292,"SBNO2"
"ENSG00000055211",581.517942677491,0.439453877145717,0.22018300952229,1.99585734657346,0.0459494526026213,0.519345635051831,457.432043636523,352.040394124281,540.610315885541,565.957539401681,473.682065086584,680.554754564965,742.94044935926,795.759368666419,534.736857213458,671.465638836199,"GINM1"
"ENSG00000240875",69.8266439283156,0.891794546112141,0.447043097922885,1.99487376106627,0.0460566499492392,0.519444554575755,52.2226857428589,58.4568920132571,54.473711219001,19.9217053869392,75.7340511039596,123.561714303994,82.9369479308223,62.318504775081,27.101673075146,141.538553732097,"LINC00886"
"ENSG00000117597",157.509857953736,-0.767780365988799,0.384909201395535,-1.99470514917575,0.0460750474666805,0.519444554575755,130.556714357147,216.940021471421,326.016908053112,163.901303410727,81.2419820933385,111.012477694994,82.0639274262873,75.7409519574061,237.660825428203,149.963467644722,"DIEXF"
"ENSG00000118596",28.6511803299771,-0.914375308784369,0.458757483260519,-1.99315617106809,0.0462443487574511,0.520761826262004,31.9138635095249,50.6626397448228,23.1100593050307,54.3319237825613,11.0158619787578,33.7864062549982,8.73020504534971,17.2574320915609,31.2711612405531,24.432250346612,"SLC16A7"
"ENSG00000204592",1482.70624998814,0.642827863969904,0.322555447156652,1.99292205305003,0.0462699830636931,0.520761826262004,800.74784805717,904.133263138376,1175.31158751299,1555.70408430734,1963.57739771357,1300.29397787093,2259.37706573651,2625.04717037187,883.931491066301,1358.93861410639,"HLA-E"
"ENSG00000167716",117.360565890918,-0.549883661208933,0.27608316756728,-1.99173193372946,0.0464004779771636,0.520967317258693,136.359234995243,144.193666966034,118.026374307836,181.106412608538,114.289568029612,52.1275982219973,107.381522057801,104.503338776674,87.5592514735486,128.058691471897,"WDR81"
"ENSG00000006740",19.3643711402189,-0.832872546520295,0.418266093361959,-1.9912504497455,0.0464533599795002,0.520967317258693,41.5847312396839,25.9808408947809,14.8564666960912,22.6383015760672,19.2777584628261,10.6185848229995,13.0953075680246,12.4637009550162,14.5932085789248,18.5348106077746,"ARHGAP44"
"ENSG00000132017",85.0795587690245,-0.567068987844865,0.28479122838117,-1.99117434574175,0.0464617232212149,0.520967317258693,68.6631608841293,120.810910160731,105.645985394426,128.585552952062,41.3094824203416,91.7059598349952,73.3337223809376,79.5759368666419,77.1355310600309,64.0293457359487,"DCAF15"
"ENSG00000143067",89.3386783975249,-0.659092017098649,0.331054593334823,-1.99088618725811,0.0464934010971038,0.520967317258693,134.425061449211,61.0549761027352,89.9641594374411,172.051091978111,67.4721546198913,73.3647678679962,58.4923738038431,52.7310425019916,106.321948217881,77.5092079961484,"ZNF697"
"ENSG00000196876",181.676585731987,-0.883428725629003,0.443915985562745,-1.99008090350496,0.0465820240653115,0.520967317258693,159.569317547624,184.463970352945,131.232122482139,526.114128627802,163.860946934022,206.579741101989,53.2542507766332,119.843278413617,169.906642740338,101.94145834276,"SCN8A"
"ENSG00000164081",185.888473468294,0.584654665963234,0.293809448204579,1.98991104450848,0.0466007355094564,0.520967317258693,159.569317547624,103.923363579124,118.026374307836,190.161733238965,190.023619133571,167.001379488991,293.33488952375,310.633777648096,167.821898657635,158.388381557347,"TEX264"
"ENSG00000150456",78.333409427542,0.643236022677535,0.323476367054042,1.98851009900848,0.0467553032089161,0.521666645036876,78.3340286142883,51.9616817895618,79.2344890458197,24.4493657021526,103.273706050854,85.9140044769955,88.1750709580321,93.9571302762759,76.0931590186792,101.94145834276,"EEF1AKMT1"
"ENSG00000124608",64.6997429520726,-0.625010574398393,0.314337735502441,-1.98834089518196,0.0467740008007085,0.521666645036876,54.1568592888907,79.2415647290818,61.0765853061527,133.113213267275,61.9642236305124,54.0582500079972,48.0161277494234,39.3085953196665,60.4575783984026,55.6044318233239,"AARS2"
"ENSG00000158373",46.5889195678324,1.20233371009985,0.604801308004303,1.98798133236064,0.0468137545939644,0.521666645036876,6.76960741111134,48.0645556553447,41.2679630446978,9.05532063042689,60.5872408831677,27.0291250039986,83.8099684353572,75.7409519574061,16.6779526616283,96.8865099951856,"HIST1H2BD"
"ENSG00000053900",98.9900388877191,-0.584340799899339,0.294043954651335,-1.98725663512527,0.0468939645831778,0.521666645036876,115.083325988893,90.9329431317332,86.6627223938653,201.93365005852,74.3570683566149,83.9833526909956,74.2067428854726,68.0709821389346,96.9405998457146,97.729001386448,"ANAPC4"
"ENSG00000250317",344.309377176565,0.402467266331351,0.202541040032661,1.98708995602299,0.0469124290877648,0.521666645036876,296.895639315883,249.416072589897,298.780052443612,308.786433497557,366.277410793695,348.482647372982,486.272421025979,464.991920244835,310.626868322827,312.564306158381,"SMIM20"
"ENSG00000104915",507.296522230504,0.390094854130642,0.19631551567125,1.98708111682774,0.0469134084536431,0.521666645036876,481.609212961921,405.301117958582,460.550467578827,362.212825217076,666.459649714844,533.825218828972,658.257460419368,604.96886943194,470.109790649648,429.670609543866,"STX10"
"ENSG00000198901",158.294323871303,-1.09309884403595,0.550335087965339,-1.9862423238854,0.0470064234027366,0.521666645036876,170.207272050799,405.301117958582,255.861370877126,98.7029948716531,45.4404306623758,166.036053595991,45.3970662358185,28.7623868192681,192.838827650077,174.395717991334,"PRC1"
"ENSG00000049656",902.346211770882,0.416912001403599,0.210005466334522,1.9852435685626,0.0471173791082198,0.522364493072592,793.978240646058,553.391911058834,657.811330932482,998.801865536086,1010.70533655102,1105.29814748494,1126.19645085011,1077.63075949525,906.86367597604,792.784399177997,"CLPTM1L"
"ENSG00000136877",385.676764434966,-0.343206728015375,0.172926655970608,-1.98469533854694,0.0471783777595073,0.522499036202495,483.543386507953,522.214901985096,415.981067490553,346.81878014535,356.638531562282,326.280151833983,379.763919472712,317.345001239258,340.855657522029,367.326246590443,"FPGS"
"ENSG00000122877",21.6939441832233,-2.12955596522946,1.07324216320645,-1.9842268951372,0.0472305515888803,0.522499036202495,13.5392148222227,14.2894624921295,1.65071852178791,132.207681204233,0,38.613035719998,1.74604100906994,6.71122359116257,3.12711612405531,5.0549483475749,"EGR2"
"ENSG00000143401",309.505771045344,-0.744606954080933,0.375315085376043,-1.98395157320916,0.04726123875951,0.522499036202495,460.333303955571,466.356094061317,519.150975102298,187.445137049837,172.12284341809,268.360598253986,145.79442425734,157.234381278666,446.135233698557,272.124719377782,"ANP32E"
"ENSG00000136381",385.614777771671,-0.455688315219258,0.229733954132399,-1.98354795633142,0.0473062558951035,0.522499036202495,444.859915587316,467.655136106056,447.344719404524,481.743057538711,338.737755846801,356.205254516982,204.286798061183,277.077659692283,412.779328375301,425.458152587554,"IREB2"
"ENSG00000230124",13.2282449004468,-1.50713792209422,0.759931452993833,-1.98325508985933,0.0473389431301267,0.522499036202495,8.70378095714315,2.59808408947809,9.07895186983351,66.1038406021163,5.50793098937888,5.7919553579997,11.3492665589546,7.6699698184715,10.4237204135177,5.0549483475749,"ACBD6"
"ENSG00000177030",479.196954173894,0.465785191240554,0.234924810731987,1.98269901671621,0.0474010594979455,0.522499036202495,411.01187853176,468.954178150796,382.141337793901,298.825580804087,590.725598610885,416.055459882978,697.543383123442,658.65865816124,401.313235920431,466.740230759416,"DEAF1"
"ENSG00000102710",222.346556578731,-0.515625663389543,0.260065659387451,-1.9826749314155,0.0474037515037129,0.522499036202495,282.389337720644,232.528526008289,223.672359702262,345.913248082307,191.400601880916,236.504843784988,151.905567789085,116.008293504381,245.999801759018,197.142985555421,"SUPT20H"
"ENSG00000104147",29.802630517532,-1.31406219808042,0.662937197972551,-1.98218202583773,0.0474588716329014,0.522534391642115,41.5847312396839,88.3348590422551,45.3947593491675,10.8663847565123,9.63887923141304,44.4049910779977,7.85718454081474,4.79373113654469,33.3559053232566,11.7948794776748,"OIP5"
"ENSG00000166436",52.0579924287476,-0.898210138116755,0.453275831975144,-1.98159724113861,0.0475243362089857,0.522534391642115,31.9138635095249,53.2607238343009,37.9665260011219,164.806835473769,49.5713789044099,31.8557544689983,35.7938406859338,43.1435802289022,38.5677655300155,33.6996556504993,"TRIM66"
"ENSG00000146830",300.174885464399,-0.737156069639534,0.372001226324593,-1.98159580526845,0.0475244970429546,0.522534391642115,207.92365619842,300.07871233472,236.052748615671,835.806094188402,212.055343091087,243.262125035987,246.191782278862,303.922554056933,199.093059898188,217.362778945721,"GIGYF1"
"ENSG00000203778",128.755099992001,0.395548937670255,0.199738650495143,1.98033248292059,0.0476661811080941,0.523660508598559,101.54411116667,129.904204473905,101.519189089956,101.419591060781,132.190343745093,130.318995554993,173.731080402459,153.39939636943,139.677853541137,123.846234515585,"FAM229B"
"ENSG00000130713",166.991708671248,-0.458924391964989,0.231918916641622,-1.97881396916902,0.0478369551327994,0.524407445704601,200.186962014292,224.734273739855,183.229755918458,191.067265302007,121.174481766335,172.793334846991,155.397649807225,98.7508614128206,192.838827650077,129.743674254422,"EXOSC2"
"ENSG00000178104",1205.37437829605,-0.553500070034817,0.279849938808473,-1.97784595698493,0.047946087193375,0.524407445704601,1784.27509621435,1130.16657892297,1476.56771773929,1569.28706525298,1315.01852371421,751.023544753961,910.560386229975,590.587676022306,1017.35511235933,1508.90208175111,"PDE4DIP"
"ENSG00000167705",45.406233749366,0.868589029581845,0.439220528798635,1.97756929066505,0.0479773165038664,0.524407445704601,36.7492973746044,40.2703033869104,24.7607778268187,19.9217053869392,85.3729303353726,25.0984732179987,47.1431072448884,92.039637821658,27.101673075146,55.6044318233239,"RILP"
"ENSG00000143631",37.8620813370832,1.34669138228382,0.681032189701256,1.9774269155685,0.0479933940616936,0.524407445704601,20.308822233334,9.09329431317332,15.6818259569851,33.5046863325795,19.2777584628261,47.3009687569975,45.3970662358185,11.5049547277073,15.6355806202765,160.915855731134,"FLG"
"ENSG00000171298",189.60406727132,0.831182060808672,0.420341363013304,1.97739773894763,0.0479966893597627,0.524407445704601,115.083325988893,88.3348590422551,94.0909557419109,219.138759256331,176.253791660124,142.868232163993,371.906734931898,411.302131515534,113.618552507343,163.443329904922,"GAA"
"ENSG00000130382",357.40247315955,-0.743178446497286,0.37587079200372,-1.9772178692989,0.0480170085950799,0.524407445704601,328.809502825408,908.030389272593,429.186815664857,219.138759256331,450.273358381723,257.742013430987,258.414069342351,193.666737916405,235.5760813455,293.187004159344,"MLLT1"
"ENSG00000149743",259.949362915014,0.56415864270021,0.285386662567606,1.97682203374366,0.0480617501890329,0.524407445704601,211.792003290483,141.595582876556,203.863737440807,249.926849399782,269.888618479565,278.013857183986,374.525796445503,454.445711744437,215.771012559816,199.670459729208,"TRPT1"
"ENSG00000198483",43.8265331246025,0.903470206094078,0.45705667849381,1.97671371758834,0.0480739993488278,0.524407445704601,56.0910328349225,33.7750931632152,13.2057481743033,12.6774488825976,56.4562926411335,34.7517321479982,70.7146608673327,50.8135500473737,36.4830214473119,73.296751039836,"ANKRD35"
"ENSG00000170175",63.4478583900371,0.641132239625516,0.324362866477123,1.9765895109659,0.04808804874385,0.524407445704601,48.3543386507953,46.7655136106057,36.315807479334,57.9540520347321,125.305430008369,77.226071439996,73.3337223809376,67.1122359116257,44.8219977781261,57.2894146058489,"CHRNB1"
"ENSG00000165671",602.710116707007,-0.555278696302308,0.28117105512965,-1.9748785878627,0.0482819278527386,0.525678974802196,644.079790828593,1022.34608920963,606.639056757057,709.031605362425,684.360425430326,533.825218828972,378.890898968178,390.209714514738,718.194336491369,339.524030678781,"NSD1"
"ENSG00000226564",93.2520355935063,0.946585055258141,0.4794961372047,1.97412446485265,0.0483675921446744,0.525678974802196,42.5518180126998,23.3827568053028,131.232122482139,41.6544748999637,106.027671545543,58.8848794729969,186.826387970484,161.069366187902,64.6270665638097,116.263811994223,"FTH1P20"
"ENSG00000006025",18.1245440993207,-1.39941218263404,0.70893174465478,-1.97397308441237,0.0483848035197721,0.525678974802196,22.2429957793658,3.89712613421714,8.25359260893955,80.5923536107993,19.2777584628261,7.7226071439996,11.3492665589546,10.5462085003983,11.4660924548695,5.89743973883738,"OSBPL7"
"ENSG00000126756",687.480702635795,0.555711746985907,0.281594585731245,1.97344613548884,0.0484447557146852,0.525678974802196,526.095204520653,428.683874763885,643.780223497285,546.035834014741,739.439735324115,572.43825454897,1145.40290194988,1142.82550295225,581.643599074287,548.461895711877,"UXT"
"ENSG00000147799",32.3750978871422,-0.667802101179856,0.33844111411427,-1.97317073289855,0.0484761137191423,0.525678974802196,36.7492973746044,59.7559340579961,42.0933223055917,28.0714939543234,35.8015514309627,23.1678214319988,21.8255126133743,29.7211330465771,18.7626967443319,27.8022159116619,"ARHGAP39"
"ENSG00000050165",621.161714152884,0.888176587664757,0.450199367642771,1.97285169971522,0.0485124609183437,0.525678974802196,401.341010801601,226.033315784594,252.55993383355,764.269061208029,1162.17343875894,1177.69758945994,271.509376910376,716.183431799777,376.296306927989,863.553676044045,"DKK3"
"ENSG00000080493",73.4218940751818,0.892653897967537,0.452557145797925,1.97246669565598,0.0485563546001713,0.525678974802196,25.1442560984135,29.8779670289981,65.2033816106225,73.3480971064578,52.3253443990994,69.5034642959964,46.2700867403535,174.491813370227,75.0507869773274,123.003743124323,"SLC4A4"
"ENSG00000177700",2739.92169966977,0.596107810047616,0.302328362434754,1.97172308031888,0.0486412273837356,0.525678974802196,2127.59090063499,2501.9549781674,2671.68792751373,1084.82741152514,3129.88178471455,2297.47562533988,4818.20016452851,3649.94688736513,2233.80328461684,2883.84803229148,"POLR2L"
"ENSG00000167397",343.401240089953,0.76558751128931,0.388285773424017,1.97171146534198,0.0486425540503923,0.525678974802196,228.232478431754,149.38983514499,271.543196834111,317.841754127984,267.134652984876,294.424397364985,736.829305827516,651.947434570078,203.262548063595,313.406797549644,"VKORC1"
"ENSG00000084774",228.222340716422,-0.461189386703086,0.233984145334127,-1.97102836196235,0.0487206318097118,0.525678974802196,277.553903855565,290.985418021546,192.308707788292,330.519203010581,265.757670237531,197.89180806499,206.032839070253,165.863097324446,205.347292146299,149.963467644722,"CAD"
"ENSG00000197183",119.839659591117,-0.509513095642055,0.258509429460875,-1.97096522438138,0.0487278536559998,0.525678974802196,120.885846626988,119.511868115992,151.866104004488,190.161733238965,110.158619787578,96.532589299995,66.3495583446578,100.668353867438,138.635481499785,103.626441125285,"NOL4L"
"ENSG00000173264",475.418889415253,0.602971434510643,0.306000602589028,1.97049100364178,0.0487821250315054,0.525678974802196,332.677849917471,462.4589679271,427.536097143069,228.194079886758,578.332753884782,423.778067026978,707.146608673327,797.676861121036,304.372636074717,492.01497249729,"GPR137"
"ENSG00000119632",602.482802056801,0.591030763530337,0.300008544437728,1.97004643530416,0.0488330489661176,0.525678974802196,489.345907146048,423.487706584929,629.749116062088,305.164305245386,870.253096321863,531.894567042972,919.290591275325,918.478885761963,480.533511063166,456.630334064266,"IFI27L2"
"ENSG00000180488",95.4330078107528,-0.487748349842249,0.247611788932882,-1.96981069416876,0.048860070489157,0.525678974802196,97.6757640746064,98.7271954001675,110.59814095979,153.940450717257,68.849137367236,86.8793303699955,59.365394308378,90.1221453670402,93.8134837216593,94.3590358213981,"MIGA1"
"ENSG00000059758",286.236052197073,-0.515239701805956,0.261598024487754,-1.96958559918359,0.048885883424299,0.525678974802196,361.690453107949,329.956679363718,298.780052443612,405.678364243125,254.741808258773,291.528419685985,147.54046526641,171.6155746883,334.601425273918,266.227279638945,"CDK17"
"ENSG00000103248",89.7644082746422,-0.599750949431341,0.304509837895147,-1.96956181638327,0.0488886114031728,0.525678974802196,73.4985947492088,128.605162429166,70.9808964368801,178.38981641941,71.6031028619254,64.6768348309966,77.6988249036124,85.3284142304955,76.0931590186792,70.7692768660486,"MTHFSD"
"ENSG00000160703",272.980737521303,0.538967097695637,0.273823909151274,1.96829816419677,0.0490337410636955,0.525678974802196,204.055309106356,292.284460066285,190.657989266504,172.051091978111,473.682065086584,222.990281282988,332.620812227824,336.519925785437,216.813384601168,288.132055811769,"NLRX1"
"ENSG00000130165",729.787207123612,0.561231489304907,0.285162338946359,1.96811223872897,0.0490551249716979,0.525678974802196,601.527972815893,583.269878087832,720.538634760423,365.834953469246,797.273010712593,902.579709954953,1164.60935304965,1029.6934481298,651.482525844856,481.062584410878,"ELOF1"
"ENSG00000063169",96.8824962928543,-0.674710606808716,0.342873898168633,-1.96780977033392,0.0490899295936766,0.525678974802196,91.873243436511,223.435231695116,89.9641594374411,95.0808666194824,99.1427578088198,45.3703169709976,91.667152976172,71.9059670481704,71.9236708532721,88.4615960825607,"BICRA"
"ENSG00000244414",15.2324182120057,2.27742057704282,1.15750130033156,1.96753176552845,0.049121937499541,0.525678974802196,5.80252063809543,0,12.3803889134093,0,4.13094824203416,0.96532589299995,18.3334305952344,69.0297283662435,2.08474408270354,39.5970953893367,"CFHR1"
"ENSG00000215105",161.362730386351,0.657589323296613,0.334327797593401,1.9668999348249,0.0491947480652932,0.525678974802196,129.589627584131,183.164928308205,94.9163150028048,73.3480971064578,112.912585282267,298.285700936985,215.636064620138,141.894441641723,170.94901478169,192.930528599109,"TTC3P1"
"ENSG00000129195",98.2570582038595,-1.36339469993457,0.693185261739962,-1.96685471429718,0.049199962635027,0.525678974802196,127.6554540381,298.779670289981,169.198648483261,25.3548977651953,31.6706031889286,114.873781266994,22.6985331179092,5.75247736385363,125.084644962212,61.5018715621613,"PIMREG"
"ENSG00000147853",1401.03750271356,0.437860636971125,0.222649427466025,1.96659224303615,0.0492302384627451,0.525678974802196,1183.71421017147,1143.15699937036,1384.12748051916,910.059723357902,1462.35567768009,1225.96388410994,1340.08647446118,2201.28133790132,1341.53281721973,1818.09642234444,"AK3"
"ENSG00000204186",120.935304655739,-0.528533321255964,0.26878745327205,-1.96636157983541,0.0492568581635454,0.525678974802196,132.490887903179,205.248643068769,123.803889134093,132.207681204233,99.1427578088198,112.943129480994,61.111435317448,94.9158765035849,121.957528838157,125.53121729811,"ZDBF2"
"ENSG00000178860",306.874966254599,0.526464720303168,0.267768244392399,1.96612082025553,0.0492846559186996,0.525678974802196,249.508387438104,268.901703260983,272.368556095005,180.200880545495,384.178186509177,373.581120590981,479.288256989699,335.561179558128,339.813285480677,185.348106077746,"MSC"
"ENSG00000166987",364.38740993469,-0.560179741273071,0.284980970930004,-1.96567419728056,0.049336257222826,0.525678974802196,330.74367637144,563.784247416746,391.220289663735,519.775404186503,451.650341129068,361.031883981981,311.668320118985,273.242674783047,273.101474834164,167.655786861234,"MBD6"
"ENSG00000084628",5.74849578307139,1.47457100756572,0.750188446048714,1.96560079714953,0.0493447419605156,0.525678974802196,2.90126031904772,5.19616817895618,1.65071852178791,1.81106412608538,5.50793098937888,12.5492366089993,8.73020504534971,8.62871604578044,2.08474408270354,8.42491391262483,"NKAIN1"
"ENSG00000117625",320.388344688641,-0.433872298508006,0.220795735613932,-1.96503930341592,0.0494096887199712,0.525678974802196,307.533593819058,310.471048692632,343.349452531885,555.996686708211,275.396549468944,308.904285759984,237.461577233512,277.077659692283,301.245519950661,286.447073029244,"RCOR3"
"ENSG00000166855",230.169117373985,-0.398927632864047,0.203024483555353,-1.96492376622784,0.0494230615479524,0.525678974802196,255.310908076199,311.770090737371,262.464244964278,248.115785273697,202.416463859674,164.105401809991,181.588264943274,179.285544506771,226.194732973334,270.439736595257,"CLPX"
"ENSG00000198792",1063.13779045778,0.400844449560247,0.204003098178495,1.96489393121629,0.0494265152884422,0.525678974802196,1064.76253709051,828.788824543511,674.318516150361,998.801865536086,1352.19705789251,1182.52421892494,1194.29205020384,1417.02692396261,950.643301712814,968.022608560593,"TMEM184B"
"ENSG00000172493",308.524775484263,-0.485347268900037,0.24718462855147,-1.96350101438033,0.0495879867297379,0.526536339406297,390.703056298426,414.394412271756,297.954693182718,386.662190919228,264.380687490186,273.187227718986,161.50879333897,216.67664737182,337.728541397973,342.051504852568,"AFF1"
"ENSG00000139645",707.55636030846,-0.616025892401394,0.313849547279149,-1.96280637567234,0.0496686767058133,0.526536339406297,645.046877601609,1379.58265151287,842.691805372728,709.031605362425,622.396201799813,750.058218860961,325.636648191544,392.127206969356,783.863775096531,625.128612316762,"ANKRD52"
"ENSG00000048140",1073.88692078395,0.310609692500915,0.158259613782973,1.96265923488772,0.0496857828629377,0.526536339406297,918.73243436511,897.638052914681,986.304316768276,950.808666194823,1240.66145535759,963.39524121395,1255.40348552129,1379.63582109756,1140.35501323884,1005.9347211674,"TSPAN17"
"ENSG00000112679",310.836553644225,0.471629657356472,0.240313300840744,1.9625616048153,0.0496971357761703,0.526536339406297,236.936259388897,185.763012397684,235.227389354777,350.440908397521,351.130600572904,340.760040228982,425.160985708531,411.302131515534,243.915057676314,327.729151201106,"DUSP22"
"ENSG00000148450",432.365940637427,0.624949347863634,0.318445840764437,1.96249806988663,0.049704525104036,0.526536339406297,381.999275341283,306.573922558415,317.763315444173,298.825580804087,432.372582666242,224.920933068988,658.257460419368,819.728024349142,401.313235920431,481.90507580214,"MSRB2"
"ENSG00000103657",165.068410645893,-0.577376362202169,0.294361146045753,-1.96145574902887,0.0498258821725608,0.527403008361463,118.951673080956,268.901703260983,163.421133657003,272.565150975849,143.206205723851,125.492366089993,115.238706598616,110.255816140528,135.50836537573,197.142985555421,"HERC1"
"ENSG00000189043",1235.91150892183,0.412434901821715,0.210387518955256,1.96035821834769,0.0499539357552261,0.528284318591397,1085.07135932385,1056.12118237284,1314.79730260407,668.282662525505,1430.68507449116,1194.10812964094,1403.81697129223,1347.03844936906,1615.67666409524,1243.51729350342,"NDUFA4"
"ENSG00000169994",8.91764694416307,1.23815636192454,0.631701456037367,1.96003404787355,0.049991810849459,0.528284318591397,1.93417354603181,7.79425226843427,5.77751482625769,4.52766031521344,4.13094824203416,7.7226071439996,17.4604100906994,8.62871604578044,17.7203247029801,13.4798622601997,"MYO7B"
"ENSG00000164619",452.463118573318,0.640001794739056,0.326577395620376,1.95972471861774,0.050027974385614,0.528284318591397,324.941155733344,470.253220195535,350.777685879931,210.988970688947,382.801203761832,415.090133989978,378.017878463643,784.254413938711,387.762399382858,819.744123698396,"BMPER"
"ENSG00000127564",39.1429226117578,-1.21278765463085,0.618997198475867,-1.95927809950845,0.0500802271037777,0.528417712723959,49.3214254238112,87.0358169975161,82.5359260893955,19.0161733238965,11.0158619787578,69.5034642959964,14.8413485770945,6.71122359116257,35.4406494059602,16.0073364339872,"PKMYT1"
"ENSG00000134882",456.902903370539,0.572778556866402,0.292495878178958,1.95824488342348,0.0502012847821183,0.528485548057289,296.895639315883,283.191165753112,337.571937705628,496.231570547394,424.110686182174,393.85296434398,707.146608673327,802.470592257581,365.872586514471,461.685282411841,"UBAC2"
"ENSG00000144426",85.9358062325858,-0.789087664004451,0.403001418050572,-1.95802701593827,0.0502268427076686,0.528485548057289,76.3998550682565,162.380255592381,97.3923927854867,124.057892636848,66.0951718725465,96.532589299995,22.6985331179092,39.3085953196665,92.7711116803075,81.7216649524609,"NBEAL1"
"ENSG00000127511",252.08308509789,-0.646521293584575,0.330224208834174,-1.95782524808541,0.0502505217194322,0.528485548057289,190.516094284133,277.994997574156,206.339815223489,612.139674616858,216.186291333121,162.174750023992,186.826387970484,207.089185098731,236.618453386852,224.945201467083,"SIN3B"
"ENSG00000186767",39.7291581655826,-0.86427684771047,0.441469138207514,-1.95772880346669,0.0502618435429891,0.528485548057289,49.3214254238112,63.6530601922132,51.9976334363192,53.4263917195186,12.3928447261025,66.6074866169966,15.7143690816295,21.0924170007966,30.2287891992013,32.8571642592368,"SPIN4"
"ENSG00000144028",384.37881525405,-0.589026977709093,0.300928687080475,-1.95736399684479,0.0503046882502191,0.528485548057289,284.323511266676,472.851304285013,352.428404401719,814.97885673842,315.329049141941,302.147004508984,247.937823287932,279.95389837421,366.914958555823,406.923341979779,"SNRNP200"
"ENSG00000109118",272.725116081865,-0.386780300959766,0.197680931032602,-1.95658882695154,0.0503958296917401,0.528485548057289,270.784296444454,380.61931910854,291.351819095566,326.897074758411,311.198100899907,230.712888426988,258.414069342351,221.470378508365,242.872685634962,192.930528599109,"PHF12"
"ENSG00000135249",75.4949208050304,-0.709561857325019,0.362761880956852,-1.95599894744568,0.0504652780958861,0.528485548057289,83.1694624793679,75.3444385948647,57.7751482625769,177.484284356367,55.0793098937888,69.5034642959964,41.9049842176786,48.8960575927558,57.3304622743473,88.4615960825607,"RINT1"
"ENSG00000198026",149.779876370785,-0.589349344851991,0.301344730629455,-1.9557313765565,0.0504968065022043,0.528485548057289,141.194668860322,172.772591950293,114.72493726426,321.463882380155,121.174481766335,102.324544657995,151.905567789085,116.96703973169,122.999900879509,132.27114842821,"ZNF335"
"ENSG00000149499",399.411216101662,-0.360111319400725,0.184162024061908,-1.9554048736979,0.0505353013349487,0.528485548057289,554.140720938114,502.729271314011,364.808793315128,420.166877251808,406.209910466692,326.280151833983,381.509960481782,332.684940876201,388.80477142421,316.776763114694,"EML3"
"ENSG00000213020",72.9213357544408,-0.711466910726986,0.363867280007777,-1.95529235470631,0.0505485730697231,0.528485548057289,56.0910328349225,168.875465816076,59.4258667843648,96.8919307455677,66.0951718725465,81.0873750119958,55.0002917857032,59.4422660931542,45.8643698194779,40.4395867805992,"ZNF611"
"ENSG00000103363",1901.30189811779,0.459546148959475,0.235033242049117,1.95523894812904,0.0505548734542783,0.528485548057289,1619.87034480164,1687.45561611602,1876.86695927285,1024.15676330128,2083.37489673256,1930.6517859999,2903.66619808331,2416.04049281852,1831.44767665506,1639.48824739679,"ELOB"
"ENSG00000173064",208.435911810393,-0.629422251048609,0.322099203224633,-1.95412545187095,0.0506863827669335,0.528485548057289,153.766796909529,235.126610097767,187.356552222928,481.743057538711,176.253791660124,168.932031274991,130.953075680246,209.965423780657,153.22869007871,187.033088860271,"HECTD4"
"ENSG00000185246",129.1661951068,-0.706209162779241,0.361429176268946,-1.95393512518684,0.05070888992631,0.528485548057289,143.128842406354,100.026237444907,99.0431113072746,330.519203010581,78.488016598649,110.047151801994,91.667152976172,125.595755777471,122.999900879509,90.1465788650857,"PRPF39"
"ENSG00000257093",93.0075735758995,-0.61346761476446,0.313973932812897,-1.95388072273515,0.0507153248487031,0.528485548057289,122.82002017302,85.736774952777,76.7584112631378,183.823008797666,92.2578440720962,87.8446562629954,65.4765378401228,66.1534896843167,53.1609741089403,96.0440186039231,"KIAA1147"
"ENSG00000145041",71.9018880743198,-0.630813776550098,0.322868627654885,-1.95377847990972,0.0507274203576048,0.528485548057289,61.893553473018,96.1291113106894,65.2033816106225,142.168533897702,53.7023271464441,53.0929241149972,37.5398816950038,66.1534896843167,69.8389267705686,73.296751039836,"DCAF1"
"ENSG00000168872",210.724503958676,-0.429094340935873,0.21966405137357,-1.95341175878677,0.0507708240013221,0.528485548057289,239.837519707945,318.265300961066,216.244126354216,224.571951634587,147.337153965885,166.036053595991,185.080346961414,169.698082233682,186.584595401967,253.589908770007,"DDX19A"
"ENSG00000174886",318.869209975309,0.499885354158229,0.255935914381334,1.95316610944027,0.0507999154689544,0.528485548057289,264.981775806358,249.416072589897,316.937956183279,190.161733238965,373.162324530419,288.632442006985,539.526671802612,400.755923015136,284.567567289033,280.549633290407,"NDUFA11"
"ENSG00000126351",840.055013916619,0.430970863822274,0.220691341212977,1.9528218073874,0.050840713560042,0.528497737139735,662.454439515895,715.772166651214,897.165516591729,503.475827051735,1173.1893007377,903.545035847953,1032.78325686487,1006.68353867438,720.279080574073,785.201976656634,"THRA"
"ENSG00000112282",78.2958628721363,-0.919694326312467,0.471174199656248,-1.95191996290001,0.0509477077787885,0.529197491157089,71.564421203177,50.6626397448228,56.1244297407889,258.076637967166,46.8174134097205,59.8502053659969,34.0477996768639,50.8135500473737,83.3897633081416,71.6117682573111,"MED23"
"ENSG00000131584",285.556703307745,-0.524905139117765,0.268998325482895,-1.95133236675536,0.0510175211968586,0.529246770191617,273.685556763501,313.06913278211,241.004904181035,569.579667653851,296.051290679115,214.302348245989,248.810843792467,265.572704964576,222.025244807927,211.465339206883,"ACAP3"
"ENSG00000165458",880.650803296089,-0.502905904116221,0.257837053410467,-1.95047956631592,0.0511189865362114,0.529246770191617,770.768158093677,1104.18573802819,834.438212763789,1567.47600112689,1042.37593973995,731.717026893962,630.320804274249,646.194957206224,854.745073908451,624.2861209255,"INPPL1"
"ENSG00000136527",788.221463001504,-0.417064015894697,0.213866599523703,-1.95011290600556,0.0511626633241815,0.529246770191617,1021.2436323048,810.602235917165,808.026716415182,1072.14996264254,554.924047179922,887.134495666954,667.860685969253,594.422660931542,887.058607190356,578.791585797326,"TRA2B"
"ENSG00000178999",65.9837802573408,-1.27609728293908,0.654706878726741,-1.9491123805218,0.0512820054839481,0.529246770191617,67.6960741111134,155.885045368685,127.105326177669,57.0485199716894,16.5237929681366,93.6366116209951,19.2064510997694,2.87623868192681,80.2626471840863,39.5970953893367,"AURKB"
"ENSG00000133895",257.135613407163,-0.335137528337963,0.171986703176697,-1.94862464450898,0.0513402668231371,0.529246770191617,285.290598039692,352.040394124281,292.17717835646,246.304721147611,238.218015290637,214.302348245989,258.414069342351,250.232765327633,217.85575664252,216.520287554458,"MEN1"
"ENSG00000169299",113.95804956997,-0.672098557142938,0.344920150858902,-1.94856274841964,0.0513476644329638,0.529246770191617,156.668057228577,128.605162429166,202.213018919019,99.6085269346958,53.7023271464441,111.977803587994,75.0797633900075,58.4835198658452,156.355806202765,96.8865099951856,"PGM2"
"ENSG00000115661",394.098592028826,0.409822521852075,0.210335683265816,1.94842128301242,0.0513645752469352,0.529246770191617,354.920845696837,270.200745305722,343.349452531885,346.81878014535,541.154219706475,353.309276837982,522.066261711913,483.208098563705,394.016631630969,331.941608157418,"STK16"
"ENSG00000143379",90.8665735836441,-0.734872509900957,0.377163148845905,-1.94842076207503,0.0513646375285493,0.529246770191617,70.5973344301611,84.437732908038,71.8062556977741,250.832381462825,66.0951718725465,67.5728125099965,75.0797633900075,74.7822057300972,79.2202751427345,68.2418026922611,"SETDB1"
"ENSG00000121900",298.905430603239,0.551397410860518,0.283001472100436,1.94839061001361,0.0513682425206579,0.529246770191617,232.100825523817,259.808408947809,229.44987452852,213.705566878075,349.753617825559,195.96115627899,446.11347781737,502.383023109884,230.364221138741,329.414133983631,"TMEM54"
"ENSG00000211445",19.9317890351275,1.58542639156956,0.813783115263289,1.94821735894165,0.0513889605906984,0.529246770191617,12.5721280492068,12.9904204473905,9.07895186983351,1.81106412608538,8.26189648406832,6.75728125099965,8.73020504534971,91.0808915943491,39.6101375713672,8.42491391262483,"GPX3"
"ENSG00000107372",1834.4513828301,0.457698594054297,0.235005039197413,1.94761182831408,0.0514614273672238,0.529584148762858,1759.13084011593,1622.50351387907,1309.84514703871,1304.87170284451,1331.54231668234,1983.7447101149,1761.75537815157,2017.20206225801,2316.15067588363,2937.76748133228,"ZFAND5"
"ENSG00000065526",286.801176205161,-0.695468499812623,0.357217952686931,-1.94690242912326,0.0515464333759519,0.529773678368319,256.277994849215,596.260298535222,263.289604225172,373.079209973588,320.83698013132,315.661567010984,171.112018888854,105.462085003983,273.101474834164,192.930528599109,"SPEN"
"ENSG00000113739",2681.45793770336,0.815123660876492,0.418770151198659,1.94647029771186,0.0515982724663395,0.529773678368319,833.628798339711,2264.23028398016,2306.8791341986,1964.09904473959,1887.84334660961,2916.24952275285,5424.07639467578,4914.53316118562,1122.63468853586,3180.40500201587,"STC2"
"ENSG00000204569",175.453356265302,-0.482080240152334,0.247785344151626,-1.94555590768653,0.0517081078190017,0.529773678368319,139.26049531429,250.715114634636,195.610144831867,260.793234156294,151.468102207919,111.977803587994,185.953367465949,150.523157687503,175.118502947097,133.113639819472,"PPP1R10"
"ENSG00000174010",63.1961104164744,-0.612289569488315,0.314765582513032,-1.94522401273959,0.0517480229751628,0.529773678368319,85.1036360253997,58.4568920132571,73.456974219562,101.419591060781,45.4404306623758,76.260745546996,37.5398816950038,38.3498490923575,72.9660428946239,42.9670609543866,"KLHL15"
"ENSG00000197128",53.2072110536676,-0.58372971387781,0.300085883245337,-1.94520884343159,0.051749847919246,0.529773678368319,65.7619005650816,98.7271954001675,52.8229926972131,48.8987314043052,57.8332753884782,47.3009687569975,35.7938406859338,48.8960575927558,40.652509612719,35.3846384330243,"ZNF772"
"ENSG00000173545",142.913884068573,0.54804528757663,0.281753470702305,1.94512346630748,0.0517601202213876,0.529773678368319,84.1365492523838,119.511868115992,123.803889134093,120.435764384678,170.745860670745,134.180299126993,206.032839070253,128.471994459398,104.237204135177,237.58257233602,"ZNF622"
"ENSG00000067365",283.446174807443,0.378273827465859,0.194488754315412,1.94496503819647,0.0517791863046438,0.529773678368319,236.936259388897,240.322778276723,254.210652355338,230.005144012843,251.987842764084,302.147004508984,387.621104013527,373.911028650486,305.415008116068,251.904925987482,"METTL22"
"ENSG00000176619",1272.30626054666,-0.888991871848323,0.457240552658803,-1.94425421515859,0.0518648028809445,0.529773678368319,1683.69807182069,3259.29649025027,1698.58935891976,388.473255045314,789.011114228524,1690.28563864291,685.321096059952,544.567857111477,1066.34659830286,917.473125084844,"LMNB2"
"ENSG00000006016",47.6911042415307,-0.837042285964206,0.430604384688215,-1.94387775816606,0.0519101939874798,0.529773678368319,38.6834709206362,128.605162429166,30.5382926530763,62.4817123499455,24.785689452205,26.0637991109986,39.2859227040737,45.0610726835201,51.0762300262367,30.3296900854494,"CRLF1"
"ENSG00000269837",12.4756421089683,1.02329616976448,0.526578113783977,1.94329415328545,0.0519806275354051,0.529773678368319,5.80252063809543,15.5885045368685,5.77751482625769,4.52766031521344,15.1468102207919,13.5145625019993,13.0953075680246,19.1749245461788,9.38134837216593,22.747267564087,"IPO5P1"
"ENSG00000111665",85.6976571713293,-1.0693241852377,0.550333400791181,-1.94304794820812,0.0520103652658361,0.529773678368319,88.9719831174633,190.95918057664,136.184278047503,84.2144818629701,12.3928447261025,83.9833526909956,49.7621687584934,15.339939636943,130.296505168971,64.8718371272112,"CDCA3"
"ENSG00000134222",73.4301280959358,-0.997612868255457,0.513482306645817,-1.94283786479829,0.0520357513136655,0.529773678368319,63.8277270190498,161.081213547642,119.677092829623,75.1591612325432,22.0317239575155,71.4341160819963,46.2700867403535,13.4224471823251,116.745668631398,44.6520437369116,"PSRC1"
"ENSG00000013375",360.477335883364,-0.471861610180367,0.242872565977216,-1.94283618770113,0.0520359540123339,0.529773678368319,315.270288003185,397.506865690148,444.043282360948,575.012860032107,251.987842764084,360.066558088981,231.350433701767,275.160167237665,375.253934886637,379.121126068117,"PGM3"
"ENSG00000225470",230.454030435077,0.396448602139648,0.204116097575986,1.94227014354937,0.0521044054370543,0.530065946082374,181.81231332699,202.650558979291,212.94268931064,177.484284356367,224.448187817189,221.059629496989,261.906151360491,293.376345556535,328.347193025807,200.512951120471,"JPX"
"ENSG00000134198",70.7061392036527,-1.29466015320258,0.666802127114956,-1.94159571566481,0.0521860619596773,0.530492003320287,53.1897725158748,41.5693454316495,97.3923927854867,246.304721147611,22.0317239575155,59.8502053659969,14.8413485770945,22.0511632281056,135.50836537573,14.3223536514622,"TSPAN2"
"ENSG00000173436",184.443071530466,0.450836064982566,0.232308084849583,1.94068176867145,0.0522968890798375,0.530892748883764,205.989482652388,102.624321534385,170.849367005049,124.057892636848,209.301377596397,214.302348245989,232.223454206302,216.67664737182,181.372735195208,187.033088860271,"MINOS1"
"ENSG00000143376",232.977499273965,-0.55518554052259,0.286131433402189,-1.94031649693732,0.0523412377079106,0.530892748883764,230.166651977786,493.635977000837,211.291970788852,219.138759256331,209.301377596397,185.34257145599,144.921403752805,197.501722825641,208.474408270354,230.000149814658,"SNX27"
"ENSG00000165195",96.3634978392443,-0.582212254888063,0.300135745419634,-1.93982977293839,0.0524003810494667,0.530892748883764,106.37954503175,124.708036294948,107.296703916214,143.074065960745,64.7181891252018,128.388343768993,74.2067428854726,82.4521755485687,88.6016235149004,43.8095523456491,"PIGA"
"ENSG00000132432",2027.2101370665,0.510627047298238,0.263308486710578,1.93927303171016,0.0524681009042302,0.530892748883764,1802.64974490165,1287.35066633639,2187.20204136898,1184.43593845984,2042.06541431222,2253.07063426188,3403.90694718185,2512.87386177673,2018.03227205703,1580.51385000842,"SEC61G"
"ENSG00000148606",118.902116780766,-0.59943460304687,0.309129247970694,-1.93910672310016,0.0524883442294201,0.530892748883764,131.523801130163,119.511868115992,99.8684705681686,246.304721147611,89.5038785774068,107.151174122994,75.9527838945425,76.699698184715,135.50836537573,106.996406690335,"POLR3A"
"ENSG00000186868",11.4953324913947,1.52382455685993,0.785890950482878,1.93897710098792,0.0525041265485255,0.530892748883764,9.67086773015905,5.19616817895618,2.47607778268187,4.52766031521344,8.26189648406832,8.68793303699955,16.5873895861645,6.71122359116257,3.12711612405531,49.7069920844865,"MAPT"
"ENSG00000154380",2155.84484485674,-0.675676181301104,0.348563818312424,-1.93845759600752,0.052567419412989,0.531130055084117,2745.55934859216,2346.06993279872,3053.82926530763,2971.95623090611,1465.10964317478,1476.94861628992,1084.29146663243,1202.26776904541,3870.32738953912,1342.08878628114,"ENAH"
"ENSG00000136153",1050.98307702906,0.442439137512328,0.228316566361332,1.93783195220328,0.0526437281405047,0.53114766919508,646.013964374625,1128.86753687823,820.407105328591,865.688652268811,845.467406869658,1285.81408947593,1050.24366695557,1033.52843303904,1320.68537639269,1513.11453870742,"LMO7"
"ENSG00000165633",326.340373616916,0.564197607915621,0.291155142545631,1.93779028933758,0.0526488129771235,0.53114766919508,226.298304885722,266.303619171504,193.959426310079,327.802606821453,414.471806950761,211.406370566989,445.240457312835,548.402842020713,268.931986668757,360.586315460343,"VSTM4"
"ENSG00000176978",607.374410726563,0.63844529113013,0.329615833575867,1.93693756821054,0.0527529754372175,0.531691914376591,433.254874311126,506.626397448228,391.220289663735,490.798378169137,530.138357727717,637.115089379967,1113.10114328209,1118.85684726953,364.830214473119,487.802515540978,"DPP7"
"ENSG00000204498",285.503869338516,0.577510478841973,0.298193636235886,1.93669618886546,0.0527824919123196,0.531691914376591,210.824916517467,233.827568053028,266.591041268748,170.240027852026,396.571031235279,259.672665216987,499.367728594003,395.962191878591,214.728640518465,207.252882250571,"NFKBIL1"
"ENSG00000137076",2024.85199117063,-0.465970477887532,0.240714785618875,-1.93577838058235,0.0528948498738034,0.531823142014813,1669.19177022545,3024.1698801525,2239.1996748053,2774.5502411628,1995.2480009025,1622.71282613292,1396.83280725595,1266.50376627511,2181.68468254925,2078.42626224455,"TLN1"
"ENSG00000169598",35.7760137839015,-0.710617287052079,0.367277672663284,-1.93482299617915,0.0530120201408098,0.531823142014813,41.5847312396839,48.0645556553447,31.3636519139703,65.1983085390736,39.9324996729969,39.5783616129979,31.428738163259,17.2574320915609,23.9745569510907,19.3773019990371,"DFFB"
"ENSG00000206503",890.878934390074,0.769879493873238,0.397967565156079,1.93452824119297,0.0530482132315987,0.531823142014813,593.791278631766,344.246141855847,502.643789884419,1063.09464201212,766.979390271009,961.46458942795,1870.00992071391,1461.12925041882,452.389465946668,893.040874738232,"HLA-A"
"ENSG00000141552",1117.36908437641,0.525300205693701,0.2715534859909,1.93442630197465,0.053060735195672,0.531823142014813,1001.90189684448,801.508941603991,1170.35943194763,563.240943212553,1218.62973140008,1158.39107159994,1875.24804374112,1456.33551928228,977.74497478796,950.330289344081,"ANAPC11"
"ENSG00000181827",207.334570575156,-0.449614166676583,0.232443739989615,-1.9342924300593,0.0530771834451726,0.531823142014813,276.586817082549,296.181586200502,199.736941136337,215.51663100416,225.825170564534,167.001379488991,135.318178202921,141.894441641723,210.559152353057,204.725408076783,"RFX7"
"ENSG00000151553",262.818262596276,-0.521021706216841,0.269399430056915,-1.93401190977563,0.0531116635464483,0.531823142014813,249.508387438104,259.808408947809,291.351819095566,484.459653727839,172.12284341809,229.747562533988,165.00087535711,263.655212509958,216.813384601168,295.714478333132,"FAM160B1"
"ENSG00000090861",503.615402789742,-0.426858376548408,0.220757983217707,-1.933603352987,0.0531619147054261,0.531823142014813,357.822106015885,713.174082561736,586.005075234708,723.520118371109,465.420168602515,487.489575964975,446.11347781737,405.549654151681,435.71151328504,415.348255892404,"AARS"
"ENSG00000225206",26.0936934268462,0.869745815204666,0.449866955208295,1.93334008007314,0.0531943174589788,0.531823142014813,20.308822233334,14.2894624921295,18.157903739667,17.2051091978111,11.0158619787578,41.5090133989979,21.8255126133743,43.1435802289022,22.9321849097389,50.549483475749,"MIR137HG"
"ENSG00000151067",190.112606800759,-0.580703131988088,0.30036946669331,-1.93329614484754,0.0531997264663166,0.531823142014813,152.799710136513,284.490207797851,181.57903739667,329.613670947539,240.971980785326,126.457691982993,150.159526780015,185.038021870625,121.957528838157,128.058691471897,"CACNA1C"
"ENSG00000147669",399.377839496789,0.464523830709538,0.240304022586387,1.93306722754733,0.0532279166477529,0.531823142014813,381.032188568267,246.817988500419,455.598312013463,216.422163067203,429.618617171553,503.900116145974,467.938990430745,385.415983378193,481.575883104518,425.458152587554,"POLR2K"
"ENSG00000159403",388.606311784177,1.00655791523224,0.520837617994548,1.93257529881948,0.0532885377770836,0.531823142014813,159.569317547624,190.95918057664,147.739307700018,469.971140719156,337.360773099456,241.331473249987,901.830181184625,888.757752715386,114.660924548695,433.883066500179,"C1R"
"ENSG00000167900",318.502239709226,-1.17806963121238,0.609610250878921,-1.93249642622293,0.0532982627301837,0.531823142014813,462.267477501603,880.750506333073,498.516993579949,74.2536291695005,104.650688798199,468.183058104976,136.191198707455,43.1435802289022,328.347193025807,188.718071642796,"TK1"
"ENSG00000178921",59.9673953433429,-0.806285345981137,0.417283253057748,-1.93222550886689,0.0533316780013616,0.531823142014813,55.1239460619066,62.3540181474742,51.9976334363192,153.034918654214,38.5555169256522,47.3009687569975,32.3017586677939,29.7211330465771,85.4745073908451,43.8095523456491,"PFAS"
"ENSG00000109099",589.426993154584,0.67419170984438,0.348952133029764,1.93204639269786,0.0533537800116833,0.531823142014813,419.715659488903,429.982916808624,425.885378621281,461.821352151771,428.241634424208,453.703169709976,922.782673293465,1226.23642472813,335.64379731527,790.256925004209,"PMP22"
"ENSG00000078725",82.6909219267392,1.19841509547116,0.620834779333753,1.93032854370246,0.0535661425004914,0.533143016812727,74.4656815222247,40.2703033869104,46.2201186100615,25.3548977651953,60.5872408831677,38.613035719998,362.303509382013,95.8746227308938,38.5677655300155,44.6520437369116,"BRINP1"
"ENSG00000171824",180.430185516377,-0.487122683692105,0.252434093626544,-1.92970242923194,0.053643718804319,0.533417107169219,183.746486873022,179.267802173988,191.483348527398,316.936222064941,134.944309239783,178.585290204991,138.81026022106,115.049547277073,179.287991112504,186.190597469009,"EXOSC10"
"ENSG00000114127",169.683930880815,-0.635514235098674,0.329419859293691,-1.9291922365011,0.0537070016144061,0.533417107169219,168.273098504768,232.528526008289,137.009637308397,325.991542695368,110.158619787578,130.318995554993,74.2067428854726,167.780589779064,154.271062120062,196.300494164159,"XRN1"
"ENSG00000164284",260.690489645612,-0.528036568495842,0.273716252275558,-1.92913852979491,0.0537136668612328,0.533417107169219,270.784296444454,401.403991824365,309.509722835233,296.108984614959,207.924394849053,262.568642895986,164.127854852575,211.882916235275,341.89802956338,140.696062340835,"GRPEL2"
"ENSG00000167470",445.010025218635,-0.507452079599259,0.263257952744357,-1.9275849952842,0.0539067666934459,0.533934194976188,408.110618212712,849.573497259336,412.679630446978,497.137102610436,300.182238921149,382.26905362798,416.430780663181,473.620636290615,298.118403826606,411.978290327354,"MIDN"
"ENSG00000134815",102.085668446967,-0.464039796938135,0.240758815522908,-1.92740521642076,0.0539291500465741,0.533934194976188,111.214978896829,122.10995220547,99.8684705681686,155.751514843343,89.5038785774068,92.6712857279952,110.000583571406,81.4934293212597,95.8982278043628,62.3443629534237,"DHX34"
"ENSG00000156689",20.3862032985952,1.01031015954478,0.52421272629497,1.9272904087725,0.0539434482223018,0.533934194976188,17.4075619142863,12.9904204473905,14.8564666960912,5.43319237825613,33.0475859362733,9.6532589299995,48.0161277494234,26.8448943646503,18.7626967443319,16.8498278252497,"GLYATL2"
"ENSG00000197747",5106.27691523197,0.726602303505699,0.377023169293263,1.92720862451963,0.0539536355851507,0.533934194976188,4041.45562443347,5676.81373550963,2610.61134220758,2336.27272265014,8406.47967253951,4449.18704083677,7846.70829476032,9226.97369162122,3082.29412627718,3385.97290148392,"S100A10"
"ENSG00000077157",146.587606899833,-0.717978496242341,0.372673444321666,-1.92656200000832,0.0540342381897295,0.533934194976188,155.700970455561,120.810910160731,110.59814095979,379.417934414887,112.912585282267,135.145625019993,86.4290299489622,112.173308595146,87.5592514735486,165.128312687447,"PPP1R12B"
"ENSG00000090975",162.518474116046,-0.416868731668729,0.21640412565243,-1.92634373495387,0.0540614678954045,0.533934194976188,190.516094284133,198.753432845074,198.911581875443,176.578752293324,155.599050449953,114.873781266994,116.984747607686,125.595755777471,199.093059898188,148.278484862197,"PITPNM2"
"ENSG00000108830",10.7818343539781,1.35254700621666,0.702133339157881,1.92633924467803,0.0540620282009729,0.533934194976188,11.6050412761909,2.59808408947809,1.65071852178791,6.33872444129882,19.2777584628261,5.7919553579997,6.1111435317448,25.8861481373413,8.33897633081416,20.2197933902996,"RND2"
"ENSG00000164054",1708.78444865343,0.374425391228856,0.194472846306805,1.9253350703684,0.0541874528638937,0.533934194976188,1435.1567711556,1523.7763184789,1483.99595108733,1361.01469075316,1734.99826165435,1756.89312525991,2202.63073294173,2533.96627877752,1501.01573954655,1554.39661687928,"SHISA5"
"ENSG00000140688",121.688246115168,-0.698585123236116,0.362888816308515,-1.92506655438564,0.0542210325065422,0.533934194976188,114.116239215877,87.0358169975161,106.47134465532,324.180478569283,100.519740556165,111.012477694994,85.5560094444272,103.544592549365,87.5592514735486,96.8865099951856,"C16orf58"
"ENSG00000115419",1751.68983431964,-0.898994753317296,0.467037311778651,-1.92488850600307,0.054243308169395,0.533934194976188,1515.42497331592,1139.25987323614,1400.63466573704,5652.33113751246,923.955423468307,762.60745546996,771.750126008915,1749.71186483881,2269.2439340228,1331.97888958599,"GLS"
"ENSG00000172458",10.4182134446361,1.07634911743345,0.559253293236107,1.92461829094502,0.0542771294086801,0.533934194976188,7.73669418412724,6.49521022369523,8.25359260893955,2.71659618912807,6.8849137367236,8.68793303699955,14.8413485770945,21.0924170007966,11.4660924548695,16.0073364339872,"IL17D"
"ENSG00000132382",133.886821725885,-0.669929377914879,0.348153746223324,-1.92423429356165,0.0543252223840978,0.533934194976188,86.0707227984156,162.380255592381,120.502452090517,320.558350317112,79.8649993459938,108.116500015994,108.254542562336,104.503338776674,114.660924548695,133.956131210735,"MYBBP1A"
"ENSG00000171241",90.7700043643276,-1.3330568186801,0.692775459067724,-1.92422638710963,0.0543262129851306,0.533934194976188,103.478284712702,235.126610097767,198.911581875443,31.6936222064941,20.6547412101708,92.6712857279952,16.5873895861645,6.71122359116257,134.465993334378,67.3993113009986,"SHCBP1"
"ENSG00000177602",19.8587375952645,-1.43324074477165,0.745175333643286,-1.92336042279379,0.0544348010934044,0.534182059212463,12.5721280492068,71.4473124606475,41.2679630446978,2.71659618912807,4.13094824203416,20.2718437529989,6.1111435317448,7.6699698184715,23.9745569510907,8.42491391262483,"HASPIN"
"ENSG00000185201",2078.52468641661,0.62232373247582,0.323598133516282,1.92313758337703,0.0544627734482875,0.534182059212463,2003.80379368896,1340.6113901707,1828.17076288011,1108.37124516425,2948.12006206505,1433.50895110493,4185.26029874065,2485.07022118477,1817.89684011749,1634.43329904922,"IFITM2"
"ENSG00000145780",285.965312504526,-0.401170877430999,0.208632428914774,-1.92285964132104,0.0544976794744872,0.534182059212463,352.01958537779,398.805907734887,284.748945008415,304.258773182344,243.725946280015,243.262125035987,191.191490493159,224.346617190291,310.626868322827,306.666866419544,"FEM1C"
"ENSG00000101335",2587.418647604,0.526242834864826,0.273750536709146,1.92234448630122,0.0545624258157902,0.534182059212463,1715.61193533022,2860.49058251538,2415.00119737571,1197.11338734243,2990.80652723273,2950.03592900785,2694.14127699492,2095.81925289734,4110.07295905003,2845.09342829341,"MYL9"
"ENSG00000015475",236.025289368986,0.386700368091595,0.201201286467549,1.92195773138839,0.0546110765749856,0.534182059212463,255.310908076199,209.145769202986,167.547929961473,165.712367536812,272.642583974255,220.094303603989,309.922279109915,251.191511554942,262.677754420646,246.007486248645,"BID"
"ENSG00000127184",1682.51709044545,0.489220416855324,0.25454298069588,1.92195603083563,0.0546112905711625,0.534182059212463,1411.94668860322,1158.74550390723,1450.15622139068,1396.33044121183,2064.09713826973,1399.72254484993,2688.90315396771,2474.52401268437,1522.90555241494,1257.83964715489,"COX7C"
"ENSG00000112877",11.5004927202678,-1.2266896370049,0.638304746413401,-1.92179306811927,0.0546318009121841,0.534182059212463,9.67086773015905,24.6817988500419,23.1100593050307,12.6774488825976,4.13094824203416,11.5839107159994,0.873020504534971,8.62871604578044,14.5932085789248,5.0549483475749,"CEP72"
"ENSG00000063244",628.279645992993,-0.438518038474179,0.228268496545276,-1.92106245544575,0.0547238341549585,0.534390463938484,766.899811001613,1004.15950058328,735.395101456514,477.215397223497,513.614564759581,518.380004540973,560.479163911451,446.775741925965,599.363923777267,660.513250749787,"U2AF2"
"ENSG00000172889",43.1154772398031,0.937792921709159,0.488332639225122,1.92039779113932,0.0548076723510653,0.534390463938484,36.7492973746044,18.1865886263466,15.6818259569851,40.748942836921,28.9166376942391,40.5436875059979,67.2225788491928,108.33832368591,20.8474408270354,53.9194490407989,"EGFL7"
"ENSG00000234975",59.3336076578152,0.809907794103985,0.421750124471531,1.92034986384137,0.054813721853737,0.534390463938484,19.3417354603181,28.578924984259,69.3301779150922,45.2766031521344,95.0118095667857,52.1275982219973,94.2862144897769,86.2871604578044,71.9236708532721,31.1721814767119,"FTH1P2"
"ENSG00000101421",1627.34814393976,0.420489994123067,0.218965939865463,1.92034429821105,0.0548144243975124,0.534390463938484,1589.89065483815,1318.52767541013,1644.11564770076,858.444395764469,1634.47852109818,1614.02489309592,2204.3767739508,2019.11955471262,1706.36303169285,1684.1402911337,"CHMP4B"
"ENSG00000108106",487.494608448309,-0.866601822300527,0.451360508988036,-1.91997705834627,0.0548607973034222,0.534390463938484,508.687642606366,1314.63054927591,713.110401412377,139.451937708574,194.154567375605,376.477098269981,439.129313781091,374.869774877795,372.126818762582,442.307980412804,"UBE2S"
"ENSG00000111832",1064.49918676,0.496167764796442,0.258458666726563,1.9197180387894,0.0548935244504554,0.534390463938484,855.871794119076,465.057052016578,1039.12730946549,1054.94485344473,1153.91154227488,1112.05542873594,1515.56359587271,1439.07808719072,997.550043573644,1011.83216090624,"RWDD1"
"ENSG00000177556",566.953227452642,0.454866862173437,0.237047043241051,1.91888857145915,0.0549984372851623,0.535021267740489,444.859915587316,454.664715658666,611.591212322421,344.102183956222,579.709736632127,564.715647404971,859.925196966947,763.161996937915,489.914859435332,556.886809624501,"ATOX1"
"ENSG00000090263",318.123046164588,0.448995138839935,0.234108567275131,1.91789281385957,0.0551246036241848,0.53553851278764,268.850122898422,205.248643068769,273.193915355899,295.203452551917,437.880513655621,254.846035751987,442.62139579923,415.13711642477,308.542124240124,279.707141899144,"MRPS33"
"ENSG00000124198",341.616248698496,-0.58624029235844,0.305678145465001,-1.91783515130479,0.0551319170771111,0.53553851278764,450.662436225412,436.478127032319,365.634152576022,455.482627710473,367.65439354104,305.042982187984,146.667444761875,160.110619960593,358.575982225009,369.85372076423,"ARFGEF2"
"ENSG00000115568",137.035949757548,-0.445591509091596,0.232397464446263,-1.91736820431029,0.0551911706644152,0.53572390331245,139.26049531429,219.538105560899,141.136433612866,153.034918654214,129.436378250404,145.764209842992,116.111727103151,85.3284142304955,121.957528838157,118.79128616801,"ZNF142"
"ENSG00000163482",116.218459766764,-0.635048867535336,0.331629391037197,-1.91493542098054,0.05550073988055,0.538312250360709,116.050412761909,100.026237444907,100.693829829063,273.470683038892,119.797499018991,76.260745546996,93.4131939852419,107.379577458601,95.8982278043628,79.1941907786734,"STK36"
"ENSG00000175216",223.992053752205,-0.607886056251696,0.317539041716623,-1.91436634993118,0.0555733620304351,0.538312250360709,199.219875241277,372.825066840106,301.256130226294,256.265573841081,144.583188471196,188.23854913499,107.381522057801,132.306979368633,274.143846875515,263.699805465157,"CKAP5"
"ENSG00000146350",20.991162413401,-0.95881137045379,0.50093362764308,-1.91404872331101,0.0556139304513694,0.538312250360709,17.4075619142863,19.4856306710857,18.157903739667,63.3872444129882,12.3928447261025,14.4798883949993,13.9683280725595,25.8861481373413,10.4237204135177,14.3223536514622,"TBC1D32"
"ENSG00000005339",470.138691979636,-0.534977136805292,0.279506380273105,-1.91400688700762,0.0556192757739414,0.538312250360709,411.978965304776,892.441884735724,491.914119492797,513.436679745205,618.265253557779,347.517321479982,328.255709705149,336.519925785437,401.313235920431,359.74382406908,"CREBBP"
"ENSG00000197037",72.0548800220693,-0.548495222842536,0.286681398110024,-1.91325710861795,0.0557151457330547,0.53872523701367,71.564421203177,77.9425226843427,68.5048186541983,137.640873582489,60.5872408831677,49.2316205429974,58.4923738038431,54.6485349566095,63.5846945224579,78.3516993874109,"ZSCAN25"
"ENSG00000113578",185.044197388312,0.422805645266317,0.221039296537422,1.91280759525371,0.0557726884666531,0.53872523701367,146.030102725402,172.772591950293,118.85173356873,178.38981641941,141.829222976506,249.054080393987,199.048675033973,208.04793132604,224.10998889063,212.307830598146,"FGF1"
"ENSG00000110713",279.065913302209,-0.470944657368712,0.246216464217535,-1.91272610004109,0.0557831260640233,0.53872523701367,239.837519707945,378.021235019062,322.715471009536,400.245171864869,228.579136059223,216.233000031989,190.318469988624,196.542976598332,266.847242586053,351.318910156455,"NUP98"
"ENSG00000161547",443.574045763324,-0.669767926502772,0.350317471109464,-1.91188844901626,0.055890503572785,0.539371668704945,449.695349452396,346.844225945325,358.205919227976,1128.29295055119,258.872756500807,319.522870582983,323.017586677939,347.066134285836,427.372536954226,476.850127454565,"SRSF2"
"ENSG00000185760",64.1604676889484,1.12853275647301,0.590399737267453,1.91147232161078,0.0559439104324181,0.539496698074591,29.9796899634931,93.5310272212113,23.1100593050307,4.52766031521344,33.0475859362733,123.561714303994,57.6193532993081,92.039637821658,112.576180465991,71.6117682573111,"KCNQ5"
"ENSG00000172663",360.871332184416,0.603397223201842,0.315737549345134,1.91107210546651,0.0559953152908376,0.539602254359755,274.652643536517,309.172006647893,268.241759790535,249.021317336739,392.440082993245,230.712888426988,564.844266434126,689.338537435126,255.381150131184,374.908669111805,"TMEM134"
"ENSG00000184924",160.746341666809,0.648819983805023,0.339814124291777,1.90933789217049,0.0562185171518627,0.541361995129525,147.964276271434,118.212826071253,68.5048186541983,144.88513008683,251.987842764084,127.423017875993,240.953659251652,256.943988918795,107.364320259232,143.223536514622,"PTRHD1"
"ENSG00000172638",3259.50069834099,0.561283066466254,0.294127864645462,1.90829613216965,0.0563529526403146,0.541405953837056,1848.1028232334,2670.83044398348,2670.03720899194,2954.75112170829,3665.52807343164,2605.41458520687,5065.2649673119,5799.45592899177,2255.69309748523,3059.92873306534,"EFEMP2"
"ENSG00000198939",10.6117641548913,1.07385085472328,0.562733679122565,1.90827543216832,0.0563556266125594,0.541405953837056,10.637954503175,6.49521022369523,4.95215556536373,3.62212825217076,15.1468102207919,8.68793303699955,19.2064510997694,13.4224471823251,6.25423224811062,17.6923192165121,"ZFP2"
"ENSG00000173846",155.367278612709,-0.717241154936934,0.375968613594476,-1.90771550869552,0.056427996148962,0.541405953837056,178.911053007943,118.212826071253,142.787152134654,372.173677910545,90.8808613247515,186.30789734899,98.6513170124517,87.2459066851134,178.245619071153,100.256475560235,"PLK3"
"ENSG00000197976",289.198052531115,-0.495743143885406,0.259897489477607,-1.90745645478088,0.0564615047690083,0.541405953837056,323.006982187312,267.602661216243,289.701100573778,519.775404186503,313.952066394596,192.09985270699,281.985622964796,290.500106874608,213.686268477113,199.670459729208,"AKAP17A"
"ENSG00000173890",7.66163439201759,-1.26336107865159,0.662463061388587,-1.90706644986886,0.0565119831363112,0.541405953837056,17.4075619142863,12.9904204473905,9.90431113072746,7.24425650434151,2.75396549468944,2.89597767899985,4.36510252267486,9.58746227308938,1.04237204135177,8.42491391262483,"GPR160"
"ENSG00000054116",678.519623966192,0.349831896209756,0.18344601282665,1.90700190655185,0.0565203406046371,0.541405953837056,709.841691393675,470.253220195535,660.287408715164,488.987314043052,684.360425430326,832.110919765957,796.194700135894,685.503552525891,782.821403055179,674.835604401249,"TRAPPC3"
"ENSG00000217128",161.185905252098,-0.521157510185764,0.273475395795557,-1.90568335652165,0.056691299931503,0.541405953837056,176.976879461911,200.052474889813,131.232122482139,279.809407480191,152.845084955264,147.694861628992,96.0322554988468,111.214562367837,136.550737417082,179.450666338909,"FNIP1"
"ENSG00000040341",208.833947379337,0.602177972835203,0.316025876227904,1.90547046344059,0.0567189433327127,0.541405953837056,194.384441376197,145.492709010773,161.770415135215,135.829809456403,162.483964186677,169.897357167991,154.52462930269,412.260877742843,258.508266255239,293.187004159344,"STAU2"
"ENSG00000171658",25.8710835774851,0.888252301427726,0.466429422037943,1.90436593289235,0.0568625427775522,0.541405953837056,19.3417354603181,24.6817988500419,20.6339815223489,4.52766031521344,20.6547412101708,26.0637991109986,34.0477996768639,44.1023264562111,20.8474408270354,43.8095523456491,"NMRAL2P"
"ENSG00000124813",201.829032400025,-0.659047308657728,0.34627002895536,-1.90327563331417,0.0570045886101209,0.541405953837056,161.503491093656,222.136189650377,139.485715091078,511.625615619119,185.892670891537,161.209424130992,165.00087535711,143.811934096341,153.22869007871,174.395717991334,"RUNX2"
"ENSG00000147654",126.311920548864,0.442080893887742,0.232282033755262,1.90320743598073,0.057013483259861,0.541405953837056,91.873243436511,68.8492283711694,110.59814095979,143.074065960745,134.944309239783,139.006928591993,153.651608798155,146.688172778268,143.847341706544,130.586165645685,"EBAG9"
"ENSG00000165392",64.2801259112302,-0.542902765541553,0.285273465386214,-1.90309591116914,0.0570280313917674,0.541405953837056,52.2226857428589,92.2319851764723,69.3301779150922,103.230655186867,50.9483616517546,50.1969464359974,46.2700867403535,44.1023264562111,71.9236708532721,62.3443629534237,"WRN"
"ENSG00000063660",764.31621712931,0.569324975513678,0.299160945767628,1.90307252189227,0.0570310828559748,0.541405953837056,846.200926388917,596.260298535222,539.784956624647,387.567722982271,868.876113574518,589.814120622969,900.95716068009,1369.08961259716,581.643599074287,962.967660213018,"GPC1"
"ENSG00000149554",160.037043227495,-0.595045877497543,0.312690715207859,-1.90298543754966,0.0570424454428327,0.541405953837056,195.351528149213,210.444811247725,253.385293094444,143.074065960745,147.337153965885,170.862683060991,86.4290299489622,97.7921151855117,206.38966418765,89.3040874738232,"CHEK1"
"ENSG00000113810",276.162828631635,-0.682486062896599,0.358819296847813,-1.90203277497103,0.0571668699389907,0.541405953837056,467.102911366682,392.310697511192,384.617415576583,183.823008797666,165.237929681366,272.221901825986,227.858351683627,94.9158765035849,346.067517728787,227.47267564087,"SMC4"
"ENSG00000083844",27.741105785355,-0.862468962327871,0.453454289374426,-1.90199758286047,0.0571714705986741,0.541405953837056,29.0126031904772,75.3444385948647,18.983263000561,28.977026017366,30.2936204415838,27.9944508969985,13.9683280725595,15.339939636943,19.8050687856836,17.6923192165121,"ZNF264"
"ENSG00000117614",524.903990014882,0.413570899245487,0.217442389615512,1.90197918619628,0.0571738757145752,0.541405953837056,501.918035195255,333.853805497935,533.182082537495,380.323466477929,699.507235651118,438.257955421977,705.400567664257,557.990304293802,531.609741089403,566.996706319651,"SYF2"
"ENSG00000049618",484.655644902038,-0.404538889162913,0.212773097555862,-1.90126897530692,0.057266790573955,0.541405953837056,566.712848987321,685.894199622216,514.198819536934,504.381359114778,611.380339821056,425.708718812978,370.160693922828,330.767448421584,416.948816540708,420.403204239979,"ARID1B"
"ENSG00000189058",30.8625547842338,1.66380903051668,0.87524115611115,1.90097211368496,0.0573056653304034,0.541405953837056,5.80252063809543,20.7846727158247,27.2368556095005,0,23.4087067048602,19.306517859999,77.6988249036124,48.8960575927558,2.08474408270354,83.4066477349858,"APOD"
"ENSG00000164733",5179.78543994312,0.603317756964629,0.317448889587602,1.9005193489522,0.0573649982411262,0.541405953837056,4897.32741855255,2421.41437139358,3193.31498039871,5285.59065198018,3335.05221406891,5740.7930856707,7691.3106449531,8942.22606211047,4352.94564468499,5937.87932561798,"CTSB"
"ENSG00000151458",213.317109570441,-0.510080173838946,0.268409422289186,-1.9003810279409,0.0573831348111408,0.541405953837056,239.837519707945,272.7988293952,223.672359702262,303.353241119301,128.059395503059,230.712888426988,113.492665589546,159.151873733284,226.194732973334,235.897589553495,"ANKRD50"
"ENSG00000134369",1715.96672998312,-0.513349630959817,0.270132678292241,-1.90036108998428,0.057385749457491,0.541405953837056,1533.79962200323,2514.94539861479,1440.25191025995,2877.78089634967,1646.87136582428,1573.48120558992,1063.33897452359,1202.26776904541,2008.65092368486,1298.27923393549,"NAV1"
"ENSG00000151849",33.5804079078883,-0.827017421914818,0.435231456409837,-1.9001784216995,0.0574097090300912,0.541405953837056,29.0126031904772,46.7655136106057,42.9186815664857,63.3872444129882,16.5237929681366,35.7170580409981,20.9524921088393,9.58746227308938,44.8219977781261,26.117233129137,"CENPJ"
"ENSG00000205363",280.801257629476,0.790017152671286,0.415800045464796,1.89999294441678,0.0574340455538938,0.541405953837056,183.746486873022,228.631399874072,223.672359702262,145.790662149873,231.333101553913,155.417468772992,447.85951882644,724.812147845557,162.610038450876,304.139392245756,"C15orf59"
"ENSG00000157110",1273.35971864988,0.709466986701004,0.373467649613522,1.89967454325746,0.0574758430579557,0.541405953837056,870.378095714315,1334.116179947,973.923927854867,510.720083556077,968.018871383338,948.915352818951,2355.40932123535,2080.4793132604,768.228194476254,1923.40784625225,"RBPMS"
"ENSG00000246763",57.8494109902927,-0.886383273547159,0.466676682415716,-1.89935196453113,0.057518214753309,0.541405953837056,52.2226857428589,59.7559340579961,51.1722741754252,155.751514843343,48.1943961570652,69.5034642959964,17.4604100906994,22.0511632281056,59.4152063570509,42.9670609543866,"RGMB-AS1"
"ENSG00000149781",19.5032608825314,0.991433666877646,0.522209296035662,1.89853699350833,0.0576253793790088,0.541405953837056,12.5721280492068,6.49521022369523,3.30143704357582,26.260429828238,27.5396549468944,23.1678214319988,22.6985331179092,27.8036405919592,29.1864171578495,16.0073364339872,"FERMT3"
"ENSG00000103202",2468.72276167316,0.471426792802259,0.24832795817404,1.89840401487078,0.05764288114898,0.541405953837056,2024.11261592229,1894.00330122953,2080.73069671366,2016.61990439607,3392.88548945739,2134.33554942289,3114.06413967624,4051.66155660757,1865.84595401967,2112.96840928631,"NME4"
"ENSG00000166261",102.415645516456,-0.683066225283931,0.359818630683843,-1.89836258335414,0.057648334994364,0.541405953837056,106.37954503175,93.5310272212113,77.5837705240318,251.737913525868,66.0951718725465,101.359218764995,64.6035173355879,93.9571302762759,103.194832093825,65.7143285184737,"ZNF202"
"ENSG00000149503",56.3304581127392,-1.02294821661633,0.538888315833635,-1.89825644119576,0.0576623089943457,0.541405953837056,46.4201651047635,142.894624921295,89.1388001765472,46.1821352151771,22.0317239575155,75.2954196539961,11.3492665589546,17.2574320915609,56.2880902329956,56.4469232145864,"INCENP"
"ENSG00000163071",290.44319087754,0.707641621393917,0.37280802782701,1.89813944060849,0.0576777158085379,0.541405953837056,211.792003290483,207.846727158247,203.863737440807,218.233227193288,503.975685528167,266.429946467986,236.588556728977,437.188279652876,110.491436383288,508.022308931277,"SPATA18"
"ENSG00000142207",148.44873170194,-0.714146457753913,0.376318410793769,-1.8977186267543,0.0577331575043391,0.541405953837056,104.445371485718,171.473549905554,114.72493726426,384.851126793143,97.7657750614751,134.180299126993,86.4290299489622,164.904351097137,109.449064341936,116.263811994223,"URB1"
"ENSG00000140319",2541.48738061132,0.505290351694392,0.266288426259635,1.89753027869761,0.0577579864710959,0.541405953837056,2409.01315158262,1857.63012397684,2843.36265377968,1011.47931441868,3195.97695658709,2573.55883073787,3285.1761585651,2751.60167237665,2745.60795692056,2741.46698716812,"SRP14"
"ENSG00000140829",179.19931071491,-0.610211646744483,0.321587731212767,-1.89749666270931,0.0577624188292531,0.541405953837056,142.161755633338,170.174507860815,170.849367005049,420.166877251808,156.976033197298,131.284321447993,130.080055175711,126.55450200478,162.610038450876,181.135649121434,"DHX38"
"ENSG00000101882",138.36434305112,0.44851421429885,0.236375079907219,1.89746827150688,0.0577661625056204,0.541405953837056,136.359234995243,88.3348590422551,137.009637308397,91.4587383673116,159.729998691988,134.180299126993,202.540757052113,146.688172778268,158.440550285469,128.90118286316,"NKAP"
"ENSG00000118263",823.756249139261,-0.637471184294864,0.335992920738353,-1.89727564168318,0.0577915680851339,0.541405953837056,613.133014092084,1234.08994250209,845.993242416304,1500.46662846174,680.229477188292,1208.58801803594,508.097933639353,609.762600568485,624.38085276971,412.820781718617,"KLF7"
"ENSG00000148291",78.26900641901,0.469141928443986,0.247309425500111,1.89698361675979,0.057830100406082,0.541405953837056,71.564421203177,70.1482704159085,71.8062556977741,41.6544748999637,71.6031028619254,81.0873750119958,103.889440039662,94.9158765035849,87.5592514735486,88.4615960825607,"SURF2"
"ENSG00000164172",665.718124075319,0.396606520012837,0.209085526360585,1.89686262323513,0.0578460716047402,0.541405953837056,644.079790828593,478.047472463969,694.127138411816,421.07240931485,765.602407523664,650.629651881966,845.083848389852,743.028326164427,580.601227032936,834.908968741121,"MOCS2"
"ENSG00000062485",921.472819744967,-0.321859448951221,0.16968042381657,-1.89685670103677,0.0578468534316416,0.541405953837056,920.666607911142,1152.25029368353,1139.82113929455,974.352499833933,1031.3600777612,812.804401905958,724.607018764026,762.203250710606,930.83823292713,765.824674657597,"CS"
"ENSG00000110651",1535.02108119919,0.749395110126905,0.395351158966212,1.89551767620074,0.0580238522059659,0.541826838048518,1233.03563559528,680.69803144326,969.797131550397,1475.11173069654,1233.77654162087,1060.89315640695,2859.14215235203,3440.94020981178,926.668744761723,1470.14747775303,"CD81"
"ENSG00000166747",432.10413148416,-0.510282397947342,0.269277771667352,-1.89500379027836,0.0580918995264298,0.541826838048518,421.649833034935,500.131187224533,436.615049012902,746.158419947176,356.638531562282,341.725366121982,240.953659251652,302.963807829624,462.813186360186,511.392274496327,"AP1G1"
"ENSG00000125686",417.754038753137,-0.597492517404261,0.315336379207473,-1.89477826474041,0.0581217839099188,0.541826838048518,518.358510336525,681.997073487999,552.165345538056,345.007716019265,428.241634424208,452.737843816977,215.636064620138,201.336707734877,488.87248739398,293.187004159344,"MED1"
"ENSG00000250742",299.957437372889,0.69868162017149,0.368758625232982,1.89468549984441,0.0581340798912485,0.541826838048518,155.700970455561,245.51894645568,302.081489487188,170.240027852026,313.952066394596,294.424397364985,469.685031439815,625.102540205428,149.059201913303,273.809702160307,"LINC02381"
"ENSG00000234745",495.399121350201,0.858071187616276,0.452883382392309,1.89468463842415,0.0581341940825799,0.541826838048518,352.01958537779,98.7271954001675,330.969063618476,549.657962266912,607.249391579021,442.119258993977,1230.08589088977,650.02994211546,288.73705545444,404.395867805992,"HLA-B"
"ENSG00000065883",253.122017754486,-0.541229201773618,0.285658189872672,-1.89467419791067,0.0581355781095771,0.541826838048518,261.113428714294,313.06913278211,190.657989266504,481.743057538711,210.678360343742,196.92648217199,151.905567789085,199.419215280259,245.999801759018,279.707141899144,"CDK13"
"ENSG00000167468",3468.72748004702,0.640992537450403,0.338453562869252,1.89388621592979,0.0582401144938685,0.54222123948896,2570.51664267628,3183.9520516554,3071.16180978641,1562.94834081168,4724.42780613973,2578.38546020287,6323.2875143468,5443.76107866015,2154.58300947411,3074.2510867168,"GPX4"
"ENSG00000054523",508.687838578367,-0.532612059120664,0.28131396259659,-1.89330118634901,0.0583178274930584,0.54222123948896,571.5482828524,763.836722306559,621.495523453148,540.602641636485,442.011461897655,386.13035719998,225.239290170023,352.818611649689,621.253736645655,561.941757972076,"KIF1B"
"ENSG00000160932",1030.93184637216,0.633883496317929,0.33481855535825,1.89321495530523,0.0583292893626235,0.54222123948896,973.856380427017,704.080788248563,825.359260893955,594.934565419047,1042.37593973995,770.33006261396,1761.75537815157,2040.21197171342,684.838431168113,911.575685346007,"LY6E"
"ENSG00000232112",805.27840889723,0.434371217406663,0.2294674346062,1.89295364787648,0.0583640338933452,0.54222123948896,704.039170755579,489.73885086662,721.363994021317,744.34735582109,822.058700164798,805.081794761958,1058.97387200092,1250.20508041086,665.033362382429,791.941907786734,"TMA7"
"ENSG00000198794",57.3358800480912,-1.14145421384204,0.603042719634425,-1.89282479777553,0.0583811726704766,0.54222123948896,148.931363044449,25.9808408947809,145.263229917336,20.8272374499818,53.7023271464441,22.2024955389988,24.4445741269792,30.679879273886,18.7626967443319,82.5641563437233,"SCAMP5"
"ENSG00000173376",16.1454363182291,1.25240063205297,0.662324683000957,1.89091644052643,0.0586354994289361,0.54382590812498,10.637954503175,1.29904204473905,4.95215556536373,18.1106412608538,5.50793098937888,14.4798883949993,17.4604100906994,35.4736104104307,37.5253934886637,16.0073364339872,"NDNF"
"ENSG00000138668",1078.61595173586,-0.374231869002396,0.197964822026247,-1.89039580452722,0.0587050441162753,0.544092545780933,1536.70088232227,975.580575599023,1128.26610964204,1358.29809456403,944.610164678478,975.944477822949,960.322554988468,804.388084712199,1243.54984533266,858.49872769647,"HNRNPD"
"ENSG00000180357",379.497517091875,-0.458425283229543,0.24278567843643,-1.88818914765425,0.059000562208442,0.546020229939986,414.880225623823,568.980415595702,396.997804489992,432.844326134405,455.781289371102,390.95698666498,276.747499937586,230.099094554145,364.830214473119,262.857314073895,"ZNF609"
"ENSG00000168734",1313.12540611594,0.669438266583096,0.354604316324794,1.88784579251973,0.0590466555712312,0.546020229939986,1045.42080163019,1156.14741981775,1107.63212811969,569.579667653851,2011.77179387064,850.452111732956,2373.74275183059,1472.63420514653,718.194336491369,1825.6788448658,"PKIG"
"ENSG00000149262",93.0281729494342,-0.590777569253559,0.313018387020066,-1.88735740055963,0.0591122707504418,0.546020229939986,56.0910328349225,119.511868115992,107.296703916214,182.917476734623,85.3729303353726,87.8446562629954,79.4448659126824,79.5759368666419,65.6694386051615,66.5568199097362,"INTS4"
"ENSG00000156970",50.9799946740164,-1.34322770798233,0.711706618593027,-1.88733345017608,0.0591154900268238,0.546020229939986,40.617644466668,148.090793100251,96.5670335245927,35.3157504586649,15.1468102207919,46.3356428639976,17.4604100906994,0.958746227308938,82.3473912667898,26.9597245203995,"BUB1B"
"ENSG00000204922",97.5794764619653,0.630702797307016,0.334179619821323,1.88731675990366,0.0591177335257809,0.546020229939986,100.577024393654,58.4568920132571,80.8852075676076,53.4263917195186,118.420516271646,87.8446562629954,165.00087535711,159.151873733284,85.4745073908451,66.5568199097362,"UQCC3"
"ENSG00000168010",69.9221178406915,-0.86403797210866,0.458074873537349,-1.88623742978169,0.0592629667276187,0.546608059091495,73.4985947492088,53.2607238343009,39.6172445229098,216.422163067203,55.0793098937888,55.0235759009971,45.3970662358185,51.7722962746827,77.1355310600309,32.0146728679744,"ATG16L2"
"ENSG00000121753",69.620833923132,0.856013637847901,0.453821403482009,1.88623460965044,0.0592633465881609,0.546608059091495,50.2885121968271,67.5501863264304,52.8229926972131,17.2051091978111,114.289568029612,43.4396651849978,123.968911643966,94.9158765035849,32.3135332819049,99.413984168973,"ADGRB2"
"ENSG00000148773",297.744933449513,-1.51191349750637,0.801934292611696,-1.88533338882722,0.0593848410162476,0.547215170611007,326.875329279376,1096.39148575975,406.90211562072,121.34129644772,67.4721546198913,257.742013430987,85.5560094444272,23.0099094554145,399.228491837728,192.930528599109,"MKI67"
"ENSG00000101460",307.542685580047,0.589176142509161,0.312579724925783,1.88488278518081,0.0594456647785175,0.547215170611007,265.948862579374,275.396913484678,234.402030093883,169.334495788983,337.360773099456,184.37724556299,473.177113457954,509.094246701046,230.364221138741,395.970953893367,"MAP1LC3A"
"ENSG00000168237",30.6762547299764,-0.704117181351099,0.373634020021008,-1.88451035939262,0.059495974879361,0.547215170611007,33.8480370555567,41.5693454316495,28.8875741312884,56.1429879086467,11.0158619787578,35.7170580409981,29.682697154189,21.0924170007966,26.0593010337942,22.747267564087,"GLYCTK"
"ENSG00000169184",558.784517754836,-0.731143317144374,0.388148818935406,-1.88366750451467,0.0596099645646893,0.547215170611007,409.077704985728,1414.65678672082,463.851904622403,648.360957138565,630.658098283882,281.875160755985,303.81113557817,535.939141065696,302.287891992013,597.3263964051,"MN1"
"ENSG00000147536",50.0649145964026,-0.926691836925261,0.49216417047423,-1.88289171077272,0.059715044816306,0.547215170611007,50.2885121968271,124.708036294948,79.2344890458197,26.260429828238,19.2777584628261,62.7461830449967,25.3175946315142,18.2161783188698,58.3728343156991,36.2271298242868,"GINS4"
"ENSG00000167363",41.9421815978222,0.901505581799688,0.478834541619119,1.88270791566406,0.0597399621247414,0.547215170611007,45.4530783317476,32.4760511184761,17.3325444787731,15.3940450717257,67.4721546198913,16.4105401809991,53.2542507766332,69.9884745935525,29.1864171578495,72.4542596485736,"FN3K"
"ENSG00000226742",185.275707907829,0.655946514413035,0.348482917911014,1.88229172995083,0.0597964167634494,0.547215170611007,167.306011731752,126.007078339687,103.995266872638,153.940450717257,155.599050449953,115.839107159994,290.715828010145,370.07604374125,137.593109458434,231.685132597183,"HSBP1L1"
"ENSG00000139168",629.645490803454,0.494731809724298,0.262889428102374,1.88190074167471,0.0598494937331362,0.547215170611007,588.955844766686,275.396913484678,586.005075234708,570.485199716894,700.884218398462,565.680973297971,958.576513979398,817.810531894524,624.38085276971,608.278784491513,"ZCRB1"
"ENSG00000171703",532.309390227559,0.530552018038944,0.281954667430392,1.88169262411634,0.0598777617884218,0.547215170611007,483.543386507953,484.542682687664,381.315978533007,332.330267136667,586.594650368851,495.212183108974,698.416403627977,942.447541444686,331.474309149863,587.216499709951,"TCEA2"
"ENSG00000172159",11.9184396158016,1.99993155888646,1.06325704192537,1.88094833142599,0.0599789477162808,0.547215170611007,0.967086773015906,5.19616817895618,9.90431113072746,0.905532063042689,2.75396549468944,15.4452142879992,1.74604100906994,1.91749245461788,71.9236708532721,8.42491391262483,"FRMD3"
"ENSG00000168159",2306.21633455373,0.546439263808537,0.29056872769924,1.88058525132871,0.0600283595657445,0.547215170611007,1783.30800944133,2561.7109122254,1980.0368668846,903.720998916604,3074.80247482076,2614.10251824386,3312.23979420568,2883.90865174529,2146.24403314329,1802.08908591045,"RNF187"
"ENSG00000037474",272.669761880677,-0.575688169228913,0.306164663182314,-1.88032205691257,0.0600641989950994,0.547215170611007,335.579110236519,240.322778276723,284.748945008415,498.042634673479,188.646636386227,261.603317002986,144.921403752805,159.151873733284,313.753984446883,299.926935289444,"NSUN2"
"ENSG00000147684",487.174149086446,0.452833666905769,0.240832246725351,1.8802866852884,0.0600690169343977,0.547215170611007,476.773779096841,358.535604347977,452.296874969887,307.880901434514,490.20585805472,486.524250071975,761.273879954495,620.308809068883,547.245321709679,370.696212155493,"NDUFB9"
"ENSG00000179051",507.889410429579,-0.580468907918916,0.308727632568502,-1.88019745135745,0.0600811728373261,0.547215170611007,464.201651047635,1037.9345937465,574.450045582193,460.010288025686,344.24568683618,578.23020990697,301.192074064565,362.406073922779,593.109691529157,363.11378963413,"RCC2"
"ENSG00000111860",100.721394700539,-0.442018562471689,0.235148991768895,-1.87973828484923,0.0601437551056485,0.547215170611007,118.951673080956,138.997498787078,89.1388001765472,131.30214914119,111.535602534922,81.0873750119958,68.0955993537277,79.5759368666419,100.06771596977,88.4615960825607,"CEP85L"
"ENSG00000215790",31.912121420993,-0.98106158432992,0.521983030648775,-1.87948942154413,0.0601776966005938,0.547215170611007,27.0784296444454,106.521447668602,33.0143704357582,15.3940450717257,27.5396549468944,20.2718437529989,20.0794716043043,31.638625501195,11.4660924548695,26.117233129137,"SLC35E2"
"ENSG00000152147",96.4249300993073,0.413018323099893,0.219783138501486,1.87920841387521,0.0602160412285623,0.547215170611007,83.1694624793679,88.3348590422551,94.0909557419109,56.1429879086467,118.420516271646,106.185848229994,103.889440039662,114.090801049764,97.9829718870663,101.94145834276,"GEMIN6"
"ENSG00000109805",69.6593965751299,-1.18347858253673,0.62982556757239,-1.87905770021111,0.0602366150589581,0.547215170611007,86.0707227984156,180.566844218727,128.756044699457,24.4493657021526,23.4087067048602,89.7753080489953,24.4445741269792,6.71122359116257,88.6016235149004,43.8095523456491,"NCAPG"
"ENSG00000149308",59.4002026803205,-0.568415963349432,0.302573027377501,-1.87860751593121,0.0602981041448558,0.547215170611007,66.7289873380975,107.820489713341,65.2033816106225,56.1429879086467,53.7023271464441,59.8502053659969,28.809676649654,46.978565138138,53.1609741089403,55.6044318233239,"NPAT"
"ENSG00000007545",107.161442547643,-0.512876481681268,0.273033387107181,-1.87843870346865,0.0603211750550098,0.547215170611007,121.852933400004,114.315699937036,84.1866446111834,201.93365005852,88.1268958300621,78.1913973329959,84.6829889398922,94.9158765035849,107.364320259232,96.0440186039231,"CRAMP1"
"ENSG00000100796",331.752298839055,-0.356132664677414,0.189627936379917,-1.87806011854661,0.0603729413183341,0.547215170611007,425.518180126998,376.722192974323,356.555200706189,367.646017595332,344.24568683618,285.736464327985,280.239581955726,235.851571917999,380.465795093396,264.54229685642,"PPP4R3A"
"ENSG00000224043",10.9384698268598,1.01663352141012,0.541348219849546,1.87796594527025,0.0603858239320091,0.547215170611007,9.67086773015905,2.59808408947809,9.07895186983351,5.43319237825613,12.3928447261025,10.6185848229995,22.6985331179092,11.5049547277073,9.38134837216593,16.0073364339872,"CCNT2-AS1"
"ENSG00000234155",8.15353195749774,1.53455837086491,0.817217294031498,1.87778499313766,0.0604105840211331,0.547215170611007,1.93417354603181,7.79425226843427,4.12679630446978,1.81106412608538,5.50793098937888,23.1678214319988,6.1111435317448,11.5049547277073,1.04237204135177,18.5348106077746,"LINC02535"
"ENSG00000166342",5.27301631903867,2.04730562037241,1.0904169161512,1.87754389174253,0.0604435875452088,0.547215170611007,0,0,0.825359260893955,6.33872444129882,2.75396549468944,10.6185848229995,4.36510252267486,12.4637009550162,1.04237204135177,14.3223536514622,"NETO1"
"ENSG00000156475",21.4115941251423,1.80656624574994,0.962311672947558,1.87731926831609,0.0604743489041855,0.547215170611007,15.4733883682545,12.9904204473905,4.95215556536373,0.905532063042689,110.158619787578,16.4105401809991,3.49208201813988,12.4637009550162,1.04237204135177,36.2271298242868,"PPP2R2B"
"ENSG00000158805",57.7718772444602,-0.703964224126165,0.374994707336603,-1.87726442627968,0.0604818612914644,0.547215170611007,52.2226857428589,61.0549761027352,41.2679630446978,145.790662149873,50.9483616517546,53.0929241149972,42.7780047222136,44.1023264562111,51.0762300262367,35.3846384330243,"ZNF276"
"ENSG00000125637",26.1763555856272,-0.835232412305653,0.445057251727956,-1.87668532320915,0.0605612353676764,0.547215170611007,29.0126031904772,42.8683874763885,24.7607778268187,46.1821352151771,9.63887923141304,30.8904285759984,19.2064510997694,7.6699698184715,27.101673075146,24.432250346612,"PSD4"
"ENSG00000225973",71.3916396763342,0.571689830075934,0.304683297671444,1.87634121871826,0.0606084405176183,0.547215170611007,55.1239460619066,40.2703033869104,83.3612853502895,41.6544748999637,72.9800856092701,72.3994419749963,122.222870634896,83.4109217758776,70.8812988119203,71.6117682573111,"PIGBOS1"
"ENSG00000166886",348.555152675253,-0.398594846761734,0.212433652705684,-1.87632628674877,0.0606104896141687,0.547215170611007,413.913138850808,392.310697511192,371.41166740228,452.766031521344,290.543359689736,257.742013430987,317.779463650729,223.387870962983,421.118304706115,344.578979026356,"NAB2"
"ENSG00000178502",10.7532630830034,-1.62323689037791,0.86525356601709,-1.87602450210052,0.0606519154723401,0.547215170611007,2.90126031904772,48.0645556553447,11.5550296525154,9.96085269346958,6.8849137367236,6.75728125099965,0,1.91749245461788,9.38134837216593,10.1098966951498,"KLHL11"
"ENSG00000156171",377.149551781537,0.519459461019911,0.276906539746677,1.8759378579326,0.0606638134169327,0.547215170611007,263.047602260326,214.341937381943,311.160441357021,407.48942836921,537.023271464441,292.493745578985,473.177113457954,581.000213749216,299.160775867958,392.600988328317,"DRAM2"
"ENSG00000172869",184.233521981448,-0.407267733706484,0.217137610139263,-1.87562041161492,0.0607074215513683,0.547215170611007,227.265391658738,231.22948396355,204.689096701701,201.93365005852,139.075257481817,175.689312525991,109.127563066871,162.986858642519,199.093059898188,191.245545816584,"DMXL1"
"ENSG00000108797",91.0672488245271,-0.879620730273164,0.46923230325931,-1.87459542781534,0.0608484026724484,0.547924560616968,102.511197939686,54.5597658790399,60.2512260452587,283.431535732362,104.650688798199,56.954227686997,38.4129021995387,51.7722962746827,86.5168794321969,71.6117682573111,"CNTNAP1"
"ENSG00000011105",94.9595193369887,0.848102938949434,0.452732504476427,1.87329809669894,0.0610272325654197,0.547924560616968,86.0707227984156,42.8683874763885,28.0622148703945,99.6085269346958,96.3887923141304,98.4632410859949,151.03254728455,201.336707734877,39.6101375713672,106.153915299073,"TSPAN9"
"ENSG00000250565",97.5818334160357,0.470609371782442,0.251229576975962,1.87322439279301,0.0610374052952896,0.547924560616968,65.7619005650816,77.9425226843427,68.5048186541983,105.041719312952,103.273706050854,116.804433052994,143.175362743735,109.297069913219,78.1779031013827,107.838898081598,"ATP6V1E2"
"ENSG00000087842",21.5517140484273,1.12622434511017,0.601236933134884,1.87317891340769,0.0610436831328549,0.547924560616968,7.73669418412724,16.8875465816076,20.6339815223489,5.43319237825613,12.3928447261025,13.5145625019993,14.8413485770945,55.6072811839184,18.7626967443319,49.7069920844865,"PIR"
"ENSG00000228594",415.154745577831,0.684934805223566,0.365792471970713,1.8724682920167,0.0611418446604452,0.547924560616968,398.439750482553,368.927940705889,296.30397466093,153.940450717257,492.95982354941,389.02633487898,625.082681247039,653.864927024696,182.41510723656,590.586465275001,"FNDC10"
"ENSG00000139746",152.21779443299,-0.561513541142704,0.299916484970252,-1.87223300245867,0.0611743751274826,0.547924560616968,155.700970455561,154.586003323946,127.105326177669,317.841754127984,85.3729303353726,136.110950912993,123.095891139431,126.55450200478,154.271062120062,141.538553732097,"RBM26"
"ENSG00000151835",409.739851310058,-0.744397766621753,0.397638031831742,-1.87204871524145,0.0611998641649606,0.547924560616968,506.753469060334,713.174082561736,454.772952752569,487.176249916967,301.559221668494,417.020785775978,153.651608798155,121.760770868235,608.745272149433,332.784099548681,"SACS"
"ENSG00000178922",54.8269294452508,-0.876398415463932,0.468268746405255,-1.8715714473617,0.0612659166799247,0.547924560616968,41.5847312396839,63.6530601922132,40.4426037838038,156.657046906385,16.5237929681366,33.7864062549982,42.7780047222136,52.7310425019916,34.3982773646084,65.7143285184737,"HYI"
"ENSG00000176771",20.6142235111308,0.958743958277778,0.512330582514466,1.87133852828453,0.0612981734469747,0.547924560616968,7.73669418412724,12.9904204473905,15.6818259569851,16.2995771347684,23.4087067048602,17.3758660739991,38.4129021995387,32.5973717285039,6.25423224811062,35.3846384330243,"NCKAP5"
"ENSG00000159086",102.973282341238,-0.780464721280021,0.417107447129191,-1.87113590671107,0.0613262457759925,0.547924560616968,109.280805350797,74.0453965501256,65.2033816106225,300.636644930173,79.8649993459938,82.0527009049957,68.9686198582627,91.0808915943491,102.152460052473,56.4469232145864,"PAXBP1"
"ENSG00000172428",843.583634144226,0.498345811245829,0.266372852253866,1.87085811121203,0.0613647504247008,0.547924560616968,689.532869160341,583.269878087832,765.108034848696,666.471598399419,930.840337205031,639.045741165967,1363.65802808362,1345.12095691444,744.253637525164,708.535260051748,"COPS9"
"ENSG00000124172",2119.88105839292,0.412989552766619,0.220760063943202,1.87076206352647,0.061378068048418,0.547924560616968,1710.77650146514,1474.41272077882,2150.06087462875,1736.81049691588,2203.17239575155,1999.1899244029,3045.09551981798,2900.20733760954,2350.54895324824,1628.53585931038,"ATP5E"
"ENSG00000183691",21.6918435849645,1.3141679045894,0.702800596844908,1.86990152041577,0.0614974946455135,0.548387097133135,6.76960741111134,22.0837147605638,15.6818259569851,1.81106412608538,20.6547412101708,7.7226071439996,11.3492665589546,48.8960575927558,18.7626967443319,63.1868543446862,"NOG"
"ENSG00000095203",24.0827919310391,1.0117485263374,0.541149961892602,1.86962690119932,0.0615356469065824,0.548387097133135,22.2429957793658,22.0837147605638,12.3803889134093,3.62212825217076,22.0317239575155,15.4452142879992,16.5873895861645,43.1435802289022,52.1186020675885,31.1721814767119,"EPB41L4B"
"ENSG00000120948",691.669225632524,-0.447085876606348,0.239183095435325,-1.86922021304486,0.061592183219211,0.548387097133135,1011.57276457464,837.882118856685,768.409471892272,676.432451092889,440.63447915031,694.069317066964,537.780630793542,431.435802289022,726.533312822183,791.941907786734,"TARDBP"
"ENSG00000197140",10.7577384645334,-1.12470308839879,0.601791651118001,-1.86892437990678,0.0616333358807664,0.548387097133135,15.4733883682545,16.8875465816076,6.60287408715164,24.4493657021526,13.7698274734472,4.82662946499975,5.23812302720983,11.5049547277073,2.08474408270354,6.73993113009986,"ADAM32"
"ENSG00000171467",213.406963365018,-0.432949363784449,0.231658873307494,-1.86890904545569,0.0616354696410414,0.548387097133135,249.508387438104,301.377754379459,209.641252267065,249.926849399782,250.610860016739,204.649089315989,160.635772834435,123.678263322853,197.008315815484,187.033088860271,"ZNF318"
"ENSG00000008311",22.946011380232,-1.15134363753493,0.61633340591876,-1.86805327518899,0.0617546454465637,0.548450517780782,24.1771693253976,10.3923363579124,12.3803889134093,89.6476742412262,19.2777584628261,5.7919553579997,15.7143690816295,14.3811934096341,20.8474408270354,16.8498278252497,"AASS"
"ENSG00000181222",403.325426364718,-0.540184955277132,0.289345521565736,-1.86692004892292,0.0619127536309998,0.548450517780782,285.290598039692,554.690953103573,406.076756359826,739.819695505877,333.229824857422,248.088754500987,347.462160804919,334.602433330819,301.245519950661,482.747567193403,"POLR2A"
"ENSG00000118508",1289.13066708056,0.386102832269935,0.206822678210067,1.86683025097362,0.0619252965887701,0.548450517780782,1177.91168953337,1166.53975617566,1129.09146890293,881.988229403579,1253.05430008369,1275.19550465293,1756.51725512436,1861.88517343396,1264.3972861597,1124.72600733542,"RAB32"
"ENSG00000125482",142.245013781674,0.440736869067542,0.236102907424191,1.86671512805938,0.0619413800081407,0.548450517780782,90.9061566634951,97.4281533554284,140.311074351972,139.451937708574,137.698274734472,140.937580377993,206.032839070253,172.574320915609,130.296505168971,166.813295469972,"TTF1"
"ENSG00000123415",267.77846612498,0.356953682383621,0.191225338277887,1.86666518986568,0.0619483577732989,0.548450517780782,255.310908076199,216.940021471421,244.306341224611,200.122585932434,283.658445953012,281.875160755985,367.541632409223,330.767448421584,247.042173800369,250.219943204957,"SMUG1"
"ENSG00000175931",101.825751134018,-0.64091164861674,0.343409325638286,-1.86631987184825,0.0619966261808141,0.548450517780782,72.5315079761929,127.306120384426,89.9641594374411,229.0996119498,77.1110338513043,68.5381384029965,66.3495583446578,108.33832368591,103.194832093825,75.8242252136235,"UBE2O"
"ENSG00000115464",644.098622146324,-0.6462659046059,0.346576816332304,-1.86471187382092,0.0622218015239673,0.548450517780782,849.102186707965,1101.58765393871,749.426208891711,588.595840977748,667.836632462189,682.485406350965,220.874187647348,305.840046511551,723.406196698128,551.831861276926,"USP34"
"ENSG00000198331",58.0261373303988,-0.805490537771467,0.431989240862973,-1.8646078688496,0.0622363890842442,0.548450517780782,74.4656815222247,102.624321534385,106.47134465532,28.977026017366,37.1785341783074,52.1275982219973,39.2859227040737,17.2574320915609,68.7965547292168,53.0769576495364,"HYLS1"
"ENSG00000138347",48.5286013084156,1.16064585610955,0.622476768445865,1.86456092009237,0.0622429749638325,0.548450517780782,33.8480370555567,63.6530601922132,14.0311074351972,0.905532063042689,53.7023271464441,98.4632410859949,56.7463327947731,45.0610726835201,53.1609741089403,65.7143285184737,"MYPN"
"ENSG00000121152",42.9094380766768,-1.40829097987756,0.755479298515988,-1.86410267315585,0.0623072872279996,0.548450517780782,38.6834709206362,123.408994250209,92.440237220123,19.9217053869392,5.50793098937888,65.6421607239966,10.4762460544197,1.91749245461788,50.0338579848849,21.0622847815621,"NCAPH"
"ENSG00000137343",58.145025589344,-0.753895133010323,0.404507994473758,-1.86373358081859,0.0623591271277675,0.548450517780782,59.9593799269861,41.5693454316495,51.9976334363192,153.940450717257,35.8015514309627,42.4743392919978,57.6193532993081,57.5247736385363,51.0762300262367,29.4871986941869,"ATAT1"
"ENSG00000103064",117.123532675011,-0.783457693952236,0.420520179590425,-1.86306800951931,0.0624526983797879,0.548450517780782,88.0048963444474,103.923363579124,79.2344890458197,354.063036649691,110.158619787578,101.359218764995,61.984455821983,81.4934293212597,104.237204135177,86.7766133000358,"SLC7A6"
"ENSG00000113441",100.849434731566,-0.736734174565493,0.395522311074738,-1.86268676617405,0.062506348861828,0.548450517780782,107.346631804766,90.9329431317332,76.7584112631378,255.360041778038,83.9959475880279,79.1567232259959,35.7938406859338,89.1633991397312,81.305019225438,108.68138947286,"LNPEP"
"ENSG00000134243",325.348843381674,0.567143132055835,0.304477311063869,1.86267781357563,0.0625076091744558,0.548450517780782,294.961465769851,280.593081663634,152.691463265382,281.620471606276,392.440082993245,442.119258993977,191.191490493159,347.066134285836,543.075833544272,327.729151201106,"SORT1"
"ENSG00000101353",18.4454159136693,0.858515461787189,0.460932628759627,1.86256170255827,0.0625239567442009,0.548450517780782,8.70378095714315,14.2894624921295,12.3803889134093,14.488513008683,19.2777584628261,13.5145625019993,23.5715536224442,36.4323566377396,11.4660924548695,30.3296900854494,"MROH8"
"ENSG00000158483",85.4042589398107,0.523246470392089,0.280960555089559,1.86234850733869,0.0625539822559783,0.548450517780782,72.5315079761929,70.1482704159085,88.3134409156532,39.8434107738783,79.8649993459938,112.943129480994,114.365686094081,114.090801049764,84.4321353494933,77.5092079961484,"FAM86C1"
"ENSG00000106049",511.71242468016,0.668886774421181,0.35920240560973,1.86214447335278,0.062582728704611,0.548450517780782,547.371113527003,370.226982750628,424.234660099493,170.240027852026,513.614564759581,398.679593808979,455.716703367255,975.04491317319,434.669141243688,827.326546219758,"HIBADH"
"ENSG00000188486",427.996167127547,-0.935498680143379,0.502397404438849,-1.86206909485984,0.0625933515807822,0.548450517780782,459.366217182555,1196.41772320466,668.541001324104,75.1591612325432,213.432325838432,461.425776853976,364.049550391083,278.995152146901,306.45738015742,256.117382943795,"H2AFX"
"ENSG00000105698",1146.78064616755,0.472041124324118,0.253534567481572,1.86184128268201,0.0626254655655622,0.548450517780782,1035.74993390003,957.393986972677,929.354527766593,800.490343729737,1237.9074898629,1022.28012068695,1606.35772834435,1930.9149018002,823.473912667898,1123.88351594415,"USF2"
"ENSG00000166073",3093.61356864328,0.356525417239392,0.191523432468203,1.86152374487431,0.0626702506280528,0.548450517780782,2704.94170412549,2442.19904410941,2810.34828334392,2633.28723932814,4400.83686051372,3491.58375498082,3100.96883210822,3230.01603980381,3741.0732564115,2380.88067170778,"GPR176"
"ENSG00000183621",83.3003338920894,0.529235617179654,0.28434334927157,1.86125548051483,0.0627081068715474,0.548450517780782,51.255598969843,76.6434806396037,66.0287408715164,69.725968854287,107.404654292888,78.1913973329959,135.318178202921,89.1633991397312,57.3304622743473,101.94145834276,"ZNF438"
"ENSG00000151612",168.78457174375,-0.593316743580501,0.318788608027292,-1.86116043246347,0.0627215241550198,0.548450517780782,134.425061449211,184.463970352945,176.626881831306,350.440908397521,132.190343745093,139.972254484993,87.3020504534971,127.513248232089,203.262548063595,151.648450427247,"ZNF827"
"ENSG00000152137",144.877852833512,0.787718170562391,0.423281378546612,1.86097997806357,0.062747004200355,0.548450517780782,98.6428508476224,77.9425226843427,193.134067049185,33.5046863325795,125.305430008369,154.452142879992,116.111727103151,150.523157687503,226.194732973334,272.967210769045,"HSPB8"
"ENSG00000161021",303.015599228905,-0.430454941797454,0.231305532444902,-1.86097987906965,0.0627470181805817,0.548450517780782,357.822106015885,462.4589679271,321.064752487749,292.486856362789,358.015514309627,237.470169677988,226.112310674558,196.542976598332,304.372636074717,273.809702160307,"MAML1"
"ENSG00000116096",134.349362177743,0.656376625787475,0.352708549887665,1.86096034813028,0.0627497764504056,0.548450517780782,117.98458630794,145.492709010773,89.9641594374411,47.0876672782198,145.96017121854,126.457691982993,122.222870634896,193.666737916405,105.279576176529,249.377451813695,"SPR"
"ENSG00000084636",503.235963846672,-1.16336566180659,0.625423915982181,-1.86012340122877,0.062868069062082,0.548450517780782,242.738780026992,240.322778276723,224.497718963156,2306.39016456973,183.138705396848,231.678214319988,535.161569279937,579.082721294599,320.008216694993,169.340769643759,"COL16A1"
"ENSG00000171940",416.355459428245,-0.448008452135533,0.240891554629844,-1.85979310409593,0.0629148033896151,0.548450517780782,398.439750482553,697.585578024868,425.885378621281,461.821352151771,411.717841456071,308.904285759984,253.175946315142,348.024880513144,436.753885326391,421.245695631242,"ZNF217"
"ENSG00000065060",172.524204654475,-0.478638153924908,0.25738711043837,-1.85960420904416,0.0629415433926075,0.548450517780782,151.832623363497,180.566844218727,241.004904181035,256.265573841081,176.253791660124,174.723986632991,106.508501553266,106.420831231292,169.906642740338,161.758347122397,"UHRF1BP1"
"ENSG00000222041",1161.24273117618,0.616986124391991,0.331812244964486,1.85944350684836,0.0629642998079225,0.548450517780782,778.504852277804,639.128686011611,808.852075676076,1291.28872189887,1598.67696966722,835.972223337957,2190.40844587824,1619.3223779248,760.931590186792,1089.34136890239,"CYTOR"
"ENSG00000163349",471.788019243532,-0.465084202732751,0.250124763202465,-1.85940886771089,0.0629692058128882,0.548450517780782,496.115514557159,685.894199622216,496.866275058161,582.257116536449,454.404306623758,538.651848293972,254.921987324212,295.293838011153,449.262349822613,464.212756585628,"HIPK1"
"ENSG00000110492",137.932699374736,0.826083118584305,0.444285643590535,1.85935136663035,0.0629773504947122,0.548450517780782,84.1365492523838,85.736774952777,127.105326177669,79.6868215477566,166.614912428711,93.6366116209951,154.52462930269,407.467146606299,110.491436383288,69.9267854747861,"MDK"
"ENSG00000022267",1778.06765216604,0.766317111530725,0.412183062939983,1.85916691012194,0.0630034835261879,0.548450517780782,1628.57412575878,585.86796217731,2052.66848184327,738.914163442834,1863.05765715741,857.209392983956,2866.99933689285,1689.31085251835,2148.328777226,3349.74577165963,"FHL1"
"ENSG00000100142",450.544190496432,0.492716523326217,0.265064358401249,1.85885618986297,0.0630475253491483,0.548450517780782,432.28778753811,345.545183900586,472.105497231342,198.311521806349,479.189996075962,451.772517923977,678.336932023673,512.929231610282,530.567369048051,404.395867805992,"POLR2F"
"ENSG00000140307",628.457276024987,0.391580103807584,0.210683941674828,1.85861390618918,0.0630818845524271,0.548450517780782,618.935534730179,459.860883837622,655.3352531498,383.040062667057,590.725598610885,828.249616193957,744.68649036833,720.018416709012,697.346895664334,586.374008318688,"GTF2A2"
"ENSG00000144554",29.9279756377615,-0.899381187406132,0.484157108685971,-1.85762260074442,0.0632226267360069,0.548732679565048,33.8480370555567,46.7655136106057,42.9186815664857,42.5600069630064,11.0158619787578,36.6823839339981,7.85718454081474,11.5049547277073,41.6948816540708,24.432250346612,"FANCD2"
"ENSG00000163297",247.09508121113,0.840756035733824,0.4526084372594,1.85757923741923,0.0632287892333149,0.548732679565048,176.976879461911,137.698456742339,169.198648483261,186.539604986794,107.404654292888,167.966705381991,343.097058282244,746.863311073663,178.245619071153,256.959874335057,"ANTXR2"
"ENSG00000082146",511.720665227945,0.354684252924539,0.190945457550377,1.85751605445216,0.0632377692503171,0.548732679565048,418.748572715887,407.89920204806,430.837534186645,495.326038484351,615.51128806309,561.819669725971,546.510835838892,729.605878982102,449.262349822613,461.685282411841,"STRADB"
"ENSG00000151491",787.820270935238,-0.67659732599839,0.364481254783714,-1.85632955637153,0.0634065987109131,0.548910583185888,1276.554540381,1182.12826071253,1193.46949125266,412.017088684423,594.856546852919,661.248236704966,433.018170249346,371.034789968559,1101.78724770882,652.088336837162,"EPS8"
"ENSG00000188976",215.181920481138,-0.400417092934984,0.215728663696484,-1.8561144637615,0.0634372445610027,0.548910583185888,195.351528149213,229.930441918811,235.227389354777,346.81878014535,159.729998691988,208.510392887989,176.350141916064,181.203036961389,206.38966418765,212.307830598146,"NOC2L"
"ENSG00000063854",326.659682176283,0.557462006957682,0.300363747399608,1.8559563588612,0.0634597787499464,0.548910583185888,237.903346161913,379.320277063801,281.447507964839,121.34129644772,285.035428700357,377.44242416298,472.304092953419,431.435802289022,301.245519950661,379.121126068117,"HAGH"
"ENSG00000158286",23.5405378734139,-1.15330957058992,0.621515772472128,-1.85564006847734,0.0635048784628409,0.548910583185888,35.7822106015885,7.79425226843427,11.5550296525154,85.1200139260128,15.1468102207919,15.4452142879992,9.60322554988468,25.8861481373413,19.8050687856836,9.26740530388731,"RNF207"
"ENSG00000164125",225.712936654553,1.08405164190217,0.584260718399055,1.85542448390609,0.0635356337497851,0.548910583185888,132.490887903179,40.2703033869104,93.2655964810169,273.470683038892,400.701979477313,65.6421607239966,541.272712811682,317.345001239258,75.0507869773274,317.619254505956,"FAM198B"
"ENSG00000213654",118.585242762252,0.608163094869962,0.327784513388985,1.85537470511381,0.0635427369389084,0.548910583185888,95.7415905285746,45.4664715658666,102.34454835085,115.908104069464,163.860946934022,182.446593776991,165.00087535711,113.132054822455,126.127017003564,75.8242252136235,"GPSM3"
"ENSG00000204439",153.418871635176,0.41345751024611,0.222846189981159,1.85534924461157,0.0635463702810986,0.548910583185888,144.09592917937,120.810910160731,117.201015046942,129.491085015105,181.761722649503,197.89180806499,220.874187647348,152.440650142121,140.720225582489,128.90118286316,"C6orf47"
"ENSG00000163520",633.851953386437,0.675817590742875,0.364366846856625,1.85477245411629,0.0636287271950518,0.549253535598285,424.551093353982,552.092869014095,397.823163750886,492.609442295223,608.626374326366,411.228830417979,1128.81551236372,1100.64066895066,297.076031785254,925.055547606206,"FBLN2"
"ENSG00000127528",139.041687297721,-0.756785383155195,0.408118867506816,-1.85432589230283,0.0636925499750852,0.549253535598285,145.063015952386,198.753432845074,108.947422438002,284.337067795404,45.4404306623758,200.78778574399,77.6988249036124,125.595755777471,131.338877210323,72.4542596485736,"KLF2"
"ENSG00000177946",67.35946672837,0.482461263919575,0.260235983033693,1.85393756195933,0.0637480932702688,0.549253535598285,54.1568592888907,57.157849968518,66.0287408715164,40.748942836921,61.9642236305124,91.7059598349952,86.4290299489622,73.8234595027882,57.3304622743473,84.2491391262483,"CENPBD1"
"ENSG00000146066",460.061890266275,0.475090776532414,0.25631019713396,1.85357735214924,0.0637996502177587,0.549253535598285,377.163841476203,359.834646392716,425.885378621281,327.802606821453,660.951718725466,362.962535767981,711.511711196002,604.010123204631,384.635283258803,385.861057198217,"HIGD2A"
"ENSG00000154920",12.8599435292097,-0.945058096342328,0.509883230782508,-1.85347946213482,0.0638136671972675,0.549253535598285,13.5392148222227,24.6817988500419,19.8086222614549,14.488513008683,5.50793098937888,14.4798883949993,5.23812302720983,5.75247736385363,16.6779526616283,8.42491391262483,"EME1"
"ENSG00000133858",148.08655321621,-0.678112365917202,0.366072900501115,-1.85239706350548,0.063968826674565,0.549253535598285,128.622540811115,150.688877189729,96.5670335245927,388.473255045314,97.7657750614751,109.081825908994,116.984747607686,148.605665232885,126.127017003564,117.948794776748,"ZFC3H1"
"ENSG00000176209",214.815226084344,0.530379115765823,0.286340975489371,1.85226412272773,0.0639879049082018,0.549253535598285,201.154048787308,127.306120384426,173.325444787731,176.578752293324,185.892670891537,195.96115627899,327.382689200614,346.107388058527,149.059201913303,265.384788247682,"SMIM19"
"ENSG00000133874",24.5184796807187,-0.835331819642082,0.450996586585591,-1.8521910020788,0.0639984004017431,0.549253535598285,20.308822233334,19.4856306710857,27.2368556095005,66.1038406021163,15.1468102207919,15.4452142879992,24.4445741269792,24.9274019100324,13.550836537573,18.5348106077746,"RNF122"
"ENSG00000103966",269.753031942678,-0.563360614956835,0.304242121923098,-1.85168513615361,0.0640710496492031,0.549253535598285,420.682746261919,409.198244092799,330.969063618476,178.38981641941,198.28551561764,311.800263438984,160.635772834435,158.193127505975,278.313335040922,251.06243459622,"EHD4"
"ENSG00000100592",182.796981737147,-0.708167532516173,0.382473659132955,-1.85154589239308,0.0640910589001328,0.549253535598285,179.878139780958,202.650558979291,94.0909557419109,476.309865160454,147.337153965885,107.151174122994,136.191198707455,191.749245461788,137.593109458434,155.018415992297,"DAAM1"
"ENSG00000175787",8.20697073868675,-1.17142347006015,0.632710494450156,-1.85143676347293,0.0641067442714828,0.549253535598285,9.67086773015905,3.89712613421714,9.90431113072746,25.3548977651953,8.26189648406832,4.82662946499975,3.49208201813988,5.75247736385363,4.16948816540708,6.73993113009986,"ZNF169"
"ENSG00000117640",650.428586324461,0.308240508715611,0.166494006885832,1.85136098578598,0.0641176378515743,0.549253535598285,566.712848987321,618.344013295786,547.213189972692,544.224769888656,820.681717417453,708.549205461963,758.65481844089,763.161996937915,552.457181916438,624.2861209255,"MTFR1L"
"ENSG00000107521",1063.41911341944,0.436526708697804,0.235822049874749,1.85108520992695,0.06415729549123,0.549253535598285,956.448818512731,1067.8125607755,828.660697937531,657.416277768992,1465.10964317478,913.198294777953,1448.34101702352,1310.60609273132,817.219680419787,1169.37805107233,"HPS1"
"ENSG00000106772",231.288138939479,0.784932080685895,0.424347180795915,1.84974029805891,0.0643509893595268,0.550022032276503,189.549007511117,197.454390800335,189.83263000561,68.8204367912444,261.626721995497,120.665736624994,146.667444761875,397.879684333209,240.787941552259,499.597395018652,"PRUNE2"
"ENSG00000196821",1373.19083119575,0.318738353445542,0.172319530989497,1.84969371501463,0.0643577068776793,0.550022032276503,1154.70160698099,1431.54433330243,1285.90972847278,911.870787483988,1639.98645208756,1664.22183953191,1393.34072523781,1353.74967296022,1441.6005331895,1454.98263271031,"C6orf106"
"ENSG00000099949",345.288511909203,-0.474733706490278,0.256704996151992,-1.84933567171086,0.0644093579160398,0.550022032276503,301.731073180962,388.413571376975,310.335082096127,660.13287395812,274.019566721599,267.395272360986,261.906151360491,327.891209739657,314.796356488234,346.263961808881,"LZTR1"
"ENSG00000078177",69.6800873411457,-0.659451256242928,0.356639026436365,-1.84907205145871,0.0644474094280989,0.550022032276503,74.4656815222247,110.418573802819,94.0909557419109,78.7812894847139,35.8015514309627,75.2954196539961,32.3017586677939,43.1435802289022,101.110088011122,51.3919748670115,"N4BP2"
"ENSG00000100307",272.361964932533,0.623671909988719,0.337303279874319,1.8489945019838,0.0644586066167934,0.550022032276503,175.042705915879,272.7988293952,217.894844876004,157.562578969428,363.523445299006,262.568642895986,403.335473095157,300.087569147698,120.915156796805,449.890402934166,"CBX7"
"ENSG00000147133",149.315190298883,-0.629383403647275,0.340484927856966,-1.84849123163441,0.0645313116837387,0.550290347778787,148.931363044449,150.688877189729,135.358918786609,322.369414443197,137.698274734472,138.041602698993,58.4923738038431,118.884532186308,160.525294368173,122.16125173306,"TAF1"
"ENSG00000130985",897.288478665066,-0.347848543151135,0.188262350267909,-1.84767980775829,0.0646486767434596,0.550489120722791,739.821381357168,1188.62347093623,1063.06272803141,1128.29295055119,716.031028619254,820.527009049957,754.289715918215,741.110833709809,850.575585743044,970.550082734381,"UBA1"
"ENSG00000136152",168.73011719323,-0.463065586638943,0.250646510603386,-1.84748467283346,0.0646769274883598,0.550489120722791,188.581920738102,158.483129458164,168.373289222367,291.581324299746,162.483964186677,149.625513414992,123.968911643966,109.297069913219,182.41510723656,152.490941818509,"COG3"
"ENSG00000101493",242.13434206867,-0.450679228649743,0.243943452255431,-1.8474741768344,0.0646784473399276,0.550489120722791,237.903346161913,328.657637318979,241.830263441929,345.913248082307,242.348963532671,240.366147356988,132.699116689316,176.409305824845,219.940500725223,255.274891552532,"ZNF516"
"ENSG00000205339",1616.2351888294,-0.477033886033269,0.25825883477019,-1.84711545863574,0.0647304085098185,0.550580011668016,1527.99710136513,1844.63970352945,2387.76434176621,2017.52543645911,1516.05800482654,1661.32586185291,953.338390952189,1030.65219435711,2054.51529350434,1168.53555968106,"IPO7"
"ENSG00000074755",296.231943815987,-0.435789824929358,0.23601863510709,-1.84642125708262,0.0648310630593593,0.551016014952454,294.961465769851,431.281958853363,293.002537617354,384.851126793143,352.507583320248,283.805812541985,206.905859574788,186.955514325243,284.567567289033,243.480012074858,"ZZEF1"
"ENSG00000187837",127.303911019509,1.10327658657829,0.597675002357237,1.84594734969164,0.0648998505807795,0.551016014952454,43.5189047857157,137.698456742339,105.645985394426,15.3940450717257,57.8332753884782,95.567263406995,274.128438423981,158.193127505975,57.3304622743473,327.729151201106,"HIST1H1C"
"ENSG00000122965",104.352927550685,-0.510416733248887,0.276512602312237,-1.84590766923717,0.0649056129182204,0.551016014952454,88.9719831174633,132.502288563383,97.3923927854867,190.161733238965,64.7181891252018,97.4979151929949,99.5243375169867,79.5759368666419,97.9829718870663,95.2015272126606,"RBM19"
"ENSG00000164283",23.5395529475618,1.65968468589835,0.899863602863548,1.84437361464215,0.0651287098748666,0.551121066063592,9.67086773015905,15.5885045368685,12.3803889134093,3.62212825217076,0,107.151174122994,21.8255126133743,6.71122359116257,10.4237204135177,48.0220093019615,"ESM1"
"ENSG00000160746",193.14638887338,0.371340371405987,0.201389943718325,1.84388735877182,0.0651995577526851,0.551121066063592,156.668057228577,149.38983514499,205.514455962595,143.979598023788,234.087067048602,258.707339323987,187.699408475019,195.584230371023,217.85575664252,181.978140512696,"ANO10"
"ENSG00000168653",1089.26998173219,0.393236352489509,0.213267030334407,1.84386846796201,0.0652023114412741,0.551121066063592,1320.07344516671,748.24821776969,931.005246288381,667.377130462462,1295.74076525138,1145.84183499094,1100.8788562186,1181.17535204461,1292.54133127619,1209.81763785293,"NDUFS5"
"ENSG00000134884",276.50547601127,-0.832198356100134,0.451364517409346,-1.84373898257804,0.0652211889381281,0.551121066063592,273.685556763501,149.38983514499,168.373289222367,909.15419129486,143.206205723851,193.06517859999,196.429613520369,266.531451191885,229.321849097389,235.897589553495,"ARGLU1"
"ENSG00000184007",4310.33181932964,0.334301270610615,0.181371279089123,1.84318747868754,0.0653016424261954,0.551121066063592,3631.41083267473,4128.35561818069,4087.17905994687,3062.50943721037,4147.4720350023,5775.5448178187,4853.99400521444,4789.89615163545,4981.49598562011,3645.46024999276,"PTP4A2"
"ENSG00000124224",36.7645271867778,-0.776830854178279,0.421463089726941,-1.84317648001293,0.0653032477468452,0.551121066063592,62.8606402460339,49.3635977000837,19.8086222614549,63.3872444129882,44.063447915031,35.7170580409981,17.4604100906994,22.0511632281056,34.3982773646084,18.5348106077746,"PPP4R1L"
"ENSG00000164808",491.250748961087,0.32668105286507,0.177272510917465,1.8428184447456,0.0653555228558555,0.551121066063592,430.353613992078,446.870463390232,431.662893447539,396.623043612698,571.447840148059,514.518700968973,632.939865787854,545.526603338786,385.677655300155,556.886809624501,"SPIDR"
"ENSG00000145390",810.073272832409,0.648324922987382,0.35200126189625,1.84182556475741,0.0655006693243345,0.551121066063592,846.200926388917,505.327355403489,670.191719845891,395.717511549655,795.896027965248,790.601906366959,776.115228531589,1631.78607887981,437.796257367743,1251.09971602479,"USP53"
"ENSG00000100697",400.674025356681,-0.430292871649179,0.23363292959317,-1.84174753275772,0.0655120878694407,0.551121066063592,397.472663709537,544.29861674566,487.787323188327,466.349012466985,377.293272772453,393.85296434398,251.429905306072,244.480287963779,468.025046566945,375.751160503067,"DICER1"
"ENSG00000080298",20.3917996068799,-0.730771329535749,0.396832999992649,-1.84150846716197,0.0655470809303269,0.551121066063592,18.3746486873022,29.8779670289981,20.6339815223489,38.0323466477929,20.6547412101708,13.5145625019993,16.5873895861645,9.58746227308938,19.8050687856836,16.8498278252497,"RFX3"
"ENSG00000145725",339.93304504181,-0.532955352814728,0.289443159037906,-1.84131265905971,0.0655757536842075,0.551121066063592,472.905432004778,419.590580450712,420.933223055917,354.968568712734,337.360773099456,309.869611652984,149.28650627548,192.707991689097,419.033560623411,322.674202853531,"PPIP5K2"
"ENSG00000065970",299.393045426225,-0.408512291021124,0.221879713508163,-1.8411430435081,0.0656005993436019,0.551121066063592,357.822106015885,405.301117958582,330.969063618476,311.503029686685,285.035428700357,314.696241117984,175.477121411529,211.882916235275,314.796356488234,286.447073029244,"FOXJ2"
"ENSG00000122870",1482.98569619487,-0.354315968918278,0.192453093088455,-1.8410510490233,0.065614078143979,0.551121066063592,1873.24707933181,1852.43395579788,1430.34759912922,1667.08452806159,1712.96653769683,1147.77248677694,1160.24425052698,1381.55331355218,1076.77031871638,1527.43689235888,"BICC1"
"ENSG00000232677",151.67133039966,0.463565032786866,0.251796214825332,1.84103257115456,0.0656167857501315,0.551121066063592,152.799710136513,105.222405623863,150.2153854827,86.0255459890555,132.190343745093,214.302348245989,203.413777556648,167.780589779064,143.847341706544,160.915855731134,"LINC00665"
"ENSG00000257315",68.710649365267,-1.18630165106623,0.644458914135659,-1.84077157603955,0.0656550398263554,0.551121066063592,58.0252063809543,236.425652142506,64.3780223497285,55.237455845604,79.8649993459938,85.9140044769955,10.4762460544197,6.71122359116257,47.9491139021814,42.1245695631242,"ZBED6"
"ENSG00000131788",336.578994207485,-0.431663379094407,0.234503890576578,-1.84075146059654,0.0656579889114743,0.551121066063592,333.644936690487,344.246141855847,367.28487109781,546.941366077784,367.65439354104,309.869611652984,209.524921088393,246.397780418397,333.559053232566,306.666866419544,"PIAS3"
"ENSG00000198113",49.5416653430304,0.864376446596774,0.469584655419297,1.84072549352142,0.0656617960542136,0.551121066063592,65.7619005650816,10.3923363579124,32.1890111748642,23.5438336391099,90.8808613247515,58.8848794729969,34.0477996768639,66.1534896843167,78.1779031013827,35.3846384330243,"TOR4A"
"ENSG00000114956",371.891961790681,0.441915809975327,0.240138156278382,1.84025652909166,0.0657305842399145,0.55135144780361,351.052498604774,336.451889587413,353.253763662613,183.823008797666,437.880513655621,354.274602730982,487.145441530514,504.300515564501,358.575982225009,352.161401547718,"DGUOK"
"ENSG00000136960",270.630225775099,-0.810208829636261,0.440344526490759,-1.8399430012065,0.0657766059566618,0.551390693679446,275.619730309533,159.782171502903,512.548101015146,510.720083556077,112.912585282267,116.804433052994,364.922570895618,349.942372967762,126.127017003564,176.923192165121,"ENPP2"
"ENSG00000130741",1472.53865151029,-0.47909980752478,0.260489878687549,-1.83922619158439,0.0658819238403189,0.551926644634632,1374.2303044556,2442.19904410941,1418.79256947671,1857.24626130056,1659.26421055039,1111.09010284294,1197.78413222198,1204.18526150003,1645.90545329444,814.689175350821,"EIF2S3"
"ENSG00000181826",33.51844529332,-0.792702126483812,0.431101657153732,-1.83878236914578,0.065947202479509,0.552126703998249,33.8480370555567,84.437732908038,33.8397296966522,28.0714939543234,26.1626721995497,39.5783616129979,13.9683280725595,19.1749245461788,33.3559053232566,22.747267564087,"RELL1"
"ENSG00000148677",84.0421878773052,0.803832031730395,0.437454719939843,1.83752053661905,0.0661330875817502,0.552756236896834,31.9138635095249,90.9329431317332,46.2201186100615,64.2927764760309,24.785689452205,114.873781266994,111.746624580476,81.4934293212597,129.254133127619,144.908519297147,"ANKRD1"
"ENSG00000151623",8.34798830577838,2.08717189831121,1.13588355947498,1.83748754958293,0.0661379528056276,0.552756236896834,7.73669418412724,0,0.825359260893955,2.71659618912807,0,1.9306517859999,4.36510252267486,9.58746227308938,12.5084644962212,43.8095523456491,"NR3C2"
"ENSG00000170855",454.614476922399,0.42730350563943,0.232555233379098,1.83742803561365,0.0661467312054695,0.552756236896834,469.037084912714,342.947099811108,441.567204578266,252.64344558891,592.102581358229,433.431325956978,626.828722256109,523.47544011068,415.906444499356,448.205420151641,"TRIAP1"
"ENSG00000134245",22.8246520299633,-0.796206796534905,0.433504988609084,-1.83667274300479,0.066258221425347,0.55327809511531,21.2759090063499,31.1770090737371,15.6818259569851,54.3319237825613,17.9007757154814,12.5492366089993,20.9524921088393,21.0924170007966,19.8050687856836,13.4798622601997,"WNT2B"
"ENSG00000111666",588.627833270525,0.471651978947019,0.256829072223793,1.83644310538192,0.0662921493584963,0.55327809511531,282.389337720644,471.552262240274,554.641423320738,602.178821923388,634.789046525916,567.611625083971,716.749834223211,925.190109353125,600.406295818619,530.769576495364,"CHPT1"
"ENSG00000167553",1073.06166622185,-0.657176883065512,0.358202627697285,-1.8346512064699,0.0665573862786145,0.554999526108846,896.489438585744,1888.80713305057,1945.37177792705,768.796721523243,948.741112920512,1308.98191090793,592.780922579245,496.63054574603,1165.37194223128,718.645156746898,"TUBA1C"
"ENSG00000178764",160.847610572044,0.488108795208247,0.266149009930909,1.83396810431479,0.0666587289088254,0.554999526108846,129.589627584131,133.801330608122,158.468978091639,95.986398682525,239.594998037981,127.423017875993,240.080638747117,170.656828460991,133.423621293027,179.450666338909,"ZHX2"
"ENSG00000185453",57.122422750459,0.549863053621257,0.299821722435756,1.83396669578896,0.0666589380039654,0.554999526108846,62.8606402460339,38.9712613421714,48.6961963927434,28.0714939543234,71.6031028619254,58.8848794729969,72.4607018764026,69.0297283662435,44.8219977781261,75.8242252136235,"C19orf68"
"ENSG00000125484",315.277634309898,-0.471880297802479,0.257305960578515,-1.83392680348922,0.0666648602254159,0.554999526108846,424.551093353982,452.066631569188,299.605411704506,338.668991577966,301.559221668494,306.008308080984,163.25483434804,206.130438871422,327.304820984456,333.626590939943,"GTF3C4"
"ENSG00000186871",18.0576541204976,-1.45516597684328,0.793882213733994,-1.8329746550171,0.0668063403053044,0.555711168369609,17.4075619142863,53.2607238343009,36.315807479334,9.96085269346958,4.13094824203416,28.9597767899985,5.23812302720983,0,17.7203247029801,7.58242252136235,"ERCC6L"
"ENSG00000242759",10.455428263906,1.09592546396819,0.597954447120008,1.8327908910898,0.066833674294433,0.555711168369609,6.76960741111134,5.19616817895618,5.77751482625769,7.24425650434151,6.8849137367236,6.75728125099965,15.7143690816295,22.0511632281056,6.25423224811062,21.9047761728246,"LINC00882"
"ENSG00000187741",37.9040053538098,-1.00859753690776,0.550477270019638,-1.8322237662452,0.0669180894191299,0.555772111083566,33.8480370555567,61.0549761027352,45.3947593491675,76.9702253586286,13.7698274734472,62.7461830449967,15.7143690816295,7.6699698184715,45.8643698194779,16.0073364339872,"FANCA"
"ENSG00000079739",1211.23557841248,0.352246155905981,0.192340029224737,1.8313720618936,0.0670450283842086,0.555772111083566,1003.83607039051,945.702608570025,1007.76365755152,1198.01891940548,1202.10593843194,1499.15111182892,1475.4046526641,1642.33228738021,1000.6771596977,1137.36337820435,"PGM1"
"ENSG00000110395",262.621081235728,-0.666603053203885,0.364046616879214,-1.83109256423898,0.0670867281980276,0.555772111083566,293.027292223819,515.719691761401,307.033645052551,234.532804328056,243.725946280015,274.152553611986,96.0322554988468,135.18321805056,343.982773646084,182.820631903959,"CBL"
"ENSG00000203724",75.4184651404748,0.713041352781765,0.38942293910546,1.8310204181081,0.0670974955476139,0.555772111083566,60.926466700002,58.4568920132571,71.8062556977741,27.1659618912807,70.2261201145807,63.7115089379967,112.619645085011,148.605665232885,43.7796257367743,96.8865099951856,"C1orf53"
"ENSG00000188938",674.563599268131,0.331278711836365,0.180953489045217,1.83073956509114,0.0671394246160759,0.555772111083566,521.259770655573,653.41814850374,656.160612410694,506.192423240863,710.523097629875,761.642129576961,719.368895736816,933.818825398906,620.211364604303,663.040724923574,"FAM120AOS"
"ENSG00000261609",127.22663112769,-0.502245571949789,0.274438205320954,-1.83008619868512,0.0672370503488181,0.555772111083566,101.54411116667,197.454390800335,124.629248394987,194.689393554178,100.519740556165,111.977803587994,82.9369479308223,123.678263322853,143.847341706544,90.9890702563482,"GAN"
"ENSG00000125457",94.556135907305,0.510629685155163,0.279099064441361,1.8295643024717,0.067315115768842,0.555772111083566,94.7745037555587,81.8396488185599,67.6794593933043,57.9540520347321,93.6348268194409,97.4979151929949,144.04838324827,134.224471823251,67.754182687865,106.153915299073,"MIF4GD"
"ENSG00000162804",183.024391662041,-0.756764165154477,0.413668358317035,-1.82939823638745,0.0673399716303294,0.555772111083566,177.943966234927,402.703033869104,118.85173356873,270.754086849764,158.353015944643,76.260745546996,158.889731825365,254.067750236869,70.8812988119203,141.538553732097,"SNED1"
"ENSG00000126878",9.14174855630198,2.21985724433218,1.2136108620937,1.82913429145032,0.0673794930040308,0.555772111083566,4.83543386507953,5.19616817895618,1.65071852178791,0,0,4.82662946499975,41.9049842176786,22.0511632281056,0,10.9523880864123,"AIF1L"
"ENSG00000184381",34.7681863078212,-1.16168783342347,0.635123483800026,-1.82907397231313,0.0673885274726143,0.555772111083566,28.0455164174613,18.1865886263466,17.3325444787731,143.979598023788,44.063447915031,14.4798883949993,26.1906151360491,26.8448943646503,8.33897633081416,20.2197933902996,"PLA2G6"
"ENSG00000104497",90.7776648940654,-0.472513206492532,0.258348694786247,-1.82897462239351,0.0674034100595598,0.555772111083566,105.412458258734,96.1291113106894,132.057481743033,102.325123123824,64.7181891252018,106.185848229994,50.6351892630283,86.2871604578044,86.5168794321969,77.5092079961484,"SNX16"
"ENSG00000214174",133.2839211164,0.684489126194692,0.374287268919665,1.82878014571639,0.0674325504340473,0.555772111083566,135.392148222227,74.0453965501256,55.299070479895,125.868956762934,194.154567375605,89.7753080489953,252.302925810607,173.533067142918,87.5592514735486,144.908519297147,"AMZ2P1"
"ENSG00000175063",247.210702296489,-1.50541706690994,0.823241348622993,-1.82864608225522,0.0674526445312631,0.555772111083566,248.541300665088,731.360671188083,574.450045582193,63.3872444129882,45.4404306623758,306.008308080984,79.4448659126824,24.9274019100324,281.440451164978,117.106303385485,"UBE2C"
"ENSG00000069702",394.668911539647,0.722832043083762,0.395413545164824,1.82804067266451,0.0675434476986937,0.555772111083566,275.619730309533,358.535604347977,313.636519139703,188.350669112879,374.539307277764,333.037433084983,695.797342114372,869.582828169207,176.160874988449,361.428806851605,"TGFBR3"
"ENSG00000164109",159.712912244318,-1.10473206355515,0.604393237458374,-1.82783657242895,0.0675740826044995,0.555772111083566,222.429957793658,349.442310034803,327.6676265749,41.6544748999637,45.4404306623758,203.683763422989,42.7780047222136,32.5973717285039,212.643896435761,118.79128616801,"MAD2L1"
"ENSG00000130558",84.681699834429,0.552096181771464,0.302105673235135,1.8274935914287,0.0676255888919045,0.555772111083566,59.9593799269861,57.157849968518,75.1076927413499,72.4425650434151,64.7181891252018,96.532589299995,79.4448659126824,164.904351097137,77.1355310600309,99.413984168973,"OLFM1"
"ENSG00000153162",32.6629034137945,0.785839911149786,0.430060760175919,1.82727647792915,0.0676582100427092,0.555772111083566,18.3746486873022,24.6817988500419,14.0311074351972,34.4102183956222,24.785689452205,24.1331473249987,53.2542507766332,69.0297283662435,30.2287891992013,33.6996556504993,"BMP6"
"ENSG00000171159",521.936230967769,0.505507627619967,0.276677726933872,1.82706296318817,0.0676903031067283,0.555772111083566,506.753469060334,409.198244092799,489.438041710115,262.60429828238,560.431978169301,426.674044705978,749.92461339554,838.902948895321,425.287792871522,550.146878494401,"C9orf16"
"ENSG00000101400",785.001991355967,0.498074794939085,0.272668060580314,1.82667083881787,0.0677492753208558,0.555772111083566,539.634419342875,828.788824543511,741.997975543666,407.48942836921,1035.49102600323,605.259334910969,1168.10143506779,1052.70335758521,696.304523622982,774.249588570222,"SNTA1"
"ENSG00000183496",53.5989463144176,-0.760404622605641,0.416367282723995,-1.82628331801398,0.0678075967118102,0.555772111083566,76.3998550682565,88.3348590422551,39.6172445229098,79.6868215477566,57.8332753884782,64.6768348309966,15.7143690816295,23.0099094554145,46.9067418608296,43.8095523456491,"MEX3B"
"ENSG00000158104",11.8550111418215,1.15328799676005,0.63161345436549,1.8259395660256,0.0678593655087893,0.555772111083566,8.70378095714315,7.79425226843427,7.4282333480456,3.62212825217076,13.7698274734472,3.8613035719998,12.2222870634896,15.339939636943,10.4237204135177,35.3846384330243,"HPD"
"ENSG00000124181",242.870339767486,-0.729419403090805,0.399499405407483,-1.82583351368648,0.0678753434733454,0.555772111083566,153.766796909529,239.023736231984,168.373289222367,713.559265677639,216.186291333121,166.036053595991,161.50879333897,192.707991689097,195.965943774133,221.575235902033,"PLCG1"
"ENSG00000168890",183.539149752888,0.504026060917324,0.27606005667009,1.82578409566752,0.0678827899044109,0.555772111083566,163.437664639688,90.9329431317332,169.198648483261,162.090239284641,234.087067048602,149.625513414992,253.175946315142,278.036405919592,151.143945996007,183.663123295221,"TMEM150A"
"ENSG00000143106",749.821516686527,0.3724934199888,0.204106055479182,1.8249993568995,0.0680011263868728,0.556399400381425,792.044067100027,622.241139430003,692.476419890028,441.899646764832,917.070509731583,710.479857247963,835.480622839967,832.191725304158,705.685871995148,948.645306561556,"PSMA5"
"ENSG00000175324",406.529290845098,0.31827513487203,0.174485620569382,1.82407658484083,0.068140494896495,0.55719790339335,376.196754703187,280.593081663634,423.409300838599,335.046863325795,389.686117498556,436.327303635977,510.716995152958,447.734488153274,436.753885326391,428.828118152604,"LSM1"
"ENSG00000227376",23.0927805765354,0.799433310696056,0.438612615349468,1.82264094264389,0.0683577903161098,0.558332799110708,12.5721280492068,14.2894624921295,23.1100593050307,13.5829809456403,35.8015514309627,17.3758660739991,26.1906151360491,47.9373113654469,15.6355806202765,24.432250346612,"FTH1P16"
"ENSG00000049769",58.3426587687045,0.553955656727028,0.303935959454048,1.82260650474555,0.0683630097434045,0.558332799110708,52.2226857428589,41.5693454316495,46.2201186100615,41.6544748999637,92.2578440720962,41.5090133989979,68.9686198582627,87.2459066851134,46.9067418608296,64.8718371272112,"PPP1R3F"
"ENSG00000097046",31.1415551285724,-0.637506161667137,0.34985159495709,-1.82221882322797,0.0684217895796171,0.55834004975542,33.8480370555567,58.4568920132571,39.6172445229098,27.1659618912807,23.4087067048602,32.8210803619983,26.1906151360491,18.2161783188698,32.3135332819049,19.3773019990371,"CDC7"
"ENSG00000125124",155.016646884971,-0.510440687540932,0.280264788335317,-1.82128012074862,0.0685642866931712,0.558707547504749,245.64004034604,153.286961279207,150.2153854827,205.55577831069,156.976033197298,96.532589299995,110.873604075941,97.7921151855117,134.465993334378,198.827968337946,"BBS2"
"ENSG00000235162",6018.86881411956,0.531908690027642,0.292077849316007,1.82111957915766,0.0685886816700579,0.558707547504749,3441.86182516361,6673.17898382448,5322.74187350512,3556.92994363168,9881.22819494571,8491.00655482756,4241.13361103089,6072.69860377481,5163.91109285667,7343.99745763507,"C12orf75"
"ENSG00000134905",618.69831106947,0.287879842631221,0.158141891078098,1.82038952910366,0.0686997058732699,0.558707547504749,586.054584447639,483.243640642925,577.751482625769,536.980513384315,700.884218398462,637.115089379967,786.591474586009,697.008507253598,616.041876438896,565.311723537126,"CARS2"
"ENSG00000125775",23.2244551202867,0.645912738538507,0.354824044670167,1.82037476952535,0.0687019519955795,0.558707547504749,15.4733883682545,16.8875465816076,18.983263000561,18.1106412608538,19.2777584628261,27.9944508969985,25.3175946315142,39.3085953196665,28.1440451164978,22.747267564087,"SDCBP2"
"ENSG00000068878",496.857297632687,-0.359615242066025,0.19757431333372,-1.82015180009056,0.0687358909732436,0.558707547504749,517.391423563509,666.408568951131,532.356723276601,575.91839209515,419.97973794014,420.882089347978,412.065678140506,360.488581468161,443.008117574502,620.073663969188,"PSME4"
"ENSG00000102743",98.0376137485175,-0.525718666130116,0.288929520459672,-1.81953946863486,0.0688291670205498,0.558707547504749,129.589627584131,115.614741981775,113.899578003366,120.435764384678,93.6348268194409,101.359218764995,46.2700867403535,55.6072811839184,114.660924548695,89.3040874738232,"SLC25A15"
"ENSG00000176973",118.051331381657,0.41932867386764,0.230505847031792,1.81916718932429,0.0688859269040764,0.558707547504749,88.0048963444474,87.0358169975161,125.454607655881,91.4587383673116,130.813360997748,122.596388410994,163.25483434804,150.523157687503,121.957528838157,99.413984168973,"FAM89B"
"ENSG00000167323",281.224098136639,0.372067213144742,0.204531508688242,1.81911929135509,0.0688932325005156,0.558707547504749,210.824916517467,250.715114634636,221.19628191958,273.470683038892,334.606807604767,321.453522368983,306.430197091775,391.168460742047,220.982872766575,281.392124681669,"STIM1"
"ENSG00000152492",1223.17421339933,0.316917603045333,0.174265342611114,1.81859225877493,0.068973659736705,0.558707547504749,1036.71702067305,1008.0566267175,1190.99341346998,1027.77889155345,1248.92335184166,1356.28287966493,968.179739529283,1556.04512692241,1452.02425360302,1386.74083001805,"CCDC50"
"ENSG00000163634",836.352398831304,0.372703307312632,0.204941372772401,1.81858500443705,0.0689747673150498,0.558707547504749,848.135099934949,584.568920132571,789.043453414621,620.289463184242,873.007061816552,779.98332154396,1219.60964483535,1026.81720944787,831.812888998712,790.256925004209,"THOC7"
"ENSG00000115652",202.087401695135,0.506236658528987,0.278448033412581,1.8180651244855,0.0690541796394864,0.558707547504749,158.602230774609,132.502288563383,144.437870656442,210.083438625904,165.237929681366,224.920933068988,215.636064620138,355.694850331616,154.271062120062,259.487348508845,"UXS1"
"ENSG00000078043",294.00564567508,-0.3630501444095,0.199694373979921,-1.81802890674328,0.0690597147431094,0.558707547504749,311.401940911122,370.226982750628,264.94032274696,410.206024558338,327.721893868043,245.192776821987,225.239290170023,279.95389837421,235.5760813455,269.597245203995,"PIAS2"
"ENSG00000144645",43.8527145244745,0.681126005815724,0.374680869662451,1.81788305986732,0.0690820079932271,0.558707547504749,27.0784296444454,37.6722192974323,14.0311074351972,50.7097955303906,38.5555169256522,63.7115089379967,58.4923738038431,40.2673415469754,44.8219977781261,63.1868543446862,"OSBPL10"
"ENSG00000166387",138.588010610044,0.732269806282493,0.402906157626839,1.81746988081702,0.0691451960825413,0.558707547504749,103.478284712702,85.736774952777,130.406763221245,76.9702253586286,228.579136059223,91.7059598349952,200.794716043043,135.18321805056,58.3728343156991,274.652193551569,"PPFIBP2"
"ENSG00000131143",3204.10293362967,0.49227838581367,0.27097184233216,1.81671417065626,0.069260890791742,0.558707547504749,2473.80796537469,2455.1894645568,2853.2669649104,2520.0957314478,3819.75014113425,2645.95827271286,5354.23475431298,4930.83184704987,2664.30293769512,2323.59125710193,"COX4I1"
"ENSG00000135919",6427.47118627043,0.979732172220334,0.539300911423136,1.81667071474989,0.0692675484626465,0.558707547504749,2931.24000901121,4974.03198930581,1293.33796182083,7040.51179015691,3369.47678275253,7628.0052064856,7687.81856293496,17810.6286647181,1854.3798615648,9685.28103395351,"SERPINE2"
"ENSG00000068971",389.639735344919,0.29734229897732,0.163694223311831,1.81644955430648,0.0693014395380491,0.558707547504749,320.105721868265,346.844225945325,359.856637749764,343.196651893179,447.519392887034,422.812741133978,504.605851621213,412.260877742843,397.143747755024,342.051504852568,"PPP2R5B"
"ENSG00000100888",234.023170659693,-0.47432224233151,0.261191539529274,-1.81599389929071,0.0693713079724927,0.558707547504749,181.81231332699,276.695955529417,244.306341224611,421.977941377893,238.218015290637,180.515941990991,206.032839070253,152.440650142121,211.601524394409,226.630184249608,"CHD8"
"ENSG00000064313",196.094356582261,-0.486854160025722,0.26833960896054,-1.81432089698437,0.0696283361719844,0.558707547504749,252.409647757151,168.875465816076,241.830263441929,283.431535732362,139.075257481817,185.34257145599,107.381522057801,149.564411460194,245.999801759018,187.033088860271,"TAF2"
"ENSG00000153790",33.1452871133824,0.802666519650465,0.442408933977471,1.81430902046689,0.069630163586971,0.558707547504749,30.946776736509,16.8875465816076,23.9354185659247,19.9217053869392,33.0475859362733,21.2371696459989,55.8733122902382,48.8960575927558,16.6779526616283,64.0293457359487,"C7orf31"
"ENSG00000157823",214.207113301654,0.413241827600318,0.22778409693218,1.81418208367442,0.0696496975462568,0.558707547504749,208.890742971436,211.743853292464,165.071852178791,130.396617078147,206.547412101708,236.504843784988,235.715536224442,292.417599329226,179.287991112504,275.494684942832,"AP3S2"
"ENSG00000169679",53.3201219634592,-1.09806467139692,0.605287728044289,-1.81412016223229,0.06965922810188,0.558707547504749,58.9922931539702,128.605162429166,96.5670335245927,29.8825580804087,9.63887923141304,45.3703169709976,19.2064510997694,8.62871604578044,78.1779031013827,58.1319059971113,"BUB1"
"ENSG00000149782",299.227991494408,-0.480494692657245,0.264870431605737,-1.8140744882104,0.0696662586437485,0.558707547504749,390.703056298426,509.224481537706,317.763315444173,224.571951634587,330.475859362733,278.013857183986,224.366269665488,187.914260552552,290.821799537144,238.425063727283,"PLCB3"
"ENSG00000126709",47.8029910939361,0.878171338170677,0.484116829244718,1.81396573124866,0.0696830018043599,0.558707547504749,35.7822106015885,32.4760511184761,33.8397296966522,25.3548977651953,48.1943961570652,18.341191966999,96.9052760033818,103.544592549365,22.9321849097389,60.6593801708988,"IFI6"
"ENSG00000183808",44.2543350852033,-0.716530622456773,0.395044255748309,-1.81379835810925,0.0697087753937785,0.558707547504749,33.8480370555567,51.9616817895618,40.4426037838038,105.041719312952,31.6706031889286,29.9251026829984,20.0794716043043,42.1848340015933,42.7372536954226,44.6520437369116,"RBM12B"
"ENSG00000242265",281.204383770495,-1.01688511045441,0.560679673287601,-1.81366501926457,0.0697293136832364,0.558707547504749,651.81648501272,241.621820321463,536.483519581071,184.728540860709,117.043533524301,170.862683060991,37.5398816950038,183.120529416007,543.075833544272,145.75101068841,"PEG10"
"ENSG00000135164",309.037297439028,-0.775068491910831,0.427422966678259,-1.81335246894737,0.0697774755299405,0.558707547504749,279.488077401597,179.267802173988,246.782419007293,940.847813501354,191.400601880916,280.909834862985,174.604100906994,224.346617190291,363.787842431768,208.937865033096,"DMTF1"
"ENSG00000145362",118.24424845464,-0.865837578229711,0.477554455367582,-1.81306564832122,0.0698216966336409,0.558707547504749,135.392148222227,375.423150929584,90.7895186983351,47.9931993412625,95.0118095667857,66.6074866169966,65.4765378401228,100.668353867438,67.754182687865,137.326096775785,"ANK2"
"ENSG00000050820",614.825912874686,-0.363766758933513,0.200648287450959,-1.8129572076334,0.0698384216702846,0.558707547504749,778.504852277804,805.406067738208,698.253934716286,556.902218771254,654.066804988742,591.744772408969,579.685615011221,392.127206969356,499.296207807498,592.271448057526,"BCAR1"
"ENSG00000107186",209.501559440947,-0.502543111640433,0.277275524630626,-1.81243228124768,0.0699194286718823,0.558707547504749,213.726176836515,237.724694187245,189.83263000561,376.701338225759,139.075257481817,182.446593776991,118.730788616756,198.46046905295,203.262548063595,235.055098162233,"MPDZ"
"ENSG00000123552",100.209317654918,-0.50397518378908,0.278084741927139,-1.81230793281397,0.0699386295021406,0.558707547504749,136.359234995243,77.9425226843427,132.057481743033,139.451937708574,85.3729303353726,89.7753080489953,54.1272712811682,84.3696680031865,120.915156796805,81.7216649524609,"USP45"
"ENSG00000102886",11.4715700554357,-1.32521514366335,0.731235548071629,-1.81229584250674,0.069940496615645,0.558707547504749,3.86834709206362,19.4856306710857,5.77751482625769,42.5600069630064,8.26189648406832,6.75728125099965,9.60322554988468,11.5049547277073,5.21186020675885,1.68498278252497,"GDPD3"
"ENSG00000170962",187.933372948362,0.667053107945665,0.368148600854892,1.81191265265351,0.0699996940573189,0.558707547504749,139.26049531429,153.286961279207,165.071852178791,98.7029948716531,128.059395503059,134.180299126993,250.556884801537,406.50840037899,128.211761086268,275.494684942832,"PDGFD"
"ENSG00000079805",531.98143171582,-0.344533093739516,0.190171533431604,-1.81169645909927,0.0700331110611888,0.558707547504749,541.568592888907,736.556839367039,552.99070479895,608.517546364687,527.384392233028,498.108160787974,411.192657635971,390.209714514738,453.43183798802,599.853870578888,"DNM2"
"ENSG00000219481",443.403396556185,-0.55609913907652,0.306980566303766,-1.81151251941546,0.0700615528965203,0.558707547504749,371.361320838108,672.903779174826,415.981067490553,734.386503127621,421.356720687484,515.484026861973,221.747208151883,283.788883283446,487.830115352628,309.194340593331,"NBPF1"
"ENSG00000104517",454.532828972266,-0.435160356205724,0.240425848446048,-1.80995662079726,0.0703025144960476,0.558707547504749,399.406837255569,532.607238343009,485.311245405646,737.103099316749,419.97973794014,396.748942022979,293.33488952375,315.427508784641,478.448766980462,486.960024149715,"UBR5"
"ENSG00000124116",14.3827514018992,1.9599997935716,1.0829025675507,1.80995026912228,0.0703034995700279,0.558707547504749,0,2.59808408947809,8.25359260893955,9.96085269346958,42.6864651676863,1.9306517859999,51.5082097675633,14.3811934096341,12.5084644962212,0,"WFDC3"
"ENSG00000183793",44.7425416965745,1.11324911171783,0.615123055542277,1.80979903401022,0.0703269577950766,0.558707547504749,39.6505576936521,25.9808408947809,30.5382926530763,9.05532063042689,107.404654292888,3.8613035719998,62.8574763265179,71.9059670481704,48.9914859435332,47.1795179106991,"NPIPA5"
"ENSG00000151414",9315.30223968133,0.520277979098751,0.287524779877061,1.80950657303767,0.0703723399176415,0.558707547504749,6448.53460247006,7592.90075149972,6470.81660540861,9047.17084185951,11621.7343875894,12926.6790331623,4776.29518031083,9272.03476430474,14824.6151721049,10172.2410581032,"NEK7"
"ENSG00000256525",30.5565898768149,-0.894702061937211,0.494622057072457,-1.80886001573146,0.0704727535948933,0.558707547504749,43.5189047857157,12.9904204473905,21.4593407832428,90.5532063042689,30.2936204415838,22.2024955389988,26.1906151360491,19.1749245461788,19.8050687856836,19.3773019990371,"POLG2"
"ENSG00000164327",112.49924979009,-0.660254446405589,0.365078724432197,-1.80852622248112,0.0705246393896549,0.558707547504749,105.412458258734,114.315699937036,96.5670335245927,260.793234156294,71.6031028619254,64.6768348309966,61.111435317448,100.668353867438,138.635481499785,111.208863646648,"RICTOR"
"ENSG00000074266",78.3781729514968,-0.430040086764211,0.237791057805341,-1.80847879955288,0.0705320134892903,0.558707547504749,89.9390698904792,83.1386908632989,99.8684705681686,97.7974628086104,70.2261201145807,58.8848794729969,69.8416403627977,51.7722962746827,68.7965547292168,93.5165444301356,"EED"
"ENSG00000171735",492.123932357921,0.401144978620233,0.221874972813126,1.80797758996503,0.0706099885016943,0.558707547504749,407.143531439696,349.442310034803,519.976334363192,373.984742036631,475.059047833928,452.737843816977,735.083264818446,655.782419479314,448.219977781261,503.809851974965,"CAMTA1"
"ENSG00000172935",103.106483338109,0.631280681008902,0.349192536580604,1.80782982130886,0.0706329909040747,0.558707547504749,112.182065669845,77.9425226843427,64.3780223497285,56.1429879086467,115.666550776956,65.6421607239966,155.397649807225,181.203036961389,71.9236708532721,130.586165645685,"MRGPRF"
"ENSG00000164096",4311.89046196552,0.424794724014893,0.234985780465467,1.80774650778207,0.0706459626103662,0.558707547504749,3753.26376607473,3196.94247210279,3956.77229672562,3400.2728967253,6339.62856877509,3802.4186925268,6609.63823983427,4690.18654399532,3363.73457744216,4006.04656545311,"C4orf3"
"ENSG00000148400",36.2414896649903,-0.84052152537127,0.465069082229754,-1.80730467254762,0.070714787904598,0.558707547504749,24.1771693253976,58.4568920132571,18.983263000561,95.986398682525,22.0317239575155,36.6823839339981,32.3017586677939,20.1336707734877,25.0169289924425,28.6447073029244,"NOTCH1"
"ENSG00000174989",164.131740987826,-0.476517160270692,0.263705431367825,-1.80700548259102,0.0707614243626388,0.558707547504749,212.759090063499,231.22948396355,124.629248394987,221.855355445459,144.583188471196,146.729535735992,99.5243375169867,114.090801049764,156.355806202765,189.560563034059,"FBXW8"
"ENSG00000114857",404.973522399624,-0.795214350605451,0.440108296944342,-1.8068606207304,0.0707840138745929,0.558707547504749,391.670143071442,231.22948396355,255.861370877126,1293.09978602496,240.971980785326,282.840486648985,310.79529961445,421.848340015933,380.465795093396,240.95253790107,"NKTR"
"ENSG00000138686",124.891539284881,-0.475146603701379,0.26298559756643,-1.80674001959882,0.0708028247205745,0.558707547504749,153.766796909529,151.987919234468,166.722570700579,128.585552952062,81.2419820933385,124.527040196994,70.7146608673327,91.0808915943491,148.016829871951,132.27114842821,"BBS7"
"ENSG00000115760",261.857576752163,-0.479385167785917,0.265378240256156,-1.8064222873857,0.0708524028528861,0.558707547504749,244.672953573024,358.535604347977,250.909215311762,407.48942836921,225.825170564534,206.579741101989,137.06421921199,213.800408689893,289.779427495792,283.919598855457,"BIRC6"
"ENSG00000151883",48.2386543149726,-0.858198844426446,0.475087505818418,-1.80640162899686,0.0708556273211014,0.558707547504749,79.3011153873043,49.3635977000837,88.3134409156532,46.1821352151771,70.2261201145807,34.7517321479982,39.2859227040737,31.638625501195,6.25423224811062,37.0696212155493,"PARP8"
"ENSG00000188042",724.184741761403,0.769594316610421,0.426051405211151,1.80634145832475,0.0708650197565914,0.558707547504749,491.28008069208,895.039968825203,368.110230358704,282.526003669319,1087.81637040233,532.859892935972,1430.00758642828,912.726408398109,279.355707082274,962.125168821756,"ARL4C"
"ENSG00000152348",133.012834739646,0.317983962504713,0.176068340672164,1.80602578118682,0.0709143126045396,0.558707547504749,123.787106946036,118.212826071253,117.201015046942,105.041719312952,125.305430008369,151.556165200992,156.27067031176,137.100710505178,149.059201913303,146.593502079672,"ATG10"
"ENSG00000226608",106.820166218849,0.58672628493633,0.3248807881081,1.80597408776632,0.0709223871879388,0.558707547504749,59.9593799269861,53.2607238343009,97.3923927854867,116.813636132507,132.190343745093,80.1220491189958,188.572428979554,108.33832368591,135.50836537573,96.0440186039231,"FTLP3"
"ENSG00000182827",390.316967298459,-0.462744707320719,0.256394293993173,-1.80481671457572,0.0711033679469082,0.559802608210103,525.128117747637,480.645556553447,464.677263883297,399.339639801826,268.51163573222,335.933410763983,238.334597738047,264.613958737267,400.27086387908,525.714628147789,"ACBD3"
"ENSG00000250786",184.638310689817,0.695496383365734,0.385493719527933,1.80417046539026,0.07120458783841,0.560217099126337,183.746486873022,98.7271954001675,119.677092829623,135.829809456403,308.444135405217,90.7406339419953,397.224329563412,192.707991689097,144.889713747896,174.395717991334,"SNHG18"
"ENSG00000157212",95.7501600783371,-0.475119153862633,0.263377937008251,-1.80394439739176,0.0712400240022695,0.560217099126337,86.0707227984156,129.904204473905,107.296703916214,136.735341519446,107.404654292888,109.081825908994,61.111435317448,71.9059670481704,68.7965547292168,79.1941907786734,"PAXIP1"
"ENSG00000143374",86.3718006284755,-0.37382056025489,0.207536435085877,-1.80122858957371,0.071666857939736,0.562578507558717,112.182065669845,103.923363579124,95.7416742636988,88.7421421781835,71.6031028619254,84.9486785839956,74.2067428854726,69.0297283662435,91.7287396389557,71.6117682573111,"TARS2"
"ENSG00000168701",162.429307164571,0.475096329181527,0.26380552559684,1.80093395734095,0.0717132899774364,0.5626118520171,113.149152442861,88.3348590422551,142.787152134654,181.106412608538,172.12284341809,203.683763422989,230.477413197232,193.666737916405,175.118502947097,123.846234515585,"TMEM208"
"ENSG00000160551",1259.00796851108,-0.492908888152581,0.273751509627136,-1.80057048388135,0.0717706048794827,0.562659956948078,1514.45788654291,2082.36439771669,1418.79256947671,1079.39421914689,1036.86800875057,1219.20660285894,618.09851721076,895.468976306548,1454.10899768572,1271.31950941509,"TAOK1"
"ENSG00000235997",14.8368352650594,1.31431936653767,0.73016435825208,1.80003221423184,0.0718555517359183,0.562659956948078,4.83543386507953,10.3923363579124,9.07895186983351,7.24425650434151,20.6547412101708,3.8613035719998,10.4762460544197,22.0511632281056,4.16948816540708,55.6044318233239,"LINC01936"
"ENSG00000233276",3165.59790321329,0.536633281626559,0.298147430597593,1.7998923571166,0.0718776367179249,0.562659956948078,2831.63007139057,2957.91873587081,2790.53966108246,1388.18065264444,3657.26617694758,2505.02069233487,4647.08814563965,5127.3748236482,2298.43035118065,3452.52972139366,"GPX1"
"ENSG00000196233",139.450102716983,-0.59434665039497,0.330224570382293,-1.79982564503577,0.0718881732503205,0.562659956948078,121.852933400004,223.435231695116,154.34218178717,200.122585932434,100.519740556165,141.902906270993,63.7304968310529,80.5346830939508,191.796455608726,116.263811994223,"LCOR"
"ENSG00000139496",500.358611235666,-0.554333456246418,0.308078845845341,-1.79932333466576,0.0719675489835116,0.56281480303108,566.712848987321,566.382331506224,600.861541930799,740.72522756892,417.22577244545,679.589428671965,259.287089846886,251.191511554942,579.558854991584,342.051504852568,"NUP58"
"ENSG00000115226",255.673136090409,0.589151649378062,0.327461082474993,1.79915013083441,0.0719949355154306,0.56281480303108,166.338924958736,276.695955529417,213.768048571534,129.491085015105,242.348963532671,218.163651817989,330.874771218754,444.858249471347,158.440550285469,375.751160503067,"FNDC4"
"ENSG00000101844",103.660521597905,0.404624834154096,0.224929074665991,1.79889965205674,0.0720345556552489,0.56281480303108,84.1365492523838,77.9425226843427,103.169907611744,81.497885673842,107.404654292888,133.214973233993,118.730788616756,80.5346830939508,126.127017003564,123.846234515585,"ATG4A"
"ENSG00000149187",453.131301131294,-0.566955907792012,0.315290081615109,-1.79820406936913,0.0721446749403571,0.563107676725029,420.682746261919,806.705109782947,384.617415576583,640.211168571181,342.868704088835,449.841866137977,261.906151360491,231.057840781454,580.601227032936,412.820781718617,"CELF1"
"ENSG00000100321",133.366799128634,0.761307914153243,0.423414249021944,1.79802147875705,0.0721736041104155,0.563107676725029,102.511197939686,68.8492283711694,69.3301779150922,135.829809456403,128.059395503059,81.0873750119958,232.223454206302,232.016587008763,56.2880902329956,227.47267564087,"SYNGR1"
"ENSG00000123485",92.0996014709927,-1.13494922065975,0.631368140546405,-1.79760293206676,0.072239953379868,0.563107676725029,80.2682021603202,232.528526008289,127.105326177669,107.75831550208,13.7698274734472,135.145625019993,32.3017586677939,9.58746227308938,130.296505168971,52.234466258274,"HJURP"
"ENSG00000164929",351.735352936992,-0.914191770510341,0.508563306427128,-1.79759679661697,0.0722409263609901,0.563107676725029,718.545472350818,462.4589679271,251.734574572656,525.20859656476,319.459997383975,390.95698666498,78.5718454081474,134.224471823251,540.991089461568,95.2015272126606,"BAALC"
"ENSG00000134569",29.9333351661116,-0.660563609920001,0.367713003142848,-1.79641079938472,0.0724292075814867,0.563154390972596,29.9796899634931,44.1674295211276,34.6650889575461,45.2766031521344,17.9007757154814,22.2024955389988,18.3334305952344,15.339939636943,34.3982773646084,37.0696212155493,"LRP4"
"ENSG00000007255",61.9931898493623,0.87108853750134,0.484918095453958,1.79636220150924,0.0724369312251801,0.563154390972596,56.0910328349225,51.9616817895618,39.6172445229098,18.1106412608538,119.797499018991,31.8557544689983,134.445157698386,80.5346830939508,30.2287891992013,57.2894146058489,"TRAPPC6A"
"ENSG00000158526",372.077266042962,0.539697626405337,0.300460613907531,1.79623418652614,0.0724572798302076,0.563154390972596,367.492973746044,328.657637318979,359.856637749764,114.097039943379,451.650341129068,435.361977742977,465.31992891714,345.148641831218,433.626769202336,419.560712848717,"TSR2"
"ENSG00000107223",1747.82268265582,0.411097555142941,0.228873465720846,1.79617831122613,0.0724661629482429,0.563154390972596,1327.81013935084,1482.20697304725,1713.44582561585,1313.0214914119,2099.8986897007,1404.54917431493,2761.36385584411,2191.69387562823,1671.96475432824,1512.27204731616,"EDF1"
"ENSG00000132549",154.531303696945,-0.443890372418888,0.247184464971013,-1.7957858818957,0.0725285769281473,0.563154390972596,137.326321768259,183.164928308205,155.167541048064,258.982170030209,154.222067702609,128.388343768993,106.508501553266,134.224471823251,118.830412714102,168.498278252497,"VPS13B"
"ENSG00000166532",175.267219867194,-0.676757961212383,0.377063583504673,-1.79481124886725,0.072683777964458,0.563154390972596,164.404751412704,157.184087413425,127.930685438563,454.57709564743,97.7657750614751,150.590839307992,107.381522057801,149.564411460194,208.474408270354,134.798622601997,"RIMKLB"
"ENSG00000141026",136.131183793817,0.396267829888883,0.220819239276715,1.79453489282384,0.0727278344681783,0.563154390972596,102.511197939686,144.193666966034,130.406763221245,81.497885673842,150.091119460574,135.145625019993,161.50879333897,170.656828460991,152.186318037358,133.113639819472,"MED9"
"ENSG00000116754",732.229197286912,-0.771708155462571,0.430128496222049,-1.79413399075095,0.0727917848697812,0.563154390972596,626.672228914307,394.90878160067,560.418938146996,2315.44548520016,442.011461897655,493.281531322974,635.558927301459,728.647132754793,675.457082795947,449.890402934166,"SRSF11"
"ENSG00000129810",35.1013128668691,-1.1611603357458,0.64726638181904,-1.79394507170687,0.0728219364796168,0.563154390972596,38.6834709206362,71.4473124606475,79.2344890458197,20.8272374499818,9.63887923141304,37.647709826998,11.3492665589546,3.83498490923575,61.4999504397544,16.8498278252497,"SGO1"
"ENSG00000126432",2527.72329225558,0.401171470990383,0.223639610453385,1.7938301277537,0.0728402866146674,0.563154390972596,2493.149700835,2023.90750570343,2455.44380115952,1506.80535290303,3211.12376680789,2350.56854945488,3630.01925785641,2987.45324429465,2430.81160043233,2187.95014310867,"PRDX5"
"ENSG00000078747",477.373113424645,-0.410518426071932,0.228867482272391,-1.79369485781011,0.0728618865230445,0.563154390972596,510.621816152398,580.671793998353,532.356723276601,618.478399058157,475.059047833928,473.975013462975,261.906151360491,329.808702194275,523.270764758588,467.582722150678,"ITCH"
"ENSG00000173171",114.307350526439,-0.382532684486615,0.213284407340806,-1.79353328851353,0.0728876927820504,0.563154390972596,141.194668860322,162.380255592381,108.122063177108,121.34129644772,92.2578440720962,99.4285669789949,115.238706598616,82.4521755485687,109.449064341936,111.208863646648,"MTX1"
"ENSG00000134440",756.315533915234,-0.428862715823029,0.239128008432807,-1.79344409980956,0.0729019414324653,0.563154390972596,705.973344301611,801.508941603991,1112.58428368505,957.147390636122,521.876461243649,714.341160819963,508.097933639353,534.021648611078,829.728144916009,877.876029695507,"NARS"
"ENSG00000120318",41.8702416670302,-0.847491540595851,0.47279436684439,-1.79251615507252,0.0730503237305588,0.563154390972596,27.0784296444454,40.2703033869104,44.5694000882736,116.813636132507,17.9007757154814,25.0984732179987,53.2542507766332,34.5148641831218,18.7626967443319,40.4395867805992,"ARAP3"
"ENSG00000173193",117.545075656322,-0.59090367815872,0.329703818279231,-1.79222576566667,0.0730968089604959,0.563154390972596,122.82002017302,151.987919234468,79.2344890458197,235.438336391099,95.0118095667857,78.1913973329959,111.746624580476,99.7096076401295,65.6694386051615,135.64111399326,"PARP14"
"ENSG00000122203",3423.87412125367,0.365752540268726,0.204135159329809,1.7917175143641,0.073178227540879,0.563154390972596,2200.12240861119,3070.9353937631,3331.9753362289,3070.65922577776,4261.76160303191,4257.08718812978,3224.93774375218,4631.70302412948,3087.50598648394,3102.05330262846,"KIAA1191"
"ENSG00000178028",115.253000412177,-0.624523137349172,0.34856167384742,-1.79171487919395,0.0731786498713923,0.563154390972596,106.37954503175,96.1291113106894,91.614877959229,289.77026017366,83.9959475880279,92.6712857279952,108.254542562336,87.2459066851134,106.321948217881,90.1465788650857,"DMAP1"
"ENSG00000174799",68.1687057570066,-0.666503143661245,0.372004716932013,-1.79165239935131,0.0731886639053322,0.563154390972596,51.255598969843,84.437732908038,95.7416742636988,118.624700258592,49.5713789044099,73.3647678679962,25.3175946315142,53.6897887293005,87.5592514735486,42.1245695631242,"CEP135"
"ENSG00000076770",21.7567549293937,-1.01487893201762,0.566481983754693,-1.79154670602392,0.0732056065861914,0.563154390972596,40.617644466668,45.4664715658666,31.3636519139703,8.1497885673842,5.50793098937888,29.9251026829984,15.7143690816295,12.4637009550162,7.29660428946239,21.0622847815621,"MBNL3"
"ENSG00000116406",154.772533036249,-0.57283885954981,0.319749765385827,-1.79152237643894,0.0732095070822516,0.563154390972596,201.154048787308,122.10995220547,132.057481743033,315.125157938856,89.5038785774068,123.561714303994,107.381522057801,139.018202959796,185.542223360615,132.27114842821,"EDEM3"
"ENSG00000149311",223.8284957431,-0.484907454659375,0.270681462686365,-1.79143207609023,0.0732239854353481,0.563154390972596,239.837519707945,235.126610097767,171.674726265943,433.749858197448,173.499826165435,206.579741101989,155.397649807225,208.04793132604,197.008315815484,217.362778945721,"ATM"
"ENSG00000135945",181.317027573271,-0.54391708203716,0.303677805172265,-1.79109922678945,0.0732773732312072,0.563154390972596,227.265391658738,164.978339681859,169.198648483261,331.424735073624,181.761722649503,208.510392887989,117.857768112221,88.2046529124223,160.525294368173,163.443329904922,"REV1"
"ENSG00000116127",118.655943483567,-0.512556058160809,0.286272532090401,-1.79044791485252,0.0733819333691537,0.563154390972596,136.359234995243,211.743853292464,125.454607655881,105.041719312952,121.174481766335,100.393892871995,68.9686198582627,98.7508614128206,138.635481499785,80.0366821699359,"ALMS1"
"ENSG00000039650",132.874449440457,-0.334139597712158,0.186627663997886,-1.79040765208283,0.0733884010657778,0.563154390972596,142.161755633338,148.090793100251,141.136433612866,174.767688167239,128.059395503059,133.214973233993,104.762460544197,106.420831231292,131.338877210323,118.79128616801,"PNKP"
"ENSG00000034677",248.315945581957,-0.408434211210479,0.228167917346731,-1.79005977685202,0.0734443021717956,0.563154390972596,336.546197009535,240.322778276723,260.81352644249,326.897074758411,246.479911774705,228.782236640988,145.79442425734,185.996768097934,273.101474834164,238.425063727283,"RNF19A"
"ENSG00000011376",52.4285077938858,-0.500744078578384,0.279797286057561,-1.78966738968072,0.0735073978245335,0.563154390972596,44.4859915587317,75.3444385948647,64.3780223497285,70.6315009173297,41.3094824203416,56.954227686997,39.2859227040737,32.5973717285039,52.1186020675885,47.1795179106991,"LARS2"
"ENSG00000102309",187.52597661045,0.472887441523807,0.264238021355396,1.78962678837116,0.0735139290240342,0.563154390972596,148.931363044449,168.875465816076,204.689096701701,86.0255459890555,217.563274080466,191.13452681399,256.668028333282,168.739336006373,243.915057676314,188.718071642796,"PIN4"
"ENSG00000123066",1100.13210819387,-0.514011759093103,0.287230747502054,-1.78954294957376,0.0735274169852098,0.563154390972596,1321.04053193973,1597.82171502903,1361.84278047503,1083.9218794621,1323.28042019828,1106.26347337794,556.114061388777,560.866542975729,1190.38887122372,899.780805868332,"MED13L"
"ENSG00000141542",254.444130436262,0.455895796941736,0.254762655513596,1.78949224729448,0.0735355749350781,0.563154390972596,221.462871020642,214.341937381943,221.19628191958,175.673220230282,282.281463205668,198.85713395799,350.954242823058,348.024880513144,180.330363153856,351.318910156455,"RAB40B"
"ENSG00000160469",59.4621615179114,-0.59667593875244,0.333480549323349,-1.78923760310198,0.0735765581455772,0.563154390972596,50.2885121968271,63.6530601922132,52.8229926972131,131.30214914119,59.2102581358229,48.2662946499975,57.6193532993081,42.1848340015933,43.7796257367743,45.4945351281741,"BRSK1"
"ENSG00000133597",186.234372893123,0.511895706706254,0.28611852405418,1.78910368840474,0.0735981182773663,0.563154390972596,164.404751412704,172.772591950293,161.770415135215,95.0808666194824,201.039481112329,196.92648217199,252.302925810607,286.665121965372,115.703296590046,215.677796163196,"ADCK2"
"ENSG00000251669",43.4665968184814,0.583893826035458,0.32664463055896,1.78755066335022,0.0738485313338217,0.563756319192786,38.6834709206362,35.0741352079542,39.6172445229098,20.8272374499818,39.9324996729969,39.5783616129979,68.9686198582627,65.1947434570078,39.6101375713672,47.1795179106991,"FAM86EP"
"ENSG00000198315",174.230412579783,-0.561867955483002,0.314349386656608,-1.78739956027584,0.0738729326537809,0.563756319192786,150.865536590481,198.753432845074,173.325444787731,341.385587767094,128.059395503059,137.076276805993,98.6513170124517,116.008293504381,174.076130905746,224.102710075821,"ZKSCAN8"
"ENSG00000153037",193.216764744641,0.475523803647876,0.266055543389159,1.78731026458008,0.0738873559276606,0.563756319192786,207.92365619842,80.5406067738208,201.387659658125,134.924277393361,198.28551561764,223.955607175988,236.588556728977,227.222855872218,215.771012559816,205.567899468046,"SRP19"
"ENSG00000107341",1427.16071764533,0.332371349359392,0.185982038795059,1.78711531238586,0.0739188531148358,0.563756319192786,1185.6483837175,1222.39856409944,1314.79730260407,1217.03509272937,1823.12515748441,1326.35777698193,1907.54980240891,1725.74320915609,1329.02435272351,1219.92753454808,"UBE2R2"
"ENSG00000107796",315.097992310622,0.51805991478095,0.289887208188779,1.787108572392,0.0739199422490864,0.563756319192786,167.306011731752,187.062054442423,222.847000441368,422.883473440936,351.130600572904,431.500674170978,330.874771218754,262.696466282649,428.414908995577,346.263961808881,"ACTA2"
"ENSG00000139433",1770.29495128783,0.519655497191829,0.290829058097991,1.78680734514753,0.0739686317893161,0.563756319192786,1308.46840389052,1869.32150237949,1770.39561461753,671.904790777675,1904.36713957775,2160.39934853389,2279.45653734081,2571.35738164257,1478.08355463681,1689.19523948128,"GLTP"
"ENSG00000257621",203.772696894968,-0.686509686219269,0.384308931978308,-1.7863485053166,0.0740428477716316,0.563756319192786,212.759090063499,138.997498787078,153.516822526276,548.752430203869,177.630774407469,158.313446451992,196.429613520369,169.698082233682,181.372735195208,100.256475560235,"PSMA3-AS1"
"ENSG00000182117",775.706856761569,0.443823794654459,0.248505656994808,1.78597058924792,0.0741040202768027,0.563756319192786,716.611298804786,631.334433743176,840.215727590046,363.118357280118,838.582493132934,790.601906366959,1064.21199502813,994.219837719369,817.219680419787,700.952837530386,"NOP10"
"ENSG00000120899",63.7887115516284,0.649745518873547,0.363827548944301,1.78586124321503,0.0741217275998575,0.563756319192786,46.4201651047635,37.6722192974323,41.2679630446978,64.2927764760309,101.896723303509,43.4396651849978,69.8416403627977,122.719517095544,43.7796257367743,66.5568199097362,"PTK2B"
"ENSG00000165533",146.571341076759,-0.416780329454251,0.233444927189142,-1.7853475527295,0.0742049601129823,0.563756319192786,189.549007511117,159.782171502903,165.071852178791,175.673220230282,132.190343745093,107.151174122994,90.794132471637,121.760770868235,141.762597623841,181.978140512696,"TTC8"
"ENSG00000089685",232.614417279226,-1.16979944947554,0.655437074889561,-1.78476240403802,0.0742998639397511,0.563756319192786,294.961465769851,619.643055340525,423.409300838599,57.9540520347321,68.849137367236,318.557544689984,89.921111967102,19.1749245461788,306.45738015742,127.216200080635,"BIRC5"
"ENSG00000156253",295.313527760279,0.370572502822978,0.207636043263115,1.78472146260942,0.0743065078403987,0.563756319192786,300.763986407947,266.303619171504,268.241759790535,169.334495788983,363.523445299006,334.002758977983,345.716119795849,289.541360647299,341.89802956338,273.809702160307,"RWDD2B"
"ENSG00000105058",1020.63681133578,0.511372872189307,0.286531163651286,1.78470245844413,0.0743095919667881,0.563756319192786,901.324872450824,932.712188122635,1077.09383546661,341.385587767094,1319.14947195624,1076.33837069494,1325.24512588409,1097.76443026873,1056.96524993069,1078.38898081598,"FAM32A"
"ENSG00000215712",145.585017354662,0.370449582564765,0.20758253112757,1.78458938983215,0.0743279436799655,0.563756319192786,125.721280492068,111.717615847558,142.787152134654,115.002572006422,130.813360997748,136.110950912993,181.588264943274,200.377961507568,162.610038450876,149.12097625346,"TMEM242"
"ENSG00000178038",18.2155399100773,0.92566287779364,0.518743668048663,1.7844321479155,0.0743534711415442,0.563756319192786,4.83543386507953,9.09329431317332,11.5550296525154,21.7327695130245,15.1468102207919,29.9251026829984,14.8413485770945,14.3811934096341,21.8898128683872,38.7546039980742,"ALS2CL"
"ENSG00000120885",149.249581904917,0.854984436105408,0.479179363760299,1.78426806487664,0.0743801168640905,0.563756319192786,88.9719831174633,111.717615847558,69.3301779150922,132.207681204233,184.515688144192,49.2316205429974,197.302634024903,348.983626740453,62.5423224811062,247.69246903117,"CLU"
"ENSG00000177311",781.633597709955,-0.371591609735396,0.2083320123572,-1.78365103630006,0.0744803870278888,0.564080023731376,856.838880892092,1169.13784026514,912.847342548714,681.865643471145,696.753270156428,707.583879568963,567.463327947731,587.711437340379,856.829817991155,779.304536917797,"ZBTB38"
"ENSG00000132478",132.125071074398,-0.429821242968423,0.241078670266343,-1.78290863515033,0.0746011772019084,0.564674177265524,137.326321768259,161.081213547642,109.772781698896,217.327695130245,119.797499018991,117.769758945994,124.841932148501,119.843278413617,89.6439955562522,123.846234515585,"UNK"
"ENSG00000044446",97.0977452204531,-0.690432434597503,0.387336941461366,-1.7825111955307,0.0746659071753874,0.564843564377846,85.1036360253997,72.7463545053866,79.2344890458197,265.320894471508,95.0118095667857,72.3994419749963,75.0797633900075,66.1534896843167,95.8982278043628,64.0293457359487,"PHKA2"
"ENSG00000245910",820.64515027069,0.581468686485644,0.326319266243591,1.78190118278701,0.074765347635974,0.565275193549311,526.095204520653,470.253220195535,676.794593933043,855.727799575341,762.848442028975,652.560303667966,1420.4043608784,1484.13915987424,801.584099799511,556.044318233239,"SNHG6"
"ENSG00000168066",1250.34786476462,-0.333790345054805,0.187416943166398,-1.78100410462063,0.07491178019282,0.565897648286284,1209.8255530429,1389.97498787078,1172.01015046942,1936.93308284831,1133.2568010647,1211.48399571494,1081.67240511883,1255.95755777471,1060.09236605475,1052.27174768684,"SF1"
"ENSG00000137275",230.155471057909,-0.485492840332391,0.272682264953402,-1.78043423695104,0.0750049228689418,0.565897648286284,204.055309106356,228.631399874072,214.593407832428,463.632416277857,183.138705396848,211.406370566989,176.350141916064,173.533067142918,213.686268477113,232.527623988445,"RIPK1"
"ENSG00000168395",107.519038251972,-0.465553068137516,0.261537755088696,-1.78006065693893,0.0750660343880961,0.565897648286284,93.8074169825428,131.203246518644,103.169907611744,187.445137049837,89.5038785774068,74.3300937609961,109.127563066871,109.297069913219,85.4745073908451,91.8315616476107,"ING5"
"ENSG00000137073",192.110950497229,-0.377295961602257,0.211979827844986,-1.77986728943927,0.0750976820825048,0.565897648286284,176.009792688895,214.341937381943,226.973796745838,274.376215101935,139.075257481817,213.337022352989,166.74691636618,151.481903914812,197.008315815484,161.758347122397,"UBAP2"
"ENSG00000107614",63.6321761525811,-0.526571615985916,0.295858400367163,-1.77980958232869,0.0751071288877795,0.565897648286284,82.202375706352,70.1482704159085,92.440237220123,67.009372665159,42.6864651676863,59.8502053659969,43.6510252267486,33.5561179558128,74.0084149359756,70.7692768660486,"TRDMT1"
"ENSG00000092841",8073.26541330528,0.374348178002417,0.210372152939616,1.77945689470539,0.0751648858657122,0.565897648286284,6583.92675069228,7613.68542421555,8624.17891708094,4597.38628406773,9444.72466403743,8666.69586735355,8545.99771889283,7138.82440854235,10742.6862581713,8774.54783999876,"MYL6"
"ENSG00000172943",79.782818572767,-0.500645128554307,0.281365176610143,-1.77934289731951,0.0751835621065168,0.565897648286284,76.3998550682565,94.8300692659503,66.8541001324104,149.412790402044,59.2102581358229,64.6768348309966,60.238414812913,77.658444412024,76.0931590186792,72.4542596485736,"PHF8"
"ENSG00000156467",2273.22951053835,0.471961683341813,0.265265718954752,1.77920345381048,0.0752064123482987,0.565897648286284,1878.08251319689,1210.70718569679,2164.91734132484,2124.37821989815,2782.88213238368,1856.3216922389,3438.82776736325,3265.48965021424,2247.35412115442,1763.33448191238,"UQCRB"
"ENSG00000171509",64.4525549262982,2.39261415657918,1.34496770442955,1.77893799880792,0.0752499274339052,0.565897648286284,11.6050412761909,1.29904204473905,58.6005075234708,0.905532063042689,9.63887923141304,13.5145625019993,298.57301255096,100.668353867438,3.12711612405531,146.593502079672,"RXFP1"
"ENSG00000145358",134.861698310815,1.55328340876379,0.873218095252578,1.7788035053425,0.0752719823093551,0.565897648286284,93.8074169825428,20.7846727158247,131.232122482139,3.62212825217076,50.9483616517546,190.16920092099,184.207326456879,74.7822057300972,158.440550285469,440.622997630279,"DDIT4L"
"ENSG00000114735",168.238112044859,-0.548067586413294,0.308295291173175,-1.77773583348516,0.0754472514894479,0.566576572699756,159.569317547624,159.782171502903,155.167541048064,354.968568712734,183.138705396848,149.625513414992,171.985039393389,121.760770868235,126.127017003564,100.256475560235,"HEMK1"
"ENSG00000196422",153.971665793358,0.397829906868036,0.223831306129772,1.77736489924865,0.0755082220292874,0.566703064618431,117.98458630794,179.267802173988,114.72493726426,106.852783439037,196.908532870295,173.758660739991,190.318469988624,151.481903914812,136.550737417082,171.868243817547,"PPP1R26"
"ENSG00000148824",25.8023340342246,-0.988165174000924,0.556049750589202,-1.77711647735449,0.0755490776705084,0.566703064618431,23.2100825523817,35.0741352079542,14.0311074351972,75.1591612325432,5.50793098937888,16.4105401809991,18.3334305952344,33.5561179558128,11.4660924548695,25.2747417378745,"MTG1"
"ENSG00000136068",1043.31592057399,-0.459121888034108,0.258602941592576,-1.77539313824761,0.0758329962121927,0.567230933232467,1102.47892123813,974.281533554284,839.390368329152,2072.76289230472,828.943613901521,980.771107287949,816.274171740198,913.685154625418,969.405998457146,935.165444301356,"FLNB"
"ENSG00000184363",9.40581393755124,1.09567357479595,0.617324324868314,1.77487510317965,0.0759185120021619,0.567230933232467,12.5721280492068,3.89712613421714,3.30143704357582,2.71659618912807,9.63887923141304,7.7226071439996,15.7143690816295,12.4637009550162,8.33897633081416,17.6923192165121,"PKP3"
"ENSG00000100461",268.255892809521,-0.330060851165418,0.185990783423461,-1.77460863968694,0.0759625296897972,0.567230933232467,278.520990628581,332.554763453196,315.287237661491,297.920048741045,221.6942223225,226.851584854988,243.572720765257,202.295453962186,242.872685634962,320.989220071006,"RBM23"
"ENSG00000173113",784.184397363898,0.446829693472137,0.251827688998498,1.77434695624278,0.0760057780133414,0.567230933232467,744.656815222247,670.305695085348,820.407105328591,340.480055704051,798.649993459937,885.203843880954,1056.35481048732,853.284142304955,945.431441506055,727.070070659523,"TRMT112"
"ENSG00000204536",96.1023985483104,-0.583804530040555,0.329041829542966,-1.77425627267953,0.0760207699373728,0.567230933232467,82.202375706352,113.016657892297,94.9163150028048,190.161733238965,70.2261201145807,102.324544657995,103.016419535127,51.7722962746827,96.9405998457146,56.4469232145864,"CCHCR1"
"ENSG00000163156",270.96739995937,0.348939013008482,0.196673472515095,1.77420476969359,0.0760292855517325,0.567230933232467,191.483181057149,206.547685113508,262.464244964278,269.848554786721,275.396549468944,283.805812541985,352.700283832128,345.148641831218,272.059102792812,250.219943204957,"SCNM1"
"ENSG00000167005",741.527114546926,-0.537118515587481,0.302790185348269,-1.77389671653223,0.0760802359718926,0.567230933232467,1217.56224722702,914.525599496288,884.78512767832,629.344783814669,567.316891906025,871.689281378955,377.144857959108,395.962191878591,856.829817991155,700.110346139123,"NUDT21"
"ENSG00000144283",912.311545885065,0.259858589551555,0.146499661244137,1.7737828698355,0.0760990726817982,0.567230933232467,707.907517847643,843.078287035641,887.261205461002,824.034177368847,1079.55447391826,951.811330497951,921.90965278893,1073.79577458601,850.575585743044,983.187453603318,"PKP4"
"ENSG00000113594",83.9548163867508,-0.48831135098865,0.275314233463157,-1.77365094730562,0.0761209049194428,0.567230933232467,100.577024393654,87.0358169975161,92.440237220123,124.963424699891,71.6031028619254,86.8793303699955,47.1431072448884,92.039637821658,85.4745073908451,51.3919748670115,"LIFR"
"ENSG00000101577",476.407180197008,-0.364827361743906,0.205693687500632,-1.77364393714214,0.0761220651944418,0.567230933232467,470.00417168573,506.626397448228,529.880645493919,692.732028227657,537.023271464441,484.593598285975,334.366853236894,404.590907924372,358.575982225009,445.677945977854,"LPIN2"
"ENSG00000143322",710.921673684546,-0.587015276698336,0.331054842293905,-1.77316626040224,0.0762011610179261,0.567230933232467,539.634419342875,848.274455214597,627.273038279406,1542.1211033617,476.436030581273,716.271812605963,432.145149744811,410.343385288225,774.482426724365,742.234915702248,"ABL2"
"ENSG00000186470",91.5785879056152,0.797458799220536,0.44973831614519,1.77316179340852,0.0762019009987172,0.567230933232467,93.8074169825428,40.2703033869104,68.5048186541983,50.7097955303906,165.237929681366,86.8793303699955,207.778880079323,48.8960575927558,107.364320259232,46.3370265194366,"BTN3A2"
"ENSG00000173275",54.744890380932,-0.705864075887546,0.398135772408517,-1.77292301974633,0.076241463631168,0.567230933232467,63.8277270190498,42.8683874763885,36.315807479334,142.168533897702,34.424568683618,35.7170580409981,45.3970662358185,45.0610726835201,46.9067418608296,54.7619404320614,"ZNF449"
"ENSG00000114923",160.668324807462,0.605107291457492,0.341360833082423,1.77263245461845,0.0762896302365105,0.567230933232467,132.490887903179,85.736774952777,120.502452090517,150.318322465086,221.6942223225,94.6019375139951,184.207326456879,258.861481373413,102.152460052473,256.117382943795,"SLC4A3"
"ENSG00000054392",40.541225513428,-1.21011780140896,0.682725134703253,-1.77248169123719,0.0763146318648723,0.567230933232467,10.637954503175,11.6913784026514,39.6172445229098,183.823008797666,26.1626721995497,15.4452142879992,28.809676649654,44.1023264562111,15.6355806202765,29.4871986941869,"HHAT"
"ENSG00000140943",1559.7167049297,0.327180497836446,0.184606408308861,1.77231386945705,0.0763424702071139,0.567230933232467,1261.08115201274,1486.10409918147,1127.44075038114,1537.59344304649,2068.22808651177,1866.9402770619,1629.05626146226,1789.97920638579,1331.10909680621,1499.63467644722,"MBTPS1"
"ENSG00000240771",233.12200409235,0.599160098934872,0.338274857845574,1.77122267599443,0.0765236798562407,0.567245216841612,163.437664639688,196.155348755596,138.660355830184,214.611098941117,300.182238921149,175.689312525991,404.208493599692,298.17007669308,111.533808424639,328.571642592368,"ARHGEF25"
"ENSG00000164506",379.398464093615,-0.552896572387182,0.312170063979043,-1.77113899180384,0.0765375913856826,0.567245216841612,435.189047857157,618.344013295786,464.677263883297,357.685164901862,364.900428046351,431.500674170978,165.873895861645,196.542976598332,431.542025119633,327.729151201106,"STXBP5"
"ENSG00000244300",34.9197376203615,1.1138808455037,0.629101173575989,1.77059095148732,0.0766287477348284,0.567245216841612,42.5518180126998,10.3923363579124,14.8564666960912,14.488513008683,11.0158619787578,28.9597767899985,39.2859227040737,14.3811934096341,68.7965547292168,104.468932516548,"GATA2-AS1"
"ENSG00000121578",334.414803037395,0.655883917150912,0.37043895021819,1.77055872975721,0.0766341099763797,0.567245216841612,148.931363044449,197.454390800335,200.562300397231,447.332839143088,264.380687490186,269.325924146986,523.812302720983,604.96886943194,254.338778089832,433.040575108916,"B4GALT4"
"ENSG00000150787",333.520815265296,0.390798869957579,0.220741250052417,1.77039348044274,0.0766616150686416,0.567245216841612,297.862726088899,194.856306710857,332.619782140264,297.920048741045,263.003704742841,406.402200952979,344.843099291314,409.384639060917,433.626769202336,354.688875721505,"PTS"
"ENSG00000101470",10.5983853633796,1.27103895685289,0.71814752877295,1.76988558190073,0.0767462031519583,0.567245216841612,2.90126031904772,3.89712613421714,3.30143704357582,12.6774488825976,17.9007757154814,4.82662946499975,25.3175946315142,23.0099094554145,6.25423224811062,5.89743973883738,"TNNC2"
"ENSG00000111727",132.060471248957,-0.63032105380272,0.35618618162275,-1.76963926823617,0.0767872529089089,0.567245216841612,169.240185277783,202.650558979291,159.294337352533,139.451937708574,107.404654292888,129.353669661993,50.6351892630283,58.4835198658452,188.66933948467,115.42132060296,"HCFC2"
"ENSG00000152219",206.189903690524,0.420075494803255,0.237539876994352,1.76844199853334,0.0769870406261578,0.567810442930317,195.351528149213,150.688877189729,166.722570700579,172.956624041154,228.579136059223,220.094303603989,201.667736547578,204.212946416804,171.991386823042,349.63392737393,"ARL14EP"
"ENSG00000056277",15.2811375235062,-0.895010374000256,0.506220200324632,-1.76802579870637,0.0770565908127216,0.567810442930317,16.4404751412704,9.09329431317332,17.3325444787731,41.6544748999637,6.8849137367236,11.5839107159994,10.4762460544197,9.58746227308938,14.5932085789248,15.1648450427247,"ZNF280C"
"ENSG00000113456",422.320870879308,0.333428933125565,0.188609252329704,1.7678291441541,0.077089471107202,0.567810442930317,287.224771585724,418.291538405973,425.885378621281,330.519203010581,455.781289371102,485.558924178975,431.272129240276,537.856633520314,377.338678969341,473.480161889516,"RAD1"
"ENSG00000019144",456.152043850617,-0.586541989109151,0.331838042126391,-1.76755499565582,0.0771353273318715,0.567810442930317,285.290598039692,541.700532656182,406.076756359826,1048.60612900343,407.586893214037,459.495125067976,281.112602460261,331.726194648893,410.694584292597,389.231022763267,"PHLDB1"
"ENSG00000124496",73.6758877507871,-0.656665832130019,0.371540531611607,-1.76741371737195,0.0771589673217332,0.567810442930317,107.346631804766,122.10995220547,54.473711219001,93.269802493397,82.6189648406832,68.5381384029965,26.1906151360491,44.1023264562111,87.5592514735486,50.549483475749,"TRERF1"
"ENSG00000143624",429.280128977252,-0.662088179719345,0.374630038860507,-1.76731204399195,0.0771759839056121,0.567810442930317,326.875329279376,414.394412271756,294.653256139142,1167.23082926203,436.503530908276,296.355049150985,322.144566173404,435.270787198258,291.864171578495,307.509357810806,"INTS3"
"ENSG00000159792",644.061280445591,0.397117472891057,0.224709604767947,1.76724743609047,0.0771867986078328,0.567810442930317,486.444646827,680.69803144326,605.813697496163,392.095383297484,897.792751268757,695.999968852964,859.052176462412,609.762600568485,635.846945224579,577.106603014801,"PSKH1"
"ENSG00000182575",17.7598457113298,1.07642469901588,0.609227584426775,1.76686795957982,0.0772503440265586,0.567920763017973,3.86834709206362,15.5885045368685,20.6339815223489,2.71659618912807,19.2777584628261,10.6185848229995,14.8413485770945,37.3911028650486,19.8050687856836,32.8571642592368,"NXPH3"
"ENSG00000230513",22.9488609438574,0.972477063847066,0.550522356533236,1.76646243754927,0.0773182980194734,0.567920763017973,23.2100825523817,18.1865886263466,13.2057481743033,3.62212825217076,56.4562926411335,13.5145625019993,33.1747791723289,16.2986858642519,19.8050687856836,32.0146728679744,"THAP7-AS1"
"ENSG00000137101",10.4218546670139,0.936129863399438,0.530047579725713,1.76612421074324,0.0773750124847777,0.567920763017973,10.637954503175,5.19616817895618,5.77751482625769,5.43319237825613,9.63887923141304,10.6185848229995,16.5873895861645,15.339939636943,7.29660428946239,17.6923192165121,"CD72"
"ENSG00000160299",234.664555944808,-0.476516907835592,0.269859188683929,-1.76579834157031,0.0774296868541868,0.567920763017973,176.976879461911,376.722192974323,227.799156006732,347.724312208393,264.380687490186,210.441044673989,220.001167142813,151.481903914812,204.304920104947,166.813295469972,"PCNT"
"ENSG00000185742",107.002364647239,1.00788418632588,0.570821353046543,1.76567358762365,0.0774506264158259,0.567920763017973,81.2352889333361,101.325279489646,8.25359260893955,76.0646932955859,180.384739902158,52.1275982219973,85.5560094444272,286.665121965372,81.305019225438,117.106303385485,"C11orf87"
"ENSG00000115977",118.691966405972,-0.547155082155923,0.309923852825726,-1.76545005222168,0.0774881576756626,0.567920763017973,100.577024393654,246.817988500419,94.9163150028048,144.88513008683,81.2419820933385,121.631062517994,110.000583571406,84.3696680031865,115.703296590046,86.7766133000358,"AAK1"
"ENSG00000139899",135.130319273911,0.828821906453692,0.469486322904144,1.76538030187285,0.0774998716872394,0.567920763017973,41.5847312396839,114.315699937036,50.3469149145313,162.995771347684,122.55146451368,104.255196443995,253.175946315142,290.500106874608,70.8812988119203,140.696062340835,"CBLN3"
"ENSG00000171421",280.323503749017,0.419514111995966,0.237773802722746,1.76434118137538,0.0776745545265222,0.568661089302238,280.455164174613,201.351516934552,282.272867225733,168.42896372594,250.610860016739,264.499294681986,422.541924194926,340.354910694673,283.525195247681,309.194340593331,"MRPL36"
"ENSG00000187051",652.251382901637,0.406153503720495,0.230235712645965,1.76407690645734,0.0777190319532399,0.568661089302238,564.778675441289,592.363172401005,638.002708671027,388.473255045314,663.705684220155,631.323134021967,951.592349943119,903.13894612502,617.084248480248,572.051654667226,"RPS19BP1"
"ENSG00000187555",639.153914950865,-0.34374858350263,0.194888988685081,-1.76381737019575,0.0777627320505588,0.568661089302238,804.616195149233,736.556839367039,705.682168064332,681.865643471145,614.134305315745,627.461830449967,480.161277494234,418.972101334006,734.872289152998,587.216499709951,"USP7"
"ENSG00000136940",177.003410673331,-0.47702935283141,0.270460740584303,-1.76376560901533,0.0777714498678325,0.568661089302238,212.759090063499,277.994997574156,223.672359702262,138.546405645531,119.797499018991,192.09985270699,119.603809121291,117.925785958999,194.923571732781,172.710735208809,"PDCL"
"ENSG00000242294",11.8883737131934,-1.95773300903981,1.11018052947751,-1.76343662769981,0.0778268767748426,0.568754550984151,6.76960741111134,1.29904204473905,1.65071852178791,76.0646932955859,0,5.7919553579997,2.61906151360491,13.4224471823251,10.4237204135177,0.842491391262483,"STAG3L5P"
"ENSG00000180398",1507.62302703594,0.340176476164474,0.192954290943132,1.76298995218889,0.0779021843339719,0.568993117449169,1260.11406523972,1115.87711643084,1480.69451404376,1343.80958155535,1305.37964448279,2000.1552502959,1361.03896657002,1802.4429073408,1461.40560197518,1945.31262242507,"MCFD2"
"ENSG00000144559",42.8515539202241,-0.689109842126243,0.391015529421376,-1.76235926779171,0.0780086160234921,0.569284338521781,50.2885121968271,37.6722192974323,37.141166740228,96.8919307455677,26.1626721995497,30.8904285759984,41.9049842176786,19.1749245461788,47.9491139021814,40.4395867805992,"TAMM41"
"ENSG00000173530",206.873896152295,0.749256507434305,0.425170893918351,1.76224788232609,0.0780274252693871,0.569284338521781,78.3340286142883,83.1386908632989,157.643618830745,268.037490660636,95.0118095667857,166.036053595991,270.636356405841,383.498490923575,282.48282320633,283.919598855457,"TNFRSF10D"
"ENSG00000077458",111.613967240628,-0.502656814633757,0.285381632746418,-1.76134956477876,0.0781792558000367,0.56976817313301,113.149152442861,89.6339010869942,132.057481743033,206.461310373733,85.3729303353726,112.943129480994,85.5560094444272,86.2871604578044,127.169389044916,77.5092079961484,"FAM76B"
"ENSG00000198934",9.62900195039945,1.32217051038879,0.750753629556421,1.7611243666847,0.0782173556848929,0.56976817313301,7.73669418412724,6.49521022369523,0.825359260893955,5.43319237825613,15.1468102207919,1.9306517859999,7.85718454081474,7.6699698184715,18.7626967443319,24.432250346612,"MAGEE1"
"ENSG00000104731",67.3055367810816,-0.577198039906816,0.327749055532049,-1.76109749262229,0.0782219033520688,0.56976817313301,58.9922931539702,92.2319851764723,53.6483519581071,131.30214914119,48.1943961570652,41.5090133989979,79.4448659126824,57.5247736385363,56.2880902329956,53.9194490407989,"KLHDC4"
"ENSG00000145604",318.011416955924,-0.437473652571324,0.248520265362908,-1.76031379949032,0.0783546157075661,0.570112116580365,480.642126188905,429.982916808624,298.780052443612,299.73111286713,318.08301463663,194.03050449299,227.858351683627,368.158551286632,259.550638296591,303.296900854494,"SKP2"
"ENSG00000181192",123.66958356122,-0.405292811787386,0.230303847056002,-1.75981781011601,0.0784387023188174,0.570412744179972,176.976879461911,179.267802173988,117.201015046942,106.852783439037,130.813360997748,106.185848229994,99.5243375169867,102.585846322056,109.449064341936,107.838898081598,"DHTKD1"
"ENSG00000230989",2075.49164441854,0.40649423881411,0.231224469092803,1.75800701547275,0.0787463156428568,0.572337663067456,2307.46904041595,1749.80963426349,1638.3381328745,1249.63424699891,3109.22704350438,2096.68783959589,2492.47354044734,2324.95960122417,1701.15117148609,2085.16619337465,"HSBP1"
"ENSG00000130477",18.1941634629406,1.46266706752114,0.832287918390664,1.75740514214047,0.0788487774750964,0.572399077703158,14.5063015952386,0,10.7296703916214,9.96085269346958,4.13094824203416,23.1678214319988,35.7938406859338,1.91749245461788,39.6101375713672,42.1245695631242,"UNC13A"
"ENSG00000123473",65.2990202970288,-0.871059732683546,0.495735732272972,-1.75710499763593,0.0788999140506454,0.572399077703158,63.8277270190498,133.801330608122,98.2177520463807,63.3872444129882,23.4087067048602,93.6366116209951,14.8413485770945,26.8448943646503,80.2626471840863,54.7619404320614,"STIL"
"ENSG00000196793",33.0748653150598,-0.615625472467445,0.350400796630604,-1.75691801613237,0.0789317843216947,0.572399077703158,37.7163841476203,35.0741352079542,29.7129333921824,64.2927764760309,27.5396549468944,24.1331473249987,32.3017586677939,26.8448943646503,35.4406494059602,17.6923192165121,"ZNF239"
"ENSG00000179889",592.126662911321,-0.496399709495506,0.282584214267918,-1.75664345151591,0.0789786017723535,0.572399077703158,637.310183417482,545.597658790399,560.418938146996,1125.57635436206,576.955771137438,678.624102778965,376.271837454573,347.066134285836,540.991089461568,532.454559277889,"PDXDC1"
"ENSG00000197961",119.553270868993,-0.490861754429608,0.279457242869152,-1.75648249224101,0.0790060582822512,0.572399077703158,127.6554540381,141.595582876556,92.440237220123,217.327695130245,79.8649993459938,83.0180267979957,118.730788616756,117.925785958999,99.0253439284181,117.948794776748,"ZNF121"
"ENSG00000170540",238.945948360292,-0.469884790292648,0.267520194014306,-1.75644605830213,0.0790122742784369,0.572399077703158,266.91594935239,223.435231695116,275.669993138581,381.228998540972,123.928447261025,267.395272360986,171.112018888854,199.419215280259,273.101474834164,207.252882250571,"ARL6IP1"
"ENSG00000139668",160.485974008313,-0.730126988227652,0.415816858045266,-1.75588597263695,0.079107880594283,0.572697860449226,195.351528149213,188.361096487162,153.516822526276,305.164305245386,107.404654292888,176.654638418991,51.5082097675633,91.0808915943491,257.465894213887,78.3516993874109,"WDFY2"
"ENSG00000110074",85.6030069677618,-0.486578030105571,0.277141668364965,-1.75570145397552,0.0791393984260271,0.572697860449226,80.2682021603202,83.1386908632989,86.6627223938653,162.995771347684,70.2261201145807,89.7753080489953,76.8258043990775,61.359758547772,74.0084149359756,70.7692768660486,"FOXRED1"
"ENSG00000081052",26.8381567933297,1.32607882232475,0.755566748987972,1.7550783224658,0.07924591168116,0.573122983735462,19.3417354603181,6.49521022369523,2.47607778268187,28.0714939543234,1.37698274734472,41.5090133989979,66.3495583446578,57.5247736385363,25.0169289924425,20.2197933902996,"COL4A4"
"ENSG00000183828",42.5386094437298,0.80071617712645,0.456360378941098,1.75456988396838,0.0793329065477573,0.573122983735462,44.4859915587317,20.7846727158247,37.9665260011219,14.488513008683,37.1785341783074,25.0984732179987,98.6513170124517,46.019818910829,37.5253934886637,63.1868543446862,"NUDT14"
"ENSG00000186260",32.6570394401683,-0.939431545095191,0.535551541512609,-1.75413843911618,0.0794067885383758,0.573122983735462,38.6834709206362,81.8396488185599,24.7607778268187,38.0323466477929,35.8015514309627,24.1331473249987,3.49208201813988,16.2986858642519,28.1440451164978,35.3846384330243,"MKL2"
"ENSG00000126264",16.5651576850777,0.879749045146373,0.501529720275167,1.75413142946682,0.0794079893547573,0.573122983735462,9.67086773015905,20.7846727158247,9.90431113072746,4.52766031521344,20.6547412101708,11.5839107159994,31.428738163259,23.9686556827235,14.5932085789248,18.5348106077746,"HCST"
"ENSG00000232859",66.1004271434768,0.737706428022023,0.420560702232106,1.75410214056302,0.0794130069688187,0.573122983735462,42.5518180126998,32.4760511184761,35.4904482184401,77.8757574216713,93.6348268194409,33.7864062549982,99.5243375169867,129.430740686707,43.7796257367743,72.4542596485736,"LYRM9"
"ENSG00000112246",110.457809900707,0.682717689238815,0.389443854066642,1.75305806500669,0.0795920407108328,0.574054103446357,125.721280492068,90.9329431317332,44.5694000882736,63.3872444129882,152.845084955264,129.353669661993,74.2067428854726,151.481903914812,65.6694386051615,206.410390859308,"SIM1"
"ENSG00000133216",18.7650230542377,0.838871344072874,0.478889684283541,1.75170059327525,0.0798253048316633,0.574679119425401,14.5063015952386,11.6913784026514,4.12679630446978,20.8272374499818,20.6547412101708,15.4452142879992,19.2064510997694,26.8448943646503,19.8050687856836,34.5421470417618,"EPHB2"
"ENSG00000157036",85.731858005521,-0.674136757596428,0.38494915616941,-1.75123583671333,0.0799052948581222,0.574679119425401,78.3340286142883,66.2511442816913,67.6794593933043,229.0996119498,67.4721546198913,80.1220491189958,61.984455821983,59.4422660931542,89.6439955562522,57.2894146058489,"EXOG"
"ENSG00000122861",28.7687200045665,0.743844341516087,0.424762661611982,1.75119992584373,0.079911478247955,0.574679119425401,29.9796899634931,16.8875465816076,18.157903739667,17.2051091978111,20.6547412101708,28.9597767899985,61.111435317448,21.0924170007966,28.1440451164978,45.4945351281741,"PLAU"
"ENSG00000168078",84.5303090044732,-1.26462640658914,0.722193461806854,-1.75109091049534,0.0799302516708495,0.574679119425401,91.873243436511,223.435231695116,187.356552222928,18.1106412608538,16.5237929681366,111.012477694994,24.4445741269792,4.79373113654469,92.7711116803075,74.981733822361,"PBK"
"ENSG00000159459",98.074542141101,-0.534888699716724,0.305635760781108,-1.75008545580438,0.080103569034837,0.575614924686218,84.1365492523838,102.624321534385,103.995266872638,191.067265302007,68.849137367236,80.1220491189958,55.8733122902382,85.3284142304955,100.06771596977,108.68138947286,"UBR1"
"ENSG00000169955",64.0403918220356,0.494274873423337,0.282485973473068,1.74973244634556,0.0801644921609426,0.575742505089117,60.926466700002,62.3540181474742,43.7440408273796,39.8434107738783,60.5872408831677,66.6074866169966,98.6513170124517,86.2871604578044,53.1609741089403,68.2418026922611,"ZNF747"
"ENSG00000125384",38.3509702987379,-0.997284187881454,0.570489023543028,-1.74812160571962,0.0804429724964761,0.57589584029656,33.8480370555567,127.306120384426,48.6961963927434,9.96085269346958,15.1468102207919,32.8210803619983,13.9683280725595,37.3911028650486,28.1440451164978,36.2271298242868,"PTGER2"
"ENSG00000144746",391.755529833043,0.45864099880004,0.26237233555025,1.74805395484312,0.0804546850769091,0.57589584029656,405.209357893664,255.911282813592,287.225022791096,331.424735073624,348.376635078214,265.464620574986,524.685323225518,586.75269111307,400.27086387908,512.23476588759,"ARL6IP5"
"ENSG00000169249",71.083077847991,0.498686264833508,0.285304080654344,1.74791143431869,0.0804793645764097,0.57589584029656,39.6505576936521,58.4568920132571,70.1555371759862,59.7651161608175,57.8332753884782,62.7461830449967,103.889440039662,84.3696680031865,103.194832093825,70.7692768660486,"ZRSR2"
"ENSG00000089159",1727.36390755078,-0.355210479203607,0.203238252471082,-1.74775405163528,0.0805066248186963,0.57589584029656,1837.46486873022,2630.56014059657,1663.09891070132,1820.1194467158,1865.8116226521,1739.51725918591,1191.67298869024,1492.76787592002,1382.18532683245,1650.4406354832,"PXN"
"ENSG00000139154",191.62862270478,-0.455266322163558,0.260495568642818,-1.74769315476457,0.0805171747731255,0.57589584029656,304.63233350001,239.023736231984,231.100593050307,140.357469771617,185.892670891537,170.862683060991,144.921403752805,116.96703973169,180.330363153856,202.197933902996,"AEBP2"
"ENSG00000071889",367.295238835152,0.495293137895798,0.283402719856384,1.74766543576854,0.0805219772660538,0.57589584029656,327.842416052392,326.059553229501,289.701100573778,236.343868454142,397.948013982624,284.771138434985,560.479163911451,617.432570386956,257.465894213887,374.908669111805,"FAM3A"
"ENSG00000106086",215.934208935629,-0.393719188681754,0.225283361267122,-1.74766208417369,0.0805225579670129,0.57589584029656,219.528697474611,281.892123708373,271.543196834111,234.532804328056,221.6942223225,218.163651817989,131.826096184781,165.863097324446,244.957429717666,169.340769643759,"PLEKHA8"
"ENSG00000075234",131.758659873649,-0.316286074285633,0.180981891284881,-1.74761171982545,0.0805312845582278,0.57589584029656,155.700970455561,136.3994146976,141.136433612866,163.901303410727,129.436378250404,109.081825908994,119.603809121291,109.297069913219,115.703296590046,137.326096775785,"TTC38"
"ENSG00000163257",224.718061536961,-0.402764268153182,0.230540831444398,-1.74704092819376,0.0806302388712272,0.576181352491743,231.133738750801,241.621820321463,192.308707788292,387.567722982271,188.646636386227,217.198325924989,179.842223934204,185.038021870625,219.940500725223,203.882916685521,"DCAF16"
"ENSG00000257923",999.02355417321,0.360241575712158,0.206232076909726,1.74677761631546,0.0806759207561985,0.576181352491743,708.874604620659,1131.46562096771,871.579379504017,704.503945047212,1170.43533524301,830.180267979957,1320.00700285688,1115.02186236029,1049.66864564123,1088.49887751113,"CUX1"
"ENSG00000172965",1405.36766921863,0.567164895796991,0.324718766600333,1.74663417742979,0.0807008147600341,0.576181352491743,934.205822733365,923.618893809462,1050.682339118,1452.47342912047,1746.0141236331,1147.77248677694,2720.33189213097,1967.34725843794,781.779031013827,1329.4514154122,"MIR4435-2HG"
"ENSG00000100722",274.108402601024,-0.378248054005412,0.216602078904541,-1.7462808109617,0.0807621685803572,0.576310884085727,328.809502825408,332.554763453196,314.461878400597,297.014516678002,213.432325838432,290.563093792985,188.572428979554,186.955514325243,324.1777048604,264.54229685642,"ZC3H14"
"ENSG00000170312",129.700050140022,-1.19818584987144,0.686266027210957,-1.74594953321668,0.0808197216050806,0.576403822073458,142.161755633338,290.985418021546,307.033645052551,44.3710710890918,20.6547412101708,149.625513414992,38.4129021995387,10.5462085003983,202.220176022243,90.9890702563482,"CDK1"
"ENSG00000110046",88.4150506591777,-0.458328457263722,0.26254582334855,-1.74570843069652,0.0808616293843772,0.576403822073458,82.202375706352,138.997498787078,92.440237220123,109.569379628165,96.3887923141304,62.7461830449967,82.0639274262873,72.8647132754793,54.203346150292,92.6740530388731,"ATG2A"
"ENSG00000130635",5828.73762684593,-0.840453529045172,0.48160533143102,-1.74510844086358,0.0809659945632571,0.576839460197735,2798.74912110803,4798.66131326603,4261.32986399549,19858.3181425262,4807.04677098042,5866.2854517607,4434.07114253312,4854.13214886515,4755.30125264677,1853.48106077746,"COL5A1"
"ENSG00000108854",1954.57800528588,0.334599615375374,0.191792180952386,1.74459466342083,0.0810554504288019,0.577168468963658,1584.08813420005,1830.35024103732,2058.44599666952,1287.6665936467,1660.64119329773,2577.42013430987,2158.97970771498,2129.37537085315,2144.15928906059,2114.65339206883,"SMURF2"
"ENSG00000159140",698.388325764096,-0.539086526150506,0.309065640477294,-1.74424606150974,0.0811161925919649,0.577217327410564,555.10780771113,779.425226843427,592.60794932186,1509.52194909216,505.352668275512,498.108160787974,502.859810612143,545.526603338786,658.779130134318,836.593951523646,"SON"
"ENSG00000119906",314.097678920104,-0.474248301704993,0.271982325738717,-1.74367323471079,0.0812160850760631,0.577217327410564,367.492973746044,467.655136106056,342.524093270991,332.330267136667,309.821118152562,331.106781298983,188.572428979554,192.707991689097,402.355607961783,206.410390859308,"SLF2"
"ENSG00000157833",240.452630771286,0.490450594628155,0.281284803167753,1.74360857431626,0.0812273671571184,0.577217327410564,214.693263609531,259.808408947809,170.024007744155,130.396617078147,298.805256173804,250.019406286987,357.938406859338,333.64368710351,166.779526616283,222.417727293296,"GAREM2"
"ENSG00000118007",296.533185514434,-0.62728311628962,0.359770964658209,-1.74356237137022,0.0812354295231034,0.577217327410564,326.875329279376,546.896700835138,406.076756359826,224.571951634587,297.428273426459,310.834937545984,116.984747607686,132.306979368633,334.601425273918,268.754753812732,"STAG1"
"ENSG00000177084",109.527634682804,-0.687922505667015,0.394745545093866,-1.74269859208528,0.0813862777258707,0.577981249217219,67.6960741111134,185.763012397684,103.995266872638,210.083438625904,61.9642236305124,139.006928591993,70.7146608673327,59.4422660931542,133.423621293027,63.1868543446862,"POLE"
"ENSG00000154839",102.43149653197,-1.27911634854462,0.734221086024778,-1.74214057984908,0.0814838483589737,0.578157380013379,92.8403302095269,307.872964603154,196.435504092761,36.2212825217076,15.1468102207919,167.001379488991,27.0636356405841,7.6699698184715,134.465993334378,39.5970953893367,"SKA1"
"ENSG00000239306",120.604635515163,-0.371884541615601,0.21347389734123,-1.74206095568283,0.0814977786927459,0.578157380013379,116.050412761909,180.566844218727,136.184278047503,126.774488825976,114.289568029612,97.4979151929949,108.254542562336,89.1633991397312,112.576180465991,124.688725906847,"RBM14"
"ENSG00000148835",24.0603201692334,-0.743555546409609,0.426909431678331,-1.74171730871916,0.0815579222692201,0.578276453644119,28.0455164174613,33.7750931632152,45.3947593491675,19.9217053869392,11.0158619787578,17.3758660739991,20.9524921088393,10.5462085003983,33.3559053232566,20.2197933902996,"TAF5"
"ENSG00000198342",7.45195532609063,-1.01851170619141,0.584992440740506,-1.74106814936299,0.0816716335478608,0.578638483920709,10.637954503175,14.2894624921295,9.90431113072746,8.1497885673842,4.13094824203416,7.7226071439996,6.98416403627977,2.87623868192681,7.29660428946239,2.52747417378745,"ZNF442"
"ENSG00000100348",918.970888450503,0.446417130273699,0.256487535717503,1.74050223931889,0.0817708672068336,0.578638483920709,806.550368695265,819.695530230338,840.215727590046,552.37455845604,1259.93921382042,799.289839403959,1277.22899813466,1335.53349464135,808.880704088973,690.000449443974,"TXN2"
"ENSG00000122873",220.459962008063,0.482260359893485,0.277091727460001,1.74043579111578,0.081782525469786,0.578638483920709,232.100825523817,146.791751055512,235.227389354777,97.7974628086104,206.547412101708,253.880709858987,261.906151360491,199.419215280259,292.906543619847,278.022159116619,"CISD1"
"ENSG00000129055",841.852718990169,0.440341778470605,0.253147635829299,1.73946628823164,0.0819527770737272,0.579535624513415,706.940431074627,550.793826969355,995.38326863811,519.775404186503,837.20551038559,824.388312621957,941.116103888699,1137.0730255884,681.711315044057,1224.13999150439,"ANAPC13"
"ENSG00000114904",245.709181563829,-0.436018008789401,0.250784388464848,-1.73861703058329,0.0821021488550182,0.580217589099656,308.500680592074,348.143267990064,313.636519139703,194.689393554178,246.479911774705,283.805812541985,165.873895861645,176.409305824845,245.999801759018,173.553226600072,"NEK4"
"ENSG00000150403",1279.07150692789,0.271712424741371,0.156298179666751,1.73842347569689,0.0821362231551436,0.580217589099656,1164.37247471115,1160.04454595197,1044.07946503085,1181.71934227071,1538.08972878405,1294.50202251293,1443.97591450084,1602.06494583324,1170.58380243804,1191.28282724515,"TMCO3"
"ENSG00000107175",718.95688213645,0.33060414944019,0.190215749752093,1.73804824190985,0.0822023137184402,0.580359804215815,674.059480792086,549.494784924616,759.330520022439,507.097955303906,754.586545544906,849.486785839956,904.44924269823,711.389700663232,853.702701867099,625.971103708025,"CREB3"
"ENSG00000143190",122.952091083101,-0.58181753702239,0.334836908123781,-1.73761471004656,0.0822787261072056,0.580359804215815,77.3669418412724,209.145769202986,109.772781698896,218.233227193288,115.666550776956,64.6768348309966,101.270378526057,125.595755777471,90.6863675976039,117.106303385485,"POU2F1"
"ENSG00000213676",177.01346128652,-0.391867288676939,0.22552625810251,-1.73756835223516,0.0822869003353158,0.580359804215815,174.075619142863,184.463970352945,175.801522570412,290.675792236703,183.138705396848,146.729535735992,146.667444761875,185.038021870625,138.635481499785,144.908519297147,"ATF6B"
"ENSG00000150281",139.360295082694,0.582852783011892,0.335564238296067,1.73693354801903,0.0823989010082566,0.58054152905606,111.214978896829,107.820489713341,110.59814095979,99.6085269346958,199.662498364984,106.185848229994,250.556884801537,179.285544506771,67.754182687865,160.915855731134,"CTF1"
"ENSG00000129317",59.6138613731663,-0.608643419977714,0.350449589103012,-1.73675027422791,0.082431259610561,0.58054152905606,76.3998550682565,115.614741981775,56.9497890016829,52.520859656476,39.9324996729969,51.1622723289973,39.2859227040737,28.7623868192681,74.0084149359756,61.5018715621613,"PUS7L"
"ENSG00000115970",84.0994511596075,-0.641814774032343,0.369563707904334,-1.73668236438001,0.0824432523080286,0.58054152905606,66.7289873380975,80.5406067738208,72.6316149586681,208.272374499818,90.8808613247515,48.2662946499975,77.6988249036124,56.5660274112273,63.5846945224579,75.8242252136235,"THADA"
"ENSG00000032219",149.326436899214,0.434534381052632,0.250328777163523,1.73585468668982,0.0825895316835246,0.581077396577155,127.6554540381,77.9425226843427,142.787152134654,143.979598023788,150.091119460574,131.284321447993,206.032839070253,171.6155746883,139.677853541137,202.197933902996,"ARID4A"
"ENSG00000243056",15.0658489194756,1.00283213115943,0.57777425740977,1.73568157164919,0.0826201537078406,0.581077396577155,9.67086773015905,18.1865886263466,6.60287408715164,3.62212825217076,35.8015514309627,9.6532589299995,25.3175946315142,17.2574320915609,9.38134837216593,15.1648450427247,"EIF4EBP3"
"ENSG00000138768",666.068392894816,-0.384334716204589,0.221453145250259,-1.73551256528898,0.0826500578321109,0.581077396577155,800.74784805717,604.054550803656,751.902286674393,940.847813501354,643.050943009984,600.432705445969,458.33576488086,503.341769337192,829.728144916009,528.242102321577,"USO1"
"ENSG00000133195",59.9916472882965,0.555471401094971,0.320116620027595,1.73521575058205,0.0827025977034863,0.581085011024399,58.0252063809543,29.8779670289981,34.6650889575461,64.2927764760309,46.8174134097205,64.6768348309966,64.6035173355879,84.3696680031865,92.7711116803075,59.8168887796363,"SLC39A11"
"ENSG00000164237",204.987514981415,0.597936233364626,0.34466002421861,1.73485809594608,0.0827659429527652,0.581085011024399,177.943966234927,180.566844218727,164.246492917897,104.136187249909,324.967928373354,111.012477694994,162.381813843505,303.922554056933,180.330363153856,340.366522070043,"CMBL"
"ENSG00000166068",648.294491636097,-0.358230865282264,0.206500695523441,-1.73476832305197,0.0827818490624846,0.581085011024399,761.097290363518,819.695530230338,827.009979415743,579.540520347321,574.201805642748,616.843245626968,470.558051944349,456.363204199055,760.931590186792,616.703698404138,"SPRED1"
"ENSG00000102317",3429.38236393225,-0.273000512951414,0.157488386397716,-1.73346441090575,0.0830131578059936,0.582097682931346,4069.50114085093,3746.43725702741,3319.59494731549,4163.63642587028,3551.23850540203,3187.50609868583,2494.21958145641,3068.94667361591,3475.2683858668,3217.47462323142,"RBM3"
"ENSG00000149177",99.664333152899,-0.692789927712637,0.399766136898761,-1.73298802416595,0.0830977973946907,0.582097682931346,88.0048963444474,197.454390800335,114.72493726426,116.813636132507,101.896723303509,95.567263406995,22.6985331179092,60.4010123204631,97.9829718870663,101.098966951498,"PTPRJ"
"ENSG00000048405",117.017307344746,-0.467158771799772,0.269570915661939,-1.73297171415044,0.0831006964310777,0.582097682931346,138.293408541274,189.660138531901,120.502452090517,114.097039943379,77.1110338513043,129.353669661993,69.8416403627977,90.1221453670402,119.872784755454,121.318760341798,"ZNF800"
"ENSG00000143815",73.1847340305351,-0.578293546583878,0.333893556928834,-1.73196976875818,0.0832789451865762,0.582697838884915,86.0707227984156,74.0453965501256,81.7105668285016,123.152360573806,38.5555169256522,85.9140044769955,50.6351892630283,50.8135500473737,97.9829718870663,42.9670609543866,"LBR"
"ENSG00000240445",14.3982722763357,-1.1043206086596,0.637675734429189,-1.73179023292791,0.0833109177864135,0.582697838884915,17.4075619142863,42.8683874763885,14.8564666960912,9.96085269346958,9.63887923141304,16.4105401809991,3.49208201813988,1.91749245461788,15.6355806202765,11.7948794776748,"FOXO3B"
"ENSG00000185359",397.29827516163,-0.369569391790479,0.213413033805699,-1.73170956431345,0.0833252868764687,0.582697838884915,403.275184347633,519.616817895618,420.933223055917,496.231570547394,268.51163573222,472.044361676976,391.986206536202,278.036405919592,335.64379731527,386.70354858948,"HGS"
"ENSG00000172426",10.9882804008349,0.956923471219755,0.552891760750058,1.73076095386479,0.0834944086805088,0.582697838884915,5.80252063809543,2.59808408947809,5.77751482625769,13.5829809456403,11.0158619787578,12.5492366089993,11.3492665589546,20.1336707734877,9.38134837216593,17.6923192165121,"RSPH9"
"ENSG00000187210",263.491446317185,0.482591348617811,0.278868947030172,1.73053096717003,0.0835354534081356,0.582697838884915,269.817209671438,124.708036294948,207.990533745277,248.115785273697,199.662498364984,254.846035751987,281.112602460261,405.549654151681,278.313335040922,364.798772416655,"GCNT1"
"ENSG00000149932",1086.16823277234,0.433021658027216,0.25029052775549,1.73007609161397,0.0836166811949691,0.582697838884915,827.826277701615,736.556839367039,897.165516591729,1128.29295055119,1284.72490327262,907.406339419953,1586.27825674004,1643.29103360752,896.439955562522,953.700254909131,"TMEM219"
"ENSG00000087266",401.296845249536,-0.585416073667759,0.338413634735664,-1.7298832363094,0.0836511389479379,0.582697838884915,306.566507046042,759.939596172342,337.571937705628,603.084353986431,396.571031235279,547.339781330972,268.017294892236,211.882916235275,302.287891992013,279.707141899144,"SH3BP2"
"ENSG00000162702",581.883094604243,-0.553312412628887,0.319997979203626,-1.72911220878928,0.0837890145132192,0.582697838884915,639.244356963513,400.104949779626,646.256301279967,1190.77466290114,483.320944317997,538.651848293972,408.573596122366,487.043083472941,718.194336491369,306.666866419544,"ZNF281"
"ENSG00000100941",306.465480295482,-0.827629789160384,0.478688135214072,-1.72895404810956,0.0838173196230097,0.582697838884915,269.817209671438,146.791751055512,206.339815223489,1037.73974424692,144.583188471196,295.389723257985,249.683864297002,231.057840781454,318.965844653642,164.285821296184,"PNN"
"ENSG00000129484",80.4777622563949,-0.445595083138002,0.257820673652897,-1.72831401308765,0.0839319420831105,0.582697838884915,79.3011153873043,94.8300692659503,120.502452090517,88.7421421781835,53.7023271464441,83.0180267979957,70.7146608673327,49.8548038200648,78.1779031013827,85.9341219087733,"PARP2"
"ENSG00000247516",87.597844154791,0.574194044939207,0.33228320364346,1.72802608932144,0.0839835470814963,0.582697838884915,68.6631608841293,33.7750931632152,83.3612853502895,84.2144818629701,93.6348268194409,95.567263406995,169.365977879784,84.3696680031865,81.305019225438,81.7216649524609,"MIR4458HG"
"ENSG00000186480",337.069388982161,-0.765027798793778,0.442734503261887,-1.72796064719909,0.0839952799506345,0.582697838884915,383.933448887314,179.267802173988,207.165174484383,1019.62910298607,260.249739248152,194.99583038599,239.207618242582,182.161783188698,350.237005894195,353.846384330243,"INSIG1"
"ENSG00000104549",69.2035697337132,-0.613892080696611,0.355304406171538,-1.72779191598381,0.0840255372493185,0.582697838884915,88.9719831174633,50.6626397448228,59.4258667843648,150.318322465086,41.3094824203416,74.3300937609961,43.6510252267486,49.8548038200648,63.5846945224579,69.9267854747861,"SQLE"
"ENSG00000118515",571.530735558038,-0.872217635771531,0.504870792455548,-1.72760565436815,0.0840589483875827,0.582697838884915,435.189047857157,627.437307608959,562.895015929677,1515.86067353346,188.646636386227,930.574160851952,121.349850130361,315.427508784641,532.652113130754,485.27504136719,"SGK1"
"ENSG00000024526",120.325385159878,-1.16260769493706,0.672979120943868,-1.72755388503952,0.0840682365485947,0.582697838884915,162.470577866672,253.313198724114,254.210652355338,50.7097955303906,19.2777584628261,139.972254484993,27.0636356405841,13.4224471823251,209.516780311706,73.296751039836,"DEPDC1"
"ENSG00000197601",417.649867635325,-0.571534221664415,0.33083652533263,-1.72754269223987,0.0840702448068074,0.582697838884915,547.371113527003,387.114529332236,440.741845317372,703.598412984169,225.825170564534,285.736464327985,215.636064620138,291.458853101917,490.957231476683,588.058991101213,"FAR1"
"ENSG00000125772",452.117073182893,-0.627195221129987,0.363093628800074,-1.72736498627833,0.0841021347452121,0.582697838884915,473.872518777794,349.442310034803,548.86390849448,920.926108114415,256.118791006118,414.124808096979,255.795007828747,372.952282423177,693.177407498927,235.897589553495,"GPCPD1"
"ENSG00000145734",290.241109977291,-0.463971025834562,0.268678879601285,-1.7268608032127,0.0841926654090574,0.582697838884915,352.01958537779,372.825066840106,321.890111748642,344.102183956222,190.023619133571,358.135906302981,193.810552006764,165.863097324446,358.575982225009,245.164994857383,"BDP1"
"ENSG00000076944",16.6541601813178,0.903392721037729,0.523270596488686,1.72643509323815,0.0842691669127877,0.582697838884915,11.6050412761909,1.29904204473905,17.3325444787731,12.6774488825976,23.4087067048602,20.2718437529989,11.3492665589546,26.8448943646503,15.6355806202765,26.117233129137,"STXBP2"
"ENSG00000187961",54.1642158114002,-0.809124488116226,0.468683873385972,-1.72637578133586,0.0842798299231809,0.582697838884915,44.4859915587317,35.0741352079542,36.315807479334,175.673220230282,35.8015514309627,38.613035719998,50.6351892630283,40.2673415469754,51.0762300262367,33.6996556504993,"KLHL17"
"ENSG00000204351",133.244448402139,-0.617598965508739,0.357759634810265,-1.72629582942267,0.08429420529368,0.582697838884915,103.478284712702,119.511868115992,113.074218742472,337.763459514923,83.9959475880279,105.220522336995,106.508501553266,119.843278413617,103.194832093825,139.853570949572,"SKIV2L"
"ENSG00000175279",110.080665114529,0.508277175374035,0.294437690959904,1.72626396341103,0.0842999353621678,0.582697838884915,105.412458258734,87.0358169975161,115.550296525154,43.4655390260491,108.781637040233,137.076276805993,138.81026022106,145.729426550959,91.7287396389557,127.216200080635,"CENPS"
"ENSG00000206149",76.5268438822363,-0.558875575103834,0.323749100628713,-1.72626139815836,0.0843003966533545,0.582697838884915,63.8277270190498,64.9521022369523,85.8373631329713,163.901303410727,60.5872408831677,60.8155312589968,62.8574763265179,58.4835198658452,87.5592514735486,56.4469232145864,"HERC2P9"
"ENSG00000121903",24.9497165554042,-0.721309292705139,0.417865809384438,-1.72617447157906,0.084316029250815,0.582697838884915,16.4404751412704,38.9712613421714,24.7607778268187,50.7097955303906,16.5237929681366,28.9597767899985,15.7143690816295,13.4224471823251,22.9321849097389,21.0622847815621,"ZSCAN20"
"ENSG00000067798",173.610799248855,-0.622602494087083,0.36076530750964,-1.72578261026511,0.0843865294605234,0.582697838884915,160.53640432064,374.124108884845,178.277600353094,167.523431662897,101.896723303509,128.388343768993,70.7146608673327,160.110619960593,220.982872766575,173.553226600072,"NAV3"
"ENSG00000137074",282.036831191305,0.360014796498382,0.208611159110424,1.72576959944801,0.0843888710691985,0.582697838884915,258.212168395247,189.660138531901,308.684363574339,206.461310373733,285.035428700357,329.176129512983,364.049550391083,323.097478603112,311.669240364179,244.32250346612,"APTX"
"ENSG00000120137",891.68736358704,-0.43099833784234,0.24978598518378,-1.72547045633979,0.0844427235513376,0.582697838884915,926.469128549237,1030.14034147806,1072.96703916214,1190.77466290114,733.931804334736,1061.85848229994,526.431364234588,559.90779674842,1074.68557463367,739.70744152846,"PANK3"
"ENSG00000117481",126.52164588305,-0.397949812292621,0.230639529253224,-1.72541894089501,0.0844520002951684,0.582697838884915,143.128842406354,132.502288563383,116.375655786048,199.217053869392,111.535602534922,133.214973233993,103.889440039662,93.9571302762759,130.296505168971,101.098966951498,"NSUN4"
"ENSG00000175768",182.218979171816,0.386737902842158,0.224191962911086,1.72503018315397,0.0845220331958266,0.582869884556742,165.37183818572,158.483129458164,180.753678135776,111.380443754251,154.222067702609,222.990281282988,229.604392692697,240.645303054543,179.287991112504,179.450666338909,"TOMM5"
"ENSG00000171823",75.8058057117635,-0.568838904026162,0.329825813430632,-1.72466459829045,0.0845879344738484,0.582958726756099,88.0048963444474,162.380255592381,73.456974219562,54.3319237825613,61.9642236305124,49.2316205429974,73.3337223809376,80.5346830939508,58.3728343156991,56.4469232145864,"FBXL14"
"ENSG00000173915",1085.76870611671,0.340265131886127,0.197364172920801,1.72404710971869,0.0846993389696712,0.583187962745743,947.745037555587,921.020809719984,1134.04362446829,742.536291695005,1052.01481897137,1077.30369658794,1498.97620628655,1307.72985404939,1231.04138083644,945.275340996506,"USMG5"
"ENSG00000140479",8.83310907628523,1.50949621494647,0.876837018543062,1.72152427762987,0.0851557306050027,0.585534478538342,0.967086773015906,5.19616817895618,2.47607778268187,8.1497885673842,15.1468102207919,15.4452142879992,13.0953075680246,24.9274019100324,2.08474408270354,0.842491391262483,"PCSK6"
"ENSG00000108773",178.358482834081,-0.668424792070937,0.388276382190508,-1.72151802872979,0.0851568635229613,0.585534478538342,178.911053007943,146.791751055512,110.59814095979,480.837525475668,158.353015944643,115.839107159994,164.127854852575,190.790499234479,126.127017003564,111.208863646648,"KAT2A"
"ENSG00000048028",190.902169305054,-0.416746183185734,0.242092257505153,-1.72143540433904,0.085171844370127,0.585534478538342,228.232478431754,241.621820321463,179.102959613988,249.021317336739,225.825170564534,191.13452681399,137.937239716525,118.884532186308,199.093059898188,138.168588167047,"USP28"
"ENSG00000141956",42.9475613925834,-0.696644263954239,0.40488428112043,-1.72060091349169,0.0853232675946742,0.585933751814836,29.0126031904772,48.0645556553447,33.8397296966522,112.285975817293,27.5396549468944,33.7864062549982,35.7938406859338,34.5148641831218,33.3559053232566,41.2820781718617,"PRDM15"
"ENSG00000139618",33.5674314982739,-1.07751390960679,0.626319857641181,-1.72038918527169,0.0853617215098018,0.585933751814836,21.2759090063499,110.418573802819,39.6172445229098,25.3548977651953,11.0158619787578,42.4743392919978,8.73020504534971,10.5462085003983,51.0762300262367,15.1648450427247,"BRCA2"
"ENSG00000106327",19.763877505222,0.879936159821202,0.511782886526398,1.71935440396133,0.0855498593014747,0.586791107499027,14.5063015952386,12.9904204473905,10.7296703916214,14.488513008683,20.6547412101708,28.9597767899985,42.7780047222136,32.5973717285039,7.29660428946239,12.6373708689372,"TFR2"
"ENSG00000269893",812.863903562323,0.667939956634395,0.388515857312513,1.71920899510961,0.0855763235129407,0.586791107499027,497.082601330175,384.516445242758,643.780223497285,876.555037025323,1094.70128413905,593.675424194969,1492.8650627548,1512.9015466935,604.575783984026,427.985626761341,"SNHG8"
"ENSG00000112425",65.5081232305865,0.453932689668093,0.264136236508435,1.71855515043502,0.0856954041296098,0.586791107499027,58.0252063809543,62.3540181474742,48.6961963927434,46.1821352151771,57.8332753884782,102.324544657995,56.7463327947731,76.699698184715,77.1355310600309,69.0842940835236,"EPM2A"
"ENSG00000117862",604.885266979763,0.454905892334809,0.264709689865884,1.71850865212108,0.0857038776728745,0.586791107499027,343.315804420646,459.860883837622,612.416571583315,563.240943212553,633.412063778571,826.318964407957,832.861561326363,820.686770576451,543.075833544272,413.663273109879,"TXNDC12"
"ENSG00000155506",1769.80355986428,-0.478609860103891,0.278505457249077,-1.71849365118851,0.0857066114874488,0.586791107499027,1805.5510052207,3434.66716629004,1772.87169240022,1510.42748115521,1948.43058749278,1669.04846899691,1154.13310699523,1182.13409827192,1866.88832606102,1353.88366575881,"LARP1"
"ENSG00000157168",87.5466092751417,-1.0027380599858,0.583665199235245,-1.71800213769753,0.0857962253605235,0.58706664854812,38.6834709206362,150.688877189729,42.9186815664857,268.037490660636,95.0118095667857,113.908455373994,20.9524921088393,27.8036405919592,67.754182687865,49.7069920844865,"NRG1"
"ENSG00000116237",1358.60809795857,0.370899936802033,0.216025319701039,1.71692807729819,0.0859923140500691,0.587443782110734,1173.07625566829,1066.51351873076,1194.29485051355,1188.05806671201,973.526802372717,1949.9583038599,1417.78529936479,1860.92642720665,1446.81239339626,1315.12906176074,"ICMT"
"ENSG00000160345",34.5625911154546,0.668286064484217,0.389245845530104,1.7168739812087,0.0860021998163755,0.587443782110734,29.9796899634931,24.6817988500419,30.5382926530763,17.2051091978111,34.424568683618,33.7864062549982,53.2542507766332,45.0610726835201,17.7203247029801,58.9743973883738,"C9orf116"
"ENSG00000178397",303.071604134509,0.282594131690909,0.164608539854653,1.71676470698565,0.0860221718874008,0.587443782110734,303.665246726994,284.490207797851,265.765682007854,219.138759256331,359.392497056972,334.968084870983,334.366853236894,298.17007669308,332.516681191215,298.241952506919,"FAM220A"
"ENSG00000152749",159.685445128776,-0.605911297514634,0.353120574366069,-1.71587650649465,0.0861846475130345,0.588061228825089,232.100825523817,97.4281533554284,146.913948439124,326.897074758411,132.190343745093,151.556165200992,105.635481048732,94.9158765035849,202.220176022243,106.996406690335,"GPR180"
"ENSG00000204568",276.21283708893,0.272894099565803,0.159048805033574,1.71578843052734,0.086200772464051,0.588061228825089,236.936259388897,272.7988293952,260.81352644249,212.800034815032,285.035428700357,278.979183076986,336.985914750499,297.211330465771,277.270962999571,303.296900854494,"MRPS18B"
"ENSG00000112183",76.3905651251749,0.61236355143906,0.35701683210283,1.71522319503044,0.0863043138119317,0.588230050205528,58.9922931539702,49.3635977000837,82.5359260893955,40.748942836921,74.3570683566149,84.9486785839956,51.5082097675633,58.4835198658452,132.381249251675,130.586165645685,"RBM24"
"ENSG00000126653",361.70902760563,0.59868722704007,0.349325983767816,1.71383537114146,0.0865589652558728,0.589600061091714,366.525886973028,118.212826071253,384.617415576583,235.438336391099,349.753617825559,307.938959866984,697.543383123442,427.600817379786,320.008216694993,409.450816153567,"NSRP1"
"ENSG00000125149",92.2929230318721,-0.409046586402648,0.238875365176462,-1.71238497574029,0.0868257459825179,0.590263755177581,101.54411116667,126.007078339687,111.423500220684,94.1753345564397,89.5038785774068,77.226071439996,68.0955993537277,66.1534896843167,114.660924548695,74.1392424310985,"C16orf70"
"ENSG00000174775",740.333179206484,0.395280195810153,0.230854593762926,1.71224747737133,0.0868510713680631,0.590263755177581,505.786382287319,731.360671188083,778.313783023,475.404333097412,753.209562797562,842.729504588956,1040.64044140569,882.046529124223,823.473912667898,570.366671884701,"HRAS"
"ENSG00000185633",291.389248873784,1.44201928347387,0.84230336420548,1.71199516083387,0.0868975602574965,0.590263755177581,296.895639315883,79.2415647290818,78.4091297849257,119.530232321635,158.353015944643,914.163620670953,640.797050328669,96.8333689582027,495.126719642091,34.5421470417618,"NDUFA4L2"
"ENSG00000145191",143.128253772043,-0.489724084233706,0.286113829741747,-1.71164072941089,0.086962897565071,0.590263755177581,130.556714357147,148.090793100251,122.978529873199,290.675792236703,95.0118095667857,126.457691982993,130.953075680246,116.008293504381,132.381249251675,138.168588167047,"EIF2B5"
"ENSG00000074047",80.7069630539114,-0.833096625607155,0.486824968326121,-1.71128573883883,0.0870283776918171,0.590263755177581,63.8277270190498,113.016657892297,55.299070479895,205.55577831069,70.2261201145807,67.5728125099965,32.3017586677939,55.6072811839184,120.915156796805,22.747267564087,"GLI2"
"ENSG00000075702",40.1347355500633,-1.09077669290229,0.637440162992566,-1.71118287837631,0.0870473583516193,0.590263755177581,33.8480370555567,110.418573802819,54.473711219001,37.1268145847502,11.0158619787578,65.6421607239966,8.73020504534971,6.71122359116257,53.1609741089403,20.2197933902996,"WDR62"
"ENSG00000161955",22.2467040412229,0.709206805540567,0.414457071145092,1.71117072168927,0.0870496018244127,0.590263755177581,16.4404751412704,14.2894624921295,14.0311074351972,19.9217053869392,11.0158619787578,26.0637991109986,30.555717658724,42.1848340015933,26.0593010337942,21.9047761728246,"TNFSF13"
"ENSG00000181404",36.2394644416905,0.78148526819861,0.456897619155387,1.71041659101497,0.0871888651941662,0.590263755177581,31.9138635095249,12.9904204473905,9.90431113072746,46.1821352151771,44.063447915031,30.8904285759984,71.5876813718676,40.2673415469754,37.5253934886637,37.0696212155493,"WASHC1"
"ENSG00000164631",180.58900921074,-0.360727279914948,0.210942993026368,-1.71006998023327,0.0872529331988751,0.590263755177581,232.100825523817,209.145769202986,175.801522570412,216.422163067203,150.091119460574,124.527040196994,157.143690816295,141.894441641723,199.093059898188,199.670459729208,"ZNF12"
"ENSG00000161920",97.3232130947159,0.528610072849825,0.309132546441458,1.70997870956927,0.0872698101092813,0.590263755177581,72.5315079761929,94.8300692659503,88.3134409156532,52.520859656476,121.174481766335,64.6768348309966,152.77858829362,118.884532186308,76.0931590186792,131.428657036947,"MED11"
"ENSG00000137770",228.821034734515,-0.560638249950819,0.327877214813171,-1.70990305096461,0.087283802181758,0.590263755177581,261.113428714294,370.226982750628,278.971430182157,224.571951634587,155.599050449953,311.800263438984,103.889440039662,135.18321805056,274.143846875515,172.710735208809,"CTDSPL2"
"ENSG00000121039",1510.01798141488,1.29185666968877,0.755666823101642,1.70955853849231,0.0873475381628555,0.590263755177581,1513.49079976989,415.693454316495,585.179715973814,717.18139392981,534.269305969751,562.784995618971,803.178864172173,6147.48080950491,2492.31155087208,1328.60892402094,"RDH10"
"ENSG00000155542",62.8150197847861,0.556156307382175,0.32532552965449,1.70953785266357,0.0873513663064893,0.590263755177581,53.1897725158748,41.5693454316495,57.7751482625769,43.4655390260491,46.8174134097205,107.151174122994,76.8258043990775,95.8746227308938,44.8219977781261,60.6593801708988,"SETD9"
"ENSG00000186665",161.512355289348,0.492547337757322,0.288165365283991,1.70925238455326,0.0874042091949947,0.590263755177581,135.392148222227,170.174507860815,101.519189089956,113.191507880336,176.253791660124,189.20387502799,217.382105629208,266.531451191885,133.423621293027,112.05135503791,"C17orf58"
"ENSG00000108599",274.936023848636,-0.334417073809512,0.195688437884034,-1.70892607363798,0.0874646440684907,0.590263755177581,310.434854138106,310.471048692632,326.016908053112,306.975369371472,319.459997383975,266.429946467986,192.937531502229,209.006677553348,283.525195247681,224.102710075821,"AKAP10"
"ENSG00000140995",622.772068337022,0.232036826879101,0.135839689645712,1.70816664469923,0.0876054257197134,0.590263755177581,530.930638385732,572.877541729919,626.447679018512,524.303064501717,677.475511693602,643.872370630967,701.035465141582,699.884745935525,653.56726992756,597.3263964051,"DEF8"
"ENSG00000163975",28.7651578495815,1.11453501823795,0.652723539357782,1.70751466897387,0.0877264336589455,0.590263755177581,12.5721280492068,27.27988293952,16.5071852178791,11.771916819555,19.2777584628261,9.6532589299995,25.3175946315142,122.719517095544,19.8050687856836,22.747267564087,"MELTF"
"ENSG00000119969",46.7036394103475,-1.07962354393598,0.632353383030484,-1.70731045789936,0.0877643633404104,0.590263755177581,39.6505576936521,100.026237444907,66.8541001324104,67.009372665159,6.8849137367236,68.5381384029965,27.0636356405841,3.83498490923575,63.5846945224579,23.5897589553495,"HELLS"
"ENSG00000173480",34.7373378668738,-0.875766622505838,0.513015091771019,-1.7070971917854,0.0878039890027955,0.590263755177581,12.5721280492068,40.2703033869104,32.1890111748642,105.947251375995,23.4087067048602,34.7517321479982,13.9683280725595,28.7623868192681,30.2287891992013,25.2747417378745,"ZNF417"
"ENSG00000146826",68.5685243709559,-0.65429082959407,0.383282519440285,-1.70707192842904,0.0878086839871501,0.590263755177581,61.893553473018,74.0453965501256,48.6961963927434,166.617899599855,38.5555169256522,39.5783616129979,61.984455821983,68.0709821389346,74.0084149359756,52.234466258274,"C7orf43"
"ENSG00000265681",417.896273959562,0.403545589110262,0.236470280571348,1.70653829367156,0.0879079028808365,0.590263755177581,317.204461549217,305.274880513676,352.428404401719,423.789005503978,713.277063124565,366.823839339981,486.272421025979,421.848340015933,378.381051010692,413.663273109879,"RPL17"
"ENSG00000158402",14.3765287063374,-1.3779344437124,0.807505062864078,-1.70640966488199,0.0879318323946228,0.590263755177581,10.637954503175,49.3635977000837,20.6339815223489,10.8663847565123,2.75396549468944,20.2718437529989,3.49208201813988,0,15.6355806202765,10.1098966951498,"CDC25C"
"ENSG00000169218",12.2228097810817,1.25705818729023,0.73673443020256,1.70625687596087,0.0879602633748216,0.590263755177581,7.73669418412724,3.89712613421714,4.12679630446978,10.8663847565123,15.1468102207919,2.89597767899985,17.4604100906994,18.2161783188698,3.12711612405531,38.7546039980742,"RSPO1"
"ENSG00000184281",302.424079008888,0.38344910469977,0.224734898424986,1.70622857147289,0.0879655310910174,0.590263755177581,281.422250947628,245.51894645568,316.112596922385,180.200880545495,249.233877269394,348.482647372982,428.653067726671,328.849955966966,327.304820984456,318.461745897219,"TSSC4"
"ENSG00000080819",141.988131615902,-0.323661853927231,0.189735339768014,-1.70585961646875,0.0880342201637977,0.590263755177581,167.306011731752,163.67929763712,169.198648483261,145.790662149873,121.174481766335,114.873781266994,105.635481048732,149.564411460194,142.804969665192,139.853570949572,"CPOX"
"ENSG00000135069",2040.61561709969,-0.706553615694826,0.414206919106316,-1.70579867960504,0.0880455690591505,0.590263755177581,2051.19104556674,3785.40851836958,3779.32005563342,1016.91250679694,1484.38740163761,2532.04981733887,992.624313656262,1003.80729999246,2677.8537742327,1082.60143777229,"PSAT1"
"ENSG00000100523",146.35768204766,-0.398057970529799,0.233500429264716,-1.70474192181688,0.0882425675654021,0.590263755177581,180.845226553974,205.248643068769,146.913948439124,152.129386591172,128.059395503059,155.417468772992,90.794132471637,104.503338776674,148.016829871951,151.648450427247,"DDHD1"
"ENSG00000082641",1392.430350158,0.39674528891134,0.232740446627988,1.70466841779975,0.0882562832336801,0.590263755177581,955.481731739715,1227.5947322784,869.103301721335,1629.0521814138,1449.96283295399,1691.25096453591,1727.70757847471,1885.85382911668,1206.024451844,1282.2718975015,"NFE2L1"
"ENSG00000169223",644.721843416477,0.389504813768403,0.228514954266295,1.70450470088054,0.0882868385843315,0.590263755177581,558.976154803193,509.224481537706,495.215556536373,611.234142553815,670.590597956878,634.219111700967,1036.27533888301,838.902948895321,544.118205585624,548.461895711877,"LMAN2"
"ENSG00000135372",164.121949981887,-0.379218603348699,0.222547806246687,-1.70398715558826,0.0883834868846241,0.590263755177581,168.273098504768,172.772591950293,149.390026221806,271.659618912807,136.321291987127,132.249647340993,149.28650627548,156.275635051357,162.610038450876,142.38104512336,"NAT10"
"ENSG00000139998",225.053799625908,0.403297846873573,0.236680836979485,1.70397338466625,0.0883860596813708,0.590263755177581,177.943966234927,207.846727158247,184.055115179352,184.728540860709,239.594998037981,234.574191998988,148.413485770945,250.232765327633,314.796356488234,308.351849202069,"RAB15"
"ENSG00000122566",1844.71368410686,-0.573600957575007,0.336695562201066,-1.70361900176298,0.0884522891758405,0.590263755177581,1941.91024021594,1765.39813880036,1995.71869284158,3484.48737858827,1075.42352567623,1312.84321447993,1327.86418739769,844.655426259174,2141.03217293653,2557.8038638729,"HNRNPA2B1"
"ENSG00000104774",472.723780295544,0.52166655334632,0.306212192351828,1.70361130737388,0.0884537275993447,0.590263755177581,305.599420273026,483.243640642925,377.189182228538,333.23579919971,776.618269502422,334.002758977983,721.114936745886,661.534896843167,342.940401604732,391.758496937055,"MAN2B1"
"ENSG00000182108",32.2932756191821,0.641455505056195,0.376530089846759,1.70359692984233,0.0884564154499165,0.590263755177581,36.7492973746044,12.9904204473905,19.8086222614549,26.260429828238,57.8332753884782,27.0291250039986,43.6510252267486,32.5973717285039,32.3135332819049,33.6996556504993,"DEXI"
"ENSG00000196305",1259.08801289553,-0.404725955899697,0.237597389824895,-1.70341078324966,0.0884912211250285,0.590263755177581,1158.56995407305,1521.17823438942,1462.53661030409,1760.35433055499,992.804560835543,1580.23848684092,839.845725362642,869.582828169207,1386.35481499785,1019.4145834276,"IARS"
"ENSG00000168282",23.7536867934794,-1.08772999841362,0.638613901692375,-1.70326702179683,0.0885181091841416,0.590263755177581,46.4201651047635,55.858807923779,33.0143704357582,4.52766031521344,12.3928447261025,5.7919553579997,13.0953075680246,17.2574320915609,10.4237204135177,38.7546039980742,"MGAT2"
"ENSG00000133731",139.073784922295,-0.359105790654459,0.21084049368828,-1.70321072756253,0.0885286398276382,0.590263755177581,184.713573646038,151.987919234468,177.4522410922,126.774488825976,121.174481766335,136.110950912993,105.635481048732,103.544592549365,137.593109458434,145.75101068841,"IMPA1"
"ENSG00000196865",82.6596759010493,-0.626935807609904,0.368100988216546,-1.70316252245726,0.0885376580861117,0.590263755177581,89.9390698904792,150.688877189729,75.9330520022439,103.230655186867,60.5872408831677,83.0180267979957,22.6985331179092,71.9059670481704,92.7711116803075,75.8242252136235,"NHLRC2"
"ENSG00000154473",712.308813433516,-0.531923445297904,0.312316875158984,-1.70315307178688,0.0885394262136259,0.590263755177581,858.773054438124,1087.29819144658,1057.28521320516,493.514974358266,417.22577244545,750.058218860961,445.240457312835,403.632161697063,852.660329825748,757.399760744972,"BUB3"
"ENSG00000164951",218.574191188878,-0.51401008834128,0.301937348842353,-1.70237332450599,0.0886854073352394,0.590284326001905,233.067912296833,254.612240768853,226.148437484944,352.251972523606,162.483964186677,264.499294681986,89.921111967102,161.069366187902,203.262548063595,238.425063727283,"PDP1"
"ENSG00000196724",20.0521354805877,-0.747694772749342,0.439337013139702,-1.70187066053455,0.0887796168259012,0.590284326001905,24.1771693253976,22.0837147605638,13.2057481743033,46.1821352151771,17.9007757154814,15.4452142879992,10.4762460544197,21.0924170007966,15.6355806202765,14.3223536514622,"ZNF418"
"ENSG00000044090",208.744064689324,-0.592335968819497,0.348203895492164,-1.70111815659692,0.0889208021397696,0.590284326001905,183.746486873022,188.361096487162,151.040744743594,522.492000375632,221.6942223225,138.041602698993,174.604100906994,169.698082233682,170.94901478169,166.813295469972,"CUL7"
"ENSG00000101413",170.755953401714,-0.39829534816583,0.234157095423843,-1.70097492644792,0.0889476955625617,0.590284326001905,187.614833965086,190.95918057664,193.134067049185,227.288547823715,119.797499018991,138.041602698993,110.000583571406,145.729426550959,197.008315815484,197.985476946684,"RPRD1B"
"ENSG00000159256",171.540890132404,-0.3984262561659,0.234234979239377,-1.70096822199526,0.0889489545759407,0.590284326001905,191.483181057149,164.978339681859,222.021641180474,222.760887508501,154.222067702609,167.966705381991,110.873604075941,116.96703973169,207.432036229002,156.703398774822,"MORC3"
"ENSG00000148843",205.768182312368,-0.504312199874173,0.296507051852394,-1.70084386433152,0.0889723100119706,0.590284326001905,167.306011731752,214.341937381943,199.736941136337,418.355813125722,161.106981439332,217.198325924989,178.096182925134,139.018202959796,220.982872766575,141.538553732097,"PDCD11"
"ENSG00000101901",269.175797761558,-0.401194834542092,0.235893916460888,-1.70074260736017,0.0889913305888944,0.590284326001905,246.607127119056,300.07871233472,271.543196834111,441.899646764832,205.170429354363,233.608866105988,220.001167142813,268.448943646503,310.626868322827,193.773019990371,"ALG13"
"ENSG00000137970",77.6662570951664,0.51890868681197,0.305117662341292,1.70068387005253,0.0890023655771664,0.590284326001905,57.0581196079384,41.5693454316495,72.6316149586681,74.2536291695005,100.519740556165,66.6074866169966,99.5243375169867,129.430740686707,76.0931590186792,58.9743973883738,"RPL7P9"
"ENSG00000196123",64.2556546824913,-0.860035175132083,0.505723724701006,-1.70060278591943,0.0890176006787346,0.590284326001905,59.9593799269861,38.9712613421714,38.7918852620159,213.705566878075,41.3094824203416,56.954227686997,39.2859227040737,63.2772510023899,66.7118106465133,23.5897589553495,"KIAA0895L"
"ENSG00000123689",62.5522221347553,1.35517333459352,0.797005829767028,1.70033051701723,0.0890687733397967,0.590284326001905,49.3214254238112,31.1770090737371,37.9665260011219,10.8663847565123,22.0317239575155,266.429946467986,23.5715536224442,40.2673415469754,139.677853541137,4.21245695631242,"G0S2"
"ENSG00000127586",32.6060466653266,-0.86679611125437,0.509798063380741,-1.70027344848308,0.0890795023159218,0.590284326001905,37.7163841476203,49.3635977000837,40.4426037838038,51.6153275934333,9.63887923141304,56.954227686997,19.2064510997694,17.2574320915609,35.4406494059602,8.42491391262483,"CHTF18"
"ENSG00000112514",855.532280134222,0.344052747020209,0.202387419260695,1.69997101735378,0.0891363772336627,0.590284326001905,825.892104155583,584.568920132571,818.756386806803,715.370329803724,1104.34016337047,760.676803683961,1210.87943979001,858.077873441499,818.262052461139,858.49872769647,"CUTA"
"ENSG00000118369",81.4607161666023,-0.468626323522289,0.275719199983334,-1.69965067195398,0.0891966529910598,0.590284326001905,63.8277270190498,89.6339010869942,86.6627223938653,150.318322465086,75.7340511039596,60.8155312589968,65.4765378401228,71.9059670481704,76.0931590186792,74.1392424310985,"USP35"
"ENSG00000164880",316.741397786086,-0.442881396206684,0.260691297793083,-1.69887295800035,0.0893431232100904,0.590284326001905,304.63233350001,584.568920132571,314.461878400597,303.353241119301,324.967928373354,239.400821463988,263.652192369561,211.882916235275,265.804870544701,354.688875721505,"INTS1"
"ENSG00000152661",749.285319951866,0.839415603012908,0.494129003219136,1.6987782492918,0.0893609733328862,0.590284326001905,390.703056298426,324.760511184761,681.746749498407,636.58904031901,406.209910466692,405.436875059979,922.782673293465,1780.3917441127,288.73705545444,1655.49558383078,"GJA1"
"ENSG00000011260",161.660897385695,-0.354546657531344,0.208723926354054,-1.6986392682645,0.0893871728336264,0.590284326001905,219.528697474611,159.782171502903,200.562300397231,162.995771347684,158.353015944643,134.180299126993,129.207034671176,116.008293504381,179.287991112504,156.703398774822,"UTP18"
"ENSG00000186792",31.9802293691069,0.581170953169233,0.34214392950314,1.69861541607126,0.0893916698646051,0.590284326001905,31.9138635095249,15.5885045368685,19.8086222614549,30.7880901434514,42.6864651676863,34.7517321479982,43.6510252267486,34.5148641831218,23.9745569510907,42.1245695631242,"HYAL3"
"ENSG00000181873",81.7037997284062,-0.555686233036033,0.327143480834423,-1.69860096743692,0.0893943940614631,0.590284326001905,65.7619005650816,162.380255592381,61.9019445670466,115.002572006422,83.9959475880279,67.5728125099965,75.0797633900075,46.019818910829,71.9236708532721,67.3993113009986,"IBA57"
"ENSG00000132825",51.33618281912,-0.519573494628994,0.305932815672182,-1.69832547543947,0.0894463490935468,0.590284326001905,70.5973344301611,76.6434806396037,55.299070479895,48.8987314043052,41.3094824203416,36.6823839339981,32.3017586677939,32.5973717285039,58.3728343156991,60.6593801708988,"PPP1R3D"
"ENSG00000103196",265.208547138585,-1.01179948428458,0.595765604953059,-1.69831805641801,0.0894477485828785,0.590284326001905,59.9593799269861,114.315699937036,226.148437484944,1120.14316198381,137.698274734472,231.678214319988,132.699116689316,241.604049281852,216.813384601168,171.025752426284,"CRISPLD2"
"ENSG00000074054",269.40907768507,-0.447603727677129,0.263665462305649,-1.69761986937164,0.0895795302383409,0.590698106109435,217.594523928579,362.432730482194,235.227389354777,468.16007659307,213.432325838432,284.771138434985,177.223162420599,232.975333236072,251.211661965776,251.06243459622,"CLASP1"
"ENSG00000107984",451.249333713349,0.8324804541177,0.490436149319114,1.69742881978308,0.0896156177627133,0.590698106109435,151.832623363497,489.73885086662,477.8830120576,110.474911691208,179.007757154814,977.875129608949,500.240749098539,596.340153386159,327.304820984456,701.795328921648,"DKK1"
"ENSG00000139173",54.3880263045915,0.569129009760682,0.335318193405918,1.69728043676928,0.0896436540359328,0.590698106109435,42.5518180126998,32.4760511184761,28.0622148703945,65.1983085390736,66.0951718725465,43.4396651849978,68.0955993537277,91.0808915943491,52.1186020675885,54.7619404320614,"TMEM117"
"ENSG00000172831",760.9746652791,0.398228082715864,0.234677681198548,1.69691502268997,0.0897127274202388,0.590698106109435,654.717745331768,750.846301859169,669.366360584998,481.743057538711,1039.62197424526,821.492334942957,966.433698520213,952.993749945084,515.974160469126,756.55726935371,"CES2"
"ENSG00000169599",254.639278698488,0.316682005524035,0.186633346076767,1.69681363047403,0.0897319009505673,0.590698106109435,250.47547421112,196.155348755596,269.892478312323,170.240027852026,280.904480458323,289.597767899985,271.509376910376,262.696466282649,292.906543619847,262.014822682632,"NFU1"
"ENSG00000136122",37.0447489829623,-0.767539127252056,0.452475818095545,-1.69630971768304,0.0898272411107222,0.590724170360758,41.5847312396839,57.157849968518,69.3301779150922,28.977026017366,16.5237929681366,42.4743392919978,21.8255126133743,14.3811934096341,56.2880902329956,21.9047761728246,"BORA"
"ENSG00000239650",8.60407031302671,1.03408064153214,0.609684815159288,1.69609053041934,0.0898687367220498,0.590724170360758,2.90126031904772,3.89712613421714,3.30143704357582,10.8663847565123,13.7698274734472,12.5492366089993,10.4762460544197,9.58746227308938,5.21186020675885,13.4798622601997,"GUSBP4"
"ENSG00000162769",28.0780292594621,-0.998221145442365,0.589006292792467,-1.69475463616835,0.0901219763322143,0.592096944996425,22.2429957793658,20.7846727158247,12.3803889134093,105.041719312952,8.26189648406832,22.2024955389988,20.0794716043043,28.7623868192681,25.0169289924425,16.0073364339872,"FLVCR1"
"ENSG00000132612",767.327693180133,0.299673062119349,0.176919746935102,1.69383614497977,0.0902964236145762,0.592819789201751,663.421526288911,692.389409845911,715.586479195059,624.817123499455,815.173786428074,773.22604029296,1092.14865117325,877.252797987678,727.575684863535,691.685432226499,"VPS4A"
"ENSG00000178209",1984.50232238323,-0.422066925900207,0.249240588816815,-1.69341168669126,0.0903771319143992,0.592819789201751,2050.22395879372,2572.10324858331,1422.09400652028,3318.77501105146,1853.41877792599,1687.38966096391,1423.023422392,2222.37375490212,1532.2869007871,1763.33448191238,"PLEC"
"ENSG00000131089",174.923434968289,0.368836374531024,0.217808824161196,1.69339500340012,0.0903803053312917,0.592819789201751,143.128842406354,128.605162429166,143.612511395548,180.200880545495,174.876808912779,194.99583038599,203.413777556648,149.564411460194,173.033758864394,257.80236572632,"ARHGEF9"
"ENSG00000183628",60.4990736640973,0.710691771862833,0.419723002889887,1.69323998677594,0.0904097961487862,0.592819789201751,27.0784296444454,90.9329431317332,30.5382926530763,28.0714939543234,71.6031028619254,60.8155312589968,60.238414812913,102.585846322056,39.6101375713672,93.5165444301356,"DGCR6"
"ENSG00000137463",73.4122857389339,1.05403904197699,0.622820526158204,1.69236400810151,0.0905765904213399,0.593267744373597,36.7492973746044,81.8396488185599,47.8708371318494,12.6774488825976,52.3253443990994,32.8210803619983,92.5401734807069,179.285544506771,17.7203247029801,180.293157730171,"MGARP"
"ENSG00000073712",929.673213258714,-0.512889900974811,0.303092938337326,-1.69218690408416,0.0906103426945272,0.593267744373597,918.73243436511,931.413146077896,897.165516591729,1784.80369625714,605.872408831677,804.116468868958,525.558343730053,682.627313843964,1268.5667743251,877.876029695507,"FERMT2"
"ENSG00000125354",201.412957914668,-0.552172440832386,0.326308238146321,-1.6921805099655,0.0906115614672729,0.593267744373597,302.698159953978,300.07871233472,173.325444787731,219.138759256331,214.809308585776,118.735084838994,117.857768112221,128.471994459398,299.160775867958,139.853570949572,"SEPT6"
"ENSG00000183426",117.220338684534,-0.61028216390094,0.360724984645629,-1.69182116536916,0.0906800767651174,0.59342501659292,104.445371485718,106.521447668602,117.201015046942,262.60429828238,106.027671545543,121.631062517994,130.080055175711,104.503338776674,63.5846945224579,55.6044318233239,"NPIPA1"
"ENSG00000187713",457.48661791644,0.377008160291644,0.222927296855776,1.69117091360755,0.0908041645016139,0.593945631171174,426.485266900014,474.150346329752,386.268134098371,266.226426534551,502.598702780823,433.431325956978,635.558927301459,578.12397506729,404.440352044487,467.582722150678,"TMEM203"
"ENSG00000088881",14.1200042341158,1.1211509505777,0.663148816923206,1.69064759216411,0.0909041292400021,0.594308025330347,5.80252063809543,5.19616817895618,5.77751482625769,16.2995771347684,13.7698274734472,20.2718437529989,41.0319637131436,10.5462085003983,3.12711612405531,19.3773019990371,"EBF4"
"ENSG00000147454",332.199375727319,-0.70581588936137,0.417572439199605,-1.69028370434185,0.0909736911566645,0.594471395863025,264.014689033342,302.676796424198,208.815893006171,954.430794446994,296.051290679115,233.608866105988,208.651900583858,364.323566377396,333.559053232566,155.860907383559,"SLC25A37"
"ENSG00000052723",532.167360760567,-0.362464217689544,0.214475245716137,-1.69000490699646,0.091027015871871,0.59452855567245,671.158220473038,701.482704159085,636.351990149239,447.332839143088,461.289220360481,566.646299190971,362.303509382013,432.394548516331,600.406295818619,442.307980412804,"SIKE1"
"ENSG00000149557",777.911463656118,0.466800511313311,0.276300613110118,1.68946607124346,0.0911301485665828,0.594879349275049,703.072083982563,615.745929206308,616.543367887784,595.840097482089,1091.94731864436,651.594977774966,1110.48208176848,1145.70174163418,446.135233698557,802.051804481884,"FEZ1"
"ENSG00000171552",1349.30343113521,0.518311563214559,0.306827884044758,1.68925834373955,0.0911699325124241,0.594879349275049,1048.32206194924,1334.116179947,1394.03179164989,509.814551493034,1381.11369558675,2289.75301819588,1440.4838324827,1543.58142596739,1010.05850806986,1541.75924601034,"BCL2L1"
"ENSG00000057608",1762.49187306313,-0.258741729147773,0.15320796101516,-1.68882692148205,0.0912526030664269,0.594880655891129,1702.07272050799,1838.14449330575,1971.78327427566,2306.39016456973,1885.08938111492,1483.70589754092,1567.94482614481,1580.01378260513,1752.22740151232,1537.54678905403,"GDI2"
"ENSG00000186908",213.406840570628,-0.718117685053719,0.425241160774886,-1.68873042239172,0.0912711027851588,0.594880655891129,179.878139780958,113.016657892297,170.849367005049,651.983085390736,150.091119460574,169.897357167991,134.445157698386,190.790499234479,214.728640518465,158.388381557347,"ZDHHC17"
"ENSG00000141084",131.660986690461,-0.314008089679396,0.18596214955358,-1.68855915267275,0.091303944111055,0.594880655891129,147.964276271434,151.987919234468,128.756044699457,167.523431662897,140.452240229161,113.908455373994,109.127563066871,124.637009550162,108.406692300584,123.846234515585,"RANBP10"
"ENSG00000156304",112.850436902631,-0.479822812647116,0.284208691170472,-1.68827635309475,0.0913581923126305,0.594943462340602,105.412458258734,133.801330608122,91.614877959229,212.800034815032,111.535602534922,78.1913973329959,96.0322554988468,91.0808915943491,87.5592514735486,120.476268950535,"SCAF4"
"ENSG00000141644",386.546209282209,-0.300890398465254,0.178253370462351,-1.68799275820036,0.0914126190923078,0.595007369855593,390.703056298426,437.777169077058,392.045648924629,521.586468312589,408.963875961382,347.517321479982,314.28738163259,295.293838011153,399.228491837728,358.058841286555,"MBD1"
"ENSG00000105662",89.4932640054212,-0.506809819726089,0.300449217321211,-1.68684020629103,0.0916340820566919,0.595114578282448,103.478284712702,107.820489713341,69.3301779150922,154.8459827803,83.9959475880279,56.954227686997,66.3495583446578,100.668353867438,56.2880902329956,95.2015272126606,"CRTC1"
"ENSG00000174807",865.048094972543,0.622230979740562,0.368950014730894,1.68649127225109,0.0917012147330691,0.595114578282448,817.18832319844,606.652634893134,399.473882272674,791.43502309931,791.765079723214,601.398031338969,1725.0885169611,1528.24148633045,513.889416386422,875.34855552172,"CD248"
"ENSG00000143847",300.107929213518,-0.79475560579453,0.471521128883088,-1.68551430065732,0.0918893880806005,0.595114578282448,190.516094284133,265.004577126765,163.421133657003,989.746544905659,371.785341783074,184.37724556299,247.937823287932,255.026496464178,178.245619071153,155.018415992297,"PPFIA4"
"ENSG00000075391",303.549468175878,-0.569918441900573,0.338139419807425,-1.68545401250511,0.0919010102662833,0.595114578282448,271.751383217469,388.413571376975,309.509722835233,540.602641636485,183.138705396848,230.712888426988,142.3023422392,194.625484143714,370.042074679878,404.395867805992,"RASAL2"
"ENSG00000152620",443.567626960655,-0.315425749465853,0.187177284077391,-1.68517109872924,0.0919555653892291,0.595114578282448,536.733159023828,485.841724732403,483.660526883858,504.381359114778,406.209910466692,521.275982219973,340.477996768639,358.571089013543,464.897930442889,333.626590939943,"NADK2"
"ENSG00000223891",83.8616385927665,0.569163110632219,0.337775406738352,1.68503419514229,0.0919819742639328,0.595114578282448,57.0581196079384,84.437732908038,61.9019445670466,57.0485199716894,121.174481766335,64.6768348309966,131.826096184781,132.306979368633,48.9914859435332,79.1941907786734,"OSER1-AS1"
"ENSG00000188529",56.3656569614017,-0.487035921504493,0.289059812869703,-1.68489668857577,0.0920085055873619,0.595114578282448,84.1365492523838,67.5501863264304,61.0765853061527,59.7651161608175,42.6864651676863,57.919553579997,34.0477996768639,34.5148641831218,60.4575783984026,61.5018715621613,"SRSF10"
"ENSG00000185070",523.91597547377,0.479984475409236,0.284933191643674,1.68455093855645,0.0920752437884506,0.595114578282448,314.303201230169,397.506865690148,520.801693624086,461.821352151771,345.622669583525,525.137285791973,505.478872125748,952.993749945084,675.457082795947,540.036981799252,"FLRT2"
"ENSG00000100731",356.152906677765,-0.57022708950048,0.338529933875136,-1.68442147190093,0.0921002440208923,0.595114578282448,295.928552542867,303.975838468937,311.985800617915,859.349927827512,256.118791006118,268.360598253986,234.842515719907,318.303747466567,416.948816540708,295.714478333132,"PCNX1"
"ENSG00000022840",2468.97937914013,0.353085776272086,0.209645199455709,1.68420635048541,0.0921417963912179,0.595114578282448,2114.05168581277,2722.79212577304,2111.26898936674,1520.38833384867,3034.86997514776,2477.02624143787,3309.62073269208,2779.40531296861,2131.65082456437,2488.71956978938,"RNF10"
"ENSG00000106100",85.3267169479023,-0.586936629801847,0.348506278733967,-1.68414937008893,0.0921528051191044,0.595114578282448,69.6302476571452,109.11953175808,57.7751482625769,190.161733238965,78.488016598649,76.260745546996,66.3495583446578,62.318504775081,87.5592514735486,55.6044318233239,"NOD1"
"ENSG00000121774",623.937878678921,-0.321969951186924,0.191206448510686,-1.68388646771466,0.0922036120733499,0.595114578282448,615.067187638116,767.733848440776,636.351990149239,817.695452927548,530.138357727717,494.246857215974,458.33576488086,558.949050521111,651.482525844856,709.377751443011,"KHDRBS1"
"ENSG00000120837",495.66806587692,0.400692508849862,0.237971002201558,1.68378712172032,0.0922228169477541,0.595114578282448,381.999275341283,426.085790674407,421.758582316811,433.749858197448,453.027323876413,364.893187553981,460.954826394465,802.470592257581,589.982575405102,621.758646751712,"NFYB"
"ENSG00000196510",175.665496378207,-0.508682366778209,0.302134162882253,-1.683630748425,0.0922530524506859,0.595114578282448,180.845226553974,136.3994146976,169.198648483261,368.551549658374,111.535602534922,164.105401809991,166.74691636618,124.637009550162,167.821898657635,166.813295469972,"ANAPC7"
"ENSG00000176986",450.734879678323,-0.439208210263782,0.260896800334081,-1.68345571774499,0.0922869048884611,0.595114578282448,396.505576936521,462.4589679271,427.536097143069,853.011203386213,406.209910466692,439.223281314977,319.525504659799,318.303747466567,412.779328375301,471.795179106991,"SEC24C"
"ENSG00000093217",26.6281346176949,-0.637506619672268,0.378807762092007,-1.68292913574835,0.0923888105353182,0.595114578282448,27.0784296444454,45.4664715658666,34.6650889575461,28.977026017366,16.5237929681366,27.0291250039986,19.2064510997694,10.5462085003983,28.1440451164978,28.6447073029244,"XYLB"
"ENSG00000179832",46.6056877225804,-0.589312715375366,0.35018774052708,-1.68284793319255,0.0924045331241938,0.595114578282448,31.9138635095249,74.0453965501256,69.3301779150922,57.9540520347321,53.7023271464441,35.7170580409981,43.6510252267486,21.0924170007966,32.3135332819049,46.3370265194366,"MROH1"
"ENSG00000169740",364.893405619999,0.461363819763875,0.274172619447089,1.68274943243525,0.0924236079068158,0.595114578282448,294.961465769851,202.650558979291,316.937956183279,374.890274099673,443.388444645,310.834937545984,613.733414688085,470.744397608689,298.118403826606,322.674202853531,"ZNF32"
"ENSG00000138363",353.353053879607,0.351124450403816,0.208684095392525,1.68256449895411,0.0924594290251421,0.595114578282448,299.796899634931,209.145769202986,373.062385924068,329.613670947539,315.329049141941,406.402200952979,343.097058282244,433.35329474364,389.847143465562,433.883066500179,"ATIC"
"ENSG00000104853",546.744390398549,0.36820270576012,0.218839165324673,1.68252654964138,0.0924667810834855,0.595114578282448,391.670143071442,470.253220195535,467.153341665979,533.358385132144,516.36853025427,767.43408493496,728.099100782166,664.411135525094,484.702999228573,443.992963195329,"CLPTM1"
"ENSG00000232388",331.379951030025,0.548151888437132,0.325800918404945,1.68247496391592,0.092476775726442,0.595114578282448,298.829812861915,197.454390800335,257.512089398914,283.431535732362,419.97973794014,261.603317002986,576.193532993081,557.031558066493,237.660825428203,224.102710075821,"SMIM26"
"ENSG00000130544",36.9348209795507,-0.579590147191716,0.344493213563824,-1.68244285916633,0.0924829964027646,0.595114578282448,30.946776736509,41.5693454316495,37.141166740228,74.2536291695005,33.0475859362733,36.6823839339981,23.5715536224442,36.4323566377396,31.2711612405531,24.432250346612,"ZNF557"
"ENSG00000213337",59.4044185324598,0.430351633027608,0.255803089245178,1.68235510484837,0.0925000015580351,0.595114578282448,40.617644466668,49.3635977000837,56.9497890016829,49.8042634673479,59.2102581358229,54.0582500079972,76.8258043990775,84.3696680031865,56.2880902329956,66.5568199097362,"ANKRD39"
"ENSG00000135912",63.3517854211536,-0.598027541360081,0.355568855052288,-1.68188954927489,0.0925902595707078,0.595408048165154,49.3214254238112,102.624321534385,58.6005075234708,107.75831550208,48.1943961570652,68.5381384029965,37.5398816950038,46.978565138138,80.2626471840863,33.6996556504993,"TTLL4"
"ENSG00000167515",368.310540241246,0.354899186049885,0.211050013000881,1.68158807954399,0.092648743707437,0.595497009554741,350.085411831758,335.152847542674,351.603045140825,225.47748369763,429.618617171553,352.343950944982,534.288548775402,365.282312604705,371.08444672123,368.168737981705,"TRAPPC2L"
"ENSG00000147124",75.7119798244372,-0.540625608701174,0.321598994498368,-1.68105503421877,0.0927522253301547,0.59557854592946,67.6960741111134,111.717615847558,100.693829829063,92.3642704303543,71.6031028619254,79.1567232259959,28.809676649654,53.6897887293005,86.5168794321969,64.8718371272112,"ZNF41"
"ENSG00000013573",41.809156352627,-0.872873244855197,0.519309895776325,-1.68083306702701,0.0927953438149402,0.59557854592946,29.9796899634931,38.9712613421714,32.1890111748642,128.585552952062,19.2777584628261,58.8848794729969,23.5715536224442,26.8448943646503,43.7796257367743,16.0073364339872,"DDX11"
"ENSG00000162929",123.043359296537,-0.494856676300534,0.294443422651592,-1.68065114800029,0.0928306946959258,0.59557854592946,153.766796909529,158.483129458164,157.643618830745,125.868956762934,100.519740556165,163.140075916992,61.984455821983,92.039637821658,138.635481499785,78.3516993874109,"KIAA1841"
"ENSG00000116478",462.488466020741,-0.290949069576011,0.173123797783234,-1.68058391336993,0.092843762603919,0.59557854592946,499.983861649223,588.466046266788,535.658160320177,453.671563584387,465.420168602515,490.385553643975,341.351017273174,381.580998468957,411.736956333949,456.630334064266,"HDAC1"
"ENSG00000246705",347.488531517439,0.479943091892152,0.28561694909651,1.68037328810616,0.0928847098697815,0.59557854592946,354.920845696837,318.265300961066,302.906848748082,148.507258339001,366.277410793695,277.048531290986,532.542507766332,363.364820150087,332.516681191215,478.53511023709,"H2AFJ"
"ENSG00000102221",79.9840975058604,-0.494099936264933,0.294135269654714,-1.67983913267171,0.0929886190346009,0.595676486748565,90.9061566634951,87.0358169975161,110.59814095979,97.7974628086104,86.7499130827173,89.7753080489953,40.1589432086087,44.1023264562111,80.2626471840863,72.4542596485736,"JADE3"
"ENSG00000082781",2359.73302835576,0.376613488123228,0.224196637838459,1.67983557538713,0.0929893113451685,0.595676486748565,1604.39695643339,1648.48435477385,1878.51767779464,2874.15876809749,2351.88653246478,2560.04426823587,3004.93657660937,3167.69753502873,2055.55766554569,2451.64994857383,"ITGB5"
"ENSG00000169567",2373.84040361921,0.387379569411487,0.230699499380112,1.67915218911343,0.0931223871712529,0.595801955637518,2300.69943300484,1609.51309343168,2344.84566019973,1758.5432664289,2369.78730818026,2172.94858514289,3337.5573888372,3501.34122213224,2399.54043919177,1943.62763964255,"HINT1"
"ENSG00000242485",581.207894484923,0.355115480701949,0.211485313453313,1.6791496057259,0.093122890524191,0.595801955637518,562.844501895257,487.140766777142,583.528997452026,357.685164901862,632.035081031226,627.461830449967,822.385315271943,617.432570386956,633.762201141876,487.802515540978,"MRPL20"
"ENSG00000132356",351.77795092964,-0.515750400601563,0.307168561395124,-1.6790468342824,0.0931429165107764,0.595801955637518,362.657539880965,301.377754379459,342.524093270991,709.937137425468,232.710084301258,301.181678615984,189.445449484089,303.922554056933,389.847143465562,384.176074415692,"PRKAA1"
"ENSG00000136193",1546.65650618039,0.456884844260882,0.272177252241838,1.6786297917907,0.0932242166504895,0.59591499073625,1762.999187208,906.731347227854,1417.96721021581,968.013775392635,1600.05395241456,1608.23293773792,1098.25979470499,1703.69204592798,1934.64250874888,2465.97230222529,"SCRN1"
"ENSG00000228474",2514.45692916008,0.40590794025496,0.241857796702179,1.67829173088346,0.0932901615455872,0.59591499073625,1784.27509621435,2060.28068295613,2152.53695241143,2419.58167245007,2906.8105796447,2185.49782175189,3341.92249135987,4097.6813755184,2150.4135213087,2045.56909798531,"OST4"
"ENSG00000226479",77.9488874586422,-0.424843488952773,0.253143884441125,-1.67826882285035,0.0932946315256272,0.59591499073625,88.9719831174633,105.222405623863,67.6794593933043,106.852783439037,60.5872408831677,77.226071439996,48.8891482539584,82.4521755485687,75.0507869773274,66.5568199097362,"TMEM185B"
"ENSG00000234616",107.647481869101,-0.46333101931064,0.276146919820899,-1.67784243116361,0.0933778635093528,0.595963432218921,105.412458258734,137.698456742339,97.3923927854867,175.673220230282,72.9800856092701,63.7115089379967,91.667152976172,102.585846322056,124.042272920861,105.31142390781,"JRK"
"ENSG00000176022",365.529150653949,0.417543923872355,0.248887798482632,1.67763918688642,0.0934175579097907,0.595963432218921,294.961465769851,323.461469140022,265.765682007854,333.23579919971,403.455944972003,314.696241117984,561.352184415986,544.567857111477,323.135332819049,290.659529985557,"B3GALT6"
"ENSG00000164167",192.539333308165,0.406933128893894,0.24257681145692,1.67754339934575,0.0934362702834044,0.595963432218921,198.252788468261,142.894624921295,191.483348527398,111.380443754251,184.515688144192,261.603317002986,254.048966819677,217.635393599129,200.13543193954,163.443329904922,"LSM6"
"ENSG00000175220",716.794338230605,-0.408913547649426,0.243824146456654,-1.6770838884988,0.0935260788781653,0.596251106117634,707.907517847643,1028.84129943332,874.880816547592,755.213740577603,545.285167948509,543.478477758972,481.907318503304,571.412751476127,659.82150217567,999.194790037305,"ARHGAP1"
"ENSG00000149054",21.7981346527004,-0.719324532759758,0.429030614238092,-1.67662751535154,0.0936153427576333,0.59639663656191,20.308822233334,19.4856306710857,32.1890111748642,41.6544748999637,13.7698274734472,16.4105401809991,17.4604100906994,20.1336707734877,28.1440451164978,8.42491391262483,"ZNF215"
"ENSG00000075340",21.7834727824147,-1.38537108970027,0.826342281635288,-1.67650998924888,0.0936383412282102,0.59639663656191,36.7492973746044,2.59808408947809,94.9163150028048,3.62212825217076,17.9007757154814,15.4452142879992,4.36510252267486,6.71122359116257,27.101673075146,8.42491391262483,"ADD2"
"ENSG00000237125",102.539224195814,0.766698580905186,0.457473263369054,1.67594183594216,0.0937495860423134,0.596719359185892,107.346631804766,58.4568920132571,64.3780223497285,57.9540520347321,253.364825511428,54.0582500079972,75.0797633900075,126.55450200478,52.1186020675885,176.080700773859,"HAND2-AS1"
"ENSG00000002330",496.499200764082,0.70529283535526,0.420916881096376,1.67561071325569,0.0938144689714037,0.596719359185892,389.73596952541,497.533103135055,456.423671274357,97.7974628086104,597.610512347608,450.807192030977,861.671237976017,783.295667711402,260.593010337942,569.524180493439,"BAD"
"ENSG00000146007",787.182196093498,0.396450536800009,0.236606937565568,1.6755659866911,0.0938232358261089,0.596719359185892,782.373199369868,656.016232593218,841.04108685094,366.740485532289,974.903785120062,789.636580473959,938.497042375094,803.42933848489,850.575585743044,868.60862439162,"ZMAT2"
"ENSG00000137331",541.646331415627,-0.655122886356393,0.391190750968745,-1.674689099203,0.0939952473123395,0.597528414396888,538.667332569859,449.46854747971,444.868641621842,1341.09298536622,256.118791006118,779.98332154396,447.85951882644,430.477056061713,448.219977781261,279.707141899144,"IER3"
"ENSG00000184076",668.548612791867,0.393723719840041,0.235176213777152,1.67416471894188,0.0940982312510694,0.597655098220562,638.277270190498,570.279457640441,636.351990149239,405.678364243125,789.011114228524,658.352259025966,1021.43399030592,813.975546985288,529.524997006699,622.601138142975,"UQCR10"
"ENSG00000189337",302.461664590293,0.375059704307481,0.224053587556989,1.67397321505545,0.0941358635727407,0.597655098220562,242.738780026992,305.274880513676,219.545563397792,259.887702093252,407.586893214037,389.02633487898,305.55717658724,343.2311493766,210.559152353057,341.209013461306,"KAZN"
"ENSG00000100150",46.2900039508384,-0.539505625080882,0.322303943097482,-1.67390327247007,0.0941496109590913,0.597655098220562,39.6505576936521,64.9521022369523,48.6961963927434,74.2536291695005,45.4404306623758,36.6823839339981,28.809676649654,26.8448943646503,56.2880902329956,41.2820781718617,"DEPDC5"
"ENSG00000141002",696.858106115992,-0.280421722216499,0.167573333975696,-1.67342688459711,0.0942432889851916,0.597965149950286,635.37600987145,783.322352977645,763.457316326908,934.509089060055,765.602407523664,592.710098301969,653.019337392158,598.257645840777,626.465596852414,615.861207012875,"TCF25"
"ENSG00000231607",39.830667171086,-0.682248564001006,0.407858059886474,-1.67275979342154,0.0943745929203742,0.598513526285797,42.5518180126998,50.6626397448228,40.4426037838038,72.4425650434151,20.6547412101708,63.7115089379967,34.0477996768639,19.1749245461788,34.3982773646084,20.2197933902996,"DLEU2"
"ENSG00000179632",1655.72871797846,0.418031401657333,0.250018535527912,1.672001640897,0.0945239985037415,0.598923879625662,1176.94460276036,1869.32150237949,1551.67541048064,914.587383673116,1978.72420793436,1744.34388865091,2343.18703417186,2126.49913217122,1393.65141928732,1458.35259827536,"MAF1"
"ENSG00000130005",276.060533661549,0.681417713541902,0.407552400180839,1.67197570972357,0.0945291119901042,0.598923879625662,254.343821303183,275.396913484678,188.181911483822,93.269802493397,399.324996729969,164.105401809991,418.176821672251,488.960575927558,133.423621293027,345.421470417618,"GAMT"
"ENSG00000001617",52.7812939721606,0.845189349338498,0.505768286699633,1.67109993165792,0.0947019408871761,0.599733991268883,80.2682021603202,18.1865886263466,23.1100593050307,20.8272374499818,88.1268958300621,49.2316205429974,63.7304968310529,41.2260877742843,113.618552507343,29.4871986941869,"SEMA3F"
"ENSG00000188501",7.30154227841001,-1.32180564614868,0.791381755777406,-1.67025033935766,0.0948698440807645,0.599967555619766,18.3746486873022,1.29904204473905,6.60287408715164,19.0161733238965,5.50793098937888,9.6532589299995,1.74604100906994,2.87623868192681,6.25423224811062,1.68498278252497,"LCTL"
"ENSG00000122687",324.177005007236,0.285043701081418,0.170670566072879,1.67013977653124,0.0948917119151324,0.599967555619766,290.126031904772,311.770090737371,327.6676265749,217.327695130245,341.491721341491,346.551995586982,362.303509382013,364.323566377396,357.533610183657,322.674202853531,"MRM2"
"ENSG00000104324",248.961409859347,0.599389045686097,0.359002045694266,1.66959785570846,0.0949989549534647,0.599967555619766,160.53640432064,138.997498787078,122.153170612305,338.668991577966,300.182238921149,250.019406286987,304.684156082705,474.579382517924,160.525294368173,239.267555118545,"CPQ"
"ENSG00000086015",643.661241066979,-0.469565494746597,0.281248224011747,-1.66957674629435,0.0950031343500435,0.599967555619766,544.469853207955,688.492283711694,532.356723276601,1323.88787616841,586.594650368851,694.069317066964,499.367728594003,556.072811839184,542.03346150292,469.267704933203,"MAST2"
"ENSG00000119314",843.721744061526,-0.435931865491238,0.261107643148357,-1.66954846757798,0.0950087334084836,0.599967555619766,857.805967665108,1106.78382211767,945.861712984473,1090.2606039034,725.669907850667,1093.71423676894,479.288256989699,579.082721294599,967.321254374442,591.428956666263,"PTBP3"
"ENSG00000077254",277.453104005683,-0.269470222174102,0.161429641804908,-1.66927349377237,0.0950631907669837,0.600027342763493,326.875329279376,283.191165753112,297.954693182718,326.897074758411,285.035428700357,239.400821463988,221.747208151883,235.851571917999,280.398079123626,277.179667725357,"USP33"
"ENSG00000242516",23.3892840730896,0.930241691298639,0.557484636988118,1.66864094466242,0.0951885592718288,0.60053444418561,38.6834709206362,5.19616817895618,7.4282333480456,9.05532063042689,33.0475859362733,28.9597767899985,42.7780047222136,28.7623868192681,23.9745569510907,16.0073364339872,"LINC00960"
"ENSG00000245812",102.664297436002,0.816602731598412,0.489508355870096,1.66820999438694,0.0952740475783553,0.600789585131217,76.3998550682565,79.2415647290818,88.3134409156532,38.0323466477929,161.106981439332,51.1622723289973,177.223162420599,185.038021870625,26.0593010337942,144.066027905885,"LINC02202"
"ENSG00000234883",19.1899289497113,-0.988141243836348,0.592529807912046,-1.66766503666433,0.095382239760496,0.601187585862824,23.2100825523817,11.6913784026514,22.2847000441368,51.6153275934333,16.5237929681366,31.8557544689983,10.4762460544197,4.79373113654469,13.550836537573,5.89743973883738,"MIR155HG"
"ENSG00000070366",468.684567559088,-0.294797799630307,0.176832044737615,-1.66710620842354,0.0954932878590507,0.601603202728464,512.55598969843,539.102448566704,467.978700926873,587.690308914705,543.908185201164,386.13035719998,440.002334285625,353.777357876998,455.516582070723,400.183410849679,"SMG6"
"ENSG00000198205",41.4616847698668,-0.491040221288754,0.29469111181475,-1.66628785735972,0.0956560940718734,0.602344346853907,53.1897725158748,68.8492283711694,35.4904482184401,44.3710710890918,26.1626721995497,41.5090133989979,33.1747791723289,36.4323566377396,37.5253934886637,37.9121126068117,"ZXDA"
"ENSG00000132541",259.149110791039,0.428922029394038,0.257566904536571,1.66528393919933,0.0958561212355709,0.60309178341173,292.060205450803,164.978339681859,255.036011616232,145.790662149873,268.51163573222,234.574191998988,391.986206536202,297.211330465771,261.635382379294,279.707141899144,"RIDA"
"ENSG00000179750",15.9248514148141,-1.09257971150264,0.656541856350652,-1.66414326967009,0.0960838018257152,0.60309178341173,23.2100825523817,42.8683874763885,21.4593407832428,6.33872444129882,5.50793098937888,16.4105401809991,4.36510252267486,2.87623868192681,21.8898128683872,14.3223536514622,"APOBEC3B"
"ENSG00000142279",590.419826813305,0.373283375948976,0.224314557454166,1.66410678016405,0.0960910923634866,0.60309178341173,418.748572715887,609.250718982613,490.263400971009,488.081781980009,811.04283818604,503.900116145974,747.305551881935,736.317102573264,649.397781762152,449.890402934166,"WTIP"
"ENSG00000157796",71.5833244067138,-0.574546166304446,0.345310334944519,-1.66385453362338,0.0961415028784744,0.60309178341173,59.9593799269861,68.8492283711694,69.3301779150922,158.468111032471,49.5713789044099,49.2316205429974,64.6035173355879,44.1023264562111,75.0507869773274,76.666716604886,"WDR19"
"ENSG00000183597",225.579230402545,0.345110298630475,0.207418993938352,1.66383170643015,0.0961460658506039,0.60309178341173,183.746486873022,235.126610097767,225.32307822405,133.113213267275,250.610860016739,211.406370566989,258.414069342351,238.727810599926,252.254034007128,267.069771030207,"TANGO2"
"ENSG00000109667",13.1939277854397,0.906950468809619,0.545104895183659,1.66380907018647,0.0961505908245958,0.60309178341173,12.5721280492068,5.19616817895618,9.90431113072746,6.33872444129882,31.6706031889286,17.3758660739991,8.73020504534971,19.1749245461788,8.33897633081416,12.6373708689372,"SLC2A9"
"ENSG00000101003",62.9076960191978,-1.0368700913952,0.623467242062818,-1.66307068189275,0.0962982877549575,0.60309178341173,70.5973344301611,176.66971808451,96.5670335245927,19.9217053869392,20.6547412101708,93.6366116209951,16.5873895861645,22.0511632281056,89.6439955562522,22.747267564087,"GINS1"
"ENSG00000188566",57.2149467932753,-0.518842849555073,0.311979903260189,-1.66306497352287,0.096299430284665,0.60309178341173,39.6505576936521,76.6434806396037,65.2033816106225,97.7974628086104,52.3253443990994,64.6768348309966,41.9049842176786,50.8135500473737,46.9067418608296,36.2271298242868,"NDOR1"
"ENSG00000107443",89.9503168207435,-0.564252125400435,0.339291767764955,-1.66302922442646,0.0963065857096934,0.60309178341173,94.7745037555587,76.6434806396037,103.169907611744,171.145559915068,74.3570683566149,85.9140044769955,45.3970662358185,53.6897887293005,121.957528838157,72.4542596485736,"CCNJ"
"ENSG00000149260",243.079988048894,-0.457558879729416,0.275151292145801,-1.66293560230478,0.0963253268306763,0.60309178341173,342.348717647631,310.471048692632,354.079122923507,154.8459827803,225.825170564534,186.30789734899,159.7627523299,182.161783188698,242.872685634962,272.124719377782,"CAPN5"
"ENSG00000137210",653.741004710636,0.430034281544942,0.258619976804199,1.66280380525485,0.0963517146908287,0.60309178341173,662.454439515895,368.927940705889,617.368727148678,514.342211808247,722.915942355978,732.682352786962,972.544842051958,905.056438579638,530.567369048051,510.549783105065,"TMEM14B"
"ENSG00000002016",60.3373084802009,-0.598446732852176,0.359914005349877,-1.66274922330521,0.0963626445565268,0.60309178341173,54.1568592888907,53.2607238343009,58.6005075234708,136.735341519446,41.3094824203416,43.4396651849978,46.2700867403535,69.9884745935525,62.5423224811062,37.0696212155493,"RAD52"
"ENSG00000099326",93.4801766051188,-0.631817173048587,0.380272986159039,-1.66148318719739,0.0966164428290184,0.604396575051884,89.9390698904792,96.1291113106894,73.456974219562,215.51663100416,74.3570683566149,64.6768348309966,108.254542562336,105.462085003983,39.6101375713672,67.3993113009986,"MZF1"
"ENSG00000181924",542.132249720276,0.353298123943161,0.212720764752102,1.66085395732233,0.096742781329277,0.604734681954441,544.469853207955,388.413571376975,500.167712101737,425.600069630064,521.876461243649,571.47292865597,795.321679631359,678.792328934728,550.372437833734,444.835454586591,"COA4"
"ENSG00000119596",231.194742397131,-0.444886750350393,0.267922845916229,-1.66050322744592,0.0968132591673682,0.604734681954441,226.298304885722,316.966258916327,205.514455962595,351.346440460563,238.218015290637,166.036053595991,185.953367465949,131.348233141324,210.559152353057,279.707141899144,"YLPM1"
"ENSG00000188372",20.1674669081798,1.16203629440683,0.699931866151796,1.66021344448235,0.0968715209292573,0.604734681954441,12.5721280492068,0,10.7296703916214,22.6383015760672,17.9007757154814,20.2718437529989,57.6193532993081,25.8861481373413,6.25423224811062,27.8022159116619,"ZP3"
"ENSG00000166595",550.149981002237,0.505270810065516,0.304429526730095,1.65972997262347,0.0969687868557948,0.604734681954441,503.852208741287,483.243640642925,551.339986277162,220.044291319373,581.086719379472,524.171959898973,900.084140175555,782.336921484093,535.77922925481,419.560712848717,"FAM96B"
"ENSG00000131127",24.9711459583528,-0.663206119486647,0.39959463482457,-1.65969725739138,0.0969753713978436,0.604734681954441,15.4733883682545,35.0741352079542,32.1890111748642,45.2766031521344,23.4087067048602,17.3758660739991,11.3492665589546,24.9274019100324,21.8898128683872,22.747267564087,"ZNF141"
"ENSG00000008394",1372.39151305188,0.554486296121565,0.334166086074081,1.65931349478307,0.0970526373786268,0.604734681954441,1344.25061449211,657.315274637957,1294.98868034262,987.935480779574,959.75697489927,1006.83490639895,2185.17032285103,2506.16263818556,1122.63468853586,1658.86554939583,"MGST1"
"ENSG00000162551",26.7185192512627,1.40636591387858,0.847590923826997,1.659250794627,0.0970652659771563,0.604734681954441,34.8151238285726,3.89712613421714,4.95215556536373,9.96085269346958,2.75396549468944,7.7226071439996,49.7621687584934,43.1435802289022,100.06771596977,10.1098966951498,"ALPL"
"ENSG00000181458",642.191554827642,0.579885582993725,0.349500314684114,1.65918472353262,0.097078574946724,0.604734681954441,343.315804420646,315.667216871588,475.406934274918,845.766946881871,727.046890598012,772.26071439996,1083.4184461279,912.726408398109,370.042074679878,576.264111623538,"TMEM45A"
"ENSG00000163584",407.792729697225,-0.590458808351895,0.355966109435744,-1.65875006833615,0.0971661656894518,0.604997736601409,551.239460619066,333.853805497935,504.294508406207,651.983085390736,508.106633770202,259.672665216987,382.382980986317,234.89282569069,506.59281209696,144.908519297147,"RPL22L1"
"ENSG00000105701",4414.66111593645,0.458960869084037,0.27674523905101,1.65842372088447,0.0972319720190467,0.605124970050409,4047.25814507156,4306.32437830994,4008.76993016194,2056.46331516995,5845.29176247833,3907.6392148638,6750.1945410644,5746.72488648977,3475.2683858668,4002.67659988806,"FKBP8"
"ENSG00000102802",1426.34788103038,0.862534769148412,0.52064199039594,1.65667538358262,0.0975851224488488,0.606863252411023,733.051773946056,1057.42022441758,1715.92190339853,320.558350317112,705.015166640497,414.124808096979,2951.68232583274,1923.24493198173,1757.43926171908,2685.02006395353,"MEDAG"
"ENSG00000070081",212.299888250758,0.521916562922105,0.315098367197151,1.6563607344736,0.0976487878137708,0.606863252411023,194.384441376197,98.7271954001675,155.167541048064,224.571951634587,125.305430008369,223.955607175988,298.57301255096,338.437418240055,257.465894213887,206.410390859308,"NUCB2"
"ENSG00000002586",3538.17255520644,0.584133764891224,0.352667324812037,1.65633083587359,0.0976548391531003,0.606863252411023,3033.7512069509,1408.16157649713,2450.49164559415,3997.92405833347,3443.83385110914,3081.32025045584,4711.69166297524,7558.75525610367,2827.95534818735,2867.84069585749,"CD99"
"ENSG00000131171",1210.13484658456,0.427287352709245,0.258044171754556,1.65586903127449,0.0977483443506758,0.606863252411023,1144.06365247782,1060.01830850706,1276.83077660295,529.736256879973,1678.54196901321,1052.20522336995,1211.75246029454,1301.97737668554,1341.53281721973,1504.68962479479,"SH3BGRL"
"ENSG00000255399",331.118364883062,0.38891538923627,0.234874622180979,1.65584253260276,0.0977537119141177,0.606863252411023,370.394234065092,270.200745305722,255.036011616232,220.949823382416,472.305082339239,373.581120590981,316.03342264166,251.191511554942,380.465795093396,401.025902240942,"TBX5-AS1"
"ENSG00000078687",42.9833398349752,-0.64336477631213,0.388600450199394,-1.65559452126732,0.0978039604386594,0.606863252411023,29.0126031904772,105.222405623863,49.5215556536373,36.2212825217076,44.063447915031,28.9597767899985,30.555717658724,31.638625501195,33.3559053232566,41.2820781718617,"TNRC6C"
"ENSG00000158555",155.728953857721,0.589135711915751,0.355872812046445,1.65546704320549,0.0978297962573068,0.606863252411023,89.9390698904792,153.286961279207,86.6627223938653,148.507258339001,268.51163573222,111.012477694994,177.223162420599,266.531451191885,89.6439955562522,165.970804078709,"GDPD5"
"ENSG00000204842",289.074443949008,-0.473253665655876,0.286084152237627,-1.65424635357915,0.0980774680999287,0.608116779195141,210.824916517467,309.172006647893,280.622148703945,588.595840977748,238.218015290637,237.470169677988,218.255126133743,225.3053634176,294.991287702551,287.289564420507,"ATXN2"
"ENSG00000151422",258.757002048277,-0.455475501658428,0.275457666051463,-1.65352269256987,0.0982245316403121,0.60874562197344,276.586817082549,406.600160003321,290.526459834672,262.60429828238,234.087067048602,226.851584854988,118.730788616756,195.584230371023,271.01673075146,304.981883637019,"FER"
"ENSG00000111775",353.945490092645,0.399028649841003,0.241449964994583,1.65263494591915,0.0984051814333562,0.609099164990319,314.303201230169,301.377754379459,355.729841445295,217.327695130245,352.507583320248,368.754491125981,515.955118180168,498.548038200648,333.559053232566,281.392124681669,"COX6A1"
"ENSG00000030582",383.488988179576,0.578174478113211,0.349871322064962,1.6525346367367,0.0984256102736517,0.609099164990319,252.409647757151,254.612240768853,274.019274616793,402.961768053997,334.606807604767,285.736464327985,792.702618117754,569.495259021509,220.982872766575,447.362928760379,"GRN"
"ENSG00000168137",992.736767740886,-0.423859050543814,0.256555254377358,-1.65211603859952,0.0985108979959947,0.609099164990319,998.033549752415,1153.54933572827,861.675068373289,1672.51772043985,1226.89162788415,891.961125131954,994.370354665332,713.30719311785,767.185822434902,647.87587988085,"SETD5"
"ENSG00000112759",40.0488761700758,0.507287814530657,0.307085816085164,1.651941535424,0.0985464697548454,0.609099164990319,45.4530783317476,33.7750931632152,22.2847000441368,27.1659618912807,33.0475859362733,42.4743392919978,47.1431072448884,52.7310425019916,45.8643698194779,50.549483475749,"SLC29A1"
"ENSG00000163006",16.1682119423371,-0.751008368788747,0.454750393767285,-1.65147381746539,0.0986418627357757,0.609099164990319,14.5063015952386,25.9808408947809,19.8086222614549,25.3548977651953,8.26189648406832,19.306517859999,9.60322554988468,9.58746227308938,20.8474408270354,8.42491391262483,"CCDC138"
"ENSG00000143862",319.60915704511,0.385739365992496,0.233615798830476,1.6511698606155,0.0987038954873102,0.609099164990319,276.586817082549,345.545183900586,281.447507964839,177.484284356367,330.475859362733,375.511772376981,386.748083508992,441.98201078942,302.287891992013,278.022159116619,"ARL8A"
"ENSG00000186162",145.973617911585,0.480589599749405,0.291087363709826,1.65101498610049,0.0987355148843401,0.609099164990319,92.8403302095269,133.801330608122,156.818259569851,88.7421421781835,147.337153965885,135.145625019993,237.461577233512,209.006677553348,149.059201913303,109.523880864123,"CIDECP"
"ENSG00000197324",1438.83409685105,0.383184919378886,0.232115091102309,1.65084018259713,0.0987712127253219,0.609099164990319,987.395595249239,1325.02288563383,1115.06036146773,1439.79598023788,1704.70464121276,1345.66429484193,1924.13719199508,2107.32420762505,1081.98217892314,1357.25363132386,"LRP10"
"ENSG00000092020",290.389766113584,0.305086365045899,0.18481081403603,1.65080364283456,0.0987786760666024,0.609099164990319,292.060205450803,220.837147605638,283.098226486627,220.949823382416,320.83698013132,328.210803619983,380.636939977247,267.490197419194,303.330264033365,286.447073029244,"PPP2R3C"
"ENSG00000128266",25.4454687618415,0.907711841103258,0.549861316117165,1.6508014193707,0.0987791302293943,0.609099164990319,25.1442560984135,20.7846727158247,13.2057481743033,8.1497885673842,15.1468102207919,37.647709826998,20.0794716043043,15.339939636943,23.9745569510907,74.981733822361,"GNAZ"
"ENSG00000134684",1582.75342199798,-0.446429338111077,0.270460694540792,-1.65062557008166,0.0988150543317374,0.609099164990319,1922.56850475562,1864.12533420053,1771.22097387843,1975.87096155915,1229.64559337883,1923.8945047489,1147.14894295895,1071.87828213139,2079.53222249678,841.648899871221,"YARS"
"ENSG00000197779",26.9845084633714,-0.605327430787542,0.366741905782921,-1.65055430329209,0.0988296163334371,0.609099164990319,21.2759090063499,49.3635977000837,34.6650889575461,30.7880901434514,24.785689452205,31.8557544689983,17.4604100906994,16.2986858642519,23.9745569510907,19.3773019990371,"ZNF81"
"ENSG00000157045",1061.69589031551,0.306212957207993,0.18557472473396,1.65007900535474,0.0989267781672123,0.609339980267254,726.282166534945,1108.08286416241,1094.42637994538,791.43502309931,1086.43938765498,1091.78358498294,1209.13339878094,1337.45098709597,1023.60934460744,1148.31576629076,"NTAN1"
"ENSG00000179304",25.2668720018151,-1.16091598181996,0.703670983964181,-1.64979942085981,0.0989839672776826,0.609339980267254,21.2759090063499,3.89712613421714,10.7296703916214,115.002572006422,19.2777584628261,21.2371696459989,20.0794716043043,14.3811934096341,16.6779526616283,10.1098966951498,"FAM156B"
"ENSG00000165807",7.53215166071492,1.23340908119917,0.747936688101221,1.64908220284047,0.0991307951632496,0.609339980267254,1.93417354603181,1.29904204473905,5.77751482625769,7.24425650434151,11.0158619787578,16.4105401809991,9.60322554988468,15.339939636943,4.16948816540708,2.52747417378745,"PPP1R36"
"ENSG00000151240",341.406392647547,-0.325071772791001,0.197125418373055,-1.64906066134917,0.0991352077948953,0.609339980267254,372.328407611124,465.057052016578,342.524093270991,373.984742036631,338.737755846801,335.933410763983,223.493249160953,287.623868192681,371.08444672123,303.296900854494,"DIP2C"
"ENSG00000116288",2477.50724713274,0.344550450808342,0.208945001513238,1.64900068588868,0.0991474941960429,0.609339980267254,2517.3268701604,2091.45769202986,2502.48927903047,1418.06321072485,2686.49334006955,2507.91667001387,3180.4136980209,2970.19581220309,2723.71814405217,2176.99775502226,"PARK7"
"ENSG00000090565",764.237120274603,0.434003486283342,0.263253465533618,1.64861452214356,0.0992266316995488,0.609339980267254,675.026567565102,848.274455214597,574.450045582193,428.316665819192,1122.24093908595,771.29538850696,1038.02137989208,805.346830939508,528.482624965347,850.916305175108,"RAB11FIP3"
"ENSG00000170921",499.622053230686,-0.488910115439816,0.296564811134608,-1.64857763660269,0.0992341933823555,0.609339980267254,491.28008069208,626.13826556422,467.978700926873,828.56183768406,601.741460589643,517.414678647973,272.382397414911,278.036405919592,546.202949668327,366.48375519918,"TANC2"
"ENSG00000112624",259.958661606882,-0.4092873668906,0.248332865392703,-1.64814015351279,0.0993239142330257,0.609571514681436,253.376734530167,414.394412271756,280.622148703945,272.565150975849,302.936204415838,261.603317002986,161.50879333897,202.295453962186,186.584595401967,263.699805465157,"BICRAL"
"ENSG00000183779",442.674586241322,-0.553895233085243,0.336114526039183,-1.64793601637042,0.0993658016688145,0.609571514681436,508.687642606366,962.590155151633,502.643789884419,216.422163067203,450.273358381723,354.274602730982,342.224037777709,299.128822920389,405.482724085838,385.018565806955,"ZNF703"
"ENSG00000101190",282.787391200662,0.361550235508144,0.219427751770392,1.64769603020163,0.0994150630839331,0.609571514681436,229.19956520477,248.117030545158,241.830263441929,247.210253210654,313.952066394596,250.984732179987,333.493832732359,425.683324925168,214.728640518465,322.674202853531,"TCFL5"
"ENSG00000167604",22.4458319014872,-0.658789127116553,0.399871301061523,-1.64750289747649,0.0994547211476947,0.609571514681436,16.4404751412704,27.27988293952,21.4593407832428,49.8042634673479,19.2777584628261,16.4105401809991,16.5873895861645,18.2161783188698,18.7626967443319,20.2197933902996,"NFKBID"
"ENSG00000174485",174.881192739607,-0.533660216809079,0.324075848928976,-1.64671393617497,0.0996168583485292,0.60973500507716,218.561610701595,270.200745305722,207.165174484383,162.995771347684,162.483964186677,188.23854913499,72.4607018764026,88.2046529124223,203.262548063595,175.238209382596,"DENND4A"
"ENSG00000144063",22.2000214714708,-1.76035306833853,1.06910651,-1.64656472659448,0.0996475456827457,0.60973500507716,10.637954503175,116.913784026514,25.5861370877126,0.905532063042689,5.50793098937888,21.2371696459989,0.873020504534971,0,30.2287891992013,10.1098966951498,"MALL"
"ENSG00000196757",48.8350402509898,-1.0402205786008,0.631978724030145,-1.64597404793517,0.0997691022064596,0.60973500507716,37.7163841476203,18.1865886263466,28.0622148703945,198.311521806349,13.7698274734472,28.9597767899985,28.809676649654,51.7722962746827,62.5423224811062,20.2197933902996,"ZNF700"
"ENSG00000197969",114.045302362286,-0.658508876805676,0.40011929049179,-1.64578137683964,0.0998087778106539,0.60973500507716,100.577024393654,111.717615847558,87.4880816547592,285.242599858447,46.8174134097205,98.4632410859949,65.4765378401228,139.976949187105,105.279576176529,99.413984168973,"VPS13A"
"ENSG00000168453",61.817798671291,-0.868650517400719,0.527850532760381,-1.64563728458913,0.0998384580882498,0.60973500507716,104.445371485718,153.286961279207,70.9808964368801,10.8663847565123,67.4721546198913,37.647709826998,67.2225788491928,35.4736104104307,39.6101375713672,31.1721814767119,"HR"
"ENSG00000198089",60.8896306868854,-0.491056281867049,0.298408114849028,-1.64558622045344,0.0998489780232926,0.60973500507716,47.3872518777794,79.2415647290818,58.6005075234708,109.569379628165,45.4404306623758,59.8502053659969,42.7780047222136,62.318504775081,53.1609741089403,50.549483475749,"SFI1"
"ENSG00000131174",564.917633157826,0.369436783618438,0.224506745726192,1.64554870021145,0.099856708287859,0.60973500507716,532.864811931764,491.037892911359,589.306512278284,309.6919655606,633.412063778571,526.102611684973,790.956577108684,634.690002478517,617.084248480248,524.029645365265,"COX7B"
"ENSG00000233527",50.9038854532579,0.61892834830378,0.376131616464407,1.64551003215745,0.0998646755346063,0.60973500507716,27.0784296444454,33.7750931632152,56.9497890016829,36.2212825217076,38.5555169256522,37.647709826998,92.5401734807069,86.2871604578044,46.9067418608296,53.0769576495364,"ZNF529-AS1"
"ENSG00000131669",235.715228985948,0.435635397269892,0.264763867789455,1.64537329397347,0.0998928534223285,0.60973500507716,206.956569425404,192.258222621379,203.038378179913,176.578752293324,218.94025682781,207.545066994989,375.398816950038,335.561179558128,159.482922326821,281.392124681669,"NINJ1"
"ENSG00000122033",288.504096190507,0.392754222482443,0.238802799297148,1.64468014461476,0.100035789529684,0.609934121995329,274.652643536517,153.286961279207,283.098226486627,258.982170030209,353.884566067593,275.117879504986,398.097350067947,359.529835240852,251.211661965776,277.179667725357,"MTIF3"
"ENSG00000137714",270.818734974341,0.394374407275985,0.239820721981083,1.64445509136234,0.100082233394613,0.609934121995329,249.508387438104,233.827568053028,267.416400529641,161.184707221599,256.118791006118,254.846035751987,417.303801167716,343.2311493766,236.618453386852,288.132055811769,"FDX1"
"ENSG00000101132",409.542324262843,0.398447928467735,0.242506484620454,1.64304030505141,0.100374594389712,0.609934121995329,386.834709206362,226.033315784594,414.330348968765,346.81878014535,483.320944317997,349.447973265982,530.796466757262,557.031558066493,468.025046566945,332.784099548681,"PFDN4"
"ENSG00000110711",361.281559100942,0.435757231648111,0.265229483115935,1.6429441649126,0.100394486114633,0.609934121995329,299.796899634931,361.133688437455,301.256130226294,230.910676075886,527.384392233028,265.464620574986,530.796466757262,454.445711744437,279.355707082274,362.271298242868,"AIP"
"ENSG00000176208",23.8293467219113,-0.960645204547522,0.584833378620568,-1.64259640380542,0.100466465324304,0.609934121995329,20.308822233334,44.1674295211276,20.6339815223489,49.8042634673479,2.75396549468944,26.0637991109986,9.60322554988468,21.0924170007966,35.4406494059602,8.42491391262483,"ATAD5"
"ENSG00000104763",289.302549111154,0.424549552606932,0.2584759284934,1.64251098770218,0.100484150945927,0.609934121995329,181.81231332699,207.846727158247,274.844633877687,295.203452551917,291.920342437081,242.296799142987,295.08093053282,485.125591018323,257.465894213887,361.428806851605,"ASAH1"
"ENSG00000181754",33.1772032852567,0.740511557525636,0.450903635474512,1.64228340440492,0.100531284761182,0.609934121995329,34.8151238285726,14.2894624921295,16.5071852178791,28.977026017366,34.424568683618,27.0291250039986,34.0477996768639,47.9373113654469,18.7626967443319,74.981733822361,"AMIGO1"
"ENSG00000146918",171.181161414236,-0.776267102561044,0.472698750555828,-1.64220256907441,0.100548030465435,0.609934121995329,186.64774719207,365.030814571672,278.146070921263,83.3089497999274,78.488016598649,210.441044673989,91.667152976172,46.978565138138,226.194732973334,144.908519297147,"NCAPG2"
"ENSG00000177058",34.5710244414928,-0.671477540109331,0.408982756229933,-1.64182359740327,0.100626567212497,0.609934121995329,29.0126031904772,31.1770090737371,28.0622148703945,89.6476742412262,26.1626721995497,21.2371696459989,33.1747791723289,28.7623868192681,28.1440451164978,30.3296900854494,"SLC38A9"
"ENSG00000134769",41.8716501623967,-0.994470654226778,0.605758784316847,-1.64169415281085,0.100653404050024,0.609934121995329,161.503491093656,14.2894624921295,43.7440408273796,19.0161733238965,41.3094824203416,23.1678214319988,41.9049842176786,13.4224471823251,29.1864171578495,31.1721814767119,"DTNA"
"ENSG00000130988",22.2570349394533,0.918140439783425,0.559438826441722,1.64118112005776,0.100759823631681,0.609934121995329,13.5392148222227,20.7846727158247,6.60287408715164,17.2051091978111,55.0793098937888,5.7919553579997,34.9208201813988,23.0099094554145,27.101673075146,18.5348106077746,"RGN"
"ENSG00000235453",30.6587976897298,0.578174784737436,0.352296233130852,1.64116084807154,0.100764030537813,0.609934121995329,29.9796899634931,12.9904204473905,23.9354185659247,27.1659618912807,35.8015514309627,28.9597767899985,43.6510252267486,44.1023264562111,22.9321849097389,37.0696212155493,"SMIM27"
"ENSG00000172661",109.895560186692,-0.453688142383023,0.276509434721461,-1.64076912182053,0.100845350284507,0.609934121995329,116.050412761909,162.380255592381,94.9163150028048,151.223854528129,123.928447261025,104.255196443995,68.9686198582627,67.1122359116257,89.6439955562522,120.476268950535,"WASHC2C"
"ENSG00000165813",92.3553943706932,-0.556637286045451,0.339262841798664,-1.64072576617686,0.100854353839003,0.609934121995329,141.194668860322,109.11953175808,80.8852075676076,125.868956762934,82.6189648406832,90.7406339419953,45.3970662358185,39.3085953196665,111.533808424639,96.8865099951856,"CCDC186"
"ENSG00000101452",53.0631968450071,-0.662719348930676,0.403994158111983,-1.64041814868763,0.100918254363749,0.609934121995329,50.2885121968271,45.4664715658666,42.9186815664857,134.018745330318,28.9166376942391,53.0929241149972,50.6351892630283,30.679879273886,36.4830214473119,58.1319059971113,"DHX35"
"ENSG00000248587",15.9179454910628,-1.37136378757021,0.836017604162291,-1.64035276379659,0.100931840741204,0.609934121995329,17.4075619142863,3.89712613421714,3.30143704357582,76.0646932955859,9.63887923141304,22.2024955389988,6.98416403627977,2.87623868192681,4.16948816540708,12.6373708689372,"GDNF-AS1"
"ENSG00000150459",1197.53095886415,0.388589677150156,0.236896007369238,1.64033865097811,0.100934773445966,0.609934121995329,1274.62036683496,1010.65471080698,1215.7541912968,539.697109573443,1305.37964448279,1409.37580377993,1354.05480253374,1298.1423917763,1294.6260753589,1273.00449219761,"SAP18"
"ENSG00000137941",46.5335647492621,-0.763753943169247,0.465615275116007,-1.64031118390383,0.100940481417531,0.609934121995329,52.2226857428589,92.2319851764723,66.0287408715164,37.1268145847502,20.6547412101708,81.0873750119958,14.8413485770945,41.2260877742843,31.2711612405531,28.6447073029244,"TTLL7"
"ENSG00000101194",85.2237801617388,-1.19783412715815,0.730431888432877,-1.63989845751131,0.101026281642927,0.609934121995329,70.5973344301611,7.79425226843427,53.6483519581071,383.040062667057,35.8015514309627,95.567263406995,42.7780047222136,80.5346830939508,69.8389267705686,12.6373708689372,"SLC17A9"
"ENSG00000143537",401.894739592873,0.471641918900848,0.287678432984197,1.63947611229778,0.101114141629431,0.609934121995329,332.677849917471,374.124108884845,338.397296966522,259.887702093252,526.007409485683,400.610245594979,586.669779047501,638.524987387753,255.381150131184,306.666866419544,"ADAM15"
"ENSG00000100354",185.510669329107,-0.550513287291062,0.335809502619844,-1.63936184948964,0.101137922047708,0.609934121995329,128.622540811115,387.114529332236,126.279966916775,275.281747164977,167.991895176056,151.556165200992,115.238706598616,163.945604869828,186.584595401967,152.490941818509,"TNRC6B"
"ENSG00000096717",189.457133073163,-0.472026556366216,0.287963309236106,-1.63918992880858,0.101173710638257,0.609934121995329,248.541300665088,237.724694187245,254.210652355338,170.240027852026,121.174481766335,195.96115627899,105.635481048732,117.925785958999,224.10998889063,219.047761728246,"SIRT1"
"ENSG00000114346",135.363044155242,-0.721767339380803,0.440334185078849,-1.63913537453732,0.101185069265418,0.609934121995329,138.293408541274,270.200745305722,221.19628191958,79.6868215477566,66.0951718725465,153.486816986992,55.0002917857032,58.4835198658452,194.923571732781,116.263811994223,"ECT2"
"ENSG00000100441",552.936918935571,-0.430226428453536,0.262561000475772,-1.63857704561587,0.101301376130199,0.609934121995329,598.626712496845,687.193241666955,521.62705288498,807.734600234079,722.915942355978,549.270433116972,318.652484155264,392.127206969356,546.202949668327,385.018565806955,"KHNYN"
"ENSG00000214357",41.3253972286924,-1.27040723360744,0.775333047484495,-1.63853099997372,0.101310972761491,0.609934121995329,42.5518180126998,146.791751055512,58.6005075234708,7.24425650434151,19.2777584628261,68.5381384029965,8.73020504534971,1.91749245461788,20.8474408270354,38.7546039980742,"NEURL1B"
"ENSG00000107611",15.7266380084767,-0.809475528464142,0.49405171887537,-1.63844289481835,0.101329337270762,0.609934121995329,30.946776736509,20.7846727158247,11.5550296525154,20.8272374499818,23.4087067048602,16.4105401809991,7.85718454081474,7.6699698184715,9.38134837216593,8.42491391262483,"CUBN"
"ENSG00000102967",38.4380249464336,-0.457091167736583,0.279052333039726,-1.63801234971761,0.101419117597366,0.609934121995329,41.5847312396839,46.7655136106057,42.9186815664857,52.520859656476,30.2936204415838,31.8557544689983,36.6668611904688,43.1435802289022,33.3559053232566,25.2747417378745,"DHODH"
"ENSG00000180596",22.1268400251561,1.01865331740044,0.621930715767773,1.63788874158259,0.101444904946129,0.609934121995329,6.76960741111134,25.9808408947809,18.157903739667,4.52766031521344,17.9007757154814,11.5839107159994,27.0636356405841,35.4736104104307,11.4660924548695,62.3443629534237,"HIST1H2BC"
"ENSG00000167595",71.0813174169624,-0.654192429563135,0.399435797024089,-1.63779119056693,0.10146525989865,0.609934121995329,48.3543386507953,170.174507860815,69.3301779150922,76.9702253586286,42.6864651676863,72.3994419749963,48.8891482539584,43.1435802289022,95.8982278043628,42.9670609543866,"PROSER3"
"ENSG00000088986",2479.84386353535,0.452877562678914,0.276533848718982,1.63769305196029,0.101485740739432,0.609934121995329,2407.07897803659,2334.37855439607,2422.42943072376,958.958454762208,2635.54497841779,2198.04705836089,3717.32130830991,2877.19742815412,2634.07414849592,2613.40829569622,"DYNLL1"
"ENSG00000229833",76.8676427830463,0.522796698994149,0.319267794479261,1.63748648637377,0.101528860289689,0.609934121995329,53.1897725158748,37.6722192974323,76.7584112631378,75.1591612325432,85.3729303353726,61.7808571519968,130.080055175711,109.297069913219,67.754182687865,71.6117682573111,"PET100"
"ENSG00000078808",1048.44125620821,0.474138323441046,0.289575767766984,1.63735497309491,0.101556320639851,0.609934121995329,860.707227984156,765.135764351298,890.562642504578,883.799293529665,928.086371710341,812.804401905958,1658.73895861645,1885.85382911668,755.719729980033,1043.00434238295,"SDF4"
"ENSG00000156787",40.025940144529,-0.609657566391502,0.372430253957615,-1.63697111046431,0.101636506083739,0.609934121995329,45.4530783317476,67.5501863264304,60.2512260452587,28.977026017366,24.785689452205,34.7517321479982,27.9366561451191,22.0511632281056,57.3304622743473,31.1721814767119,"TBC1D31"
"ENSG00000136156",509.472408236188,0.575155663033517,0.351399570769139,1.63675687416073,0.101681280030023,0.609934121995329,453.56369654446,253.313198724114,263.289604225172,604.895418112516,371.785341783074,391.92231255798,735.956285322981,746.863311073663,396.101375713672,877.033538304245,"ITM2B"
"ENSG00000136891",163.733811044073,-0.320474996243057,0.195821699198265,-1.63656529156446,0.101721332803743,0.609934121995329,151.832623363497,219.538105560899,179.102959613988,194.689393554178,129.436378250404,146.729535735992,139.683280725595,133.265725595942,167.821898657635,175.238209382596,"TEX10"
"ENSG00000102606",303.852419738177,-0.447494319230928,0.273494158385352,-1.63621161736263,0.101795305882372,0.609934121995329,297.862726088899,309.172006647893,271.543196834111,568.674135590809,236.841032543292,221.059629496989,272.382397414911,243.52154173647,232.448965221445,385.018565806955,"ARHGEF7"
"ENSG00000103489",368.676673445268,-0.7575212797034,0.463008662897559,-1.63608446322094,0.101821911396922,0.609934121995329,324.941155733344,452.066631569188,321.064752487749,854.822267512298,355.261548814938,508.726745610974,108.254542562336,157.234381278666,458.643698194779,145.75101068841,"XYLT1"
"ENSG00000146674",25819.0065651144,0.673433161066455,0.411621124496496,1.63605102116713,0.101828909674252,0.609934121995329,15107.8295680545,8694.48840543843,17963.118954096,34345.0200870831,13049.6654965859,26318.6451467506,27934.0370836055,46592.1904085325,21017.3474697757,47167.7230312214,"IGFBP3"
"ENSG00000129933",271.253502104791,-0.431990381004653,0.264077666114422,-1.63584595153714,0.101871832103057,0.609934121995329,228.232478431754,316.966258916327,241.004904181035,498.042634673479,235.464049795947,226.851584854988,191.191490493159,303.922554056933,254.338778089832,216.520287554458,"MAU2"
"ENSG00000147119",20.0068570249851,0.839514695640144,0.513255383213429,1.63566661567979,0.101909380086958,0.609934121995329,22.2429957793658,18.1865886263466,8.25359260893955,6.33872444129882,8.26189648406832,16.4105401809991,30.555717658724,34.5148641831218,29.1864171578495,26.117233129137,"CHST7"
"ENSG00000137094",188.90465467419,-0.286767489736766,0.1753334984962,-1.63555448443288,0.101932862875378,0.609934121995329,204.055309106356,192.258222621379,242.655622702823,207.366842436776,177.630774407469,187.27322324199,158.01671132083,145.729426550959,184.499851319263,189.560563034059,"DNAJB5"
"ENSG00000163462",24.0992990861779,-0.780372537231338,0.477199136336037,-1.63531841910504,0.101982314308405,0.609934121995329,22.2429957793658,18.1865886263466,28.8875741312884,58.8595840977748,19.2777584628261,27.0291250039986,19.2064510997694,24.9274019100324,15.6355806202765,6.73993113009986,"TRIM46"
"ENSG00000124635",15.3380986385492,0.994253676037219,0.608068382759926,1.63510174879421,0.10202771964002,0.609934121995329,2.90126031904772,22.0837147605638,11.5550296525154,2.71659618912807,17.9007757154814,15.4452142879992,27.0636356405841,18.2161783188698,9.38134837216593,26.117233129137,"HIST1H2BJ"
"ENSG00000120727",562.095350512553,0.35384598091177,0.216415643080265,1.63502959340391,0.102042844061673,0.609934121995329,584.120410901607,437.777169077058,595.084027104542,309.6919655606,594.856546852919,681.520080457965,669.606726978323,543.609110884168,579.558854991584,625.128612316762,"PAIP2"
"ENSG00000092621",886.866081099586,-0.389656113451896,0.238388687539105,-1.63454112472505,0.102145278445043,0.609934121995329,790.109893553995,1250.9774890837,1232.26137651468,861.160991953597,907.43163050017,852.382763518956,997.862436683472,644.277464751606,796.372239592752,535.824524842939,"PHGDH"
"ENSG00000138594",506.578029407777,-0.532841187979089,0.325988678206604,-1.63453893831671,0.102145737129969,0.609934121995329,783.340286142883,791.116605246079,591.782590060966,321.463882380155,382.801203761832,471.079035783976,231.350433701767,338.437418240055,594.152063570509,560.256775189551,"TMOD3"
"ENSG00000111252",838.510908473401,-0.557781013319764,0.341262861155299,-1.63446151576961,0.102161980603447,0.609934121995329,913.897000500031,1243.18323681527,1090.29958364091,905.532063042689,681.606459935636,1226.92921000294,489.764503044119,439.105772107494,1017.35511235933,377.436143285592,"SH2B3"
"ENSG00000101191",219.040468043088,-0.43052528885352,0.263408340073402,-1.63444061313149,0.10216636638956,0.609934121995329,190.516094284133,246.817988500419,188.181911483822,411.111556621381,196.908532870295,166.036053595991,174.604100906994,204.212946416804,180.330363153856,231.685132597183,"DIDO1"
"ENSG00000111906",640.253773033578,0.342053971919691,0.209427799812764,1.63327873484561,0.102410387126876,0.611117374993801,510.621816152398,507.925439492967,614.067290105103,574.107327969065,554.924047179922,620.704549198968,871.274463525901,900.262707443093,707.770616077852,540.879473190514,"HDDC2"
"ENSG00000170471",393.773643443091,-0.390807789548765,0.239330738750113,-1.63291932991863,0.102485964135235,0.611218863852805,434.221961084142,441.674295211276,429.186815664857,531.547321006058,315.329049141941,378.40775005598,224.366269665488,278.995152146901,448.219977781261,455.787842673003,"RALGAPB"
"ENSG00000198185",17.163050844266,-0.670702082633496,0.410777604668915,-1.63276204693311,0.102519052143565,0.611218863852805,22.2429957793658,25.9808408947809,14.0311074351972,26.260429828238,16.5237929681366,17.3758660739991,17.4604100906994,12.4637009550162,8.33897633081416,10.9523880864123,"ZNF334"
"ENSG00000247271",29.5382389810028,0.663863939165148,0.406971994176098,1.63122757503036,0.10284230887528,0.611770027283112,30.946776736509,12.9904204473905,23.1100593050307,19.9217053869392,46.8174134097205,21.2371696459989,42.7780047222136,31.638625501195,18.7626967443319,47.1795179106991,"ZBED5-AS1"
"ENSG00000121406",44.5397545428967,-0.615987130395582,0.377640815384512,-1.63114553644946,0.102859614187055,0.611770027283112,36.7492973746044,38.9712613421714,41.2679630446978,107.75831550208,33.0475859362733,38.613035719998,27.0636356405841,38.3498490923575,44.8219977781261,38.7546039980742,"ZNF549"
"ENSG00000176853",414.963983152475,-0.410859227748235,0.251922569433944,-1.6308948764353,0.10291250304493,0.611770027283112,534.798985477796,511.822565627184,508.421304710676,394.811979486612,334.606807604767,487.489575964975,236.588556728977,269.407689873812,477.40639493911,394.285971110842,"FAM91A1"
"ENSG00000060749",588.709293149462,-0.436952299784239,0.267932514239921,-1.63082969240892,0.102926260311975,0.611770027283112,778.504852277804,897.638052914681,696.603216194498,420.166877251808,553.547064432577,521.275982219973,350.954242823058,430.477056061713,726.533312822183,511.392274496327,"QSER1"
"ENSG00000123562",1634.92206691035,-0.330684484869835,0.202774908969513,-1.63079587386008,0.102933398385425,0.611770027283112,1516.39206008894,1921.28318416905,2011.40051879857,2007.56458376564,1269.57809305183,1348.56027252093,1259.76858804396,1257.87505022933,1806.43074766262,1950.36757077265,"MORF4L2"
"ENSG00000154721",83.0567266786625,1.25267032960864,0.768171547148674,1.63071690725639,0.102950067381476,0.611770027283112,22.2429957793658,19.4856306710857,15.6818259569851,124.057892636848,42.6864651676863,38.613035719998,103.889440039662,303.922554056933,8.33897633081416,151.648450427247,"JAM2"
"ENSG00000109606",346.932947366234,-0.548885150337073,0.336628621154099,-1.63053619283849,0.102988222318505,0.611770027283112,257.245081622231,332.554763453196,353.253763662613,769.702253586286,236.841032543292,341.725366121982,212.143982601998,214.759154917202,406.52509612719,344.578979026356,"DHX15"
"ENSG00000104635",351.471291907706,-0.763411320681293,0.468452861762741,-1.62964384038268,0.103176793047298,0.611770027283112,346.217064739694,184.463970352945,204.689096701701,1130.10401467728,220.317239575155,324.349500047983,206.905859574788,317.345001239258,403.397980003135,176.923192165121,"SLC39A14"
"ENSG00000129351",908.470247853749,-0.547055000830037,0.335734682869157,-1.62942653453303,0.103222755370206,0.611770027283112,801.714934830186,739.154923456517,695.777856933604,2245.71951634587,658.197753230776,981.736433180949,721.114936745886,711.389700663232,803.668843882214,726.22757926826,"ILF3"
"ENSG00000119041",97.4058672773939,-0.457298124608181,0.280710166967416,-1.62907574580746,0.10329698498099,0.611770027283112,83.1694624793679,105.222405623863,110.59814095979,165.712367536812,96.3887923141304,70.4687901889964,55.0002917857032,93.9571302762759,104.237204135177,89.3040874738232,"GTF3C3"
"ENSG00000134900",168.869714317762,-0.371265379296095,0.227926774206517,-1.62888006724346,0.103338410515796,0.611770027283112,162.470577866672,181.865886263466,179.928318874882,257.171105904124,147.337153965885,154.452142879992,114.365686094081,134.224471823251,195.965943774133,160.915855731134,"TPP2"
"ENSG00000058673",1464.01913076674,-0.282857798734704,0.173706585989798,-1.62836542508132,0.103447424314658,0.611770027283112,1540.56922941434,1635.49393432646,1369.27101382307,2010.28117995477,1589.03809043581,1412.27178145893,1158.49820951791,1199.39153036348,1295.66844740025,1429.70789097243,"ZC3H11A"
"ENSG00000108846",410.94976918991,-0.883902094487211,0.542870234412659,-1.62820143462741,0.10348218070339,0.611770027283112,260.146341941279,172.772591950293,251.734574572656,1581.96451413558,275.396549468944,355.239928623982,419.049842176786,427.600817379786,188.66933948467,176.923192165121,"ABCC3"
"ENSG00000020633",122.349216456302,0.921104775219098,0.565751573330929,1.6281081991447,0.10350194531328,0.611770027283112,213.726176836515,18.1865886263466,33.0143704357582,53.4263917195186,125.305430008369,149.625513414992,190.318469988624,54.6485349566095,203.262548063595,181.978140512696,"RUNX3"
"ENSG00000157064",49.0996992500656,0.525296841687057,0.322710246885144,1.62776622917095,0.103574463820836,0.611770027283112,23.2100825523817,37.6722192974323,50.3469149145313,44.3710710890918,35.8015514309627,71.4341160819963,57.6193532993081,48.8960575927558,50.0338579848849,71.6117682573111,"NMNAT2"
"ENSG00000213638",9.74120936552883,-1.12507343450345,0.691201629093452,-1.62770657236303,0.103587118841483,0.611770027283112,15.4733883682545,25.9808408947809,12.3803889134093,4.52766031521344,1.37698274734472,5.7919553579997,10.4762460544197,13.4224471823251,2.08474408270354,5.89743973883738,"ADAT3"
"ENSG00000130827",362.282611692708,-0.606629679566413,0.372756056388652,-1.62741736631615,0.103648485647489,0.611770027283112,269.817209671438,368.927940705889,227.799156006732,958.052922699165,345.622669583525,292.493745578985,313.414361128055,353.777357876998,259.550638296591,233.370115379708,"PLXNA3"
"ENSG00000121621",29.1499836282465,-1.32397702475442,0.813894243495559,-1.62671874796427,0.103796845098333,0.611770027283112,38.6834709206362,94.8300692659503,44.5694000882736,4.52766031521344,4.13094824203416,26.0637991109986,5.23812302720983,1.91749245461788,47.9491139021814,23.5897589553495,"KIF18A"
"ENSG00000120708",24375.8802327066,-0.637919456136211,0.392216977203675,-1.62644529230805,0.103854962410572,0.611770027283112,17343.7341872672,21596.5739937866,22073.4080733479,63101.0962810667,33091.6493841883,17924.1711812231,12608.1621264941,24392.421515194,18226.917515077,13400.6680694211,"TGFBI"
"ENSG00000130159",258.867781000385,0.426383867907714,0.262170143029485,1.62636318148463,0.10387241840512,0.611770027283112,219.528697474611,237.724694187245,199.736941136337,201.028117995477,421.356720687484,222.024955389988,385.002042499922,272.283928555738,234.533709304148,195.458002772896,"ECSIT"
"ENSG00000180917",138.705425481158,-0.45631100425574,0.280582193961625,-1.62630064942093,0.103885713701838,0.611770027283112,195.351528149213,115.614741981775,126.279966916775,224.571951634587,126.682412755714,130.318995554993,75.0797633900075,109.297069913219,149.059201913303,134.798622601997,"CMTR2"
"ENSG00000141027",699.516956391296,-0.33158129914841,0.203894930765789,-1.62623611044696,0.103899437117067,0.611770027283112,725.315079761929,1030.14034147806,771.710908935848,664.660534273334,692.622321914394,542.513151865972,551.748958866102,550.32033447533,818.262052461139,647.87587988085,"NCOR1"
"ENSG00000111961",776.173371756436,-0.407750739871255,0.250743940789932,-1.6261638809165,0.103914797542214,0.611770027283112,772.702331639709,1426.34816512347,715.586479195059,729.858842812407,753.209562797562,593.675424194969,623.336640237969,689.338537435126,576.431738867529,881.245995260557,"SASH1"
"ENSG00000188312",34.119170281954,-0.888499575568379,0.54638801019833,-1.62613300252666,0.10392136473098,0.611770027283112,49.3214254238112,68.8492283711694,47.0454778709554,23.5438336391099,12.3928447261025,47.3009687569975,20.0794716043043,9.58746227308938,52.1186020675885,10.9523880864123,"CENPP"
"ENSG00000075826",39.1989417350675,-1.42754745611,0.877938115604051,-1.62602287192851,0.103944789895157,0.611770027283112,8.70378095714315,11.6913784026514,6.60287408715164,224.571951634587,24.785689452205,14.4798883949993,39.2859227040737,45.0610726835201,4.16948816540708,12.6373708689372,"SEC31B"
"ENSG00000172893",45.8365379634888,-0.760391225641858,0.46777469001413,-1.62555016736559,0.104045383466206,0.611770027283112,72.5315079761929,23.3827568053028,24.7607778268187,122.246828510763,34.424568683618,31.8557544689983,38.4129021995387,26.8448943646503,33.3559053232566,50.549483475749,"DHCR7"
"ENSG00000110042",21.7992572749616,1.088637511375,0.669718753602163,1.62551444993832,0.10405298743053,0.611770027283112,23.2100825523817,15.5885045368685,8.25359260893955,5.43319237825613,12.3928447261025,18.341191966999,28.809676649654,24.9274019100324,5.21186020675885,75.8242252136235,"DTX4"
"ENSG00000072952",152.86783504123,0.805084553981798,0.495309839619562,1.62541603171091,0.104073942195141,0.611770027283112,49.3214254238112,114.315699937036,183.229755918458,75.1591612325432,181.761722649503,44.4049910779977,109.127563066871,157.234381278666,311.669240364179,302.454409463231,"MRVI1"
"ENSG00000162434",1742.31546469319,-0.415101269659316,0.255394920097312,-1.62533095607835,0.104092058816179,0.611770027283112,2292.96273882071,2262.93124193542,2490.93424937796,1152.74231625334,1605.56188340394,1253.95833500693,1363.65802808362,1254.9988115474,1685.51559086581,2059.89145163677,"JAK1"
"ENSG00000136045",363.25587889044,-0.257995896764406,0.158736103358284,-1.62531327975264,0.104095823255259,0.611770027283112,421.649833034935,372.825066840106,404.426037838038,412.017088684423,322.213962878664,355.239928623982,289.84280750561,298.17007669308,384.635283258803,371.538703546755,"PWP1"
"ENSG00000143819",172.097269099047,0.513205156913353,0.315892634709874,1.62461893859823,0.104243779216309,0.61212783442113,122.82002017302,136.3994146976,138.660355830184,150.318322465086,183.138705396848,165.070727702991,295.08093053282,258.861481373413,84.4321353494933,186.190597469009,"EPHX1"
"ENSG00000110092",5193.52352035519,0.741840675279658,0.4566753746178,1.62443765639984,0.104282435814586,0.61212783442113,3602.39822948425,5089.64673128758,4957.93308018999,1153.64784831639,2420.73566983202,6272.68765271367,3609.06676574757,6242.3966860085,5753.89366826177,12832.8288717101,"CCND1"
"ENSG00000126091",292.103852931532,0.345228512734769,0.212561067976971,1.62413802311235,0.104346354549669,0.61212783442113,212.759090063499,271.499787350461,253.385293094444,268.037490660636,316.706031889286,363.927861660981,365.795591400153,385.415983378193,232.448965221445,251.06243459622,"ST3GAL3"
"ENSG00000117593",53.9746797436347,-0.574501368347025,0.353990106610029,-1.62293057805686,0.104604246014106,0.61212783442113,56.0910328349225,80.5406067738208,71.8062556977741,60.6706482238602,35.8015514309627,63.7115089379967,21.8255126133743,31.638625501195,68.7965547292168,48.864500693224,"DARS2"
"ENSG00000052126",158.441077366524,-0.360877699493899,0.222370389768392,-1.6228675943311,0.104617712233703,0.61212783442113,159.569317547624,203.94960102403,190.657989266504,175.673220230282,191.400601880916,170.862683060991,109.127563066871,120.802024640926,129.254133127619,133.113639819472,"PLEKHA5"
"ENSG00000132128",540.599618452618,-0.298021583386769,0.1836398031772,-1.62285941408464,0.104619461310231,0.61212783442113,544.469853207955,663.810484861652,544.73711219001,682.771175534187,532.892323222407,406.402200952979,536.034589784472,493.754307064103,405.482724085838,595.641413622576,"LRRC41"
"ENSG00000228716",231.597379362487,-0.651001567975473,0.401150610643657,-1.62283578960761,0.104624512757624,0.61212783442113,284.323511266676,398.805907734887,396.997804489992,105.041719312952,96.3887923141304,294.424397364985,184.207326456879,131.348233141324,262.677754420646,161.758347122397,"DHFR"
"ENSG00000109103",315.733385356783,0.404932263567784,0.249552850758989,1.62263128766602,0.104668247991798,0.61212783442113,277.553903855565,262.406493037287,245.131700485505,272.565150975849,355.261548814938,214.302348245989,416.430780663181,468.826905154071,252.254034007128,392.600988328317,"UNC119"
"ENSG00000175938",95.8983522048386,0.712204063721758,0.438933346077924,1.6225790774058,0.104679416118488,0.61212783442113,79.3011153873043,85.736774952777,59.4258667843648,53.4263917195186,107.404654292888,72.3994419749963,154.52462930269,197.501722825641,27.101673075146,122.16125173306,"ORAI3"
"ENSG00000166923",13491.8740868164,0.480965881557974,0.29653116648449,1.62197413263516,0.104808886889124,0.61212783442113,11835.2079281687,4528.46056796031,10826.237425146,16421.8239632792,16647.7214153977,12862.0021983313,13878.4069605924,15780.0041552778,16908.3168827671,15230.5593712432,"GREM1"
"ENSG00000142227",1072.84182995234,0.36312122970869,0.22389053075771,1.62186952918367,0.104831287091275,0.61212783442113,850.069273480981,908.030389272593,900.466953635305,1004.23505791434,1038.24499149792,1205.69204035694,1609.84981036249,1462.08799664613,869.338282487376,880.403503869295,"EMP3"
"ENSG00000138092",139.60125264822,-0.789470432932977,0.486815732001832,-1.62170279437478,0.104867000208534,0.61212783442113,131.523801130163,313.06913278211,224.497718963156,78.7812894847139,77.1110338513043,239.400821463988,75.0797633900075,37.3911028650486,132.381249251675,86.7766133000358,"CENPO"
"ENSG00000068654",200.346362991154,-0.480445665816573,0.296269680621066,-1.62164979153257,0.104878354970209,0.61212783442113,155.700970455561,218.23906351616,193.959426310079,397.52857567574,163.860946934022,130.318995554993,144.04838324827,177.368052052154,190.754083567374,231.685132597183,"POLR1A"
"ENSG00000204839",30.5091751675683,0.755946224567721,0.466318613488032,1.62109382448471,0.104997518222921,0.61212783442113,17.4075619142863,33.7750931632152,15.6818259569851,19.9217053869392,49.5713789044099,10.6185848229995,40.1589432086087,58.4835198658452,33.3559053232566,26.117233129137,"MROH6"
"ENSG00000144677",759.694796040716,0.286333110092408,0.176638665688364,1.62101037718193,0.105015413181314,0.61212783442113,747.558075541295,606.652634893134,701.555371759862,627.533719688583,984.542664351475,900.649058168953,783.099392567869,753.574534664825,864.126422280617,627.65608649055,"CTDSPL"
"ENSG00000106462",122.358181080899,-0.671809749216816,0.414509025042605,-1.62073612063758,0.105074243513155,0.61212783442113,152.799710136513,184.463970352945,152.691463265382,140.357469771617,74.3570683566149,198.85713395799,55.8733122902382,41.2260877742843,152.186318037358,70.7692768660486,"EZH2"
"ENSG00000148290",284.859042589943,0.506118797120681,0.312358491903478,1.62031387088742,0.105164870767872,0.61212783442113,205.989482652388,229.930441918811,234.402030093883,239.965996706313,250.610860016739,210.441044673989,463.57388790807,540.732872202241,256.423522172535,216.520287554458,"SURF1"
"ENSG00000186594",782.031791795162,-0.888294606432978,0.548274792634517,-1.62016313419158,0.105197238332347,0.61212783442113,631.507662779386,335.152847542674,286.399663530202,3066.13156546255,797.273010712593,679.589428671965,681.829014041812,535.939141065696,365.872586514471,440.622997630279,"MIR22HG"
"ENSG00000113712",1076.69754821045,-0.467857060357684,0.288776885681409,-1.6201333401519,0.105203636917237,0.61212783442113,1299.76462293338,1825.15407285836,1347.81167303983,692.732028227657,1107.09412886515,1014.55751354295,621.590599228899,693.173522344362,1093.44827137801,1071.64904968588,"CSNK1A1"
"ENSG00000100207",246.51795351662,-0.457973957443202,0.282683458297782,-1.62009464650304,0.105211947248291,0.61212783442113,274.652643536517,439.076211121797,255.861370877126,209.177906562861,271.26560122691,253.880709858987,149.28650627548,146.688172778268,242.872685634962,222.417727293296,"TCF20"
"ENSG00000204852",191.796890015023,0.462529413017155,0.285500821159053,1.62006333690886,0.105218672068911,0.61212783442113,150.865536590481,122.10995220547,120.502452090517,231.816208138928,159.729998691988,247.123428607987,210.397941592928,315.427508784641,159.482922326821,200.512951120471,"TCTN1"
"ENSG00000109083",456.253718697341,0.361446219148614,0.223184503551987,1.6194951414466,0.10534077101635,0.61212783442113,352.986672150805,328.657637318979,373.887745184962,502.570294988692,503.975685528167,515.484026861973,661.749542437508,548.402842020713,394.016631630969,380.806108850642,"IFT20"
"ENSG00000170906",238.587601682261,0.417031343327196,0.257593127119423,1.61895368867453,0.105457227847908,0.61212783442113,201.154048787308,201.351516934552,211.291970788852,181.106412608538,232.710084301258,217.198325924989,383.256001490852,359.529835240852,205.347292146299,192.930528599109,"NDUFA3"
"ENSG00000176641",122.514882559281,0.630506335346552,0.389606793163782,1.6183145325228,0.105594830373011,0.61212783442113,96.7086773015905,87.0358169975161,96.5670335245927,88.7421421781835,60.5872408831677,246.158102714987,72.4607018764026,102.585846322056,181.372735195208,192.930528599109,"RNF152"
"ENSG00000149090",554.040113250251,0.739100072215918,0.456769721726695,1.61810215752031,0.105640583636311,0.61212783442113,385.867622433346,146.791751055512,329.318345096688,718.992458055895,367.65439354104,516.449352754973,954.211411456723,1038.32216417558,247.042173800369,835.751460132383,"PAMR1"
"ENSG00000160888",356.055393039628,-0.385518613798252,0.238267807345188,-1.6180054623986,0.105661420475511,0.61212783442113,466.135824593666,349.442310034803,434.964330491114,405.678364243125,408.963875961382,336.898736656983,421.668903690391,224.346617190291,264.762498503349,247.69246903117,"IER2"
"ENSG00000004487",370.006820781435,-0.304090601670384,0.187942559813773,-1.61799755186744,0.105663125260743,0.61212783442113,433.254874311126,492.336934956098,342.524093270991,402.961768053997,384.178186509177,308.904285759984,339.604976264104,259.820227600722,374.211562845285,362.271298242868,"KDM1A"
"ENSG00000172345",73.9116561689748,0.734062878811293,0.453718997663328,1.61787997106524,0.105688467473808,0.61212783442113,78.3340286142883,23.3827568053028,56.1244297407889,53.4263917195186,66.0951718725465,80.1220491189958,129.207034671176,70.9472208208614,28.1440451164978,153.333433209772,"STARD5"
"ENSG00000104154",77.1262869516986,0.573840183333957,0.354857379171743,1.61710088902007,0.105856505013343,0.61212783442113,65.7619005650816,29.8779670289981,46.2201186100615,95.986398682525,82.6189648406832,86.8793303699955,52.3812302720983,123.678263322853,83.3897633081416,104.468932516548,"SLC30A4"
"ENSG00000114626",299.423850273977,0.467481957023528,0.289128374430279,1.6168664107931,0.105907120284074,0.61212783442113,205.022395879372,209.145769202986,245.131700485505,314.219625875813,382.801203761832,303.112330401984,507.224913134818,395.003445651282,208.474408270354,224.102710075821,"ABTB1"
"ENSG00000172366",159.366454054236,0.556566387171648,0.344277084207608,1.61662339058276,0.105959599710983,0.61212783442113,134.425061449211,162.380255592381,108.947422438002,92.3642704303543,147.337153965885,108.116500015994,246.191782278862,287.623868192681,99.0253439284181,207.252882250571,"MCRIP2"
"ENSG00000068400",155.435229841624,-0.528298715496181,0.326825994403996,-1.61645256051188,0.105996502253847,0.61212783442113,137.326321768259,136.3994146976,132.057481743033,355.874100775777,122.55146451368,119.700410731994,107.381522057801,129.430740686707,141.762597623841,171.868243817547,"GRIPAP1"
"ENSG00000176994",54.0111086038618,-0.99426611954881,0.615308964511594,-1.6158810888413,0.106120025081515,0.61212783442113,46.4201651047635,153.286961279207,69.3301779150922,38.9378787108356,67.4721546198913,59.8502053659969,6.1111435317448,8.62871604578044,47.9491139021814,42.1245695631242,"SMCR8"
"ENSG00000101052",565.643797180726,0.283533391045032,0.175468069220679,1.61586887177999,0.106122667028434,0.61212783442113,564.778675441289,480.645556553447,463.851904622403,492.609442295223,616.888270810435,568.57695097697,710.638690691467,718.100924254395,482.618255145869,557.729301015764,"IFT52"
"ENSG00000170345",346.755179768976,-1.52951414086539,0.946824505780318,-1.61541461118484,0.106220938186249,0.61212783442113,255.310908076199,138.997498787078,81.7105668285016,1805.63093370712,268.51163573222,472.044361676976,129.207034671176,166.821843551755,124.042272920861,25.2747417378745,"FOS"
"ENSG00000152404",70.6613749098883,0.523297432173949,0.323988231114535,1.61517420053741,0.106272975921566,0.61212783442113,47.3872518777794,50.6626397448228,70.9808964368801,55.237455845604,48.1943961570652,72.3994419749963,102.143399030592,85.3284142304955,52.1186020675885,122.16125173306,"CWF19L2"
"ENSG00000170276",12.2524688865976,0.825484542085689,0.51109108321444,1.61514174126051,0.106280003395378,0.61212783442113,5.80252063809543,11.6913784026514,10.7296703916214,5.43319237825613,20.6547412101708,8.68793303699955,17.4604100906994,12.4637009550162,9.38134837216593,20.2197933902996,"HSPB2"
"ENSG00000186523",25.7965580479213,0.884018203668434,0.547399497276452,1.61494157021847,0.106323348817131,0.61212783442113,20.308822233334,10.3923363579124,28.0622148703945,9.05532063042689,53.7023271464441,20.2718437529989,48.0161277494234,34.5148641831218,26.0593010337942,7.58242252136235,"FAM86B1"
"ENSG00000104133",165.754533074367,-0.435264510907532,0.269534514688551,-1.61487485716062,0.106337798104292,0.61212783442113,147.964276271434,179.267802173988,141.96179287376,316.030690001898,166.614912428711,137.076276805993,116.984747607686,157.234381278666,146.9744578306,147.435993470935,"SPG11"
"ENSG00000100934",1259.19785594711,-0.46335749494679,0.287020705098935,-1.61436957932032,0.106447286072893,0.61212783442113,2049.2568720207,1370.48935719969,1540.12038082812,1070.33889851646,1262.69317931511,1301.25930376393,662.622562942043,686.4622987532,1374.88872254298,1273.84698358887,"SEC23A"
"ENSG00000140905",49.6398938704068,-0.623509022246458,0.386257973236951,-1.6142295187366,0.106477651424284,0.61212783442113,83.1694624793679,90.9329431317332,53.6483519581071,24.4493657021526,42.6864651676863,28.9597767899985,39.2859227040737,32.5973717285039,41.6948816540708,58.9743973883738,"GCSH"
"ENSG00000110344",80.0085858703095,-0.734310575355844,0.454920578525427,-1.61415115081412,0.106494644706818,0.61212783442113,64.7948137920657,107.820489713341,59.4258667843648,188.350669112879,75.7340511039596,96.532589299995,17.4604100906994,51.7722962746827,79.2202751427345,58.9743973883738,"UBE4A"
"ENSG00000162521",274.833404015028,-0.368451729253051,0.228273933309384,-1.61407710425562,0.106510702920967,0.61212783442113,309.46776736509,333.853805497935,287.225022791096,341.385587767094,205.170429354363,244.227450928987,164.127854852575,232.016587008763,302.287891992013,328.571642592368,"RBBP4"
"ENSG00000212864",36.8093036875081,1.03212271297671,0.639667414209828,1.61353023469497,0.106629360022794,0.61212783442113,18.3746486873022,46.7655136106057,21.4593407832428,4.52766031521344,59.2102581358229,26.0637991109986,87.3020504534971,64.2359972296989,7.29660428946239,32.8571642592368,"RNF208"
"ENSG00000171862",2011.84875054721,-0.303909751149334,0.188354939850177,-1.61349498659856,0.106637011576305,0.61212783442113,2368.39550711595,2496.75880998845,2077.42925967009,2138.86673290683,2321.5929120232,2038.76828601589,1684.05655324796,1657.67222701715,1987.80348285782,1347.14373462871,"PTEN"
"ENSG00000071189",256.237613158381,-0.294613856721746,0.182610685482584,-1.61334401622322,0.106669788706855,0.61212783442113,289.158945131756,246.817988500419,283.923585747521,331.424735073624,256.118791006118,245.192776821987,176.350141916064,237.769064372617,242.872685634962,252.747417378745,"SNX13"
"ENSG00000170322",105.771768529569,-0.458288538211101,0.284068035111999,-1.61330555206753,0.106678140923787,0.61212783442113,84.1365492523838,127.306120384426,119.677092829623,173.862156104196,121.174481766335,84.9486785839956,72.4607018764026,116.008293504381,64.6270665638097,93.5165444301356,"NFRKB"
"ENSG00000122786",4616.55218864795,0.604280977133295,0.374562120443399,1.61329975497245,0.106679399766561,0.61212783442113,2825.82755075248,2031.70175797187,2722.03484242826,6493.57042407912,3178.07618087161,3025.33134866184,4899.39107145026,6021.88505372744,6805.6470579857,8162.05659855094,"CALD1"
"ENSG00000221866",26.4363531010473,0.860020288611512,0.533111289514171,1.61320967221545,0.106698962805791,0.61212783442113,19.3417354603181,3.89712613421714,17.3325444787731,29.8825580804087,23.4087067048602,33.7864062549982,46.2700867403535,46.978565138138,33.3559053232566,10.1098966951498,"PLXNA4"
"ENSG00000203780",77.8754067202196,0.654683197251033,0.405873972193153,1.61302089343998,0.10673996862634,0.61212783442113,34.8151238285726,79.2415647290818,72.6316149586681,45.2766031521344,88.1268958300621,44.4049910779977,60.238414812913,178.326798279462,99.0253439284181,76.666716604886,"FANK1"
"ENSG00000169607",80.183682670593,-1.18359270172088,0.733806726729914,-1.61294883053929,0.106755625153854,0.61212783442113,80.2682021603202,205.248643068769,174.976163309518,22.6383015760672,16.5237929681366,111.977803587994,14.8413485770945,6.71122359116257,128.211761086268,40.4395867805992,"CKAP2L"
"ENSG00000076043",1560.87153733091,0.417013582088537,0.25855695604707,1.61284998270408,0.10677710398924,0.61212783442113,1636.31081994291,989.870038091153,1825.69468509743,745.252887884133,1770.79981308531,1864.0442993829,1912.78792543612,1610.69366187902,1759.52400580179,1493.73723670838,"REXO2"
"ENSG00000134444",73.7865117935007,-0.536906458272137,0.33289760776562,-1.61282762551466,0.106781962500603,0.61212783442113,69.6302476571452,84.437732908038,82.5359260893955,126.774488825976,42.6864651676863,55.0235759009971,50.6351892630283,46.978565138138,68.7965547292168,110.366372255385,"KIAA1468"
"ENSG00000223501",118.181664999545,-0.44418531322003,0.275423736051275,-1.61273432561868,0.106802239686434,0.61212783442113,138.293408541274,105.222405623863,114.72493726426,203.744714184605,99.1427578088198,108.116500015994,96.0322554988468,78.6171906393329,89.6439955562522,148.278484862197,"VPS52"
"ENSG00000014123",101.360075794638,-0.476360583923774,0.29547922887735,-1.61216267462748,0.106926545185308,0.612486963459576,111.214978896829,90.9329431317332,98.2177520463807,187.445137049837,66.0951718725465,66.6074866169966,75.9527838945425,96.8333689582027,103.194832093825,117.106303385485,"UFL1"
"ENSG00000140396",215.448434122792,-0.412706334437229,0.256017509488477,-1.61202386220308,0.106956747236811,0.612486963459576,225.331218112706,320.863385050544,250.909215311762,216.422163067203,196.908532870295,200.78778574399,110.873604075941,162.028112415211,220.982872766575,249.377451813695,"NCOA2"
"ENSG00000131495",364.620970254524,0.537390275398286,0.333421870196365,1.6117427302588,0.107017935101717,0.612574334957771,303.665246726994,320.863385050544,391.220289663735,132.207681204233,417.22577244545,324.349500047983,664.368603951113,464.033174017526,266.847242586053,361.428806851605,"NDUFA2"
"ENSG00000127125",416.649335397895,0.34233315588957,0.212438495869242,1.61144595987104,0.107082556734099,0.61268127806207,425.518180126998,313.06913278211,404.426037838038,292.486856362789,454.404306623758,398.679593808979,472.304092953419,581.958959976525,336.686169356622,486.960024149715,"PPCS"
"ENSG00000171135",268.756832827925,0.409116820963998,0.253921662324535,1.6111930633201,0.107137649250197,0.612733631239227,250.47547421112,213.042895337204,224.497718963156,210.083438625904,311.198100899907,258.707339323987,422.541924194926,354.736104104307,267.889614627405,174.395717991334,"JAGN1"
"ENSG00000131558",349.018721051312,0.328870458954193,0.204144527852174,1.61096877008791,0.107186529433194,0.612750425653881,278.520990628581,333.853805497935,302.906848748082,296.108984614959,342.868704088835,329.176129512983,378.890898968178,415.13711642477,292.906543619847,519.817188408952,"EXOC4"
"ENSG00000144451",162.300400695638,0.419002314447157,0.260251283309578,1.60999134804934,0.107399745112693,0.613581485122772,196.318614922229,107.820489713341,122.978529873199,112.285975817293,227.202153311879,138.041602698993,189.445449484089,157.234381278666,150.101573954655,221.575235902033,"SPAG16"
"ENSG00000179085",139.374442443893,0.617774572325275,0.383739363396326,1.60988064101007,0.107423916005224,0.613581485122772,141.194668860322,48.0645556553447,96.5670335245927,135.829809456403,129.436378250404,105.220522336995,272.382397414911,229.140348326836,101.110088011122,134.798622601997,"DPM3"
"ENSG00000169084",164.719483419365,0.430903562216864,0.267795163948249,1.60907895371903,0.107599078608011,0.614285828957958,121.852933400004,109.11953175808,154.34218178717,159.373643095513,150.091119460574,179.550616097991,256.668028333282,242.562795509161,139.677853541137,133.956131210735,"DHRSX"
"ENSG00000126602",147.636028494226,-0.388533734176764,0.241511499048935,-1.6087587369827,0.107669106722447,0.614285828957958,184.713573646038,151.987919234468,147.739307700018,201.93365005852,195.53155012295,123.561714303994,113.492665589546,95.8746227308938,129.254133127619,132.27114842821,"TRAP1"
"ENSG00000174437",1208.33123238416,-0.533850886854512,0.331963575336697,-1.60816103487574,0.107799914585147,0.614285828957958,1054.12458258734,1021.04704716489,946.687072245366,2912.19111474529,987.296629846164,1083.09565194594,807.543966694848,951.076257490466,1366.54974621217,953.700254909131,"ATP2A2"
"ENSG00000151208",376.541192704162,-0.630270003340841,0.391980077952989,-1.60791335782231,0.107854155880901,0.614285828957958,368.46006051906,792.415647290818,406.076756359826,345.007716019265,520.499478496304,346.551995586982,137.06421921199,157.234381278666,388.80477142421,303.296900854494,"DLG5"
"ENSG00000151694",94.219938289508,-0.519988005313025,0.323393618068823,-1.60791053459306,0.10785477429288,0.614285828957958,79.3011153873043,96.1291113106894,78.4091297849257,206.461310373733,81.2419820933385,97.4979151929949,73.3337223809376,67.1122359116257,70.8812988119203,91.8315616476107,"ADAM17"
"ENSG00000093167",1250.70822868672,0.28327484438313,0.176252522411993,1.60721015794015,0.108008274484015,0.614285828957958,1279.45580070004,1014.55183694119,1211.62739499233,920.020576051372,1484.38740163761,1388.13863413393,1092.14865117325,1205.14400772734,1352.9989096746,1558.60907383559,"LRRFIP2"
"ENSG00000105991",19.8899765865142,0.70488895249704,0.438694623568795,1.60678730631059,0.10810103374604,0.614285828957958,19.3417354603181,5.19616817895618,21.4593407832428,10.8663847565123,28.9166376942391,26.0637991109986,16.5873895861645,20.1336707734877,20.8474408270354,29.4871986941869,"HOXA1"
"ENSG00000143878",1165.67368324799,-0.376198904602716,0.234156731073524,-1.60661153270282,0.108139611044651,0.614285828957958,1226.26602818417,1349.70468448387,1717.57262192032,1113.80443754251,846.844389617003,1417.09841092393,1042.38648241476,1005.72479244708,1223.74477654698,713.590208399323,"RHOB"
"ENSG00000204267",40.0508522665691,-0.804247900462842,0.500603805947704,-1.60655570514552,0.108151865882571,0.614285828957958,42.5518180126998,20.7846727158247,30.5382926530763,121.34129644772,19.2777584628261,43.4396651849978,29.682697154189,36.4323566377396,39.6101375713672,16.8498278252497,"TAP2"
"ENSG00000185761",185.778613494429,0.566129518610163,0.352479421052995,1.60613495369151,0.108244261383771,0.614285828957958,127.6554540381,239.023736231984,114.72493726426,96.8919307455677,199.662498364984,169.897357167991,245.318761774327,320.221239921185,100.06771596977,244.32250346612,"ADAMTSL5"
"ENSG00000173535",12.0976966592539,1.06820693654369,0.665099529917096,1.60608583902749,0.108255050857361,0.614285828957958,8.70378095714315,10.3923363579124,4.95215556536373,5.43319237825613,17.9007757154814,1.9306517859999,25.3175946315142,24.9274019100324,6.25423224811062,15.1648450427247,"TNFRSF10C"
"ENSG00000075568",216.787854925409,-0.352844126982139,0.219716943694216,-1.60590312722171,0.108295196326647,0.614285828957958,198.252788468261,244.219904410941,201.387659658125,353.157504586649,176.253791660124,201.75311163699,189.445449484089,192.707991689097,226.194732973334,184.505614686484,"TMEM131"
"ENSG00000142669",7305.90558184849,0.489919085108681,0.305102408428703,1.60575292614632,0.108328207355794,0.614285828957958,6787.01497302562,6974.55673820394,7444.74053326348,2311.82335694798,8657.09053255625,6759.21190278565,10251.0067642496,9502.13385885888,7250.73991964291,7120.73723895051,"SH3BGRL3"
"ENSG00000085415",416.817723792613,-0.437889146892597,0.272781050949861,-1.60527699914568,0.108432858668971,0.614285828957958,564.778675441289,558.58807923779,502.643789884419,352.251972523606,313.952066394596,505.830767931974,264.525212874096,252.150257782251,509.719928221015,343.736487635093,"SEH1L"
"ENSG00000181274",33.5451755807129,-0.53022397073891,0.330320747772859,-1.60517913062946,0.108454388834172,0.614285828957958,51.255598969843,45.4664715658666,42.0933223055917,25.3548977651953,38.5555169256522,22.2024955389988,31.428738163259,27.8036405919592,30.2287891992013,21.0622847815621,"FRAT2"
"ENSG00000187240",102.147600010774,-0.446159291910084,0.278052913682211,-1.6045841275377,0.10858535679909,0.614285828957958,106.37954503175,181.865886263466,103.995266872638,95.0808666194824,95.0118095667857,56.954227686997,100.397358021522,109.297069913219,82.3473912667898,90.1465788650857,"DYNC2H1"
"ENSG00000159346",1715.65957900696,0.29244103653734,0.18225895422789,1.60453590758389,0.108595976120721,0.614285828957958,1168.24082180321,1484.80505713673,1870.2640851857,1523.1049300378,1842.40291594723,2152.67674138989,1623.81813843505,2052.67567266844,1821.02395624154,1617.58347122397,"ADIPOR1"
"ENSG00000113569",143.754637736966,-0.435103618030048,0.271184723851116,-1.60445474896634,0.108613851271072,0.614285828957958,158.602230774609,215.640979426682,174.976163309518,132.207681204233,143.206205723851,162.174750023992,100.397358021522,80.5346830939508,163.652410492228,106.153915299073,"NUP155"
"ENSG00000174749",236.575563713956,-0.49012075665515,0.305549797270447,-1.60406179625554,0.108700431858841,0.614285828957958,307.533593819058,250.715114634636,339.222656227416,246.304721147611,148.71413671323,326.280151833983,154.52462930269,162.028112415211,293.948915661199,136.483605384522,"C4orf32"
"ENSG00000174099",1734.86499958154,0.334298682957506,0.208427254321981,1.60391060202269,0.108733759532938,0.614285828957958,1500.91867172069,1271.76216179953,1370.92173234486,1856.34072923751,1671.65705527649,2299.40627712588,1381.11843817432,1764.09305824845,2353.6760693723,1878.75580251534,"MSRB3"
"ENSG00000005889",377.522035585168,-0.513559194228133,0.320243264686025,-1.60365338122455,0.108790477166852,0.614285828957958,279.488077401597,749.547259814429,368.935589619598,443.710710890918,326.344911120699,248.088754500987,222.620228656418,275.160167237665,502.423323931553,358.901332677818,"ZFX"
"ENSG00000181555",456.303181096405,-0.327394355848288,0.204189251002901,-1.60338682981719,0.108849276905536,0.614285828957958,511.588902925414,602.755508758917,439.916486056478,524.303064501717,447.519392887034,418.951437561978,429.526088231206,300.087569147698,533.694485172106,354.688875721505,"SETD2"
"ENSG00000144401",122.343132743518,0.443297674551257,0.276512557138625,1.60317375506754,0.108896298071677,0.614285828957958,121.852933400004,85.736774952777,112.248859481578,82.4034177368847,132.190343745093,100.393892871995,137.937239716525,214.759154917202,101.110088011122,134.798622601997,"METTL21A"
"ENSG00000236548",10.6274979491167,0.906747311268758,0.565652777446558,1.60301044637658,0.108932347778341,0.614285828957958,6.76960741111134,1.29904204473905,9.07895186983351,9.96085269346958,20.6547412101708,12.5492366089993,6.98416403627977,11.5049547277073,11.4660924548695,16.0073364339872,"RNF217-AS1"
"ENSG00000269386",43.2006158806784,0.60860968648318,0.379691045124985,1.60290766479057,0.108955041220559,0.614285828957958,29.9796899634931,22.0837147605638,36.315807479334,42.5600069630064,50.9483616517546,48.2662946499975,57.6193532993081,79.5759368666419,20.8474408270354,43.8095523456491,"RAB11B-AS1"
"ENSG00000067606",11.6486501492248,0.906164493379731,0.565448469547026,1.60255892832401,0.109032067616858,0.614285828957958,10.637954503175,9.09329431317332,8.25359260893955,2.71659618912807,16.5237929681366,6.75728125099965,8.73020504534971,12.4637009550162,17.7203247029801,23.5897589553495,"PRKCZ"
"ENSG00000078967",241.568986169872,0.400183414907179,0.249755339019212,1.60230174249207,0.1090889005557,0.614285828957958,197.285701695245,220.837147605638,175.801522570412,217.327695130245,305.690169910528,216.233000031989,306.430197091775,297.211330465771,151.143945996007,327.729151201106,"UBE2D4"
"ENSG00000119787",94.0431652945574,-0.440986994038314,0.275246037528521,-1.60215564953453,0.109121194617435,0.614285828957958,77.3669418412724,88.3348590422551,111.423500220684,169.334495788983,67.4721546198913,97.4979151929949,72.4607018764026,93.9571302762759,83.3897633081416,79.1941907786734,"ATL2"
"ENSG00000122034",1380.6188121226,0.235639601132572,0.147166940437645,1.60117211400759,0.109338803400064,0.614285828957958,1286.22540811115,1234.08994250209,1358.54134343145,1112.89890547946,1321.90343745093,1549.34805826492,1637.78646650761,1602.06494583324,1268.5667743251,1434.76283932001,"GTF3A"
"ENSG00000121281",125.262981520379,-0.531545768814685,0.331991973866013,-1.60108017861061,0.109359161773602,0.614285828957958,142.161755633338,138.997498787078,138.660355830184,193.783861491135,145.96017121854,145.764209842992,55.8733122902382,69.0297283662435,144.889713747896,77.5092079961484,"ADCY7"
"ENSG00000120693",177.362856469843,-0.486515123418086,0.303895632702029,-1.6009283157258,0.109392797183876,0.614285828957958,148.931363044449,255.911282813592,310.335082096127,141.263001834659,169.368877923401,139.972254484993,92.5401734807069,145.729426550959,169.906642740338,199.670459729208,"SMAD9"
"ENSG00000198276",160.110044026314,-0.284103391725346,0.177496492880649,-1.60061411419763,0.109462414198605,0.614285828957958,183.746486873022,177.968760129249,165.897211439685,190.161733238965,147.337153965885,146.729535735992,178.969203429669,129.430740686707,133.423621293027,147.435993470935,"UCKL1"
"ENSG00000161800",212.37781431509,-0.927021809454541,0.579261772419178,-1.60035040044678,0.109520871766837,0.614285828957958,224.36413133969,494.935019045576,371.41166740228,96.8919307455677,72.9800856092701,278.013857183986,66.3495583446578,31.638625501195,304.372636074717,182.820631903959,"RACGAP1"
"ENSG00000149480",430.721945433536,-0.351599881869872,0.21973070865312,-1.60013993503716,0.109567543451962,0.614285828957958,584.120410901607,522.214901985096,428.361456403963,445.521775017003,382.801203761832,433.431325956978,420.795883185856,238.727810599926,458.643698194779,392.600988328317,"MTA2"
"ENSG00000116285",420.58371054987,0.691209489596128,0.432067774841599,1.5997709846552,0.109649397854334,0.614285828957958,403.275184347633,281.892123708373,264.114963486066,279.809407480191,257.495773753463,891.961125131954,288.969787001075,360.488581468161,957.939906002276,219.890253119508,"ERRFI1"
"ENSG00000110367",482.038618397849,-0.562601786046624,0.35173650022759,-1.59949787890251,0.109710019534475,0.614285828957958,352.01958537779,901.535179048898,480.359089840282,658.321809832035,356.638531562282,471.079035783976,163.25483434804,374.869774877795,518.05890455183,544.249438755564,"DDX6"
"ENSG00000083817",51.5044744144239,0.440512892972364,0.275422486810952,1.59940786997079,0.109730004750588,0.614285828957958,35.7822106015885,48.0645556553447,31.3636519139703,55.237455845604,44.063447915031,55.9889017939971,63.7304968310529,65.1947434570078,62.5423224811062,53.0769576495364,"ZNF416"
"ENSG00000151726",188.805046990886,-0.335674758002366,0.209884291923394,-1.59933244611218,0.109746753772256,0.614285828957958,266.91594935239,189.660138531901,172.500085526837,232.721740201971,202.416463859674,134.180299126993,161.50879333897,161.069366187902,187.626967443319,179.450666338909,"ACSL1"
"ENSG00000114698",254.567558312402,0.499058229264437,0.312057160933049,1.5992526105546,0.109764484680427,0.614285828957958,270.784296444454,175.370676039771,208.815893006171,161.184707221599,254.741808258773,194.99583038599,248.810843792467,344.189895603909,189.711711526022,497.069920844865,"PLSCR4"
"ENSG00000037042",291.330708984327,0.480387959581651,0.30039081762621,1.59920986725839,0.109773978592312,0.614285828957958,203.08822233334,236.425652142506,194.784785570973,307.880901434514,327.721893868043,244.227450928987,366.668611904688,538.815379747623,184.499851319263,309.194340593331,"TUBG2"
"ENSG00000117411",2043.81178812328,0.318842812762129,0.199411859514715,1.59891599997141,0.109839268389623,0.614285828957958,1602.46278288736,2129.1299113273,1803.40998505329,1584.68111032471,2332.60877400196,2206.73499139789,2416.5207565528,2868.56871210834,1718.87149618907,1775.12936139005,"B4GALT2"
"ENSG00000089505",12.3634268808508,-1.09168847952909,0.682904231946609,-1.5985967408889,0.109910234371377,0.614285828957958,12.5721280492068,32.4760511184761,24.7607778268187,2.71659618912807,11.0158619787578,10.6185848229995,1.74604100906994,5.75247736385363,13.550836537573,8.42491391262483,"CMTM1"
"ENSG00000176809",54.6255260300172,0.484134946058817,0.302863082508305,1.59852743374736,0.109925644981288,0.614285828957958,36.7492973746044,33.7750931632152,38.7918852620159,66.1038406021163,70.2261201145807,59.8502053659969,53.2542507766332,75.7409519574061,68.7965547292168,42.9670609543866,"LRRC37A3"
"ENSG00000163625",300.092341036052,-0.393103923238062,0.245919550550358,-1.5985061877281,0.109930369426786,0.614285828957958,280.455164174613,409.198244092799,297.954693182718,413.828152810509,247.85689452205,362.962535767981,173.731080402459,236.810318145308,268.931986668757,309.194340593331,"WDFY3"
"ENSG00000100997",414.791609422939,0.308758749257414,0.193161029166862,1.59845259982899,0.109942286400438,0.614285828957958,393.604316617474,296.181586200502,376.363822967644,384.851126793143,346.999652330869,398.679593808979,474.923154467024,561.825289203038,494.084347600739,420.403204239979,"ABHD12"
"ENSG00000142149",79.8403813958163,-0.815438296457379,0.51020841811632,-1.59824547675627,0.109988356401263,0.614285891676566,39.6505576936521,163.67929763712,89.9641594374411,137.640873582489,103.273706050854,59.8502053659969,66.3495583446578,67.1122359116257,9.38134837216593,61.5018715621613,"HUNK"
"ENSG00000167081",455.268589874668,0.434654846119778,0.272122891349407,1.59727409908224,0.110204621699112,0.615236098619112,346.217064739694,415.693454316495,410.203552664296,331.424735073624,705.015166640497,685.381384029964,395.478288554342,367.199805059323,318.965844653642,577.106603014801,"PBX3"
"ENSG00000198799",65.2609120332541,-0.707611302333303,0.443105471332312,-1.59693650409164,0.110279861691772,0.615398542001323,38.6834709206362,51.9616817895618,52.8229926972131,196.500457680264,44.063447915031,42.4743392919978,50.6351892630283,69.0297283662435,54.203346150292,52.234466258274,"LRIG2"
"ENSG00000131446",1249.18470452664,0.378336005435382,0.236985400680644,1.59645279561005,0.110387736802357,0.615490964832769,1104.41309478416,1123.67136869927,880.65833137385,1126.48188642511,1554.61352175219,1103.36749569894,1721.59643494296,1762.17556579383,857.872190032506,1256.99715576362,"MGAT1"
"ENSG00000152464",74.5611326509319,0.368117361044813,0.230585195184532,1.59644837887453,0.110388722192396,0.615490964832769,65.7619005650816,71.4473124606475,61.9019445670466,55.237455845604,90.8808613247515,73.3647678679962,104.762460544197,72.8647132754793,76.0931590186792,73.296751039836,"RPP38"
"ENSG00000183011",418.830664260454,0.415716594011012,0.260463621426824,1.59606394065209,0.110474518408079,0.615497169155119,359.756279561917,357.236562303238,365.634152576022,313.31409381277,436.503530908276,316.626892903984,638.177988815064,673.998597798183,368.999702638526,358.058841286555,"NAA38"
"ENSG00000111785",91.6275345772486,-0.373223044567186,0.233859164547766,-1.59593080428949,0.110504243119306,0.615497169155119,109.280805350797,111.717615847558,105.645985394426,97.7974628086104,85.3729303353726,105.220522336995,55.8733122902382,69.9884745935525,88.6016235149004,86.7766133000358,"RIC8B"
"ENSG00000119638",392.468668177921,-0.456060689183531,0.285783979181081,-1.59582314757594,0.110528283731462,0.615497169155119,401.341010801601,396.207823645409,361.507356271552,715.370329803724,362.146462551661,207.545066994989,273.255417919446,355.694850331616,381.508167134748,470.110196324466,"NEK9"
"ENSG00000105672",9.26806311587893,0.944900403153401,0.59230234515778,1.59530079676064,0.110644987529438,0.615889899282185,8.70378095714315,6.49521022369523,3.30143704357582,5.43319237825613,16.5237929681366,5.7919553579997,13.9683280725595,16.2986858642519,5.21186020675885,10.9523880864123,"ETV2"
"ENSG00000010295",238.252986618094,0.57886886505188,0.362950353284829,1.59489819974801,0.110735002279465,0.615944387687351,186.64774719207,157.184087413425,113.074218742472,277.998343354106,373.162324530419,121.631062517994,226.112310674558,386.374729605502,194.923571732781,345.421470417618,"IFFO1"
"ENSG00000109184",470.256100154473,-0.385162423276606,0.24150477563356,-1.59484392085488,0.110747142661338,0.615944387687351,576.38371671748,461.159925882361,541.435675146435,609.42307842773,322.213962878664,472.044361676976,307.30321759631,380.622252241648,641.058805431338,390.916005545792,"DCUN1D4"
"ENSG00000162368",3127.96780080249,0.24092932219211,0.151180906804433,1.59364914052126,0.111014641537477,0.61691761424389,2824.86046397946,2531.8329451964,3225.50399157358,2697.58001580417,3447.96479935118,3591.01232195981,2682.79201043597,3373.82797390015,3629.53944798686,3274.76403783727,"CMPK1"
"ENSG00000062650",370.293226466424,-0.425864899549056,0.267367652891993,-1.59280636585118,0.111203636617503,0.6172165178604,500.950948422239,504.02831335875,438.26576753469,306.069837308429,385.555169256522,355.239928623982,219.128146638278,208.04793132604,406.52509612719,379.121126068117,"WAPL"
"ENSG00000164331",175.883029078984,0.346477364650358,0.217560180903089,1.59255872656538,0.111259218817131,0.6172165178604,137.326321768259,136.3994146976,155.992900308958,174.767688167239,209.301377596397,173.758660739991,240.080638747117,214.759154917202,134.465993334378,181.978140512696,"ANKRA2"
"ENSG00000157764",263.167844570824,-0.373729196770011,0.234680182788686,-1.59250428531722,0.111271440998594,0.6172165178604,256.277994849215,362.432730482194,278.146070921263,323.27494650624,223.071205069845,247.123428607987,158.889731825365,195.584230371023,318.965844653642,267.91226242147,"BRAF"
"ENSG00000107077",169.311402570054,-0.320798848399541,0.201490936551531,-1.59212545184383,0.111356519302983,0.6172165178604,171.174358823815,187.062054442423,164.246492917897,246.304721147611,179.007757154814,140.937580377993,154.52462930269,135.18321805056,142.804969665192,171.868243817547,"KDM4C"
"ENSG00000128536",93.6103662204241,0.685815523365745,0.430759728580236,1.59210687040351,0.111360693637557,0.6172165178604,97.6757640746064,61.0549761027352,77.5837705240318,38.0323466477929,122.55146451368,81.0873750119958,128.334014166641,115.049547277073,30.2287891992013,184.505614686484,"CDHR3"
"ENSG00000038532",159.325210388832,-0.416615242709924,0.261720361878456,-1.59183351161421,0.111422118168766,0.6172165178604,209.857829744451,216.940021471421,160.119696613427,162.995771347684,169.368877923401,159.278772344992,102.143399030592,90.1221453670402,187.626967443319,134.798622601997,"CLEC16A"
"ENSG00000167930",242.076763384262,0.56535662900361,0.355225906779968,1.59154109599838,0.111487854420389,0.6172165178604,248.541300665088,131.203246518644,122.153170612305,249.926849399782,206.547412101708,217.198325924989,418.176821672251,441.023264562111,211.601524394409,174.395717991334,"FAM234A"
"ENSG00000119801",1537.45500671138,0.381081769285665,0.239465973643968,1.5913817044097,0.111523699200441,0.6172165178604,1527.03001459211,1235.38898454683,1717.57262192032,725.331182497194,1685.42688274994,1675.80575024791,1548.73837504504,1596.31246846938,1655.28680166661,2007.6569853785,"YPEL5"
"ENSG00000119392",244.408992928529,-0.356170861781305,0.223866672069921,-1.59099547283243,0.111610594611634,0.6172165178604,250.47547421112,319.564343005805,304.557567269869,251.737913525868,165.237929681366,306.973633973984,184.207326456879,190.790499234479,243.915057676314,226.630184249608,"GLE1"
"ENSG00000141646",571.149250031019,-0.230377266782699,0.144826110653831,-1.59071638216782,0.111673418416063,0.6172165178604,626.672228914307,704.080788248563,548.038549233586,628.439251751626,560.431978169301,566.646299190971,486.272421025979,497.589291973339,574.346994784825,518.97469701769,"SMAD4"
"ENSG00000147874",160.529487851926,-0.540968160283238,0.340084011502344,-1.59068977660395,0.111679408832108,0.6172165178604,242.738780026992,228.631399874072,205.514455962595,114.097039943379,89.5038785774068,167.966705381991,85.5560094444272,93.9571302762759,214.728640518465,162.600838513659,"HAUS6"
"ENSG00000165480",104.769319055003,-0.987243772902473,0.620665286085579,-1.59062186179098,0.111694701444314,0.6172165178604,126.688367265084,203.94960102403,198.086222614549,67.9149047282017,22.0317239575155,158.313446451992,32.3017586677939,14.3811934096341,170.94901478169,53.0769576495364,"SKA3"
"ENSG00000087087",349.240603360297,-0.477559559365527,0.300252627790339,-1.59052582780057,0.111716328568269,0.6172165178604,293.027292223819,293.583502111024,322.715471009536,771.513317712371,291.920342437081,276.083205397986,363.176529886548,287.623868192681,279.355707082274,313.406797549644,"SRRT"
"ENSG00000168566",135.380609214614,-0.371194676877504,0.233540255386052,-1.5894248135676,0.11196451619718,0.618171903378053,181.81231332699,119.511868115992,157.643618830745,166.617899599855,130.813360997748,132.249647340993,89.0480914625671,97.7921151855117,155.313434161414,123.003743124323,"SNRNP48"
"ENSG00000102901",164.831447722484,-0.572487617248914,0.360229378102118,-1.58923078474356,0.112008298686433,0.618171903378053,100.577024393654,183.164928308205,139.485715091078,397.52857567574,108.781637040233,109.081825908994,147.54046526641,177.368052052154,140.720225582489,144.066027905885,"CENPT"
"ENSG00000163637",179.371764295252,-0.469559431148089,0.295479817038477,-1.58914214803018,0.112028304001256,0.618171903378053,245.64004034604,170.174507860815,154.34218178717,289.77026017366,213.432325838432,93.6366116209951,171.985039393389,120.802024640926,194.923571732781,139.01107955831,"PRICKLE2"
"ENSG00000112855",159.462755818309,-0.47118117554855,0.296588262273984,-1.58867101461109,0.11213468616416,0.618284062752724,146.030102725402,137.698456742339,143.612511395548,337.763459514923,154.222067702609,111.977803587994,127.460993662106,141.894441641723,149.059201913303,144.908519297147,"HARS2"
"ENSG00000151466",58.9208520851871,-0.398395937443361,0.250826313731008,-1.58833390132508,0.112210855400547,0.618284062752724,69.6302476571452,79.2415647290818,75.9330520022439,50.7097955303906,55.0793098937888,55.9889017939971,46.2700867403535,52.7310425019916,61.4999504397544,42.1245695631242,"SCLT1"
"ENSG00000064995",224.414717266503,0.269589740968037,0.169796109604976,1.58772625353565,0.11234825374461,0.618284062752724,216.627437155563,187.062054442423,205.514455962595,189.256201175922,238.218015290637,243.262125035987,247.937823287932,218.594139826438,288.73705545444,208.937865033096,"TAF11"
"ENSG00000221923",153.945146328859,0.540275482271552,0.340291133264502,1.58768604132746,0.112357351010147,0.618284062752724,130.556714357147,149.38983514499,94.0909557419109,110.474911691208,121.174481766335,286.701790220985,99.5243375169867,155.316888824048,261.635382379294,130.586165645685,"ZNF880"
"ENSG00000013588",77.0640426528594,0.857576957123025,0.54014995185921,1.58766459974906,0.112362202006603,0.618284062752724,25.1442560984135,58.4568920132571,19.8086222614549,104.136187249909,50.9483616517546,58.8848794729969,46.2700867403535,223.387870962983,87.5592514735486,96.0440186039231,"GPRC5A"
"ENSG00000127980",66.2005610519981,-0.657427074531501,0.414089639242451,-1.58764434612327,0.112366784389351,0.618284062752724,63.8277270190498,49.3635977000837,49.5215556536373,176.578752293324,39.9324996729969,76.260745546996,42.7780047222136,54.6485349566095,41.6948816540708,67.3993113009986,"PEX1"
"ENSG00000102081",360.253699358521,-0.292112743086057,0.183994552813914,-1.58761625612629,0.112373139994947,0.618284062752724,493.214254238112,352.040394124281,430.012174925751,343.196651893179,322.213962878664,339.794714335982,280.239581955726,300.087569147698,375.253934886637,366.48375519918,"FMR1"
"ENSG00000156299",45.5633345903264,-0.751116361914909,0.473344852739698,-1.58682693509285,0.112551846641357,0.618465962685821,78.3340286142883,53.2607238343009,44.5694000882736,64.2927764760309,37.1785341783074,27.0291250039986,14.8413485770945,22.0511632281056,89.6439955562522,24.432250346612,"TIAM1"
"ENSG00000228502",55.4795831450153,0.670196536872697,0.422403337251763,1.58662699313202,0.112597150152997,0.618465962685821,25.1442560984135,16.8875465816076,64.3780223497285,56.1429879086467,83.9959475880279,42.4743392919978,69.8416403627977,83.4109217758776,77.1355310600309,35.3846384330243,"EEF1A1P11"
"ENSG00000111271",77.7042766812728,-0.628154571709786,0.395915605312169,-1.58658704855673,0.112606202649748,0.618465962685821,76.3998550682565,58.4568920132571,56.1244297407889,202.839182121562,74.3570683566149,54.0582500079972,68.9686198582627,84.3696680031865,45.8643698194779,55.6044318233239,"ACAD10"
"ENSG00000167671",2519.80434850775,0.432468522905906,0.272604669918543,1.58643108731458,0.112641553083631,0.618465962685821,2345.18542456357,2453.89042251206,2249.10398593603,1284.04446539453,3238.66342175478,2345.74191998988,3680.65444711944,3597.21584486314,1959.65943774133,2043.88411520278,"UBXN6"
"ENSG00000237380",28.7372385861467,-0.710207832274166,0.44772619751307,-1.58625480532314,0.112681519983752,0.618465962685821,31.9138635095249,23.3827568053028,16.5071852178791,77.8757574216713,24.785689452205,18.341191966999,25.3175946315142,23.9686556827235,20.8474408270354,24.432250346612,"HOXD-AS2"
"ENSG00000103197",292.695434707709,-0.356660029233343,0.224867765098145,-1.58608784624011,0.112719383487349,0.618465962685821,307.533593819058,353.33943616902,260.81352644249,425.600069630064,346.999652330869,293.459071471985,260.160110351421,240.645303054543,194.923571732781,243.480012074858,"TSC2"
"ENSG00000075856",165.693259418924,-0.406363799938386,0.256238758706682,-1.58587952107414,0.112766642183599,0.618465962685821,130.556714357147,171.473549905554,173.325444787731,301.542176993215,140.452240229161,135.145625019993,133.572137193851,143.811934096341,167.821898657635,159.230872948609,"SART3"
"ENSG00000258441",70.320852854554,-0.895312078212253,0.564616433417284,-1.5856996453211,0.112807459674985,0.618465962685821,58.0252063809543,53.2607238343009,34.6650889575461,243.588124958483,12.3928447261025,61.7808571519968,36.6668611904688,56.5660274112273,72.9660428946239,73.296751039836,"LINC00641"
"ENSG00000188931",35.4335411596453,-0.683435911348217,0.431029924007979,-1.58558808398548,0.112832781076563,0.618465962685821,43.5189047857157,61.0549761027352,47.0454778709554,31.6936222064941,33.0475859362733,36.6823839339981,12.2222870634896,11.5049547277073,35.4406494059602,42.1245695631242,"CFAP126"
"ENSG00000108671",394.574074863954,-0.427050477553241,0.269400157713513,-1.58519015422173,0.112923136843565,0.618465962685821,513.523076471446,533.906280387748,494.390197275479,324.180478569283,231.333101553913,350.413299158982,261.906151360491,297.211330465771,498.253835766146,440.622997630279,"PSMD11"
"ENSG00000104320",273.675424341334,-0.4787246689121,0.302012247488484,-1.5851167391162,0.112939813044925,0.618465962685821,438.090308176205,315.667216871588,367.28487109781,196.500457680264,251.987842764084,255.811361644987,151.03254728455,165.863097324446,354.406494059602,240.110046509808,"NBN"
"ENSG00000106144",145.691889477077,-0.511210965743809,0.322527292950924,-1.58501614256129,0.112962666649371,0.618465962685821,143.128842406354,239.023736231984,169.198648483261,159.373643095513,86.7499130827173,184.37724556299,68.9686198582627,92.039637821658,161.567666409524,152.490941818509,"CASP2"
"ENSG00000133706",507.931486846545,-0.429957537576331,0.271369007618518,-1.5844017758312,0.113102318069084,0.618532495965579,466.135824593666,458.561841792883,478.708371318494,999.707397599129,382.801203761832,573.40358044197,427.780047222136,369.117297513941,455.516582070723,467.582722150678,"LARS"
"ENSG00000131051",1285.39515147799,-0.565820032291845,0.357123931653294,-1.58438004888779,0.113107259300073,0.618532495965579,938.074169825428,950.898776748982,1130.74218742472,3364.05161420359,1068.5386119395,950.846004604951,1275.48295712559,1187.88657563577,1124.71943261856,862.711184652783,"RBM39"
"ENSG00000165684",78.1020988874886,-0.575895386214876,0.363550295161579,-1.58408724701742,0.113173866101578,0.618532495965579,63.8277270190498,96.1291113106894,56.9497890016829,172.051091978111,86.7499130827173,54.0582500079972,77.6988249036124,76.699698184715,43.7796257367743,53.0769576495364,"SNAPC4"
"ENSG00000172795",230.363530456759,-0.384870358900353,0.242965210181883,-1.58405542345853,0.113181107211588,0.618532495965579,192.450267830165,339.049973676891,269.892478312323,270.754086849764,210.678360343742,212.371696459989,170.238998384319,189.83175300717,290.821799537144,157.545890166084,"DCP2"
"ENSG00000106605",170.680766911622,0.431734845208096,0.272614429609817,1.58368302743924,0.113265869069295,0.618532495965579,175.042705915879,115.614741981775,141.136433612866,132.207681204233,218.94025682781,200.78778574399,146.667444761875,113.132054822455,192.838827650077,270.439736595257,"BLVRA"
"ENSG00000137691",52.4810569630782,0.484180994280344,0.305774732511345,1.58345652141934,0.113317449046464,0.618532495965579,47.3872518777794,33.7750931632152,51.1722741754252,36.2212825217076,75.7340511039596,53.0929241149972,66.3495583446578,77.658444412024,39.6101375713672,43.8095523456491,"C11orf70"
"ENSG00000153558",10.1600804117113,1.17367234614926,0.741225340248243,1.5834217779929,0.113325362460225,0.618532495965579,6.76960741111134,3.89712613421714,1.65071852178791,10.8663847565123,12.3928447261025,10.6185848229995,6.1111435317448,21.0924170007966,2.08474408270354,26.117233129137,"FBXL2"
"ENSG00000168405",119.060931766412,0.74202326755163,0.468789136878593,1.5828508153844,0.113455471403427,0.618532495965579,66.7289873380975,37.6722192974323,36.315807479334,198.311521806349,96.3887923141304,123.561714303994,153.651608798155,218.594139826438,91.7287396389557,167.655786861234,"CMAHP"
"ENSG00000183765",66.4343594989884,0.510400982517398,0.322469567086579,1.58278806626227,0.113469777625382,0.618532495965579,56.0910328349225,37.6722192974323,54.473711219001,63.3872444129882,66.0951718725465,63.7115089379967,117.857768112221,75.7409519574061,41.6948816540708,87.6191046912982,"CHEK2"
"ENSG00000253159",22.2289140287789,-0.838072822444722,0.529509482209819,-1.58273430524259,0.113482035772972,0.618532495965579,29.0126031904772,61.0549761027352,9.90431113072746,21.7327695130245,13.7698274734472,28.9597767899985,13.0953075680246,10.5462085003983,11.4660924548695,22.747267564087,"PCDHGA12"
"ENSG00000140545",366.78989759769,0.900452108738641,0.568972280497615,1.58259398498486,0.113514035363793,0.618532495965579,202.121135560324,275.396913484678,66.0287408715164,421.977941377893,327.721893868043,146.729535735992,359.684447868408,1315.39982386786,229.321849097389,323.516694244794,"MFGE8"
"ENSG00000169609",173.041218439095,0.335389137512412,0.211933840687953,1.58251809349424,0.113531345139367,0.618532495965579,149.898449817465,133.801330608122,170.024007744155,143.979598023788,194.154567375605,162.174750023992,234.842515719907,226.264109644909,145.932085789248,169.340769643759,"C15orf40"
"ENSG00000151914",1078.93530112391,-0.505983740825987,0.319833057906465,-1.58202452284955,0.113643972358027,0.618721394609658,1078.30175191273,2370.75173164876,619.019445670466,1180.81381020767,783.503183239146,986.563062645949,783.099392567869,934.777571626215,919.372140472261,1133.15092124804,"DST"
"ENSG00000165792",102.058372360063,-0.555445987442636,0.351139508750632,-1.58183848185849,0.113686447628778,0.618721394609658,109.280805350797,67.5501863264304,85.0120038720774,242.682592895441,83.9959475880279,100.393892871995,71.5876813718676,92.998384048967,76.0931590186792,90.9890702563482,"METTL17"
"ENSG00000168792",74.6007781859036,0.420047700889214,0.265566253511823,1.58170586561562,0.113716733054852,0.618721394609658,70.5973344301611,75.3444385948647,56.9497890016829,46.1821352151771,79.8649993459938,79.1567232259959,103.889440039662,100.668353867438,58.3728343156991,74.981733822361,"ABHD15"
"ENSG00000150760",520.100872692136,-0.436074175485826,0.275744432474357,-1.58144326459385,0.113776721709312,0.618721394609658,682.763261749229,698.884620069607,658.636690193376,425.600069630064,600.364477842298,470.113709890976,301.192074064565,280.912644601519,557.669042123197,524.872136756527,"DOCK1"
"ENSG00000100644",2484.54119220008,-0.550651333746318,0.348215919243059,-1.58135025803331,0.113797974130426,0.618721394609658,2594.69381200167,3659.40144002989,3814.81050385186,2206.78163763503,1251.67731733635,1959.6115627899,1288.57826469362,1368.13086636985,3421.06503971651,3280.66147757611,"HIF1A"
"ENSG00000259673",52.7325706386582,0.717264381533555,0.453642645265682,1.58112203299026,0.113850137835594,0.618752766223845,31.9138635095249,40.2703033869104,43.7440408273796,36.2212825217076,72.9800856092701,20.2718437529989,89.921111967102,109.297069913219,27.101673075146,55.6044318233239,"IQCH-AS1"
"ENSG00000189339",611.782277589815,-0.384102467422388,0.243005746688336,-1.58063120998951,0.113962385395882,0.618866849308864,746.590988768279,915.824641541027,467.153341665979,718.086925992852,458.535254865792,528.998589363973,541.272712811682,748.780803528281,580.601227032936,411.978290327354,"SLC35E2B"
"ENSG00000254635",521.744313757996,0.309679640555817,0.195932005808443,1.58054647211942,0.113981773132164,0.618866849308864,501.918035195255,397.506865690148,481.184449101176,444.61624295396,457.158272118447,569.54227686997,708.892649682397,515.805470292209,461.770814318834,679.048061357561,"WAC-AS1"
"ENSG00000205221",31.1327914286432,1.08834973799241,0.688699775648352,1.58029634461231,0.114039016600947,0.618866849308864,5.80252063809543,15.5885045368685,13.2057481743033,39.8434107738783,8.26189648406832,55.0235759009971,91.667152976172,13.4224471823251,14.5932085789248,53.9194490407989,"VIT"
"ENSG00000157224",127.604111268555,-0.632935330748521,0.400546720388904,-1.58017853731016,0.114065985483956,0.618866849308864,107.346631804766,84.437732908038,109.772781698896,346.81878014535,77.1110338513043,107.151174122994,75.0797633900075,142.853187869032,112.576180465991,112.893846429173,"CLDN12"
"ENSG00000151014",34.9315613475473,-0.626381919672059,0.396540146814562,-1.5796179143621,0.114194394170049,0.618866849308864,45.4530783317476,61.0549761027352,36.315807479334,34.4102183956222,34.424568683618,47.3009687569975,17.4604100906994,13.4224471823251,33.3559053232566,26.117233129137,"NOCT"
"ENSG00000144485",12.9684460458014,0.751650625872692,0.475889861022084,1.57946341672073,0.114229801296846,0.618866849308864,7.73669418412724,14.2894624921295,9.90431113072746,5.43319237825613,11.0158619787578,17.3758660739991,18.3334305952344,21.0924170007966,13.550836537573,10.9523880864123,"HES6"
"ENSG00000176340",989.80604132817,0.444948636326439,0.281736437639526,1.57930809395602,0.114265406232548,0.618866849308864,891.654004720665,911.92751540681,1063.88808729231,386.662190919228,1123.61792183329,1029.03740193795,1410.80113532851,1273.21498986627,949.600929671462,857.656236305208,"COX8A"
"ENSG00000157107",147.450408260176,-0.485104184689294,0.307233135400758,-1.57894487538435,0.114348701622684,0.618866849308864,163.437664639688,154.586003323946,170.024007744155,223.666419571544,112.912585282267,126.457691982993,62.8574763265179,106.420831231292,155.313434161414,198.827968337946,"FCHO2"
"ENSG00000076706",13.7387908796536,1.07800431890865,0.682762064390978,1.57888725096381,0.114361920780484,0.618866849308864,5.80252063809543,9.09329431317332,10.7296703916214,7.24425650434151,13.7698274734472,14.4798883949993,8.73020504534971,5.75247736385363,54.203346150292,7.58242252136235,"MCAM"
"ENSG00000114841",62.2087617660712,-0.759754975465917,0.481249172233744,-1.57871435277379,0.114401591191189,0.618866849308864,47.3872518777794,68.8492283711694,25.5861370877126,187.445137049837,74.3570683566149,49.2316205429974,36.6668611904688,45.0610726835201,52.1186020675885,35.3846384330243,"DNAH1"
"ENSG00000166225",428.581124347255,-0.341307897159455,0.216198593954185,-1.57867769127019,0.114410004335978,0.618866849308864,469.037084912714,555.989995148312,487.787323188327,449.143903269174,442.011461897655,507.761419717974,261.033130855956,346.107388058527,423.203048788818,343.736487635093,"FRS2"
"ENSG00000168214",1114.34866322699,-0.395801059324388,0.250768772225548,-1.57835066867255,0.114485071589118,0.61892476683586,1161.4712143921,1800.47227400832,1480.69451404376,766.080125334115,805.534907196661,863.966674234955,1080.79938461429,987.508614128206,965.236510291739,1231.72241402575,"RBPJ"
"ENSG00000134698",300.167552020594,-0.547068696280734,0.346802150603307,-1.57746627386548,0.114688276463054,0.619324196186961,248.541300665088,244.219904410941,286.399663530202,700.881816795041,327.721893868043,337.864062549982,172.858059897924,200.377961507568,259.550638296591,223.260218684558,"AGO4"
"ENSG00000174173",71.7852383875541,0.359663782612506,0.228066731468992,1.57701116816069,0.114792955343109,0.619324196186961,58.9922931539702,61.0549761027352,67.6794593933043,57.9540520347321,74.3570683566149,83.0180267979957,75.0797633900075,71.9059670481704,66.7118106465133,101.098966951498,"TRMT10C"
"ENSG00000254726",15.5227621504377,-0.862737218794481,0.547148454847152,-1.57678818454397,0.114844271243686,0.619324196186961,22.2429957793658,16.8875465816076,16.5071852178791,28.977026017366,15.1468102207919,7.7226071439996,2.61906151360491,7.6699698184715,23.9745569510907,13.4798622601997,"MEX3A"
"ENSG00000119778",48.8029444321066,-0.675892013871456,0.428657907087752,-1.57676320136815,0.114850021822342,0.619324196186961,46.4201651047635,44.1674295211276,44.5694000882736,115.908104069464,48.1943961570652,21.2371696459989,23.5715536224442,32.5973717285039,66.7118106465133,44.6520437369116,"ATAD2B"
"ENSG00000168259",502.835554652905,0.287172670369256,0.18216233827123,1.57646565747126,0.114918527312476,0.619324196186961,458.399130409539,323.461469140022,491.088760231903,501.66476292565,542.53120245382,581.12618758597,606.749250651805,494.713053291412,557.669042123197,470.952687715728,"DNAJC7"
"ENSG00000109689",58.5697568829463,-0.397947167053768,0.252456254545638,-1.57630147753709,0.114956341299415,0.619324196186961,70.5973344301611,64.9521022369523,60.2512260452587,77.8757574216713,46.8174134097205,52.1275982219973,42.7780047222136,55.6072811839184,70.8812988119203,43.8095523456491,"STIM2"
"ENSG00000077585",164.007685241393,0.358666027718919,0.227557270783997,1.57615718664237,0.11498958251566,0.619324196186961,119.918759853972,141.595582876556,126.279966916775,173.862156104196,139.075257481817,167.966705381991,187.699408475019,248.315272873015,158.440550285469,176.923192165121,"GPR137B"
"ENSG00000181090",234.266554006392,-0.370815580406688,0.235303847289346,-1.57590105167599,0.115048608589581,0.619324196186961,258.212168395247,380.61931910854,247.607778268187,199.217053869392,232.710084301258,236.504843784988,215.636064620138,148.605665232885,205.347292146299,218.205270336983,"EHMT1"
"ENSG00000070669",590.937009706492,-0.542842453470045,0.344711900037483,-1.57477143496067,0.115309212130085,0.619324196186961,440.024481722237,680.69803144326,729.617586630256,1061.28357788603,311.198100899907,850.452111732956,395.478288554342,376.787267332413,697.346895664334,366.48375519918,"ASNS"
"ENSG00000105700",1081.72276208816,0.288986269300868,0.183517683099026,1.57470530589105,0.115324482534643,0.619324196186961,889.719831174633,1019.74800512015,1130.74218742472,778.757574216713,1159.41947326425,1173.83628588794,1436.99175046456,1235.82388700122,1030.9059488969,961.282677430493,"KXD1"
"ENSG00000235314",17.7247787748221,0.751184847789738,0.477086261559992,1.57452626142176,0.11536583513984,0.619324196186961,10.637954503175,16.8875465816076,11.5550296525154,11.771916819555,16.5237929681366,13.5145625019993,28.809676649654,29.7211330465771,8.33897633081416,29.4871986941869,"LINC00957"
"ENSG00000068697",1136.36080911153,0.445731117263109,0.283104175435152,1.57444204621139,0.115385289749124,0.619324196186961,991.263942341303,637.829643966871,863.325786895077,1241.48445843153,1109.84809435984,976.909803715949,1718.97737342936,1789.02046015848,805.753587964918,1229.19493985196,"LAPTM4A"
"ENSG00000198146",209.075225498961,-0.644720958075733,0.409524443477095,-1.57431618147548,0.115414370650745,0.619324196186961,308.500680592074,355.937520258499,272.368556095005,130.396617078147,183.138705396848,217.198325924989,53.2542507766332,107.379577458601,219.940500725223,242.637520683595,"ZNF770"
"ENSG00000100297",110.254465113197,-0.699957420430398,0.444627983409489,-1.57425408779491,0.115428719446607,0.619324196186961,90.9061566634951,223.435231695116,161.770415135215,97.7974628086104,53.7023271464441,159.278772344992,81.1909069217523,25.8861481373413,116.745668631398,91.8315616476107,"MCM5"
"ENSG00000163161",222.823274168094,-0.373253659712023,0.23710088464156,-1.57423984425994,0.115432011083608,0.619324196186961,203.08822233334,287.088291887329,190.657989266504,352.251972523606,196.908532870295,203.683763422989,166.74691636618,176.409305824845,201.177803980892,250.219943204957,"ERCC3"
"ENSG00000197956",15010.0403702499,0.52766298775572,0.335211149189502,1.5741212338299,0.115459424454666,0.619324196186961,14211.3401294687,12851.4229486034,13230.5089521301,7170.90840723505,23472.0479112381,11920.8094526564,26147.8371313269,20612.0851409149,9814.97514136826,10668.4684875568,"S100A6"
"ENSG00000205981",330.18903006637,0.259500035056373,0.164854126839399,1.57411913205654,0.115459910264955,0.619324196186961,318.171548322233,280.593081663634,309.509722835233,272.565150975849,345.622669583525,371.650468804981,386.748083508992,404.590907924372,311.669240364179,300.769426680706,"DNAJC19"
"ENSG00000178852",13.2894789831985,-0.896086219977195,0.569563021291147,-1.5732872157779,0.115652328182277,0.619324196186961,15.4733883682545,10.3923363579124,7.4282333480456,39.8434107738783,15.1468102207919,5.7919553579997,8.73020504534971,7.6699698184715,11.4660924548695,10.9523880864123,"EFCAB13"
"ENSG00000123219",96.0620506442194,-0.99940115788887,0.635264118792365,-1.57320573966735,0.115671186729846,0.619324196186961,117.98458630794,187.062054442423,191.483348527398,52.520859656476,24.785689452205,166.036053595991,38.4129021995387,8.62871604578044,128.211761086268,45.4945351281741,"CENPK"
"ENSG00000161642",105.474905094227,0.777468898517589,0.494371926309667,1.57263966083421,0.115802278695689,0.619324196186961,64.7948137920657,93.5310272212113,49.5215556536373,87.8366101151408,165.237929681366,41.5090133989979,243.572720765257,146.688172778268,32.3135332819049,129.743674254422,"ZNF385A"
"ENSG00000170619",186.713627885414,0.417256267155225,0.265390510211815,1.57223506907689,0.115896045188823,0.619324196186961,167.306011731752,176.66971808451,181.57903739667,96.8919307455677,183.138705396848,233.608866105988,300.31905356003,162.986858642519,179.287991112504,185.348106077746,"COMMD5"
"ENSG00000163808",38.6275886556693,-0.790401406784974,0.502743683952824,-1.57217570705303,0.115909807701863,0.619324196186961,57.0581196079384,72.7463545053866,60.2512260452587,17.2051091978111,16.5237929681366,56.954227686997,13.0953075680246,19.1749245461788,43.7796257367743,29.4871986941869,"KIF15"
"ENSG00000056586",893.112201088163,-0.354787517282677,0.225687822077178,-1.57202774175981,0.115944117620096,0.619324196186961,811.385802560345,1167.8387982204,979.701442681125,1150.93125212726,839.959475880279,1008.76555818495,625.955701751574,620.308809068883,1041.32966931042,684.945501096399,"RC3H2"
"ENSG00000144366",83.6868609119931,0.858285541591172,0.545994235312164,1.57196813827249,0.115957940621464,0.619324196186961,58.9922931539702,41.5693454316495,88.3134409156532,36.2212825217076,17.9007757154814,54.0582500079972,75.0797633900075,126.55450200478,89.6439955562522,248.534960422433,"GULP1"
"ENSG00000178814",45.3620127490057,-0.707373577796441,0.450092060113438,-1.57161976511685,0.116038759835367,0.619324196186961,41.5847312396839,44.1674295211276,25.5861370877126,124.963424699891,35.8015514309627,28.9597767899985,39.2859227040737,57.5247736385363,27.101673075146,28.6447073029244,"OPLAH"
"ENSG00000188958",8.29406155299553,1.38077351290243,0.878693278953018,1.57139418950337,0.11609111481099,0.619324196186961,0,10.3923363579124,3.30143704357582,3.62212825217076,15.1468102207919,1.9306517859999,6.98416403627977,18.2161783188698,3.12711612405531,20.2197933902996,"UTS2B"
"ENSG00000123200",420.807625844846,0.460446345691698,0.293051493058722,1.57121310280932,0.116133157561269,0.619324196186961,341.381630874615,271.499787350461,334.270500662052,426.505601693107,324.967928373354,382.26905362798,809.290007703918,395.003445651282,353.36412201825,569.524180493439,"ZC3H13"
"ENSG00000138780",77.9205858250328,-0.58983909461235,0.375410269769171,-1.57118529275991,0.116139615257495,0.619324196186961,74.4656815222247,138.997498787078,125.454607655881,51.6153275934333,56.4562926411335,90.7406339419953,37.5398816950038,46.978565138138,97.9829718870663,58.9743973883738,"GSTCD"
"ENSG00000170653",209.852484930352,-0.356996370484219,0.227285686903458,-1.57069446540141,0.116253635393474,0.619324196186961,235.969172615881,218.23906351616,245.957059746399,265.320894471508,206.547412101708,222.990281282988,116.111727103151,166.821843551755,229.321849097389,191.245545816584,"ATF7"
"ENSG00000129083",544.951407186985,-0.373923958838129,0.238086321508599,-1.57053944329441,0.116289665596971,0.619324196186961,510.621816152398,462.4589679271,581.052919669344,970.730371581763,508.106633770202,438.257955421977,450.478580340045,441.023264562111,513.889416386422,572.894146058489,"COPB1"
"ENSG00000165338",99.497301881699,-0.574868059183378,0.366037648736081,-1.57051620555531,0.116295067263195,0.619324196186961,90.9061566634951,88.3348590422551,103.995266872638,211.894502751989,75.7340511039596,102.324544657995,43.6510252267486,74.7822057300972,133.423621293027,69.9267854747861,"HECTD2"
"ENSG00000184436",170.975734134179,0.424032582198935,0.27002704689439,1.57033373906717,0.116337488872342,0.619324196186961,154.733883682545,153.286961279207,169.198648483261,90.5532063042689,205.170429354363,179.550616097991,271.509376910376,195.584230371023,129.254133127619,160.915855731134,"THAP7"
"ENSG00000235257",34.3537050082798,0.58853927528138,0.374847726116421,1.57007561811537,0.116397520140689,0.619324196186961,19.3417354603181,22.0837147605638,26.4114963486066,37.1268145847502,56.4562926411335,25.0984732179987,41.0319637131436,51.7722962746827,22.9321849097389,41.2820781718617,"ITGA9-AS1"
"ENSG00000102181",500.039668710528,0.409182870291467,0.260632599877599,1.5699604365825,0.11642431579644,0.619324196186961,382.966362114299,340.34901572163,352.428404401719,594.934565419047,563.18594366399,487.489575964975,506.351892630283,862.871604578044,456.558954112075,453.260368499216,"CD99L2"
"ENSG00000162616",507.130786994395,0.539751138272489,0.343809702044135,1.56991246920426,0.11643547628322,0.619324196186961,475.806692323825,322.162427095283,563.720375190571,232.721740201971,396.571031235279,553.131736688971,402.462452590622,428.559563607095,651.482525844856,1044.68932516548,"DNAJB4"
"ENSG00000182118",44.5150311153725,0.674733402417499,0.42992757882693,1.56941176990443,0.116552023303463,0.619324196186961,30.946776736509,41.5693454316495,21.4593407832428,38.0323466477929,19.2777584628261,45.3703169709976,34.0477996768639,73.8234595027882,47.9491139021814,92.6740530388731,"FAM89A"
"ENSG00000131738",8.44031606918968,1.12321018997104,0.715867682603747,1.56901927167003,0.11664344858288,0.619324196186961,2.90126031904772,5.19616817895618,9.90431113072746,1.81106412608538,5.50793098937888,12.5492366089993,16.5873895861645,14.3811934096341,2.08474408270354,13.4798622601997,"KRT33B"
"ENSG00000171813",82.0873980422788,0.637712368622574,0.406531485425594,1.56866661374323,0.116725641826698,0.619324196186961,68.6631608841293,87.0358169975161,57.7751482625769,33.5046863325795,99.1427578088198,51.1622723289973,141.429321734665,141.894441641723,41.6948816540708,98.5714927777105,"PWWP2B"
"ENSG00000099940",521.158188426637,0.289304897794757,0.184478320738032,1.56823249820007,0.116826882681723,0.619324196186961,407.143531439696,554.690953103573,530.706004754813,347.724312208393,585.217667621506,622.635200984968,528.177405243658,576.206482612672,545.160577626976,513.919748670115,"SNAP29"
"ENSG00000198087",213.870691950943,-0.46517786906278,0.296631180736758,-1.56820287033681,0.116833794761268,0.619324196186961,310.434854138106,266.303619171504,260.81352644249,187.445137049837,158.353015944643,182.446593776991,103.889440039662,165.863097324446,308.542124240124,194.615511381634,"CD2AP"
"ENSG00000105287",161.418020100922,-0.298896050086458,0.190611457570622,-1.56809067983606,0.116859971333469,0.619324196186961,157.635144001593,231.22948396355,178.277600353094,162.090239284641,132.190343745093,154.452142879992,165.00087535711,140.935695414414,140.720225582489,151.648450427247,"PRKD2"
"ENSG00000110203",23.7423465513123,1.06177472760198,0.677192118103809,1.56790768707561,0.116902677551091,0.619324196186961,7.73669418412724,5.19616817895618,39.6172445229098,4.52766031521344,17.9007757154814,20.2718437529989,38.4129021995387,23.0099094554145,12.5084644962212,68.2418026922611,"FOLR3"
"ENSG00000165124",571.475621547222,0.709448412415503,0.452501410228553,1.56783690918702,0.116919198736473,0.619324196186961,344.282891193662,454.664715658666,288.875741312884,567.768603527766,495.713789044099,280.909834862985,934.131939852419,1209.93773886388,199.093059898188,939.377901257669,"SVEP1"
"ENSG00000139514",1071.79111266827,-0.548080636095273,0.349609617407332,-1.56769324642663,0.116952738563201,0.619324196186961,1057.9929296794,1567.94374800003,1172.83550973031,1491.41130783131,974.903785120062,1566.72392433892,507.224913134818,517.722962746827,1278.99049473862,582.161551362376,"SLC7A1"
"ENSG00000123130",318.708825447079,-0.337391966542042,0.215226168432911,-1.5676159130585,0.116970796110674,0.619324196186961,359.756279561917,272.7988293952,323.54083027043,500.759230862607,236.841032543292,310.834937545984,271.509376910376,269.407689873812,318.965844653642,322.674202853531,"ACOT9"
"ENSG00000180776",168.986524135308,-0.693116014386044,0.44216609090721,-1.56754674010382,0.116986950034766,0.619324196186961,218.561610701595,262.406493037287,178.277600353094,217.327695130245,122.55146451368,233.608866105988,24.4445741269792,126.55450200478,194.923571732781,111.208863646648,"ZDHHC20"
"ENSG00000214530",137.277237139774,0.491566796188546,0.313660154510639,1.56719554307263,0.117068991920253,0.619324196186961,128.622540811115,131.203246518644,85.0120038720774,96.8919307455677,221.6942223225,103.289870550995,226.985331179092,162.028112415211,112.576180465991,104.468932516548,"STARD10"
"ENSG00000109674",13.7975505026704,-1.10468911312127,0.704933288988142,-1.56708319833631,0.11709524590799,0.619324196186961,15.4733883682545,37.6722192974323,22.2847000441368,6.33872444129882,1.37698274734472,20.2718437529989,3.49208201813988,3.83498490923575,14.5932085789248,12.6373708689372,"NEIL3"
"ENSG00000177410",3083.60974261251,0.584000364081381,0.372864809210443,1.56625229749631,0.117289563760754,0.619324196186961,1881.95086028895,1478.30984691303,2292.02266750251,3839.455947301,3220.7626460393,2694.22456736286,5202.32918652389,5079.43751228275,3782.76813806557,1364.83605384522,"ZFAS1"
"ENSG00000085998",399.394674523491,0.329845831219087,0.210637308326147,1.56594211082663,0.117362170133966,0.619324196186961,320.105721868265,293.583502111024,287.225022791096,482.648589601753,446.142410139689,368.754491125981,446.986498321905,528.269171247225,402.355607961783,417.875730066192,"POMGNT1"
"ENSG00000058799",175.342084801645,0.381476111362644,0.24364180833793,1.56572516829106,0.117412971521214,0.619324196186961,125.721280492068,127.306120384426,159.294337352533,180.200880545495,227.202153311879,188.23854913499,240.080638747117,217.635393599129,160.525294368173,127.216200080635,"YIPF1"
"ENSG00000085063",2847.99346230327,0.472064969250147,0.301520487755766,1.56561490319863,0.117438798889486,0.619324196186961,2434.15740768103,1519.87919234468,1848.80474440246,3441.92737162526,1809.35533001096,3000.23287544384,3241.52513333835,4539.66338630782,2669.51479790188,3974.8743839764,"CD59"
"ENSG00000185670",17.190459067943,-0.668191752259704,0.426822195366565,-1.56550376131646,0.117464836140386,0.619324196186961,14.5063015952386,36.3731772526933,15.6818259569851,22.6383015760672,11.0158619787578,12.5492366089993,12.2222870634896,11.5049547277073,17.7203247029801,17.6923192165121,"ZBTB3"
"ENSG00000075426",1595.40632635694,-0.246528157084983,0.157491156999994,-1.56534602818997,0.117501796117604,0.619324196186961,1792.01179039847,1927.77839439274,1513.70888447951,1811.96965814842,1722.60541692824,1296.43267429893,1323.49908487502,1365.25462768793,1617.76140817795,1583.04132418221,"FOSL2"
"ENSG00000136051",319.842498221707,-0.456463066358027,0.291632948138509,-1.56519717429607,0.117536683886378,0.619324196186961,324.941155733344,387.114529332236,359.856637749764,456.388159773515,195.53155012295,312.765589331984,153.651608798155,250.232765327633,437.796257367743,320.146728679744,"WASHC4"
"ENSG00000170100",23.09993370723,-0.557614550118473,0.356309296411464,-1.56497334123593,0.117589160269606,0.619324196186961,28.0455164174613,31.1770090737371,19.8086222614549,35.3157504586649,22.0317239575155,20.2718437529989,18.3334305952344,12.4637009550162,25.0169289924425,18.5348106077746,"ZNF778"
"ENSG00000167384",56.7578474956217,0.767894543647487,0.490689818159848,1.56492862747223,0.117599645359343,0.619324196186961,52.2226857428589,37.6722192974323,37.9665260011219,31.6936222064941,55.0793098937888,48.2662946499975,48.0161277494234,30.679879273886,185.542223360615,40.4395867805992,"ZNF180"
"ENSG00000117632",755.278264285992,-0.848466055046708,0.54219764510198,-1.56486488407216,0.117614594044846,0.619324196186961,1042.51954131115,1530.2715287026,1300.76619516887,247.210253210654,283.658445953012,1063.78913408594,408.573596122366,125.595755777471,919.372140472261,631.0260520556,"STMN1"
"ENSG00000164610",107.110110871935,0.450072326296585,0.287616992484908,1.56483218327304,0.117622263401213,0.619324196186961,86.0707227984156,75.3444385948647,96.5670335245927,93.269802493397,97.7657750614751,117.769758945994,155.397649807225,175.450559597536,69.8389267705686,103.626441125285,"RP9"
"ENSG00000110076",16.9821455742206,-1.26762213997285,0.810216609321219,-1.56454721538581,0.117689113863726,0.619324196186961,78.3340286142883,7.79425226843427,7.4282333480456,10.8663847565123,19.2777584628261,12.5492366089993,18.3334305952344,0.958746227308938,4.16948816540708,10.1098966951498,"NRXN2"
"ENSG00000101365",276.230373126909,-0.295462465179658,0.188893530298001,-1.564174615793,0.117776566774329,0.619324196186961,363.62462665398,319.564343005805,284.748945008415,276.18727922802,231.333101553913,196.92648217199,285.477704982936,243.52154173647,262.677754420646,298.241952506919,"IDH3B"
"ENSG00000198231",680.106557376812,-0.399336875163867,0.255335240142434,-1.56397086019582,0.117824411845538,0.619324196186961,667.289873380975,659.913358727435,580.22756040845,1274.08361270106,667.836632462189,566.646299190971,521.193241207378,523.47544011068,593.109691529157,747.289864049823,"DDX42"
"ENSG00000166272",1272.30941673048,0.359869013830654,0.230104251739709,1.56393900203866,0.117831894028543,0.619324196186961,822.990843836536,1454.92709010773,1122.48859481578,950.808666194823,1437.56998822789,1281.95278590393,1466.67444761875,1756.42308842997,946.473813547407,1482.78484862197,"WBP1L"
"ENSG00000235703",11.3112654056743,-1.49716759655296,0.957356493755357,-1.563855895185,0.117851414196907,0.619324196186961,5.80252063809543,6.49521022369523,0.825359260893955,60.6706482238602,6.8849137367236,0.96532589299995,11.3492665589546,13.4224471823251,4.16948816540708,2.52747417378745,"LINC00894"
"ENSG00000176715",122.387245938147,-0.422297368808213,0.270050665483683,-1.56377088740679,0.11787138347999,0.619324196186961,126.688367265084,133.801330608122,102.34454835085,214.611098941117,108.781637040233,85.9140044769955,144.04838324827,111.214562367837,106.321948217881,90.1465788650857,"ACSF3"
"ENSG00000164548",305.210217364271,-0.527523537395989,0.337471395444717,-1.56316518826973,0.118013745878124,0.619324196186961,261.113428714294,219.538105560899,275.669993138581,738.914163442834,225.825170564534,225.886258961988,267.144274387701,236.810318145308,318.965844653642,282.234616072932,"TRA2A"
"ENSG00000099250",716.447341750845,-0.514595267171596,0.329203535196746,-1.56315231203107,0.118016773748894,0.619324196186961,712.742951712722,552.092869014095,568.672530755935,1660.74580362029,574.201805642748,582.09151347897,458.33576488086,607.845108113867,845.363725536285,602.381344752675,"NRP1"
"ENSG00000008405",97.4814484043057,-0.351178243855887,0.224672676664286,-1.5630660971767,0.118037048897762,0.619324196186961,82.202375706352,136.3994146976,101.519189089956,128.585552952062,81.2419820933385,92.6712857279952,81.1909069217523,86.2871604578044,102.152460052473,82.5641563437233,"CRY1"
"ENSG00000135678",99.7250565724772,0.905509495370872,0.579383366490542,1.56288486646717,0.118079677836204,0.619324196186961,56.0910328349225,41.5693454316495,71.8062556977741,92.3642704303543,30.2936204415838,91.7059598349952,276.747499937586,138.059456732487,20.8474408270354,177.765683556384,"CPM"
"ENSG00000123975",287.206984446717,-0.81781083268536,0.523358281059922,-1.56262136720012,0.118141679460674,0.619324196186961,310.434854138106,553.391911058834,597.560104887223,90.5532063042689,126.682412755714,346.551995586982,178.096182925134,69.0297283662435,416.948816540708,182.820631903959,"CKS2"
"ENSG00000162139",14.7021558997319,-0.996766887948476,0.637945221928346,-1.56246469710284,0.1181785561855,0.619324196186961,12.5721280492068,23.3827568053028,11.5550296525154,36.2212825217076,12.3928447261025,13.5145625019993,0.873020504534971,5.75247736385363,19.8050687856836,10.9523880864123,"NEU3"
"ENSG00000155511",110.285668909002,1.05060704919959,0.672450998893935,1.56235480492653,0.118204427794832,0.619324196186961,57.0581196079384,24.6817988500419,55.299070479895,131.30214914119,72.9800856092701,130.318995554993,367.541632409223,191.749245461788,10.4237204135177,61.5018715621613,"GRIA1"
"ENSG00000204442",55.7970958881423,0.982903313117383,0.629155941492613,1.56225706266961,0.118227442715154,0.619324196186961,75.4327682952406,9.09329431317332,28.8875741312884,27.1659618912807,27.5396549468944,123.561714303994,42.7780047222136,126.55450200478,13.550836537573,83.4066477349858,"FAM155A"
"ENSG00000160209",879.273632659901,-0.373003239439316,0.238875484747755,-1.56149652541028,0.118406643024332,0.619421687057932,1055.09166936035,1497.79547758412,817.93102754591,704.503945047212,801.403958954627,846.590808160956,751.67065440461,677.833582707419,960.02465008498,679.890552748824,"PDXK"
"ENSG00000105404",1076.29239765832,0.506505469528791,0.324394559246801,1.56138706735657,0.11843245141893,0.619421687057932,880.048963444474,804.107025693469,1020.14404646493,733.480971064578,1021.72119852978,854.313415304956,2033.26475506195,1819.70033943236,670.245222589188,925.898038997469,"RABAC1"
"ENSG00000135472",12.6049220098456,-1.24732181127281,0.799185662632874,-1.56074097621269,0.11858487887969,0.619421687057932,46.4201651047635,20.7846727158247,8.25359260893955,1.81106412608538,9.63887923141304,9.6532589299995,16.5873895861645,2.87623868192681,8.33897633081416,1.68498278252497,"FAIM2"
"ENSG00000146122",255.419002122942,-0.539450132140387,0.345647227327347,-1.56069567319138,0.118595572651826,0.619421687057932,324.941155733344,239.023736231984,173.325444787731,518.869872123461,333.229824857422,156.382794665992,215.636064620138,176.409305824845,145.932085789248,270.439736595257,"DAAM2"
"ENSG00000226259",16.8545131617047,-1.18666339065511,0.76036274203928,-1.56065431016846,0.118605337048211,0.619421687057932,8.70378095714315,36.3731772526933,21.4593407832428,35.3157504586649,2.75396549468944,31.8557544689983,0.873020504534971,18.2161783188698,6.25423224811062,6.73993113009986,"GTF2H2B"
"ENSG00000088247",1458.14345014199,-0.426619762521988,0.2734670048265,-1.56004108354006,0.118750172860767,0.619421687057932,1326.84305257782,2757.86626098099,1671.35250331026,1135.53720705553,1600.05395241456,1495.28980825692,1119.21228681383,1072.8370283587,1382.18532683245,1020.25707481887,"KHSRP"
"ENSG00000108947",19.41890806966,-0.919794486485943,0.589663600903961,-1.55986308986325,0.118792238507646,0.619421687057932,26.1113428714294,29.8779670289981,11.5550296525154,39.8434107738783,39.9324996729969,10.6185848229995,10.4762460544197,13.4224471823251,7.29660428946239,5.0549483475749,"EFNB3"
"ENSG00000175354",260.109324036622,-0.360308597594172,0.231047743114357,-1.5594551703361,0.118888687112454,0.619421687057932,335.579110236519,206.547685113508,274.844633877687,382.134530604015,198.28551561764,274.152553611986,293.33488952375,215.717901144511,215.771012559816,204.725408076783,"PTPN2"
"ENSG00000172594",63.7028754653367,0.472891469021455,0.303254093037246,1.5593902271366,0.118904047963073,0.619421687057932,46.4201651047635,38.9712613421714,59.4258667843648,61.5761802869029,55.0793098937888,62.7461830449967,94.2862144897769,104.503338776674,54.203346150292,59.8168887796363,"SMPDL3A"
"ENSG00000111602",138.554470293836,-0.742721721024056,0.476300695006387,-1.5593546866735,0.118912454917495,0.619421687057932,139.26049531429,311.770090737371,193.959426310079,86.0255459890555,86.7499130827173,207.545066994989,65.4765378401228,36.4323566377396,174.076130905746,84.2491391262483,"TIMELESS"
"ENSG00000113593",141.541457338632,-0.384022302500872,0.246274557639014,-1.55932592543224,0.118919258615193,0.619421687057932,161.503491093656,120.810910160731,159.294337352533,215.51663100416,141.829222976506,125.492366089993,97.7782965079168,98.7508614128206,164.69478253358,129.743674254422,"PPWD1"
"ENSG00000114631",11.6333995546285,0.99356845236731,0.63731706991314,1.55898609855644,0.118999670438262,0.619421687057932,14.5063015952386,1.29904204473905,4.12679630446978,9.05532063042689,8.26189648406832,14.4798883949993,12.2222870634896,29.7211330465771,8.33897633081416,14.3223536514622,"PODXL2"
"ENSG00000183444",106.750922864076,0.505199057471741,0.324101388028741,1.55876857098477,0.119051165452216,0.619421687057932,80.2682021603202,92.2319851764723,85.0120038720774,84.2144818629701,93.6348268194409,67.5728125099965,173.731080402459,190.790499234479,85.4745073908451,114.578829211698,"OR7E38P"
"ENSG00000154803",117.924487893125,-0.45762789298447,0.293625253001521,-1.55854405677464,0.119104332717882,0.619421687057932,109.280805350797,100.026237444907,122.978529873199,230.005144012843,136.321291987127,98.4632410859949,75.0797633900075,100.668353867438,101.110088011122,105.31142390781,"FLCN"
"ENSG00000165417",327.428703302753,-0.447050728340651,0.286841814601917,-1.55852705422699,0.119108359853276,0.619421687057932,441.958655268269,433.880042942841,410.203552664296,273.470683038892,192.777584628261,289.597767899985,185.953367465949,284.747629510755,461.770814318834,299.926935289444,"GTF2A1"
"ENSG00000198873",584.84635999488,0.52798611410665,0.338779070025937,1.55849685184574,0.119115513696057,0.619421687057932,374.262581157155,713.174082561736,416.806426751447,345.913248082307,793.142062470559,447.911214351977,928.893816825209,898.345214988475,315.838728529586,614.17622423035,"GRK5"
"ENSG00000129625",464.983684067866,0.422555286817678,0.271213526882625,1.5580170048102,0.119229217142369,0.619421687057932,446.794089133348,245.51894645568,321.064752487749,530.641788943016,411.717841456071,399.644919701979,583.177697029361,735.358356345955,480.533511063166,495.38493806234,"REEP5"
"ENSG00000137411",125.28972041678,-0.573008290651939,0.367804056394887,-1.55791726787466,0.119252861249742,0.619421687057932,96.7086773015905,113.016657892297,99.8684705681686,314.219625875813,85.3729303353726,115.839107159994,131.826096184781,124.637009550162,85.4745073908451,85.9341219087733,"VARS2"
"ENSG00000198853",965.52768396972,-0.474915211722587,0.304842902034289,-1.55790149140218,0.11925660163111,0.619421687057932,675.993654338118,915.824641541027,892.213361026365,2158.78843829377,950.118095667857,889.065147452954,740.321387845656,863.830350805353,819.304424502491,749.81733822361,"RUSC2"
"ENSG00000106459",87.3635516562692,-0.355269467636638,0.228075997853102,-1.5576802073906,0.119309074669424,0.619421687057932,77.3669418412724,109.11953175808,99.8684705681686,116.813636132507,56.4562926411335,83.0180267979957,77.6988249036124,84.3696680031865,81.305019225438,87.6191046912982,"NRF1"
"ENSG00000167377",9.75557872039013,-0.844673797760555,0.54233225960854,-1.55748396448009,0.119355624850966,0.619421687057932,7.73669418412724,9.09329431317332,18.157903739667,18.1106412608538,4.13094824203416,8.68793303699955,6.1111435317448,4.79373113654469,11.4660924548695,9.26740530388731,"ZNF23"
"ENSG00000161526",351.810089106961,-0.344291873652396,0.221072655001502,-1.55736978709581,0.119382715067601,0.619421687057932,313.336114457153,350.741352079542,399.473882272674,548.752430203869,274.019566721599,365.858513446981,267.144274387701,280.912644601519,382.550539176099,335.311573722468,"SAP30BP"
"ENSG00000158615",308.934067821711,-0.425694085067204,0.273364284303334,-1.55724104980313,0.119413265608849,0.619421687057932,346.217064739694,370.226982750628,292.17717835646,450.049435332216,331.852842110077,376.477098269981,226.112310674558,229.140348326836,313.753984446883,153.333433209772,"PPP1R15B"
"ENSG00000196937",532.448712390807,0.703455311668684,0.451760855898007,1.55714091312839,0.11943703319609,0.619421687057932,459.366217182555,327.35859527424,405.251397098932,354.968568712734,218.94025682781,289.597767899985,436.510252267486,1252.12257286547,443.008117574502,1137.36337820435,"FAM3C"
"ENSG00000010438",37.1846021314704,0.975366343774658,0.626671074817827,1.55642470662651,0.119607133936984,0.619421687057932,20.308822233334,48.0645556553447,24.7607778268187,1.81106412608538,17.9007757154814,24.1331473249987,41.0319637131436,91.0808915943491,43.7796257367743,58.9743973883738,"PRSS3"
"ENSG00000166452",229.817984201374,0.364719719160195,0.234366500328624,1.55619390420044,0.119661990474556,0.619421687057932,239.837519707945,219.538105560899,199.736941136337,124.963424699891,315.329049141941,206.579741101989,228.731372188162,272.283928555738,224.10998889063,267.069771030207,"AKIP1"
"ENSG00000146067",197.690825723977,-0.640482377630608,0.41161239689273,-1.55603276885153,0.119700300398718,0.619421687057932,163.437664639688,168.875465816076,130.406763221245,544.224769888656,191.400601880916,123.561714303994,189.445449484089,226.264109644909,140.720225582489,98.5714927777105,"FAM193B"
"ENSG00000173210",452.495000851507,0.467625731326651,0.300548442869624,1.55590801556575,0.119729967086439,0.619421687057932,365.558800200012,437.777169077058,434.964330491114,233.627272265014,674.721546198913,715.306486712963,384.129021995387,380.622252241648,312.711612405531,585.531516927426,"ABLIM3"
"ENSG00000196923",2126.04784518494,-0.398933064113396,0.256403156055776,-1.55588203456675,0.119736146166766,0.619421687057932,1909.99637670641,2151.21362608786,2502.48927903047,3381.2567234014,1783.19265781141,2079.31197352189,1707.6281068704,1621.23987037941,2825.87060410465,1298.27923393549,"PDLIM7"
"ENSG00000140931",506.374696969834,0.395209361165304,0.25401811556166,1.5558314031716,0.119748188586857,0.619421687057932,448.72826267938,429.982916808624,318.588674705067,506.192423240863,626.527150041847,524.171959898973,711.511711196002,721.93590916363,391.931887548265,384.176074415692,"CMTM3"
"ENSG00000079134",100.635597061386,-0.431459454142189,0.277326630667508,-1.5557808245955,0.119760219391389,0.619421687057932,123.787106946036,101.325279489646,75.1076927413499,176.578752293324,66.0951718725465,103.289870550995,94.2862144897769,83.4109217758776,94.855855763011,87.6191046912982,"THOC1"
"ENSG00000112837",242.800176563306,-0.40712951947589,0.261701291344156,-1.55570313537539,0.119778700676495,0.619421687057932,249.508387438104,350.741352079542,314.461878400597,225.47748369763,190.023619133571,211.406370566989,134.445157698386,209.965423780657,220.982872766575,320.989220071006,"TBX18"
"ENSG00000081026",66.9571018003623,-0.519716587885335,0.334127514821544,-1.55544384952228,0.119840397678456,0.619440692815457,73.4985947492088,129.904204473905,75.9330520022439,48.8987314043052,42.6864651676863,60.8155312589968,41.0319637131436,56.5660274112273,85.4745073908451,54.7619404320614,"MAGI3"
"ENSG00000105373",2516.54729433354,0.705972556745864,0.453914843569659,1.55529735752632,0.119875266413488,0.619440692815457,2028.94804978737,1943.36689892961,1595.41945130802,1733.18836866371,4389.82099853497,1238.51312071894,5142.09077171098,4739.08260158808,1117.4228283291,1237.61985376459,"NOP53"
"ENSG00000213722",802.119156532989,0.472679874854921,0.304054886224852,1.55458733363479,0.120044382342057,0.619835309606168,680.829088203197,774.229058664471,783.265938588363,364.929421406204,1025.85214677182,639.045741165967,1058.10085149639,1370.04835882447,626.465596852414,698.425363356598,"DDAH2"
"ENSG00000060237",1116.36422792632,-0.404887159261808,0.260448231050595,-1.55457826543331,0.120046543445097,0.619835309606168,1372.29613090957,1830.35024103732,1126.61539112025,905.532063042689,1031.3600777612,1067.65043765794,617.225496706225,841.779187577248,1199.77021959589,1171.06303385485,"WNK1"
"ENSG00000081870",204.151924809735,0.33576034477922,0.216007578117324,1.55439150656488,0.120091057960736,0.619835309606168,210.824916517467,158.483129458164,212.117330049746,124.057892636848,202.416463859674,248.088754500987,259.287089846886,213.800408689893,200.13543193954,212.307830598146,"HSPB11"
"ENSG00000167378",115.02836758376,-0.530244961317696,0.341268158260641,-1.55374871192268,0.120244368727734,0.620386516720227,75.4327682952406,203.94960102403,110.59814095979,175.673220230282,56.4562926411335,87.8446562629954,87.3020504534971,120.802024640926,90.6863675976039,141.538553732097,"IRGQ"
"ENSG00000182158",694.228684104555,-0.506800034039147,0.32630040323984,-1.55317011259295,0.120382499495421,0.620859008418575,776.570678731772,927.516019943679,605.813697496163,1067.62230232733,415.848789698105,841.764178695956,334.366853236894,413.219623970152,949.600929671462,609.963767274038,"CREB3L2"
"ENSG00000099804",598.565987605652,0.351218386817047,0.226296529326435,1.55202727970437,0.120655696405456,0.621771154189857,485.477560053985,557.289037193051,647.081660540861,364.929421406204,608.626374326366,569.54227686997,866.036340498691,726.729640300175,649.397781762152,510.549783105065,"CDC34"
"ENSG00000182325",61.1638783937736,-0.496571388997152,0.319955432000928,-1.55200174565473,0.120661805917849,0.621771154189857,71.564421203177,59.7559340579961,47.0454778709554,117.71916819555,50.9483616517546,48.2662946499975,55.0002917857032,59.4422660931542,65.6694386051615,36.2271298242868,"FBXL6"
"ENSG00000075643",415.297064999927,-0.416613869765022,0.268517392443607,-1.55153402159049,0.120773760737459,0.621771154189857,524.161030974621,492.336934956098,638.002708671027,300.636644930173,341.491721341491,483.628272392975,244.445741269792,366.241058832014,450.304721863964,311.721814767119,"MOCOS"
"ENSG00000165914",399.700143603337,0.273841843907584,0.176499086543562,1.5515198932205,0.120777143780219,0.621771154189857,332.677849917471,428.683874763885,357.380559967083,302.447709056258,483.320944317997,471.079035783976,357.065386354803,444.858249471347,433.626769202336,385.861057198217,"TTC7B"
"ENSG00000198839",201.030929564064,0.412346040135258,0.265808306119595,1.55129102681137,0.120831956247149,0.621771154189857,175.042705915879,120.810910160731,189.83263000561,183.823008797666,304.313187163183,144.798883949993,251.429905306072,263.655212509958,162.610038450876,213.992813380671,"ZNF277"
"ENSG00000087884",109.175481602121,0.512617054606781,0.330470552474557,1.55117317040297,0.120860189914452,0.621771154189857,101.54411116667,97.4281533554284,114.72493726426,34.4102183956222,114.289568029612,93.6366116209951,144.921403752805,122.719517095544,106.321948217881,161.758347122397,"AAMDC"
"ENSG00000067369",189.378513816958,-0.398001654522242,0.256598672297251,-1.55106669476912,0.120885701643121,0.621771154189857,157.635144001593,203.94960102403,193.959426310079,329.613670947539,188.646636386227,167.001379488991,132.699116689316,147.646919005576,159.482922326821,213.150321989408,"TP53BP1"
"ENSG00000100206",7.2267819166837,-1.22538936107794,0.790552348236726,-1.55004202291106,0.121131430077476,0.622794866207901,18.3746486873022,9.09329431317332,13.2057481743033,3.62212825217076,0,6.75728125099965,3.49208201813988,0.958746227308938,8.33897633081416,8.42491391262483,"DMC1"
"ENSG00000241468",694.533300237609,0.434317424822006,0.280342940839693,1.54923617309972,0.121324956761539,0.62353615573773,634.408923098434,583.269878087832,790.694171936409,286.14813192149,806.911889944006,594.640750087969,978.655985583703,817.810531894524,621.253736645655,831.539003176071,"ATP5J2"
"ENSG00000005810",234.878928718426,-0.419004618946292,0.270567077470175,-1.54861642023863,0.121473956286969,0.62353615573773,210.824916517467,435.17908498758,251.734574572656,210.988970688947,180.384739902158,155.417468772992,198.175654529438,209.006677553348,224.10998889063,272.967210769045,"MYCBP2"
"ENSG00000101384",31.9190730543703,0.978930882777206,0.632144528099907,1.54858713357793,0.12148100085665,0.62353615573773,13.5392148222227,18.1865886263466,7.4282333480456,41.6544748999637,23.4087067048602,25.0984732179987,42.7780047222136,96.8333689582027,7.29660428946239,42.9670609543866,"JAG1"
"ENSG00000177453",55.6676534525256,0.710766241638853,0.458998251785868,1.54851622827191,0.121498057636369,0.62353615573773,28.0455164174613,63.6530601922132,37.141166740228,32.5991542695368,111.535602534922,43.4396651849978,104.762460544197,75.7409519574061,26.0593010337942,33.6996556504993,"NIM1K"
"ENSG00000253738",249.664526080042,0.359321393955458,0.232049428192975,1.54846920655475,0.121509370080405,0.62353615573773,245.64004034604,184.463970352945,276.495352399475,146.696194212916,239.594998037981,318.557544689984,315.160402137125,275.160167237665,274.143846875515,220.732744510771,"OTUD6B-AS1"
"ENSG00000136270",281.102458659823,-0.342628558164534,0.221335599857115,-1.5480047420556,0.121621154805334,0.62354359247974,284.323511266676,370.226982750628,326.016908053112,307.880901434514,250.610860016739,299.251026829984,293.33488952375,154.358142596739,251.211661965776,273.809702160307,"TBRG4"
"ENSG00000144843",22.8779861089331,-0.78664766204533,0.5081723541299,-1.54799381676762,0.121623785210429,0.62354359247974,42.5518180126998,41.5693454316495,28.8875741312884,9.96085269346958,6.8849137367236,20.2718437529989,10.4762460544197,30.679879273886,19.8050687856836,17.6923192165121,"ADPRH"
"ENSG00000249115",57.9688068211557,-0.535375395516894,0.345925106972802,-1.54766273024232,0.121703519698719,0.62354359247974,60.926466700002,92.2319851764723,46.2201186100615,86.0255459890555,35.8015514309627,73.3647678679962,36.6668611904688,42.1848340015933,70.8812988119203,35.3846384330243,"HAUS5"
"ENSG00000204713",331.930793261268,-0.295605601206424,0.191023714078584,-1.54748117338362,0.12174726079384,0.62354359247974,412.946052077792,353.33943616902,400.299241533568,326.897074758411,286.412411447702,370.685142911981,316.906443146195,238.727810599926,350.237005894195,262.857314073895,"TRIM27"
"ENSG00000172270",1079.89603998347,0.464068136552908,0.299921574986104,1.54729827813957,0.121791336763119,0.62354359247974,839.431318977806,693.688451890651,684.222827281089,1301.24957459234,974.903785120062,849.486785839956,1665.72312265273,1727.66070161071,800.541727758159,1262.0521041112,"BSG"
"ENSG00000143774",3287.29152791898,0.314428103913613,0.203312464742792,1.54652644790565,0.121977477748795,0.623619131632102,2793.91368724295,2968.31107222872,3181.7599507462,2529.15105207823,3281.34988692247,2502.12471465587,4062.16440760122,4719.9076770419,3663.93772535147,3170.29510532072,"GUK1"
"ENSG00000112297",59.1602871803277,-0.732494385875147,0.473667241185775,-1.54643243649577,0.122000165506524,0.623619131632102,122.82002017302,116.913784026514,28.8875741312884,42.5600069630064,60.5872408831677,68.5381384029965,19.2064510997694,36.4323566377396,37.5253934886637,58.1319059971113,"CRYBG1"
"ENSG00000135905",131.944626159114,-0.79099576052794,0.511501766645046,-1.54641843314854,0.122003545214215,0.623619131632102,172.141445596831,170.174507860815,175.801522570412,188.350669112879,96.3887923141304,137.076276805993,28.809676649654,23.0099094554145,228.279477056038,99.413984168973,"DOCK10"
"ENSG00000021574",132.954371884456,-0.299072434756225,0.193406531935279,-1.54634092118618,0.122022254049214,0.623619131632102,179.878139780958,137.698456742339,130.406763221245,151.223854528129,108.781637040233,121.631062517994,112.619645085011,138.059456732487,135.50836537573,113.736337820435,"SPAST"
"ENSG00000126773",336.130820067445,-0.327973783409601,0.212126668327972,-1.54612235224718,0.122075021470967,0.623619131632102,440.991568495253,305.274880513676,306.208285791657,478.12092928654,308.444135405217,340.760040228982,240.080638747117,273.242674783047,338.770913439325,329.414133983631,"PCNX4"
"ENSG00000105875",24.9687555577789,-0.844513555217627,0.546230925419636,-1.54607422596741,0.122086642625134,0.623619131632102,12.5721280492068,20.7846727158247,18.983263000561,83.3089497999274,24.785689452205,9.6532589299995,18.3334305952344,23.9686556827235,18.7626967443319,18.5348106077746,"WDR91"
"ENSG00000143970",201.118650293556,-0.479897841854549,0.31052438633568,-1.54544333061099,0.122239066239502,0.624112820305353,235.969172615881,300.07871233472,167.547929961473,266.226426534551,125.305430008369,205.614415208989,93.4131939852419,145.729426550959,252.254034007128,219.047761728246,"ASXL2"
"ENSG00000103174",64.8118709157716,0.467702569148413,0.30271166082846,1.54504312079821,0.122335833554752,0.624112820305353,46.4201651047635,59.7559340579961,44.5694000882736,60.6706482238602,71.6031028619254,60.8155312589968,89.921111967102,94.9158765035849,38.5677655300155,80.8791735611984,"NAGPA"
"ENSG00000125107",767.31848235464,-0.435521078804639,0.281903393212436,-1.54493024664105,0.122363136382198,0.624112820305353,931.304562414317,1183.42730275727,977.225364898443,546.035834014741,842.713441374969,833.076245658957,505.478872125748,411.302131515534,770.312938558958,672.308130227462,"CNOT1"
"ENSG00000169087",21.5696048716194,-0.666900251398855,0.431794856289529,-1.54448401060082,0.122471121849113,0.624112820305353,28.0455164174613,11.6913784026514,23.9354185659247,47.0876672782198,12.3928447261025,14.4798883949993,22.6985331179092,15.339939636943,19.8050687856836,20.2197933902996,"HSPBAP1"
"ENSG00000075213",163.265134848901,0.887914510316425,0.574899585149384,1.54446886595979,0.12247478803427,0.624112820305353,137.326321768259,109.11953175808,152.691463265382,33.5046863325795,132.190343745093,72.3994419749963,288.096766496541,258.861481373413,36.4830214473119,411.978290327354,"SEMA3A"
"ENSG00000100368",4.02503128321388,1.99089521628729,1.28907409012633,1.54443816033272,0.122482221455767,0.624112820305353,0,1.29904204473905,0,4.52766031521344,0,1.9306517859999,9.60322554988468,13.4224471823251,1.04237204135177,8.42491391262483,"CSF2RB"
"ENSG00000105499",10.261240617416,1.14244780284577,0.73977692722446,1.54431391518532,0.122512303142859,0.624112820305353,2.90126031904772,10.3923363579124,9.07895186983351,1.81106412608538,8.26189648406832,11.5839107159994,19.2064510997694,3.83498490923575,5.21186020675885,30.3296900854494,"PLA2G4C"
"ENSG00000122490",663.759411655765,0.427389499868426,0.276783969676587,1.54412663554113,0.122557657372702,0.624112820305353,619.902621503195,579.372751953614,575.275404843087,425.600069630064,791.765079723214,480.732294713975,1142.78384043628,908.891423488873,559.7537862059,553.516844059451,"PQLC1"
"ENSG00000146535",1860.23544118989,0.211072667610919,0.136750314203697,1.54348945258374,0.122712064664613,0.624660613141964,1827.79400100006,1730.32400359241,1644.11564770076,1595.54749508122,2218.31920597234,2187.42847353789,1807.15244438739,1824.49407056891,1821.02395624154,1946.15511381634,"GNA12"
"ENSG00000075618",1677.52765536365,-0.531968738906293,0.344742199265748,-1.54309144641797,0.122808589800291,0.624889702782628,2729.11887345089,2982.60053472085,1829.8214814019,692.732028227657,1549.10559076281,1146.80716088394,1230.95891139431,1213.77272377312,1608.38005980578,1791.9791892153,"FSCN1"
"ENSG00000013288",159.09303605905,0.52900396201869,0.342859508965459,1.54291757465004,0.122850776088779,0.624889702782628,104.445371485718,103.923363579124,83.3612853502895,210.988970688947,166.614912428711,103.289870550995,197.302634024903,267.490197419194,134.465993334378,219.047761728246,"MAN2B2"
"ENSG00000236824",2761.19214466196,1.15515845963656,0.748828101382279,1.54262167445937,0.122922596003324,0.625016646167111,1068.63088418258,555.989995148312,3911.37753737645,824.93970943189,1052.01481897137,1525.21491093992,5443.28284577554,8828.1352610607,1706.36303169285,2695.97245203995,"BCYRN1"
"ENSG00000255529",542.177737499928,0.329787330716374,0.21383354249192,1.5422619242668,0.123009957547134,0.625222486206601,549.305287073034,502.729271314011,532.356723276601,295.203452551917,568.693874653369,541.547825972972,543.018753820752,713.30719311785,559.7537862059,615.861207012875,"POLR2M"
"ENSG00000130589",60.447192257869,-0.610669252520341,0.396010146042057,-1.54205456255024,0.123060335181663,0.625240262978222,63.8277270190498,88.3348590422551,32.1890111748642,120.435764384678,66.0951718725465,29.9251026829984,42.7780047222136,74.7822057300972,44.8219977781261,41.2820781718617,"HELZ2"
"ENSG00000170365",52.7099619677737,-0.510639508683903,0.331187689694347,-1.54184326463092,0.123111685672829,0.625262967181464,89.9390698904792,58.4568920132571,61.9019445670466,45.2766031521344,75.7340511039596,34.7517321479982,33.1747791723289,37.3911028650486,50.0338579848849,40.4395867805992,"SMAD1"
"ENSG00000103502",1071.03809252747,0.432675794979146,0.280791161644367,1.54091671705517,0.123337056677267,0.626009245208595,842.332579296854,1049.62597214915,1129.91682816382,519.775404186503,1111.22507710719,1064.75445997894,1684.92957375249,1518.65402405736,886.016235149004,903.150771433382,"CDIPT"
"ENSG00000146054",18.8981625669629,-1.19362197515376,0.774649991448392,-1.54085327351776,0.123352500293033,0.626009245208595,43.5189047857157,61.0549761027352,4.95215556536373,4.52766031521344,23.4087067048602,13.5145625019993,7.85718454081474,1.91749245461788,19.8050687856836,8.42491391262483,"TRIM7"
"ENSG00000245146",21.0444464705364,0.606894164251642,0.394003547287144,1.54032665043329,0.123480750747889,0.626421746947356,16.4404751412704,7.79425226843427,14.8564666960912,24.4493657021526,23.4087067048602,24.1331473249987,22.6985331179092,25.8861481373413,18.7626967443319,32.0146728679744,"LINC01024"
"ENSG00000230844",30.5319515068459,-0.705768246441021,0.458372351077544,-1.53972691586196,0.12362693306613,0.626616415575289,31.9138635095249,25.9808408947809,23.1100593050307,77.8757574216713,20.6547412101708,46.3356428639976,19.2064510997694,19.1749245461788,20.8474408270354,20.2197933902996,"ZNF674-AS1"
"ENSG00000108691",221.054459085944,0.996285499030709,0.647155747827119,1.53948335060891,0.123686339441726,0.626616415575289,176.009792688895,77.9425226843427,73.456974219562,226.383015760672,96.3887923141304,109.081825908994,961.195575493003,244.480287963779,59.4152063570509,186.190597469009,"CCL2"
"ENSG00000198742",269.652211600113,-0.412841588344425,0.268179757338579,-1.53942114215284,0.123701515862801,0.626616415575289,236.936259388897,354.63847821376,250.083856050868,426.505601693107,240.971980785326,298.285700936985,178.096182925134,159.151873733284,263.720126461998,288.132055811769,"SMURF1"
"ENSG00000138835",389.885470384802,0.448985578714258,0.291680948451748,1.53930375328758,0.123730158096571,0.626616415575289,354.920845696837,357.236562303238,423.409300838599,143.979598023788,454.404306623758,521.275982219973,498.494708089469,351.85986542238,340.855657522029,452.417877107953,"RGS3"
"ENSG00000237238",34.2332571413885,0.609542370890965,0.396092714294569,1.53888811607289,0.123831612889444,0.626616415575289,31.9138635095249,22.0837147605638,25.5861370877126,24.4493657021526,44.063447915031,45.3703169709976,65.4765378401228,19.1749245461788,22.9321849097389,41.2820781718617,"BMS1P10"
"ENSG00000056998",36.2030708517691,0.812287068363852,0.527919341640668,1.53865752643089,0.123887926566755,0.626616415575289,20.308822233334,38.9712613421714,14.8564666960912,26.260429828238,26.1626721995497,8.68793303699955,46.2700867403535,44.1023264562111,47.9491139021814,88.4615960825607,"GYG2"
"ENSG00000143553",372.506100032414,0.433244033664462,0.281643113122182,1.53827313177196,0.123981846312955,0.626616415575289,369.427147292076,359.834646392716,356.555200706189,145.790662149873,465.420168602515,359.101232195981,507.224913134818,471.703143835997,347.109889770139,342.893996243831,"SNAPIN"
"ENSG00000204128",35.0856715635799,0.944440528570964,0.613969876679142,1.53825222448906,0.123986956214701,0.626616415575289,18.3746486873022,16.8875465816076,9.90431113072746,45.2766031521344,16.5237929681366,34.7517321479982,79.4448659126824,57.5247736385363,7.29660428946239,64.8718371272112,"C2orf72"
"ENSG00000128683",10.8156668582803,1.32713039731685,0.862756730721849,1.5382440380459,0.123988957089539,0.626616415575289,6.76960741111134,5.19616817895618,9.90431113072746,0.905532063042689,2.75396549468944,24.1331473249987,9.60322554988468,12.4637009550162,1.04237204135177,35.3846384330243,"GAD1"
"ENSG00000110514",195.032755145071,-0.321182790025525,0.208840937365004,-1.53793022612312,0.124065675865392,0.626643944746263,187.614833965086,263.705535082026,194.784785570973,239.965996706313,221.6942223225,192.09985270699,176.350141916064,133.265725595942,178.245619071153,162.600838513659,"MADD"
"ENSG00000161671",170.351681364715,0.507473498658754,0.329992336222155,1.53783419478299,0.124089160406963,0.626643944746263,193.417354603181,68.8492283711694,136.184278047503,144.88513008683,148.71413671323,151.556165200992,221.747208151883,299.128822920389,129.254133127619,209.780356424358,"EMC10"
"ENSG00000068024",97.9718828223539,-0.45877423517055,0.298376936674738,-1.53756600722348,0.124154764260408,0.626643944746263,97.6757640746064,194.856306710857,88.3134409156532,88.7421421781835,96.3887923141304,66.6074866169966,68.9686198582627,103.544592549365,80.2626471840863,94.3590358213981,"HDAC4"
"ENSG00000105223",945.641135085956,0.478549415717564,0.311261109307782,1.53745328731179,0.124182345802232,0.626643944746263,765.932724228597,718.370250740692,882.309049895638,693.6375602907,1122.24093908595,779.98332154396,1808.02546489193,1326.90477859557,545.160577626976,813.846683959559,"PLD3"
"ENSG00000079616",142.028381035518,-0.52311187862766,0.340301625270566,-1.53720064725446,0.124244181901609,0.626718855530167,105.412458258734,271.499787350461,221.19628191958,97.7974628086104,89.5038785774068,144.798883949993,118.730788616756,86.2871604578044,155.313434161414,129.743674254422,"KIF22"
"ENSG00000137959",64.3736250153463,-0.980016171098969,0.637893793213769,-1.53633125376805,0.124457157952741,0.627546787882718,16.4404751412704,49.3635977000837,80.0598483067136,220.044291319373,13.7698274734472,43.4396651849978,97.7782965079168,71.9059670481704,23.9745569510907,26.9597245203995,"IFI44L"
"ENSG00000131263",329.938897940501,-0.336870285446227,0.219295657552113,-1.53614663056506,0.124502421889306,0.627546787882718,327.842416052392,406.600160003321,329.318345096688,445.521775017003,232.710084301258,258.707339323987,236.588556728977,339.396164467364,341.89802956338,380.806108850642,"RLIM"
"ENSG00000172732",295.732643094833,-0.422859508700146,0.275370238534747,-1.53560352400533,0.124635649374326,0.627754720904118,266.91594935239,344.246141855847,358.205919227976,425.600069630064,276.773532216289,346.551995586982,249.683864297002,190.790499234479,346.067517728787,152.490941818509,"MUS81"
"ENSG00000099377",366.737312605188,0.611456302784486,0.398188596508281,1.53559471101471,0.12463781217321,0.627754720904118,333.644936690487,415.693454316495,273.193915355899,92.3642704303543,512.237582012236,296.355049150985,557.860102397847,550.32033447533,200.13543193954,435.568049282704,"HSD3B7"
"ENSG00000155744",163.692932619552,-0.293909636910199,0.191440353281025,-1.53525435924554,0.124721360405753,0.627938385704616,165.37183818572,198.753432845074,184.880474440246,188.350669112879,123.928447261025,118.735084838994,162.381813843505,164.904351097137,163.652410492228,165.970804078709,"FAM126B"
"ENSG00000065518",598.630336729143,0.263764730491369,0.171844621006752,1.53490245400817,0.124807790655249,0.628136416592094,553.173634165098,530.009154253531,623.97160123583,430.127729945277,608.626374326366,521.275982219973,701.035465141582,669.204866661639,690.050291374871,658.828267967262,"NDUFB4"
"ENSG00000197343",649.109393624544,-0.30422557707111,0.198282252875537,-1.53430563078217,0.124954481144196,0.628313031903461,611.198840546052,666.408568951131,645.430942019073,1006.95165410347,610.003357073711,629.392482235967,477.542215980629,644.277464751606,616.041876438896,583.846534144901,"ZNF655"
"ENSG00000233382",7.78994786582222,0.892542257329506,0.581785865137649,1.53414221763248,0.124994669157662,0.628313031903461,5.80252063809543,5.19616817895618,4.95215556536373,4.52766031521344,13.7698274734472,4.82662946499975,12.2222870634896,6.71122359116257,11.4660924548695,8.42491391262483,"NKAPP1"
"ENSG00000121766",360.368885515347,0.361697216632348,0.235804239033989,1.53388767782166,0.125057287921339,0.628313031903461,354.920845696837,296.181586200502,374.713104445856,204.650246247648,432.372582666242,442.119258993977,458.33576488086,306.79879273886,429.457281036929,304.139392245756,"ZCCHC17"
"ENSG00000133805",208.582201529997,0.694609710964441,0.453043958308666,1.53320599077759,0.125225108663684,0.628313031903461,117.017499534925,97.4281533554284,281.447507964839,112.285975817293,195.53155012295,92.6712857279952,314.28738163259,288.58261441999,124.042272920861,462.527773803103,"AMPD3"
"ENSG00000171448",109.852575218271,-0.308646512754203,0.201337335825656,-1.53298200499419,0.125280288777415,0.628313031903461,132.490887903179,100.026237444907,128.756044699457,134.018745330318,118.420516271646,111.012477694994,94.2862144897769,86.2871604578044,93.8134837216593,99.413984168973,"ZBTB26"
"ENSG00000111799",4639.63788085057,-0.846981325501885,0.552657814584886,-1.53256011794219,0.125384274408074,0.628313031903461,3280.35833406995,2373.34981573824,1447.680143608,18197.5723389059,2675.47747809079,3207.77794243883,3843.90928146748,5585.65552030187,2447.48955309395,3337.1084007907,"COL12A1"
"ENSG00000115421",68.5633334633623,-0.41062138240153,0.267941782479712,-1.53250224209665,0.125398544742414,0.628313031903461,68.6631608841293,74.0453965501256,72.6316149586681,105.947251375995,72.9800856092701,52.1275982219973,41.0319637131436,58.4835198658452,74.0084149359756,65.7143285184737,"PAPOLG"
"ENSG00000100983",266.946573328583,-0.274560960067727,0.179177092564731,-1.53234409676861,0.125437544782409,0.628313031903461,308.500680592074,290.985418021546,312.811159878809,279.809407480191,216.186291333121,252.915383965987,193.810552006764,248.315272873015,267.889614627405,298.241952506919,"GSS"
"ENSG00000089639",54.3339959031307,-0.420422147234004,0.274383277434703,-1.53224406080671,0.125462219417986,0.628313031903461,58.9922931539702,72.7463545053866,41.2679630446978,83.3089497999274,56.4562926411335,46.3356428639976,43.6510252267486,47.9373113654469,43.7796257367743,48.864500693224,"GMIP"
"ENSG00000184384",232.604502952911,-0.305734075749535,0.19955310780607,-1.53209378250653,0.125499293819896,0.628313031903461,253.376734530167,294.882544155763,260.81352644249,240.871528769355,282.281463205668,219.128977710989,202.540757052113,158.193127505975,216.813384601168,197.142985555421,"MAML2"
"ENSG00000172748",34.7381539280878,-0.551072575240611,0.359714726217899,-1.53197112899625,0.125529559376376,0.628313031903461,30.946776736509,42.8683874763885,33.0143704357582,65.1983085390736,19.2777584628261,33.7864062549982,33.1747791723289,19.1749245461788,39.6101375713672,30.3296900854494,"ZNF596"
"ENSG00000133169",11.4857175597653,1.60210315578097,1.04579559810073,1.53194673862708,0.125535578537539,0.628313031903461,15.4733883682545,0,3.30143704357582,1.81106412608538,0,1.9306517859999,15.7143690816295,22.0511632281056,38.5677655300155,16.0073364339872,"BEX1"
"ENSG00000181751",373.665438003448,0.781434361674339,0.51013032444688,1.531832796887,0.125563700554284,0.628313031903461,369.427147292076,196.155348755596,378.014541489431,100.514058997738,309.821118152562,821.492334942957,124.841932148501,189.83175300717,543.075833544272,703.480311704173,"C5orf30"
"ENSG00000104067",353.720235073763,-0.40632294312647,0.265305658743478,-1.53152761630064,0.125639046507171,0.628313031903461,378.130928249219,467.655136106056,310.335082096127,503.475827051735,297.428273426459,275.117879504986,196.429613520369,269.407689873812,439.881001450447,399.340919458417,"TJP1"
"ENSG00000139687",253.82522748825,-0.538906366156998,0.351917791916204,-1.53134163300649,0.12568498114631,0.628313031903461,378.130928249219,319.564343005805,317.763315444173,233.627272265014,158.353015944643,295.389723257985,133.572137193851,99.7096076401295,350.237005894195,251.904925987482,"RB1"
"ENSG00000136908",446.475675924325,0.372648288350592,0.243354939493094,1.53129535454186,0.125696413155092,0.628313031903461,381.032188568267,285.78924984259,487.787323188327,362.212825217076,395.194048487935,508.726745610974,691.432239591697,528.269171247225,476.364022897759,347.948944591406,"DPM2"
"ENSG00000108950",134.542332689119,0.73357829952746,0.479061294473431,1.53128275648691,0.125699525349252,0.628313031903461,102.511197939686,81.8396488185599,57.7751482625769,143.074065960745,139.075257481817,43.4396651849978,219.128146638278,269.407689873812,62.5423224811062,226.630184249608,"FAM20A"
"ENSG00000161513",118.63428761881,0.616114982246986,0.402416117351637,1.5310395276952,0.125759623793743,0.628313031903461,109.280805350797,113.016657892297,87.4880816547592,49.8042634673479,247.85689452205,66.6074866169966,152.77858829362,147.646919005576,63.5846945224579,148.278484862197,"FDXR"
"ENSG00000164933",346.132424295251,-0.315688055834773,0.206226729875197,-1.53078146574801,0.125823411778,0.628313031903461,413.913138850808,333.853805497935,369.760948880492,450.954967395259,327.721893868043,386.13035719998,252.302925810607,251.191511554942,385.677655300155,289.817038594294,"SLC25A32"
"ENSG00000054148",903.845378322962,0.404152708547066,0.264023380911269,1.53074590270053,0.125832204259889,0.628313031903461,685.664522068277,897.638052914681,904.593749939775,540.602641636485,1029.98309501385,824.388312621957,1383.73749968793,1301.97737668554,701.516383829741,768.352148831385,"PHPT1"
"ENSG00000171346",7.37143191749262,1.23775780791641,0.80875541630339,1.5304476272615,0.125905967667403,0.628446066908738,7.73669418412724,2.59808408947809,4.95215556536373,0.905532063042689,4.13094824203416,19.306517859999,2.61906151360491,3.83498490923575,16.6779526616283,10.9523880864123,"KRT15"
"ENSG00000147854",314.266545219808,-0.401751394437852,0.26262012372324,-1.52978145292946,0.126070833962946,0.628717891791351,307.533593819058,311.770090737371,331.79442287937,520.680936249546,203.793446607019,304.077656294984,196.429613520369,258.861481373413,364.830214473119,342.893996243831,"UHRF2"
"ENSG00000124225",274.957693139908,0.679302625929855,0.444060044253747,1.52975399322728,0.126077633357409,0.628717891791351,111.214978896829,200.052474889813,307.859004313445,189.256201175922,179.007757154814,484.593598285975,369.287673418293,367.199805059323,80.2626471840863,460.842791020578,"PMEPA1"
"ENSG00000119953",200.561539457638,-0.365558637143681,0.238980913243757,-1.52965620635492,0.126101849032156,0.628717891791351,235.969172615881,214.341937381943,259.162807920702,217.327695130245,156.976033197298,160.244098237992,128.334014166641,155.316888824048,220.982872766575,256.959874335057,"SMNDC1"
"ENSG00000177125",142.542644199062,-0.380177270364233,0.248595578752782,-1.52930020828047,0.126190038027254,0.628774701713546,103.478284712702,206.547685113508,160.119696613427,191.97279736505,152.845084955264,134.180299126993,98.6513170124517,141.894441641723,117.78804067275,117.948794776748,"ZBTB34"
"ENSG00000105088",322.431039493307,0.914371660455892,0.59817557017892,1.52860080892704,0.126363435371056,0.629169072241497,138.293408541274,270.200745305722,206.339815223489,228.194079886758,99.1427578088198,324.349500047983,1099.13281520953,205.171692644113,68.7965547292168,584.689025536163,"OLFM2"
"ENSG00000173918",177.851277185469,0.849443514397343,0.555809819686909,1.52829886106697,0.126438352575056,0.629169072241497,136.359234995243,88.3348590422551,212.94268931064,42.5600069630064,188.646636386227,101.359218764995,440.002334285625,250.232765327633,37.5253934886637,280.549633290407,"C1QTNF1"
"ENSG00000106305",103.785165534292,-0.398670820209637,0.260874928369663,-1.52820672611634,0.126461219343667,0.629169072241497,127.6554540381,148.090793100251,137.009637308397,73.3480971064578,78.488016598649,94.6019375139951,86.4290299489622,82.4521755485687,122.999900879509,86.7766133000358,"AIMP2"
"ENSG00000176225",91.886621088067,-0.466897738451533,0.305561482528851,-1.52799932304115,0.126512706034607,0.629169072241497,88.0048963444474,122.10995220547,123.803889134093,106.852783439037,78.488016598649,139.006928591993,82.0639274262873,54.6485349566095,57.3304622743473,66.5568199097362,"RTTN"
"ENSG00000197119",76.9679436537521,-0.831003687466056,0.543864955101422,-1.52795961510535,0.126522565175954,0.629169072241497,60.926466700002,48.0645556553447,29.7129333921824,278.903875417148,35.8015514309627,40.5436875059979,64.6035173355879,89.1633991397312,60.4575783984026,61.5018715621613,"SLC25A29"
"ENSG00000139579",410.147999288737,0.261506930321045,0.171201107493083,1.52748387057958,0.126640735002492,0.629521983871874,397.472663709537,372.825066840106,377.189182228538,318.747286191027,393.81706574059,429.570022384978,460.08180588993,532.104156156461,456.558954112075,363.11378963413,"NABP2"
"ENSG00000189308",180.090746567304,-0.56375831536845,0.36925941363863,-1.52672699610622,0.126828911548252,0.630222501236603,162.470577866672,340.34901572163,285.574304269308,105.947251375995,125.305430008369,229.747562533988,95.1592349943119,116.008293504381,206.38966418765,133.956131210735,"LIN54"
"ENSG00000101266",655.082399938138,-0.30615389028778,0.200585335837878,-1.52630245381062,0.126934557845032,0.630341203630983,756.261856498438,800.209899559252,717.237197716847,686.393303786358,582.463702126816,726.890397428962,412.065678140506,511.970485382973,707.770616077852,649.560862663374,"CSNK2A1"
"ENSG00000162869",164.191401849278,-0.305044242997887,0.199879556057294,-1.52614028675573,0.126974930787518,0.630341203630983,196.318614922229,188.361096487162,202.213018919019,153.940450717257,169.368877923401,162.174750023992,117.857768112221,126.55450200478,170.94901478169,154.175924601034,"PPP1R21"
"ENSG00000112081",1577.33845348641,-0.31801539629898,0.208389654352739,-1.52606134544798,0.126994587550158,0.630341203630983,1815.22187295085,1770.59430697932,1812.48893692313,1761.25986261803,1160.7964560116,1415.16775913793,1299.05451074804,1068.04329722216,2021.15938818108,1649.59814409194,"SRSF3"
"ENSG00000141504",423.179899553879,0.479087330025674,0.314033926999825,1.52559099140247,0.127111757050923,0.630531532182702,310.434854138106,290.985418021546,342.524093270991,424.694537567021,592.102581358229,278.979183076986,760.40085944996,580.041467521908,309.584496281476,342.051504852568,"SAT2"
"ENSG00000176024",26.4826039810248,0.533540547636124,0.349741592335572,1.52552787351697,0.127127486694105,0.630531532182702,14.5063015952386,27.27988293952,21.4593407832428,20.8272374499818,22.0317239575155,32.8210803619983,27.0636356405841,24.9274019100324,42.7372536954226,31.1721814767119,"ZNF613"
"ENSG00000130449",72.4632047643216,-0.691730573677571,0.453609578646372,-1.52494701664321,0.127272313475309,0.630935490254978,60.926466700002,54.5597658790399,49.5215556536373,210.083438625904,70.2261201145807,55.9889017939971,26.1906151360491,65.1947434570078,72.9660428946239,58.9743973883738,"ZSWIM6"
"ENSG00000134779",2663.47953257395,0.328708608248515,0.21557294573528,1.52481382637023,0.127305540290227,0.630935490254978,2174.97815251277,2365.5555634698,2750.09705729866,1945.0828714157,3073.42549207341,2426.82929500187,2647.87119025457,4149.45367179308,2206.7016115417,2894.80042037789,"TPGS2"
"ENSG00000180155",90.6418259924461,1.01485389367357,0.665638489244329,1.52463222916344,0.127350853997631,0.630935490254978,42.5518180126998,135.100372652861,15.6818259569851,32.5991542695368,27.5396549468944,65.6421607239966,182.461285447809,266.531451191885,27.101673075146,111.208863646648,"LYNX1"
"ENSG00000263812",11.1907765080092,0.995376833691161,0.652949685845483,1.52443113959429,0.127401046248405,0.630949778616778,5.80252063809543,10.3923363579124,5.77751482625769,6.33872444129882,20.6547412101708,7.7226071439996,16.5873895861645,9.58746227308938,2.08474408270354,26.9597245203995,"LINC00908"
"ENSG00000134248",735.486710127228,0.341737456716926,0.22426662420995,1.52379988739209,0.127558707710498,0.631104057693982,742.722641676215,628.736349653698,768.409471892272,395.717511549655,727.046890598012,713.375834926963,978.655985583703,906.973931034255,744.253637525164,748.974846832347,"LAMTOR5"
"ENSG00000100350",73.7970612863456,-0.484644262550458,0.318068431209468,-1.52371067039749,0.127581002770216,0.631104057693982,77.3669418412724,97.4281533554284,78.4091297849257,103.230655186867,45.4404306623758,96.532589299995,60.238414812913,63.2772510023899,82.3473912667898,33.6996556504993,"FOXRED2"
"ENSG00000007541",258.275372237284,0.401640314107803,0.263690930252636,1.52314800407811,0.127721681244363,0.631104057693982,256.277994849215,213.042895337204,152.691463265382,244.493657021526,283.658445953012,353.309276837982,369.287673418293,308.716285193478,220.982872766575,180.293157730171,"PIGQ"
"ENSG00000111678",477.554096806038,0.418455926661939,0.274745434756248,1.52306780650674,0.127741742152136,0.631104057693982,328.809502825408,350.741352079542,495.215556536373,413.828152810509,567.316891906025,533.825218828972,665.241624455648,721.93590916363,409.652212251245,288.974547203032,"C12orf57"
"ENSG00000100038",60.5761456491457,-0.528201693239055,0.346907833108766,-1.52259950000451,0.127858934958078,0.631104057693982,45.4530783317476,64.9521022369523,48.6961963927434,137.640873582489,53.7023271464441,45.3703169709976,55.8733122902382,53.6897887293005,48.9914859435332,51.3919748670115,"TOP3B"
"ENSG00000100065",79.826750880055,-0.876566537482583,0.575744459507442,-1.5224923540428,0.127885759779493,0.631104057693982,94.7745037555587,222.136189650377,82.5359260893955,40.748942836921,42.6864651676863,13.5145625019993,145.79442425734,75.7409519574061,32.3135332819049,48.0220093019615,"CARD10"
"ENSG00000116539",382.584289027865,-0.439491571328907,0.288800993896828,-1.52177998212122,0.128064218899406,0.631104057693982,316.237374776201,643.025812145828,421.758582316811,435.560922323533,450.273358381723,332.072107191983,185.953367465949,269.407689873812,363.787842431768,407.765833371042,"ASH1L"
"ENSG00000170584",394.455839974921,0.377333139137599,0.24796889950415,1.52169542185383,0.128085415277758,0.631104057693982,467.102911366682,265.004577126765,326.842267314006,278.903875417148,382.801203761832,357.170580409981,621.590599228899,464.991920244835,347.109889770139,433.040575108916,"NUDCD2"
"ENSG00000100246",277.182785517754,0.363060926713223,0.238590898413388,1.52168808251929,0.128087255127543,0.631104057693982,224.36413133969,242.920862366202,271.543196834111,207.366842436776,323.590945626009,296.355049150985,400.716411581552,371.993536195868,210.559152353057,222.417727293296,"DNAL4"
"ENSG00000175711",37.1495678110688,-0.606031312804443,0.398272117096199,-1.52165137048261,0.128096458536418,0.631104057693982,35.7822106015885,24.6817988500419,42.0933223055917,84.2144818629701,30.2936204415838,35.7170580409981,43.6510252267486,24.9274019100324,19.8050687856836,30.3296900854494,"B3GNTL1"
"ENSG00000174628",52.780706103588,0.570928777322303,0.375290581259612,1.52129791109081,0.128185094236949,0.631104057693982,43.5189047857157,64.9521022369523,37.9665260011219,18.1106412608538,56.4562926411335,56.954227686997,63.7304968310529,94.9158765035849,40.652509612719,50.549483475749,"IQCK"
"ENSG00000241978",11.9520160850194,-1.70142188045082,1.11849813383934,-1.52116649011344,0.128218062345369,0.631104057693982,22.2429957793658,44.1674295211276,15.6818259569851,0,5.50793098937888,2.89597767899985,0.873020504534971,2.87623868192681,0,25.2747417378745,"AKAP2"
"ENSG00000226864",8.59503063069995,0.968959891433483,0.637037984578051,1.52103942761794,0.128249943357402,0.631104057693982,2.90126031904772,9.09329431317332,5.77751482625769,4.52766031521344,2.75396549468944,14.4798883949993,15.7143690816295,14.3811934096341,10.4237204135177,5.89743973883738,"ATE1-AS1"
"ENSG00000176946",628.322605809345,0.350746192137337,0.230666197760701,1.52057906855174,0.128365502798383,0.631104057693982,581.219150582559,637.829643966871,581.878278930238,356.779632838819,764.225424776319,598.502053659969,914.92548875265,705.637223299378,570.177506619418,572.051654667226,"THAP4"
"ENSG00000091129",78.6217045754368,0.968755865937005,0.637164779062227,1.52041653551976,0.128406321204933,0.631104057693982,44.4859915587317,19.4856306710857,30.5382926530763,105.041719312952,52.3253443990994,39.5783616129979,70.7146608673327,306.79879273886,27.101673075146,90.1465788650857,"NRCAM"
"ENSG00000065457",165.272242430417,-0.437314539537733,0.287642731797757,-1.52033926532589,0.128425730313286,0.631104057693982,243.705866800008,181.865886263466,170.849367005049,187.445137049837,141.829222976506,210.441044673989,108.254542562336,81.4934293212597,188.66933948467,138.168588167047,"ADAT1"
"ENSG00000228451",57.156393375211,0.406582515377364,0.267499203657763,1.5199391617537,0.128526266777116,0.631104057693982,42.5518180126998,61.0549761027352,36.315807479334,51.6153275934333,86.7499130827173,55.9889017939971,56.7463327947731,64.2359972296989,57.3304622743473,58.9743973883738,"SDAD1P1"
"ENSG00000164164",469.264581710693,-0.442069219967913,0.290854494346679,-1.51989819157134,0.128536565056162,0.631104057693982,624.738055368275,607.951676937873,565.371093712359,431.938794071363,422.733703434829,508.726745610974,226.985331179092,271.325182328429,614.999504397544,417.875730066192,"OTUD4"
"ENSG00000106692",185.896033923647,-0.34134169772169,0.22459611786092,-1.51980230545687,0.12856066952949,0.631104057693982,206.956569425404,175.370676039771,198.911581875443,269.848554786721,134.944309239783,217.198325924989,131.826096184781,160.110619960593,179.287991112504,184.505614686484,"FKTN"
"ENSG00000160111",11.7299619759277,0.826577332453351,0.544019922710345,1.51938798185053,0.128664865273362,0.631104057693982,10.637954503175,2.59808408947809,5.77751482625769,12.6774488825976,16.5237929681366,9.6532589299995,15.7143690816295,10.5462085003983,10.4237204135177,22.747267564087,"CPAMD8"
"ENSG00000107672",92.05185435717,-0.375628336774624,0.247226185489666,-1.51937116220371,0.128669096530573,0.631104057693982,128.622540811115,115.614741981775,93.2655964810169,89.6476742412262,85.3729303353726,99.4285669789949,69.8416403627977,55.6072811839184,93.8134837216593,89.3040874738232,"NSMCE4A"
"ENSG00000118526",6.33330972785221,1.49447566374696,0.983709193575083,1.51922506520001,0.128705854169991,0.631104057693982,3.86834709206362,5.19616817895618,3.30143704357582,0,0,7.7226071439996,16.5873895861645,12.4637009550162,12.5084644962212,1.68498278252497,"TCF21"
"ENSG00000114125",1340.04573515269,0.28358766260021,0.186675393020561,1.51914860342078,0.128725095014295,0.631104057693982,1212.72681336195,908.030389272593,1388.25427682363,1231.52360573806,1447.2088674593,1290.64071894093,1696.27884031145,1694.10458365489,1287.32947106944,1244.35978489469,"RNF7"
"ENSG00000257167",21.0778793625229,-1.21749904131194,0.801528647973748,-1.51897133607109,0.128769711173011,0.631104057693982,16.4404751412704,54.5597658790399,51.9976334363192,5.43319237825613,2.75396549468944,38.613035719998,11.3492665589546,0.958746227308938,17.7203247029801,10.9523880864123,"TMPO-AS1"
"ENSG00000177169",417.733767646064,-0.373143913159444,0.245703996389658,-1.51867254355799,0.128844941016426,0.631104057693982,308.500680592074,685.894199622216,419.282504534129,522.492000375632,469.551116844549,386.13035719998,367.541632409223,310.633777648096,323.135332819049,384.176074415692,"ULK1"
"ENSG00000135316",837.371400464454,-0.357025852167495,0.235094951201968,-1.51864534028541,0.12885179193977,0.631104057693982,997.066462979399,854.769665438292,879.007612852062,1126.48188642511,535.646288717096,879.411888522954,577.066553497616,611.680093023102,927.711116803075,984.872436385843,"SYNCRIP"
"ENSG00000100578",50.8559006635356,-0.471922621447732,0.310900237251794,-1.51792300198706,0.129033810534371,0.631439401355132,59.9593799269861,80.5406067738208,60.2512260452587,44.3710710890918,31.6706031889286,55.0235759009971,30.555717658724,38.3498490923575,61.4999504397544,46.3370265194366,"KIAA0586"
"ENSG00000160049",719.745392047203,0.287774900706116,0.189587748153366,1.51789819494729,0.129040065088315,0.631439401355132,727.249253307961,654.717190548479,727.966868108468,432.844326134405,691.245339167049,745.231589395961,830.242499812758,762.203250710606,842.23660941223,783.516993874109,"DFFA"
"ENSG00000011485",326.869195684334,-0.294011447697079,0.193714076896784,-1.51775984691983,0.129074950845018,0.631439401355132,392.637229844458,402.703033869104,399.473882272674,275.281747164977,330.475859362733,289.597767899985,299.446033055495,229.140348326836,331.474309149863,318.461745897219,"PPP5C"
"ENSG00000196358",22.4015710048674,0.789518381530295,0.520233772542329,1.51762231366103,0.129109638411595,0.631439401355132,25.1442560984135,15.5885045368685,8.25359260893955,13.5829809456403,30.2936204415838,9.6532589299995,18.3334305952344,39.3085953196665,16.6779526616283,47.1795179106991,"NTNG2"
"ENSG00000253250",54.7412203361138,-0.570835775089884,0.376327345558782,-1.51685967503183,0.12930211660421,0.632044376677316,69.6302476571452,50.6626397448228,92.440237220123,58.8595840977748,49.5713789044099,84.9486785839956,27.0636356405841,34.5148641831218,51.0762300262367,28.6447073029244,"C8orf88"
"ENSG00000198690",93.1831761434087,-0.438857800063438,0.289339611198837,-1.51675672143573,0.1293281175641,0.632044376677316,110.247892123813,110.418573802819,89.9641594374411,131.30214914119,100.519740556165,110.047151801994,53.2542507766332,50.8135500473737,79.2202751427345,96.0440186039231,"FAN1"
"ENSG00000125648",762.512651069915,0.485150780428497,0.320042559304453,1.51589457815508,0.12954601150291,0.63273232205116,632.474749552402,761.238638217081,550.514627016268,516.153275934333,1228.26861063149,448.876540244977,1127.06947135465,914.643900852727,453.43183798802,992.454858907205,"SLC25A23"
"ENSG00000197728",2149.68320076974,0.595386153350013,0.392811874461545,1.51570304275081,0.129594457916016,0.63273232205116,1803.61683167466,1835.54640921627,2402.6208084623,539.697109573443,2484.07687620987,1727.93334846991,3846.52834298108,3520.51614667842,1775.15958642206,1561.13654800938,"RPS26"
"ENSG00000198677",601.329350012105,-0.407152614989946,0.268634680709299,-1.51563682661861,0.129611209705614,0.63273232205116,763.998550682565,762.53768026182,743.648694065454,551.469026392998,499.844737286133,557.958366153971,330.874771218754,371.993536195868,797.414611634104,633.553526229387,"TTC37"
"ENSG00000161921",49.7318518024719,0.826008446940606,0.545129432397723,1.51525197109144,0.129708606256883,0.632976100127352,34.8151238285726,42.8683874763885,40.4426037838038,18.1106412608538,42.6864651676863,23.1678214319988,70.7146608673327,154.358142596739,18.7626967443319,51.3919748670115,"CXCL16"
"ENSG00000115808",262.40653931956,-0.516359868032296,0.340846534414869,-1.51493360177105,0.129789219881154,0.633137829390987,352.986672150805,381.918361153279,327.6676265749,218.233227193288,218.94025682781,301.181678615984,113.492665589546,132.306979368633,365.872586514471,211.465339206883,"STRN"
"ENSG00000181619",24.957088858594,-0.776897966285213,0.513117820126726,-1.51407325142857,0.130007261957283,0.633717439503062,18.3746486873022,20.7846727158247,19.8086222614549,74.2536291695005,11.0158619787578,17.3758660739991,13.0953075680246,24.9274019100324,18.7626967443319,31.1721814767119,"GPR135"
"ENSG00000171055",859.744238217081,0.442723327772364,0.292427225142756,1.51396070443249,0.130035806216016,0.633717439503062,766.899811001613,581.970836043093,1019.31868720403,460.915820088729,656.820770483431,1149.70313856294,680.955993537278,881.087782896914,1007.97376398716,1391.79577836562,"FEZ2"
"ENSG00000088888",370.112951036479,-0.55809431355136,0.368646153353787,-1.51390244676108,0.130050583483533,0.633717439503062,324.941155733344,865.162001796205,346.650889575461,297.014516678002,433.749565413587,338.829388442982,198.175654529438,180.24429073408,405.482724085838,310.879323375856,"MAVS"
"ENSG00000211459",1014.72209766739,-1.29698801892288,0.856962751340272,-1.51347070440859,0.130160137106505,0.633820406061278,301.731073180962,3984.16195121465,208.815893006171,1806.53646577016,370.40835903573,219.128977710989,736.829305827516,1594.39497601476,413.821700416653,511.392274496327,"MT-RNR1"
"ENSG00000131459",178.911655175694,-0.372845378297321,0.246355483435025,-1.51344460897968,0.130166761055848,0.633820406061278,187.614833965086,219.538105560899,146.08858917823,276.18727922802,133.567326492438,138.041602698993,148.413485770945,206.130438871422,192.838827650077,140.696062340835,"GFPT2"
"ENSG00000140443",441.561657389253,-0.667212890689952,0.440931059622809,-1.5131909538437,0.130231161395625,0.633902554574253,227.265391658738,481.944598598186,221.19628191958,1340.18745330318,370.40835903573,396.748942022979,324.763627687009,425.683324925168,288.73705545444,338.681539287518,"IGF1R"
"ENSG00000138606",21.5721875946988,0.785117049686919,0.518947041821119,1.51290398906937,0.130304048504985,0.633906538728832,26.1113428714294,12.9904204473905,6.60287408715164,14.488513008683,37.1785341783074,24.1331473249987,30.555717658724,28.7623868192681,6.25423224811062,28.6447073029244,"SHF"
"ENSG00000102452",39.1022584070586,-0.75594225097419,0.49969295824442,-1.51281349577159,0.130327039753652,0.633906538728832,19.3417354603181,27.27988293952,37.141166740228,123.152360573806,28.9166376942391,24.1331473249987,28.809676649654,37.3911028650486,21.8898128683872,42.9670609543866,"NALCN"
"ENSG00000110066",274.362650203499,-0.351452395803077,0.23255489665922,-1.51126637560372,0.130720597149728,0.634960008736685,303.665246726994,277.994997574156,302.906848748082,375.795806162716,232.710084301258,295.389723257985,183.334305952344,191.749245461788,345.025145687436,235.055098162233,"KMT5B"
"ENSG00000233621",34.5162665084934,0.669042885934304,0.442785388803197,1.51098681856386,0.130791809282308,0.634960008736685,17.4075619142863,31.1770090737371,21.4593407832428,31.6936222064941,67.4721546198913,31.8557544689983,39.2859227040737,54.6485349566095,37.5253934886637,12.6373708689372,"LINC01137"
"ENSG00000170296",664.88926756739,0.391032009992606,0.25879496729075,1.51097223445343,0.130795525148056,0.634960008736685,515.457250017478,713.174082561736,642.954864236391,369.457081721417,1027.22912951916,628.427156342967,872.147484030436,743.028326164427,564.965646412659,572.051654667226,"GABARAP"
"ENSG00000106610",80.7602605542135,0.433806538927527,0.287114596535843,1.51091774560257,0.130809409013068,0.634960008736685,55.1239460619066,66.2511442816913,73.456974219562,72.4425650434151,63.3412063778571,78.1913973329959,75.9527838945425,74.7822057300972,107.364320259232,140.696062340835,"STAG3L4"
"ENSG00000001461",822.722921863547,0.5323447533667,0.352350238924933,1.51083976838203,0.1308292797487,0.634960008736685,524.161030974621,1031.4393835228,708.983605107907,332.330267136667,871.630079069208,1387.17330824093,482.780339007839,832.191725304158,795.3298675514,1261.20961271994,"NIPAL3"
"ENSG00000169813",816.297210222254,-0.26628645818672,0.176274735750371,-1.51063314350287,0.130881944759393,0.634962957001137,906.160306315903,1015.85087898593,979.701442681125,730.76437487545,811.04283818604,746.196915288961,682.702034546347,619.350062841574,907.906048017391,763.29720048381,"HNRNPF"
"ENSG00000235374",16.4572737345951,0.750813914662592,0.497118242726837,1.51033265354367,0.130958563652954,0.634962957001137,10.637954503175,9.09329431317332,13.2057481743033,13.5829809456403,19.2777584628261,5.7919553579997,23.5715536224442,33.5561179558128,15.6355806202765,20.2197933902996,"SSR4P1"
"ENSG00000115282",113.994288589026,-0.519978129989781,0.344359791218537,-1.50998503091725,0.13104724382049,0.634962957001137,70.5973344301611,103.923363579124,131.232122482139,250.832381462825,89.5038785774068,117.769758945994,74.2067428854726,107.379577458601,113.618552507343,80.8791735611984,"TTC31"
"ENSG00000116128",88.4825921405497,-0.463563822782058,0.307010431240886,-1.50992857444097,0.131061650527814,0.634962957001137,92.8403302095269,136.3994146976,66.0287408715164,128.585552952062,97.7657750614751,104.255196443995,56.7463327947731,51.7722962746827,77.1355310600309,73.296751039836,"BCL9"
"ENSG00000121060",470.021141332107,-0.347256711177183,0.229985960085618,-1.50990395695419,0.131067932865272,0.634962957001137,526.095204520653,662.511442816913,561.244297407889,408.394960432253,322.213962878664,458.529799174976,304.684156082705,434.312040970949,524.31313679994,497.912412236128,"TRIM25"
"ENSG00000157500",498.722736684043,-0.394644188883342,0.261442247824597,-1.50948896808794,0.131173872414763,0.635245438052176,783.340286142883,589.765088311527,522.452412145874,433.749858197448,422.733703434829,534.790544721972,279.366561451191,383.498490923575,612.91476031484,424.615661196292,"APPL1"
"ENSG00000092208",44.0313790967594,-0.481467031068567,0.319004073628895,-1.5092817643096,0.13122679283622,0.635271047570476,59.9593799269861,53.2607238343009,61.9019445670466,37.1268145847502,30.2936204415838,47.3009687569975,34.0477996768639,28.7623868192681,57.3304622743473,30.3296900854494,"GEMIN2"
"ENSG00000175105",139.474184420331,-0.338172991738121,0.224279648228904,-1.50781845079842,0.131600998563488,0.636851421567939,176.009792688895,162.380255592381,150.2153854827,149.412790402044,118.420516271646,91.7059598349952,104.762460544197,130.389486914016,169.906642740338,141.538553732097,"ZNF654"
"ENSG00000206418",722.708661362093,0.238193628189823,0.158100300575775,1.50659819951235,0.131913679202577,0.638133021227699,655.684832104784,646.922938280045,650.383097584437,656.510745705949,837.20551038559,772.26071439996,918.41757077079,772.749459211004,620.211364604303,696.740380574074,"RAB12"
"ENSG00000154719",106.71353069066,-0.404470157412981,0.268568402568628,-1.50602287366857,0.132061301875898,0.638615512370867,148.931363044449,132.502288563383,145.263229917336,74.2536291695005,66.0951718725465,93.6366116209951,95.1592349943119,90.1221453670402,120.915156796805,100.256475560235,"MRPL39"
"ENSG00000084234",1701.05569333335,0.581299261229885,0.38605820649738,1.50572958027206,0.132136607175162,0.638646189462994,1207.89137949687,959.992071062155,1311.49586556049,1763.97645880716,1174.56628348505,994.285669789948,2020.16944749392,2694.07689873812,1086.15166708854,3797.95119181127,"APLP2"
"ENSG00000136521",580.968315357699,0.271223790211684,0.180140310264762,1.50562519745331,0.132163416279363,0.638646189462994,593.791278631766,436.478127032319,575.275404843087,460.010288025686,743.570683566149,560.854343832971,685.321096059952,652.906180797387,559.7537862059,541.721964581777,"NDUFB5"
"ENSG00000159167",342.814530567157,0.661108769713151,0.43918355743045,1.50531311686879,0.132243594458648,0.638802180114084,156.668057228577,222.136189650377,434.13897123022,203.744714184605,247.85689452205,182.446593776991,513.336056666563,571.412751476127,184.499851319263,711.905225616798,"STC1"
"ENSG00000182240",300.871543604466,-0.703604349559063,0.467531742649153,-1.50493385876275,0.132341082263331,0.639041641616959,589.922931539702,101.325279489646,173.325444787731,700.881816795041,294.67430793177,361.997209874981,164.127854852575,221.470378508365,228.279477056038,172.710735208809,"BACE2"
"ENSG00000104368",105.278724575298,0.587545553930942,0.390489975809926,1.50463671368848,0.132417501905401,0.639179233772108,56.0910328349225,105.222405623863,55.299070479895,107.75831550208,77.1110338513043,88.8099821559954,127.460993662106,235.851571917999,67.754182687865,131.428657036947,"PLAT"
"ENSG00000108381",12.9700349462246,1.36087202208933,0.905100946054315,1.50355828045689,0.132695140048838,0.640287656596004,6.76960741111134,3.89712613421714,2.47607778268187,13.5829809456403,12.3928447261025,0.96532589299995,13.9683280725595,31.638625501195,1.04237204135177,42.9670609543866,"ASPA"
"ENSG00000092094",122.343190456908,-0.438522422026874,0.291707436173183,-1.50329531457857,0.132762907829244,0.640382966263519,117.017499534925,101.325279489646,124.629248394987,237.249400517185,86.7499130827173,121.631062517994,97.7782965079168,95.8746227308938,141.762597623841,99.413984168973,"OSGEP"
"ENSG00000104356",44.291993400535,-0.606445605658506,0.403498724902124,-1.50296783665329,0.132847338187784,0.64055855003994,44.4859915587317,35.0741352079542,42.9186815664857,100.514058997738,23.4087067048602,36.6823839339981,29.682697154189,25.8861481373413,60.4575783984026,43.8095523456491,"POP1"
"ENSG00000091640",476.664946997738,0.283925134653434,0.188956559329685,1.50259475331603,0.132943577186092,0.640784865812979,389.73596952541,419.590580450712,459.725108317933,417.45028106268,505.352668275512,529.963915256973,670.479747482858,537.856633520314,438.838629409095,397.655936675892,"SPAG7"
"ENSG00000162981",18.8201996288807,1.00571120790248,0.669556911315117,1.50205485285351,0.133082943183779,0.640902172799991,23.2100825523817,5.19616817895618,15.6818259569851,2.71659618912807,20.6547412101708,16.4105401809991,20.9524921088393,14.3811934096341,8.33897633081416,60.6593801708988,"FAM84A"
"ENSG00000164949",65.3793325397334,0.444298289447796,0.295819979936505,1.50192116686358,0.133117469380071,0.640902172799991,75.4327682952406,54.5597658790399,42.9186815664857,42.5600069630064,77.1110338513043,58.8848794729969,82.9369479308223,81.4934293212597,46.9067418608296,90.9890702563482,"GEM"
"ENSG00000184988",20.7426348774692,-0.871535392324832,0.580342320360522,-1.50176087758586,0.133158875371431,0.640902172799991,7.73669418412724,28.578924984259,23.9354185659247,53.4263917195186,16.5237929681366,21.2371696459989,11.3492665589546,7.6699698184715,30.2287891992013,6.73993113009986,"TMEM106A"
"ENSG00000072135",412.541778861644,-0.338736232511041,0.225600122861203,-1.50148957462866,0.133228981177145,0.640987920929235,428.419440446046,475.449388374491,491.914119492797,489.892846106095,513.614564759581,415.090133989978,414.684739654111,316.38625501195,335.64379731527,244.32250346612,"PTPN18"
"ENSG00000162777",65.3633259030448,0.661953796785564,0.441022453193225,1.500952597748,0.133367822445793,0.640987920929235,47.3872518777794,59.7559340579961,56.9497890016829,29.8825580804087,100.519740556165,42.4743392919978,130.080055175711,92.039637821658,22.9321849097389,71.6117682573111,"DENND2D"
"ENSG00000167487",25.9225468357342,-0.602318200051925,0.401350286591628,-1.5007294629511,0.133425549319273,0.640987920929235,31.9138635095249,50.6626397448228,26.4114963486066,21.7327695130245,31.6706031889286,15.4452142879992,18.3334305952344,19.1749245461788,13.550836537573,30.3296900854494,"KLHL26"
"ENSG00000143198",795.829382248472,0.420534847751005,0.280241052502833,1.50061828556241,0.133454319073408,0.640987920929235,815.254149652408,639.128686011611,858.373631329713,333.23579919971,904.677665005481,683.450732243965,1161.11727103151,965.457450900101,712.98247628461,884.615960825607,"MGST3"
"ENSG00000116984",250.16438445473,-0.385262710671265,0.256772183369824,-1.50040672480624,0.133509078634267,0.640987920929235,233.067912296833,293.583502111024,245.131700485505,393.000915360527,179.007757154814,221.059629496989,143.175362743735,250.232765327633,267.889614627405,275.494684942832,"MTR"
"ENSG00000126216",141.056422970265,-0.498104576328319,0.332034504846312,-1.50015907701784,0.133573200908007,0.640987920929235,168.273098504768,200.052474889813,190.657989266504,124.963424699891,126.682412755714,192.09985270699,76.8258043990775,61.359758547772,158.440550285469,111.208863646648,"TUBGCP3"
"ENSG00000136859",314.886328782703,0.591115552366905,0.394202674746754,1.49952192167811,0.133738286056789,0.640987920929235,202.121135560324,294.882544155763,275.669993138581,193.783861491135,311.198100899907,207.545066994989,563.971245929591,693.173522344362,182.41510723656,224.102710075821,"ANGPTL2"
"ENSG00000187653",383.166436176652,0.575987341637596,0.38413284758618,1.49944829049896,0.133757373857442,0.640987920929235,365.558800200012,137.698456742339,391.220289663735,288.864728110618,345.622669583525,189.20387502799,639.051009319599,684.544806298582,463.855558401537,326.044168418581,"TMSB4XP8"
"ENSG00000101945",43.126946924516,-0.777889674766875,0.518928768269555,-1.49902977505152,0.133865907871608,0.640987920929235,44.4859915587317,90.9329431317332,75.1076927413499,19.9217053869392,17.9007757154814,61.7808571519968,21.8255126133743,14.3811934096341,56.2880902329956,28.6447073029244,"SUV39H1"
"ENSG00000088854",307.990695403857,-0.403189721280443,0.269022354379774,-1.49872200103961,0.133945766663563,0.640987920929235,240.80460648096,378.021235019062,304.557567269869,518.869872123461,351.130600572904,310.834937545984,180.715244438739,290.500106874608,262.677754420646,241.795029292333,"C20orf194"
"ENSG00000139531",44.4963008068519,-0.45737395671639,0.305224444405167,-1.49848403396306,0.134007537754975,0.640987920929235,41.5847312396839,53.2607238343009,42.0933223055917,76.0646932955859,28.9166376942391,34.7517321479982,33.1747791723289,49.8548038200648,44.8219977781261,40.4395867805992,"SUOX"
"ENSG00000132376",334.256531846773,0.309398902338794,0.206475388539347,1.49847836358392,0.134009009931125,0.640987920929235,301.731073180962,355.937520258499,315.287237661491,197.405989743306,341.491721341491,435.361977742977,316.03342264166,364.323566377396,354.406494059602,360.586315460343,"INPP5K"
"ENSG00000128185",763.186397581697,0.362992209984276,0.242269065298929,1.49830193770876,0.13405482087192,0.640987920929235,659.553179196848,789.81756320134,719.713275499529,437.371986449619,797.273010712593,668.005517955965,957.703493474863,1168.7116510896,653.56726992756,780.147028309059,"DGCR6L"
"ENSG00000132361",197.567865499828,-0.26401626035416,0.176225767502663,-1.49817058024826,0.134088937163104,0.640987920929235,194.384441376197,261.107450992548,231.100593050307,192.878329428093,183.138705396848,188.23854913499,185.953367465949,157.234381278666,184.499851319263,197.142985555421,"CLUH"
"ENSG00000149798",524.512457678123,0.561873263256854,0.375083422579364,1.49799545763174,0.13413443062757,0.640987920929235,407.143531439696,680.69803144326,352.428404401719,192.878329428093,600.364477842298,557.958366153971,981.275047097308,663.452389297785,273.101474834164,535.824524842939,"CDC42EP2"
"ENSG00000185187",133.198288547344,0.458792541734628,0.306271498082791,1.49799293961924,0.134135084845497,0.640987920929235,155.700970455561,127.306120384426,76.7584112631378,76.0646932955859,148.71413671323,97.4979151929949,193.810552006764,198.46046905295,135.50836537573,122.16125173306,"SIGIRR"
"ENSG00000186174",733.469903429901,-0.617319148262256,0.412110074575695,-1.49794723872704,0.134146959060873,0.640987920929235,801.714934830186,1619.90542978959,879.007612852062,407.48942836921,1140.14171480143,612.016616161968,369.287673418293,296.252584238462,662.948618299725,545.934421538089,"BCL9L"
"ENSG00000130517",369.03048726551,0.398936293563287,0.26632564129115,1.49792671719193,0.134152291324697,0.640987920929235,238.870432934929,437.777169077058,230.275233789413,333.23579919971,549.416116190543,347.517321479982,467.06596992621,440.064518334803,276.228590958219,369.85372076423,"PGPEP1"
"ENSG00000103091",207.022239738089,-0.414067182767815,0.276450780572091,-1.4977971192953,0.134185969500969,0.640987920929235,186.64774719207,174.071633995032,207.165174484383,404.772832180082,217.563274080466,184.37724556299,184.207326456879,190.790499234479,178.245619071153,142.38104512336,"WDR59"
"ENSG00000230797",6.17437560694485,1.18507488348718,0.791421715982935,1.49740000754886,0.134289206328488,0.641150870725721,1.93417354603181,1.29904204473905,2.47607778268187,8.1497885673842,1.37698274734472,9.6532589299995,4.36510252267486,8.62871604578044,14.5932085789248,9.26740530388731,"YY2"
"ENSG00000173218",147.347589297241,-0.391965864201713,0.261782464379977,-1.497296104726,0.134316227997875,0.641150870725721,171.174358823815,157.184087413425,118.85173356873,239.965996706313,128.059395503059,140.937580377993,89.921111967102,142.853187869032,165.737154574931,118.79128616801,"VANGL1"
"ENSG00000184220",218.863739926297,0.422477088693984,0.282256455990627,1.49678450121266,0.134449340381833,0.641253615532848,177.943966234927,154.586003323946,258.337448659808,135.829809456403,201.039481112329,373.581120590981,272.382397414911,174.491813370227,201.177803980892,239.267555118545,"CMSS1"
"ENSG00000142798",1303.67932212549,-0.394510640376911,0.263574684860978,-1.49676984565113,0.134453155064894,0.641253615532848,861.674314757172,2331.78047030659,1169.53407268673,1726.84964422241,1259.93921382042,1144.87650909794,1042.38648241476,1244.452603047,1128.88892078397,1126.41099011794,"HSPG2"
"ENSG00000244879",58.4070786081858,-0.799669353497499,0.534363216336741,-1.4964902692583,0.134525941780587,0.641253615532848,34.8151238285726,20.7846727158247,67.6794593933043,190.161733238965,39.9324996729969,34.7517321479982,45.3970662358185,74.7822057300972,26.0593010337942,49.7069920844865,"GABPB1-AS1"
"ENSG00000227145",9.22136377296239,-1.6002003555735,1.06984356968743,-1.4957330220165,0.134723241394535,0.641944934076066,0.967086773015906,37.6722192974323,21.4593407832428,1.81106412608538,5.50793098937888,1.9306517859999,0.873020504534971,7.6699698184715,0,14.3223536514622,"IL21-AS1"
"ENSG00000028137",24.2911065331523,-0.536972770403945,0.359117045427214,-1.49525837673661,0.134847023488302,0.64230526866553,34.8151238285726,32.4760511184761,19.8086222614549,32.5991542695368,17.9007757154814,15.4452142879992,20.0794716043043,28.7623868192681,25.0169289924425,16.0073364339872,"TNFRSF1B"
"ENSG00000048649",421.251368622716,0.29303413920677,0.196111937224942,1.49421877807804,0.135118446086163,0.643368338254609,338.480370555567,339.049973676891,347.476248836355,460.010288025686,346.999652330869,406.402200952979,529.050425748193,461.156935335599,443.008117574502,540.879473190514,"RSF1"
"ENSG00000143569",608.882738520518,-0.297817547174708,0.199483966249073,-1.4929397724269,0.135452952958842,0.644227114905311,530.930638385732,782.023310932906,576.926123364875,853.011203386213,587.971633116195,640.011067058967,479.288256989699,491.836814609485,532.652113130754,614.17622423035,"UBAP2L"
"ENSG00000146540",1292.87964050975,0.445206351885494,0.298223347863775,1.49286216211636,0.135473271468672,0.644227114905311,1282.35706101909,1160.04454595197,1214.9288320359,593.123501292961,1130.50283557001,1050.27457158395,1660.48499962552,2161.97274258165,1002.7619037804,1672.34541165603,"C7orf50"
"ENSG00000121741",362.9752404223,-0.360654251029396,0.241600013806491,-1.49277413253073,0.135496320611831,0.644227114905311,371.361320838108,346.844225945325,325.191548792218,629.344783814669,415.848789698105,266.429946467986,292.461869019215,328.849955966966,340.855657522029,312.564306158381,"ZMYM2"
"ENSG00000139163",147.254378104892,-0.621495022398566,0.416363161583099,-1.49267533668328,0.135522192336357,0.644227114905311,171.174358823815,88.3348590422551,95.7416742636988,390.284319171399,72.9800856092701,100.393892871995,107.381522057801,160.110619960593,152.186318037358,133.956131210735,"ETNK1"
"ENSG00000126775",223.999320266038,-0.365850967286207,0.24513527470198,-1.49244521308076,0.135582469729668,0.644227114905311,209.857829744451,215.640979426682,222.847000441368,385.756658856186,227.202153311879,184.37724556299,147.54046526641,224.346617190291,212.643896435761,209.780356424358,"ATG14"
"ENSG00000225434",5.9203481421891,1.71669034769171,1.15027162444268,1.49242171258764,0.135588626493155,0.644227114905311,8.70378095714315,1.29904204473905,0,0,8.26189648406832,10.6185848229995,10.4762460544197,11.5049547277073,8.33897633081416,0,"LINC01504"
"ENSG00000163960",423.886448087404,-0.386619868626124,0.259120694149771,-1.49204551143514,0.135687214740436,0.644361281393261,505.786382287319,761.238638217081,369.760948880492,338.668991577966,402.078962224658,356.205254516982,323.890607182474,313.510016330023,412.779328375301,454.945351281741,"UBXN7"
"ENSG00000196505",139.119657752297,-0.476820157339556,0.319623030812287,-1.49182039894863,0.135746234771503,0.644361281393261,150.865536590481,257.210324858331,168.373289222367,94.1753345564397,92.2578440720962,132.249647340993,76.8258043990775,114.090801049764,167.821898657635,137.326096775785,"GDAP2"
"ENSG00000179909",66.989966858661,-0.421597195583351,0.282617114531423,-1.49176102191248,0.135761805557101,0.644361281393261,48.3543386507953,85.736774952777,85.0120038720774,96.8919307455677,64.7181891252018,43.4396651849978,58.4923738038431,71.9059670481704,47.9491139021814,67.3993113009986,"ZNF154"
"ENSG00000163683",1353.72304924842,0.360066784915476,0.241412110398609,1.49150257756725,0.135829594988899,0.644453684940216,1128.59026410956,1366.59223106548,1455.10837695604,678.243515218974,1299.87171349342,1500.11643772192,1271.99087510745,1885.85382911668,1324.8548645581,1626.00838513659,"SMIM14"
"ENSG00000121653",132.155976054033,0.578919830915191,0.388225895340255,1.49119324049161,0.135910767844559,0.644533971668178,133.457974676195,123.408994250209,101.519189089956,49.8042634673479,195.53155012295,95.567263406995,210.397941592928,174.491813370227,60.4575783984026,176.923192165121,"MAPK8IP1"
"ENSG00000166192",21.6521708933426,-0.676290147303239,0.453665791986951,-1.49072325762373,0.136034167294151,0.644533971668178,29.0126031904772,31.1770090737371,37.141166740228,14.488513008683,13.7698274734472,15.4452142879992,14.8413485770945,7.6699698184715,30.2287891992013,22.747267564087,"SENP8"
"ENSG00000101940",779.609260687711,0.349988695997469,0.234794523766898,1.49061694618114,0.136062092588776,0.644533971668178,677.92782788415,648.221980324784,675.969234672149,674.621386966803,1089.19335314967,711.445183140963,1133.18061488639,963.539958445483,617.084248480248,604.908818926463,"WDR13"
"ENSG00000105372",15733.9394623397,0.48656439766228,0.326439412008143,1.49051977109352,0.136087621868307,0.644533971668178,9949.38872078764,11897.9260877649,14069.8993204593,14809.9768910632,19825.7975962693,12613.9134438303,26578.2362400627,26302.2439999934,12840.9811774125,8451.03114575397,"RPS19"
"ENSG00000198925",503.627482148665,0.32715462269817,0.219490590282785,1.49051775876439,0.136088150574911,0.644533971668178,372.328407611124,452.066631569188,386.268134098371,536.980513384315,601.741460589643,497.142834894974,684.448075555417,654.823673252005,410.694584292597,439.780506239016,"ATG9A"
"ENSG00000072501",209.856142912051,-0.494901094394871,0.332080790430118,-1.49030328961174,0.136144507932529,0.644563289132189,199.219875241277,336.451889587413,217.894844876004,263.509830345422,137.698274734472,252.915383965987,112.619645085011,107.379577458601,293.948915661199,176.923192165121,"SMC1A"
"ENSG00000136925",72.6538272474711,-0.644243078311573,0.43234122269255,-1.49012641982028,0.136190998633464,0.644563289132189,66.7289873380975,77.9425226843427,91.614877959229,134.018745330318,57.8332753884782,81.0873750119958,18.3334305952344,32.5973717285039,103.194832093825,63.1868543446862,"TSTD2"
"ENSG00000229809",153.671565909867,0.503073333392111,0.337669024175848,1.48984152342658,0.136265910185914,0.644594183158273,121.852933400004,124.708036294948,141.96179287376,103.230655186867,167.991895176056,117.769758945994,249.683864297002,283.788883283446,87.5592514735486,138.168588167047,"ZNF688"
"ENSG00000164627",12.0991801348212,0.919456055049621,0.617282478327763,1.48952236185361,0.136349869303108,0.644594183158273,13.5392148222227,9.09329431317332,6.60287408715164,2.71659618912807,8.26189648406832,11.5839107159994,25.3175946315142,11.5049547277073,6.25423224811062,26.117233129137,"KIF6"
"ENSG00000233369",83.9177550584155,0.486473959091033,0.326603141128215,1.48949565338092,0.136356897083693,0.644594183158273,64.7948137920657,46.7655136106057,85.8373631329713,72.4425650434151,108.781637040233,117.769758945994,86.4290299489622,87.2459066851134,42.7372536954226,126.373708689372,"GTF2IP4"
"ENSG00000166997",112.078794003144,0.482335188297323,0.323923394264709,1.48904091781392,0.13647659422417,0.644594183158273,76.3998550682565,61.0549761027352,78.4091297849257,145.790662149873,117.043533524301,111.977803587994,194.683572511299,138.059456732487,80.2626471840863,117.106303385485,"CNPY4"
"ENSG00000153495",10.7363827600363,1.23555475903469,0.829792758963598,1.48899197502986,0.136489481952961,0.644594183158273,5.80252063809543,2.59808408947809,3.30143704357582,11.771916819555,26.1626721995497,4.82662946499975,34.9208201813988,7.6699698184715,1.04237204135177,9.26740530388731,"TEX29"
"ENSG00000008441",3495.1672311813,-0.563123295200044,0.378238366978866,-1.48880532585291,0.136538639473617,0.644594183158273,3768.73715444298,8621.74205093305,3432.66916605796,1521.29386591172,3789.45652069267,2351.53387534788,2413.9016950392,2672.98448173732,2921.76883190901,3457.58466974123,"NFIX"
"ENSG00000017797",1913.44211956539,0.289170800473638,0.194273071861812,1.488475977151,0.136625412883059,0.644594183158273,1523.16166750005,1948.56306710857,2086.50821153992,1196.20785527939,2333.9857567493,1992.4326431519,2012.31226295311,1788.06171393117,2097.25254719976,2155.93547024069,"RALBP1"
"ENSG00000136485",520.600391450296,-0.427321264576672,0.287104858090269,-1.48838047331933,0.136650583208177,0.644594183158273,444.859915587316,880.750506333073,652.859175367118,483.554121664796,425.487668929518,406.402200952979,305.55717658724,381.580998468957,513.889416386422,711.062734225536,"DCAF7"
"ENSG00000171109",220.360524168696,-0.339637470551827,0.228206020971903,-1.48829320587314,0.136673585937407,0.644594183158273,296.895639315883,207.846727158247,212.117330049746,290.675792236703,223.071205069845,176.654638418991,144.921403752805,175.450559597536,228.279477056038,247.69246903117,"MFN1"
"ENSG00000164307",89.0767396148773,-0.444413799776865,0.298611869029307,-1.48826569158659,0.13668083901714,0.644594183158273,108.313718577781,85.736774952777,68.5048186541983,160.279175158556,103.273706050854,81.0873750119958,65.4765378401228,91.0808915943491,60.4575783984026,66.5568199097362,"ERAP1"
"ENSG00000118257",66.2765156307584,-0.931604849995614,0.626101669254891,-1.48794500277295,0.136765398152423,0.644764975312429,57.0581196079384,48.0645556553447,35.4904482184401,230.005144012843,39.9324996729969,23.1678214319988,21.8255126133743,41.2260877742843,140.720225582489,25.2747417378745,"NRP2"
"ENSG00000078674",362.555969417092,-0.426032686979675,0.286572975686524,-1.48664641513756,0.137108222081173,0.645819991256398,432.28778753811,633.932517832654,414.330348968765,233.627272265014,308.444135405217,298.285700936985,295.953951037355,219.552886053747,394.016631630969,395.128462502105,"PCM1"
"ENSG00000137699",9.48127920262409,1.06408979215957,0.715874604385828,1.48641924946127,0.137168261319584,0.645819991256398,9.67086773015905,3.89712613421714,6.60287408715164,2.71659618912807,9.63887923141304,4.82662946499975,2.61906151360491,17.2574320915609,11.4660924548695,26.117233129137,"TRIM29"
"ENSG00000213281",1198.8342644835,-0.453293913534499,0.304991840173795,-1.4862493149856,0.137213187772591,0.645819991256398,1403.24290764608,1460.12325828669,1549.19933269795,1307.58829903364,1137.38774930674,1526.18023683292,680.082973032743,644.277464751606,1588.5749910201,691.685432226499,"NRAS"
"ENSG00000168118",561.017797091199,0.23120763516936,0.1555762928604,1.48613667878579,0.137242972238826,0.645819991256398,454.530783317476,450.767589524449,568.672530755935,556.902218771254,563.18594366399,608.155312589969,642.543091337739,600.175138295395,646.270665638097,518.97469701769,"RAB4A"
"ENSG00000154978",965.26971470617,0.267397680179287,0.179932327387137,1.4861013807928,0.137252307136997,0.645819991256398,837.497145431774,876.853380198856,815.454949763228,911.870787483988,915.693526984239,1049.30924569095,897.46507866195,1175.42287468076,845.363725536285,1327.76643262967,"VOPP1"
"ENSG00000117036",183.037648451089,-0.373708271697954,0.251575063585725,-1.48547422137732,0.13741824721241,0.646243710533115,201.154048787308,218.23906351616,197.260863353655,231.816208138928,161.106981439332,186.30789734899,105.635481048732,117.925785958999,183.457479277911,227.47267564087,"ETV3"
"ENSG00000134987",116.741788080624,-0.486069305635877,0.327281850221807,-1.48517036709019,0.137498699616899,0.646308435209564,141.194668860322,88.3348590422551,112.248859481578,221.855355445459,60.5872408831677,100.393892871995,75.0797633900075,109.297069913219,143.847341706544,114.578829211698,"WDR36"
"ENSG00000198157",21.2838179766283,0.777694813360101,0.523680382440689,1.48505622787614,0.137528929978612,0.646308435209564,27.0784296444454,7.79425226843427,18.157903739667,6.33872444129882,26.1626721995497,12.5492366089993,27.9366561451191,34.5148641831218,13.550836537573,38.7546039980742,"HMGN5"
"ENSG00000151746",150.788831416564,-0.368409586660139,0.248214177706359,-1.48424070721686,0.137745073988857,0.646939822165579,170.207272050799,209.145769202986,166.722570700579,152.129386591172,110.158619787578,167.966705381991,116.111727103151,96.8333689582027,189.711711526022,128.90118286316,"BICD1"
"ENSG00000175130",210.306683080175,-0.502422153242128,0.338517588820821,-1.4841833034208,0.137760298039308,0.646939822165579,202.121135560324,336.451889587413,282.272867225733,200.122585932434,249.233877269394,120.665736624994,153.651608798155,262.696466282649,211.601524394409,84.2491391262483,"MARCKSL1"
"ENSG00000136999",21.5515956592411,0.823550555000266,0.555112080610609,1.4835752702308,0.137921634058568,0.647243137731298,19.3417354603181,15.5885045368685,18.983263000561,5.43319237825613,8.26189648406832,21.2371696459989,27.0636356405841,37.3911028650486,12.5084644962212,49.7069920844865,"NOV"
"ENSG00000148219",40.6492984137866,0.524923200532421,0.353823380049616,1.48357409411106,0.137921946272201,0.647243137731298,43.5189047857157,29.8779670289981,33.0143704357582,21.7327695130245,74.3570683566149,53.0929241149972,38.4129021995387,44.1023264562111,27.101673075146,41.2820781718617,"ASTN2"
"ENSG00000187955",8.50086669316092,1.09150628220016,0.736104205149664,1.48281489843987,0.138123596623764,0.647640254518295,7.73669418412724,6.49521022369523,1.65071852178791,4.52766031521344,13.7698274734472,1.9306517859999,5.23812302720983,23.9686556827235,10.4237204135177,9.26740530388731,"COL14A1"
"ENSG00000164163",446.388600674746,-0.419579164841565,0.282968214965121,-1.48277842758164,0.138133289383741,0.647640254518295,727.249253307961,433.880042942841,619.84480493136,323.27494650624,283.658445953012,466.252406318976,340.477996768639,305.840046511551,529.524997006699,433.883066500179,"ABCE1"
"ENSG00000248092",123.678808649416,0.306143135668142,0.206475800697382,1.48270709998038,0.138152247439795,0.647640254518295,114.116239215877,122.10995220547,114.72493726426,83.3089497999274,121.174481766335,141.902906270993,128.334014166641,155.316888824048,112.576180465991,143.223536514622,"NNT-AS1"
"ENSG00000138821",74.7669982359796,0.905660286544153,0.610906097739857,1.4824868992056,0.138210786923458,0.647687022205959,51.255598969843,49.3635977000837,38.7918852620159,57.0485199716894,45.4404306623758,42.4743392919978,121.349850130361,248.315272873015,9.38134837216593,84.2491391262483,"SLC39A8"
"ENSG00000169871",178.744184702334,-0.430659127212637,0.290620864742178,-1.48185894221564,0.138377831726876,0.647713075466895,122.82002017302,222.136189650377,170.024007744155,331.424735073624,140.452240229161,123.561714303994,167.619936870714,189.83175300717,137.593109458434,181.978140512696,"TRIM56"
"ENSG00000144362",13.2227753375151,0.75546446131756,0.509813072724826,1.48184599755316,0.138381276812696,0.647713075466895,8.70378095714315,9.09329431317332,13.2057481743033,6.33872444129882,17.9007757154814,7.7226071439996,28.809676649654,13.4224471823251,13.550836537573,13.4798622601997,"PHOSPHO2"
"ENSG00000136536",322.461234533969,-0.323352074386442,0.218249637708343,-1.48156981052382,0.138454796834414,0.647713075466895,397.472663709537,319.564343005805,335.92121918384,413.828152810509,254.741808258773,278.013857183986,237.461577233512,246.397780418397,324.1777048604,417.033238674929,"MARCH7"
"ENSG00000128645",11.5062631391833,-1.08713013952832,0.73383285508124,-1.48144108293975,0.138489073947481,0.647713075466895,20.308822233334,2.59808408947809,16.5071852178791,28.0714939543234,0,11.5839107159994,10.4762460544197,6.71122359116257,14.5932085789248,4.21245695631242,"HOXD1"
"ENSG00000114120",769.425213432213,-0.333842124169248,0.225398458757249,-1.48111981781025,0.138574647776185,0.647713075466895,830.727538020663,672.903779174826,767.584112631378,1240.57892636848,742.193700818804,709.514531354963,511.590015657493,782.336921484093,801.584099799511,635.238509011912,"SLC25A36"
"ENSG00000113580",1531.80702304269,-0.40740183658307,0.27507322731994,-1.48106684373618,0.138588762133741,0.647713075466895,2328.7449494223,2070.67301931404,1533.51750674097,1255.06743937717,1657.88722780304,1398.75721895693,746.4325313774,1198.43278413617,1781.41381867017,1347.14373462871,"NR3C1"
"ENSG00000154040",12.9107764551569,-0.737200404611347,0.497769897222035,-1.48100640220618,0.138604867465136,0.647713075466895,13.5392148222227,25.9808408947809,10.7296703916214,18.1106412608538,11.0158619787578,6.75728125099965,5.23812302720983,11.5049547277073,9.38134837216593,16.8498278252497,"CABYR"
"ENSG00000159674",32.7679395742635,0.870350141437054,0.587868110909486,1.48051939760866,0.138734687979768,0.648004772805017,29.0126031904772,22.0837147605638,13.2057481743033,23.5438336391099,17.9007757154814,30.8904285759984,32.3017586677939,113.132054822455,9.38134837216593,36.2271298242868,"SPON2"
"ENSG00000146963",157.114000437509,-0.48984514076123,0.330929814289206,-1.48020855060567,0.138817599228522,0.648026013619461,137.326321768259,128.605162429166,131.232122482139,362.212825217076,126.682412755714,105.220522336995,132.699116689316,157.234381278666,132.381249251675,157.545890166084,"LUC7L2"
"ENSG00000183814",24.6884312044292,-0.957498520384628,0.647088545762213,-1.47970247140873,0.138952665786028,0.648045231414309,23.2100825523817,38.9712613421714,61.9019445670466,15.3940450717257,1.37698274734472,28.9597767899985,11.3492665589546,10.5462085003983,41.6948816540708,13.4798622601997,"LIN9"
"ENSG00000047188",134.169691344326,-0.476364596698112,0.322005032834333,-1.47937003501183,0.139041444192036,0.648045231414309,139.26049531429,111.717615847558,117.201015046942,277.092811291063,93.6348268194409,122.596388410994,82.9369479308223,104.503338776674,164.69478253358,128.058691471897,"YTHDC2"
"ENSG00000006042",773.035154603167,0.367869727934863,0.248670924628948,1.47934354803955,0.139048519517108,0.648045231414309,575.416629944464,594.961256490483,652.033816106225,810.451196423207,874.384044563897,663.178888490966,828.496458803688,1331.69850973211,599.363923777267,800.366821699359,"TMEM98"
"ENSG00000215548",28.6520098057948,0.829484222447583,0.560724234584041,1.47930867133452,0.13905783637007,0.648045231414309,30.946776736509,1.29904204473905,28.0622148703945,17.2051091978111,34.424568683618,31.8557544689983,44.5240457312835,55.6072811839184,15.6355806202765,26.9597245203995,"FRG1JP"
"ENSG00000197323",213.007093243128,-0.356678683932856,0.24111590439026,-1.47928310591885,0.139064666139893,0.648045231414309,222.429957793658,218.23906351616,193.959426310079,345.913248082307,201.039481112329,160.244098237992,141.429321734665,205.171692644113,207.432036229002,234.21260677097,"TRIM33"
"ENSG00000139926",4307.40279352134,-0.422262291786221,0.285738919651579,-1.47779060794768,0.139463833039706,0.649535453448288,6175.81613247957,4723.31687467117,5064.40442484531,4360.13688355055,3840.40488234442,3940.4602952258,2450.56855622966,2091.02552176079,5256.68220453697,5171.21215956912,"FRMD6"
"ENSG00000120833",201.472569388067,0.675961879662428,0.457434679547068,1.4777232900919,0.139481857889773,0.649535453448288,236.936259388897,85.736774952777,213.768048571534,56.1429879086467,239.594998037981,121.631062517994,144.04838324827,180.24429073408,462.813186360186,273.809702160307,"SOCS2"
"ENSG00000164576",635.217311671926,0.378846437201416,0.256557807022309,1.47665136991319,0.139769114054787,0.649767669173423,541.568592888907,771.630974574993,460.550467578827,380.323466477929,900.546716763447,752.954196539961,692.305260096232,758.36826580137,454.474210029372,639.450965968225,"SAP30L"
"ENSG00000137100",786.995204931273,0.380700018724106,0.257830011939849,1.47655432298131,0.139795143420732,0.649767669173423,798.813674511138,707.97791438278,827.009979415743,331.424735073624,917.070509731583,852.382763518956,1045.00554392836,813.975546985288,777.60954284842,798.681838916834,"DCTN3"
"ENSG00000214193",110.442160791771,-0.509846723752731,0.345300293452193,-1.4765313943277,0.13980129375614,0.649767669173423,89.9390698904792,188.361096487162,77.5837705240318,182.01194467158,126.682412755714,100.393892871995,109.127563066871,99.7096076401295,79.2202751427345,51.3919748670115,"SH3D21"
"ENSG00000115252",271.836016003875,1.29477291290607,0.87691124688392,1.47651534577418,0.139805598711371,0.649767669173423,87.0378095714315,106.521447668602,368.110230358704,19.0161733238965,218.94025682781,136.110950912993,371.033714427363,842.737933804557,44.8219977781261,524.029645365265,"PDE1A"
"ENSG00000103351",141.999681519885,0.382311959501118,0.258939212509081,1.4764544766958,0.139821927506188,0.649767669173423,144.09592917937,129.904204473905,127.105326177669,79.6868215477566,180.384739902158,143.833558056993,141.429321734665,119.843278413617,135.50836537573,218.205270336983,"CLUAP1"
"ENSG00000271614",28.6479712067905,0.642673383000164,0.435283863742049,1.4764466053835,0.139824039178805,0.649767669173423,20.308822233334,19.4856306710857,29.7129333921824,16.2995771347684,27.5396549468944,21.2371696459989,51.5082097675633,42.1848340015933,13.550836537573,44.6520437369116,"ATP2B1-AS1"
"ENSG00000079313",203.670449134704,-0.361045348392648,0.244614554547063,-1.47597655855422,0.13995018526724,0.650127349672302,181.81231332699,332.554763453196,211.291970788852,214.611098941117,220.317239575155,183.41191966999,206.032839070253,123.678263322853,175.118502947097,187.875580251534,"REXO1"
"ENSG00000179277",68.7685089077936,-0.466381219378715,0.31604963185507,-1.47565816369178,0.14003568237337,0.650233281970773,76.3998550682565,122.10995220547,79.2344890458197,52.520859656476,66.0951718725465,76.260745546996,34.0477996768639,66.1534896843167,54.203346150292,60.6593801708988,"MEIS3P1"
"ENSG00000089063",2311.29125701711,0.282897894893143,0.191744649454174,1.47538873026417,0.140108063477134,0.650233281970773,2343.25125101754,1614.70926161063,2160.79054502037,2061.8965075482,2426.2436008214,2310.02486194888,2948.1902438146,3067.9879273886,2145.20166110194,2034.6167098989,"TMEM230"
"ENSG00000131188",81.1188133972337,0.967838029544079,0.656007005473003,1.47534709457292,0.140119251134738,0.650233281970773,64.7948137920657,92.2319851764723,46.2201186100615,3.62212825217076,55.0793098937888,48.2662946499975,122.222870634896,204.212946416804,27.101673075146,147.435993470935,"PRR7"
"ENSG00000149761",287.612971291814,0.411818875213264,0.279183071216731,1.47508541051032,0.140189582303119,0.650269202755228,231.133738750801,311.770090737371,276.495352399475,141.263001834659,393.81706574059,243.262125035987,419.049842176786,348.024880513144,232.448965221445,278.864650507882,"NUDT22"
"ENSG00000055163",44.04666596969,0.663266481686377,0.449689755424434,1.47494238791445,0.140228033056049,0.650269202755228,24.1771693253976,54.5597658790399,35.4904482184401,17.2051091978111,46.8174134097205,35.7170580409981,52.3812302720983,51.7722962746827,22.9321849097389,99.413984168973,"CYFIP2"
"ENSG00000126903",379.552272250929,0.323744243819797,0.219536865142582,1.47466915686136,0.140301512111328,0.650269202755228,312.369027684137,380.61931910854,310.335082096127,316.030690001898,499.844737286133,376.477098269981,508.097933639353,476.496874972542,304.372636074717,310.879323375856,"SLC10A3"
"ENSG00000248487",42.9418818784377,0.615856543964093,0.417719023524455,1.47433204925138,0.140392210068644,0.650269202755228,34.8151238285726,20.7846727158247,29.7129333921824,44.3710710890918,59.2102581358229,24.1331473249987,68.9686198582627,82.4521755485687,31.2711612405531,33.6996556504993,"ABHD14A"
"ENSG00000114405",161.714935492939,0.375785614600209,0.254960369789214,1.47389813919271,0.140509018852938,0.650269202755228,186.64774719207,118.212826071253,160.119696613427,83.3089497999274,181.761722649503,193.06517859999,182.461285447809,169.698082233682,201.177803980892,140.696062340835,"C3orf14"
"ENSG00000108669",180.228421060581,-0.299378255598729,0.203151670269373,-1.47366868902314,0.140570817146632,0.650269202755228,213.726176836515,194.856306710857,179.102959613988,223.666419571544,183.138705396848,204.649089315989,138.81026022106,148.605665232885,183.457479277911,132.27114842821,"CYTH1"
"ENSG00000139842",785.007487198254,-0.281314343787317,0.190923755872652,-1.47343814027499,0.140632932372743,0.650269202755228,886.818570855585,926.21697789894,799.773123806243,901.004402727476,671.967580704223,835.972223337957,537.780630793542,613.59758547772,902.694187810632,774.249588570222,"CUL4A"
"ENSG00000215012",219.477211004366,-0.378695058474551,0.257030459454206,-1.47334700828336,0.140657491282761,0.650269202755228,215.660350382547,223.435231695116,216.244126354216,363.118357280118,206.547412101708,260.637991109987,132.699116689316,162.986858642519,205.347292146299,208.095373641833,"RTL10"
"ENSG00000180626",34.9260501917779,-0.549446662576214,0.373043509168059,-1.47287554688074,0.140784596786287,0.650269202755228,37.7163841476203,54.5597658790399,47.0454778709554,33.5046863325795,19.2777584628261,35.7170580409981,20.9524921088393,22.0511632281056,53.1609741089403,25.2747417378745,"ZNF594"
"ENSG00000213300",7.35399493644954,-1.07723171782475,0.731411319575765,-1.47281247773082,0.140801606858426,0.650269202755228,13.5392148222227,2.59808408947809,4.95215556536373,21.7327695130245,2.75396549468944,6.75728125099965,2.61906151360491,4.79373113654469,10.4237204135177,3.36996556504993,"HNRNPA3P6"
"ENSG00000198919",43.7623409291571,-0.47691861046664,0.323819615571817,-1.47279098464888,0.140807404013489,0.650269202755228,51.255598969843,45.4664715658666,37.9665260011219,76.0646932955859,33.0475859362733,22.2024955389988,39.2859227040737,44.1023264562111,42.7372536954226,45.4945351281741,"DZIP3"
"ENSG00000159055",92.5717009749173,-0.601084403706519,0.408128317317983,-1.47278289253867,0.140809586680445,0.650269202755228,127.6554540381,163.67929763712,138.660355830184,36.2212825217076,41.3094824203416,99.4285669789949,82.9369479308223,55.6072811839184,109.449064341936,70.7692768660486,"MIS18A"
"ENSG00000160959",137.128398176972,-0.398247607539407,0.270485015127048,-1.47234628636395,0.140927390065726,0.650362837822347,174.075619142863,215.640979426682,149.390026221806,103.230655186867,115.666550776956,153.486816986992,143.175362743735,82.4521755485687,127.169389044916,106.996406690335,"LRRC14"
"ENSG00000158528",7.9770294324562,-1.34637677154283,0.914906798245672,-1.47159992047769,0.141128947063744,0.650742989878279,26.1113428714294,2.59808408947809,9.90431113072746,11.771916819555,0,4.82662946499975,5.23812302720983,13.4224471823251,0,5.89743973883738,"PPP1R9A"
"ENSG00000085382",176.23729562077,-0.387544350834048,0.263391764676858,-1.47136092622146,0.141193534560998,0.650742989878279,198.252788468261,192.258222621379,226.148437484944,203.744714184605,154.222067702609,198.85713395799,78.5718454081474,163.945604869828,193.881199691429,152.490941818509,"HACE1"
"ENSG00000181163",5519.91061113887,-0.272363547030526,0.185143749902101,-1.47109231164727,0.14126615397606,0.650742989878279,5682.60187824146,4842.82874278716,6836.45075798463,7256.93395322411,5934.79564105574,4557.30354085276,5766.30043245348,4682.51657417685,5415.12275482244,4224.25183579009,"NPM1"
"ENSG00000247092",12.1731445186096,-0.939813951693176,0.638899173179614,-1.47098946304156,0.141293966490003,0.650742989878279,18.3746486873022,6.49521022369523,7.4282333480456,36.2212825217076,4.13094824203416,4.82662946499975,17.4604100906994,9.58746227308938,6.25423224811062,10.9523880864123,"SNHG10"
"ENSG00000143153",64.1210571574856,0.725454866771882,0.493185356922211,1.47095783885227,0.14130251920878,0.650742989878279,49.3214254238112,16.8875465816076,28.0622148703945,89.6476742412262,55.0793098937888,65.6421607239966,75.9527838945425,143.811934096341,29.1864171578495,87.6191046912982,"ATP1B1"
"ENSG00000182481",449.460720698868,-0.463817463935215,0.315490429065223,-1.47014749483677,0.141521811384023,0.651341713253588,408.110618212712,844.37732908038,614.892649365997,287.053663984532,274.019566721599,443.084584886977,399.843391077017,278.036405919592,478.448766980462,466.740230759416,"KPNA2"
"ENSG00000140750",367.722571298842,-0.371856006108892,0.253049558271494,-1.46949873633027,0.141697564316963,0.651341713253588,376.196754703187,587.167004222049,439.916486056478,299.73111286713,446.142410139689,361.031883981981,261.906151360491,241.604049281852,340.855657522029,322.674202853531,"ARHGAP17"
"ENSG00000244694",16.6027729067351,2.3677726421323,1.61139205614846,1.46939575201316,0.141725478858684,0.651341713253588,0,11.6913784026514,7.4282333480456,0,46.8174134097205,1.9306517859999,13.9683280725595,13.4224471823251,0,70.7692768660486,"PTCHD4"
"ENSG00000131697",105.528594126684,-0.392456896935237,0.267161754328906,-1.46898607520026,0.14183656614692,0.651341713253588,103.478284712702,140.296540831817,87.4880816547592,161.184707221599,119.797499018991,81.0873750119958,120.476829625826,80.5346830939508,79.2202751427345,81.7216649524609,"NPHP4"
"ENSG00000117569",98.3839222072529,-0.635043401015694,0.432336441769644,-1.46886392092309,0.141869702240739,0.651341713253588,80.2682021603202,67.5501863264304,66.0287408715164,286.14813192149,93.6348268194409,61.7808571519968,110.873604075941,85.3284142304955,65.6694386051615,66.5568199097362,"PTBP2"
"ENSG00000079335",16.2365534317893,-0.734121399951663,0.499871129343236,-1.46862132429252,0.141935527675621,0.651341713253588,14.5063015952386,15.5885045368685,28.8875741312884,26.260429828238,8.26189648406832,18.341191966999,6.1111435317448,6.71122359116257,20.8474408270354,16.8498278252497,"CDC14A"
"ENSG00000149532",578.116547233011,-0.308010785699595,0.209734419579309,-1.46857528829751,0.14194802159087,0.651341713253588,540.601506115891,711.875040516997,677.619953193937,682.771175534187,706.392149387841,640.011067058967,499.367728594003,420.889593788624,453.43183798802,448.205420151641,"CPSF7"
"ENSG00000197312",216.397709215696,-0.402938293988091,0.274420355171156,-1.46832509467739,0.14201593753104,0.651341713253588,317.204461549217,262.406493037287,235.227389354777,199.217053869392,183.138705396848,194.03050449299,115.238706598616,145.729426550959,248.084545841721,263.699805465157,"DDI2"
"ENSG00000165887",5.75291006066066,1.53010515230666,1.04211369798007,1.46827083769503,0.142030669072609,0.651341713253588,1.93417354603181,1.29904204473905,7.4282333480456,0,0,16.4105401809991,10.4762460544197,8.62871604578044,2.08474408270354,9.26740530388731,"ANKRD2"
"ENSG00000134313",277.082880842512,-0.428464111281316,0.291885480909337,-1.46791854787187,0.142126349316373,0.651341713253588,274.652643536517,266.303619171504,255.861370877126,512.531147682162,276.773532216289,212.371696459989,152.77858829362,281.871390828828,330.431937108511,207.252882250571,"KIDINS220"
"ENSG00000084676",271.217356384477,-0.290788702608828,0.19812148943629,-1.46772923743003,0.142177785576625,0.651341713253588,305.599420273026,345.545183900586,287.225022791096,278.903875417148,345.622669583525,225.886258961988,221.747208151883,209.965423780657,257.465894213887,234.21260677097,"NCOA1"
"ENSG00000187098",23.1696317995427,0.648546195083577,0.441981511942134,1.46736046092463,0.142278024392321,0.651341713253588,21.2759090063499,22.0837147605638,18.157903739667,8.1497885673842,17.9007757154814,18.341191966999,18.3334305952344,27.8036405919592,37.5253934886637,42.1245695631242,"MITF"
"ENSG00000184752",355.826913598443,0.360320839391606,0.245593022460179,1.46714607679878,0.142336322052516,0.651341713253588,354.920845696837,329.956679363718,342.524093270991,189.256201175922,356.638531562282,402.540897380979,367.541632409223,549.361588248021,351.279377935546,314.249288940906,"NDUFA12"
"ENSG00000161847",134.062523360676,-0.788880193091454,0.537734494175913,-1.4670440554505,0.142364071245818,0.651341713253588,123.787106946036,375.423150929584,184.880474440246,33.5046863325795,202.416463859674,88.8099821559954,105.635481048732,39.3085953196665,78.1779031013827,108.68138947286,"RAVER1"
"ENSG00000166484",310.381628076368,-0.411024832268855,0.280177977732469,-1.46701334485798,0.142372425155646,0.651341713253588,265.948862579374,544.29861674566,312.811159878809,335.952395388838,362.146462551661,264.499294681986,372.779755436433,221.470378508365,211.601524394409,212.307830598146,"MAPK7"
"ENSG00000143398",673.804995383135,-0.372675559106502,0.254077979524577,-1.46677630152696,0.142436918459012,0.651341713253588,691.467042706372,797.611815469774,834.438212763789,796.868215477566,837.20551038559,693.103991173964,341.351017273174,452.528219289819,629.592712976469,663.883216314837,"PIP5K1A"
"ENSG00000173548",621.880854822833,0.275470299404629,0.187836631974961,1.46654194396624,0.142500703082185,0.651341713253588,516.424336790493,659.913358727435,567.847171495041,464.537948340899,863.368182585139,561.819669725971,695.797342114372,670.163612888948,627.507968893765,591.428956666263,"SNX33"
"ENSG00000124588",310.573084167486,0.394078141551576,0.268765132332301,1.46625471143458,0.142578908484314,0.651341713253588,329.776589598424,189.660138531901,350.777685879931,173.862156104196,406.209910466692,242.296799142987,378.017878463643,401.714669242445,320.008216694993,313.406797549644,"NQO2"
"ENSG00000126107",226.315079279375,-0.356746304225365,0.243306713182089,-1.46624110596726,0.142582613690483,0.651341713253588,175.042705915879,306.573922558415,245.957059746399,314.219625875813,250.610860016739,234.574191998988,198.175654529438,160.110619960593,222.025244807927,155.860907383559,"HECTD3"
"ENSG00000183735",201.409770104327,-0.311294957307055,0.212316889700807,-1.46618084762699,0.142599024862506,0.651341713253588,273.685556763501,181.865886263466,233.576670832989,221.855355445459,203.793446607019,141.902906270993,164.127854852575,194.625484143714,167.821898657635,230.84264120592,"TBK1"
"ENSG00000103342",958.624806980087,-0.271709393232984,0.185321006496201,-1.46615539366042,0.142605957606937,0.651341713253588,1065.72962386353,1056.12118237284,1163.75655786048,989.746544905659,710.523097629875,897.753080489954,757.781797936355,783.295667711402,1132.01603690802,1029.52448012275,"GSPT1"
"ENSG00000189007",31.7450314300297,-0.700338286725896,0.477732108221784,-1.46596444884707,0.142657972352854,0.651341713253588,39.6505576936521,23.3827568053028,22.2847000441368,79.6868215477566,12.3928447261025,27.9944508969985,16.5873895861645,33.5561179558128,41.6948816540708,20.2197933902996,"ADAT2"
"ENSG00000050628",38.7835071902364,1.28210042077044,0.874590107847683,1.46594434268827,0.142663450263055,0.651341713253588,9.67086773015905,6.49521022369523,56.1244297407889,10.8663847565123,1.37698274734472,14.4798883949993,24.4445741269792,18.2161783188698,128.211761086268,117.948794776748,"PTGER3"
"ENSG00000185043",611.504053142047,0.445645168988196,0.304020618235846,1.46583863809685,0.142692252067723,0.651341713253588,561.877415122241,613.14784511683,643.780223497285,191.067265302007,780.749217744456,703.722575996964,758.65481844089,603.051376977322,665.033362382429,593.956430840051,"CIB1"
"ENSG00000106346",103.378286691482,-0.324568245522491,0.221427104110442,-1.4658017898324,0.142702293328858,0.651341713253588,85.1036360253997,138.997498787078,118.026374307836,128.585552952062,101.896723303509,76.260745546996,91.667152976172,103.544592549365,88.6016235149004,101.098966951498,"USP42"
"ENSG00000122592",22.4830431740214,0.670223739288561,0.457461463663895,1.46509333031161,0.142895456121683,0.652000238896643,20.308822233334,22.0837147605638,20.6339815223489,3.62212825217076,31.6706031889286,30.8904285759984,24.4445741269792,23.9686556827235,17.7203247029801,29.4871986941869,"HOXA7"
"ENSG00000224543",11.513783991745,-0.736392370321892,0.502813161512099,-1.46454473885957,0.143045168392381,0.652460126829408,14.5063015952386,11.6913784026514,9.07895186983351,25.3548977651953,6.8849137367236,10.6185848229995,13.0953075680246,8.62871604578044,9.38134837216593,5.89743973883738,"SNRPGP15"
"ENSG00000161048",108.918062708244,0.390924729794529,0.266999080146424,1.46414260895634,0.143154987291369,0.652737800172644,89.9390698904792,85.736774952777,120.502452090517,70.6315009173297,118.420516271646,97.4979151929949,108.254542562336,177.368052052154,92.7711116803075,128.058691471897,"NAPEPLD"
"ENSG00000171853",164.187502339758,-0.360423080802771,0.246199689709578,-1.46394612124789,0.143208670248251,0.652759410492455,166.338924958736,254.612240768853,177.4522410922,160.279175158556,137.698274734472,100.393892871995,147.54046526641,153.39939636943,142.804969665192,201.355442511733,"TRAPPC12"
"ENSG00000185722",244.392309855717,-0.496084000199523,0.338978557667015,-1.46346719867407,0.143339582728224,0.653132905652997,202.121135560324,332.554763453196,244.306341224611,405.678364243125,224.448187817189,201.75311163699,110.000583571406,200.377961507568,151.143945996007,371.538703546755,"ANKFY1"
"ENSG00000127054",432.808388724823,-0.255813788592798,0.174845608152863,-1.4630838675064,0.14344443163121,0.653320348281546,396.505576936521,479.346514508708,445.694000882736,596.745629545132,400.701979477313,378.40775005598,469.685031439815,406.50840037899,384.635283258803,369.85372076423,"INTS11"
"ENSG00000254681",131.43501138291,-0.834934179248744,0.570716180449312,-1.46295866115346,0.14347869086876,0.653320348281546,137.326321768259,357.236562303238,43.7440408273796,176.578752293324,63.3412063778571,142.868232163993,175.477121411529,116.008293504381,16.6779526616283,85.0916305175108,"PKD1P5"
"ENSG00000142945",80.8743621032874,-0.844487300894248,0.577431195981984,-1.46248991528438,0.143607005878059,0.653681446210129,70.5973344301611,155.885045368685,160.119696613427,54.3319237825613,24.785689452205,110.047151801994,46.2700867403535,9.58746227308938,124.042272920861,53.0769576495364,"KIF2C"
"ENSG00000149231",99.0023505579526,-0.356179658432575,0.24360087695316,-1.46214440147956,0.143701643540097,0.653889054893986,104.445371485718,93.5310272212113,119.677092829623,138.546405645531,53.7023271464441,97.4979151929949,89.921111967102,96.8333689582027,103.194832093825,92.6740530388731,"CCDC82"
"ENSG00000130312",269.974711263245,0.496971393461756,0.34002630017036,1.46156751172707,0.143859762620444,0.654061499560082,264.014689033342,254.612240768853,257.512089398914,90.5532063042689,283.658445953012,193.06517859999,464.446908412605,370.07604374125,256.423522172535,265.384788247682,"MRPL34"
"ENSG00000198585",476.68594194976,0.296247683112065,0.202716976219928,1.46138566505977,0.143909632419208,0.654061499560082,567.679935760337,367.62889866115,379.665260011219,361.307293154033,622.396201799813,478.801642927975,420.795883185856,547.444095793404,527.440252923995,493.699955279815,"NUDT16"
"ENSG00000178904",192.98583066849,-0.607543651750579,0.415763292439851,-1.46127294736698,0.143940550877964,0.654061499560082,194.384441376197,129.904204473905,137.009637308397,510.720083556077,129.436378250404,202.71843752999,93.4131939852419,194.625484143714,223.067616849279,114.578829211698,"DPY19L3"
"ENSG00000196967",37.3165108641955,-0.419969602469947,0.287400926311767,-1.46126739346126,0.143942074445739,0.654061499560082,42.5518180126998,51.9616817895618,42.0933223055917,38.9378787108356,45.4404306623758,37.647709826998,27.0636356405841,30.679879273886,28.1440451164978,28.6447073029244,"ZNF585A"
"ENSG00000114544",293.751130587664,0.408749020552691,0.279848007969381,1.46061079197467,0.144122282928922,0.654061499560082,263.047602260326,205.248643068769,193.134067049185,319.652818254069,464.043185855171,238.435495570988,355.319345345733,419.930847561315,229.321849097389,249.377451813695,"SLC41A3"
"ENSG00000042753",2104.31477864922,0.395625988166467,0.27089464747045,1.46044224889908,0.144168568540551,0.654061499560082,1711.74358823815,1883.61096487162,2457.9198789422,1024.15676330128,2145.33912036307,2126.61294227889,3045.96854032251,2572.31612786988,2541.30303681561,1534.17682348898,"AP2S1"
"ENSG00000174442",167.693512046211,-0.730167708053892,0.499983242479223,-1.46038436095033,0.144184468465052,0.654061499560082,219.528697474611,252.014156679375,317.763315444173,91.4587383673116,70.2261201145807,233.608866105988,64.6035173355879,46.019818910829,259.550638296591,122.16125173306,"ZWILCH"
"ENSG00000109787",835.074920891125,-0.335837658704751,0.229986169479612,-1.46025154236295,0.14422095446342,0.654061499560082,929.370388868285,1192.52059707044,886.435846200108,807.734600234079,794.519045217903,822.457660835957,455.716703367255,756.450773346752,968.363626415794,737.179967354673,"KLF3"
"ENSG00000114853",825.881194378236,0.335616544134609,0.229871350231536,1.46001902279933,0.144284845909886,0.654061499560082,774.63650518574,817.09744614086,762.631957066014,500.759230862607,1141.51869754877,762.60745546996,1097.38677420046,817.810531894524,648.355409720801,936.007935692619,"ZBTB47"
"ENSG00000108091",803.759959992486,-0.33041062338804,0.226319019466968,-1.45993308103858,0.144308466374427,0.654061499560082,1032.84867358099,1067.8125607755,852.596116503456,711.748201551554,808.288872691351,736.543656358962,530.796466757262,641.40122606968,1015.27036827662,640.293457359487,"CCDC6"
"ENSG00000188483",69.6328035544048,-0.780807987107108,0.534965833762555,-1.45954739130812,0.144414506876373,0.654061499560082,110.247892123813,128.605162429166,117.201015046942,16.2995771347684,34.424568683618,19.306517859999,44.5240457312835,63.2772510023899,56.2880902329956,106.153915299073,"IER5L"
"ENSG00000155034",60.0542640213521,-0.613484583602503,0.420418981112057,-1.45922189806884,0.144504043574209,0.654061499560082,56.0910328349225,159.782171502903,59.4258667843648,28.977026017366,52.3253443990994,40.5436875059979,41.9049842176786,44.1023264562111,54.203346150292,63.1868543446862,"FBXL18"
"ENSG00000172766",58.4567854719073,-0.426573513178675,0.292362157210825,-1.45905857737624,0.144548985864966,0.654061499560082,63.8277270190498,51.9616817895618,54.473711219001,105.947251375995,39.9324996729969,44.4049910779977,51.5082097675633,55.6072811839184,60.4575783984026,56.4469232145864,"NAA16"
"ENSG00000183474",38.9062712217258,-0.496587234089652,0.340355981471956,-1.45902308501244,0.144558754005685,0.654061499560082,59.9593799269861,37.6722192974323,51.1722741754252,39.8434107738783,22.0317239575155,49.2316205429974,27.9366561451191,22.0511632281056,43.7796257367743,35.3846384330243,"GTF2H2C"
"ENSG00000174842",37.9306314320055,-0.458001669456937,0.313933694244383,-1.45891211378032,0.144589298560083,0.654061499560082,37.7163841476203,38.9712613421714,44.5694000882736,59.7651161608175,28.9166376942391,38.613035719998,39.2859227040737,31.638625501195,39.6101375713672,20.2197933902996,"GLMN"
"ENSG00000164654",140.713302980034,-0.301966050157367,0.207006680723459,-1.45872611020107,0.144640506672492,0.654061499560082,187.614833965086,150.688877189729,148.564666960912,147.601726275958,130.813360997748,151.556165200992,116.984747607686,96.8333689582027,150.101573954655,126.373708689372,"MIOS"
"ENSG00000116005",406.201538342611,0.510372333114483,0.349910250307585,1.45858068652132,0.144680552528244,0.654061499560082,288.19185835874,261.107450992548,276.495352399475,469.065608656113,404.832927719348,269.325924146986,331.747791723289,885.881514033459,325.220076901752,550.146878494401,"PCYOX1"
"ENSG00000176046",2462.96917232502,0.420503456818385,0.288407081484065,1.45802056820029,0.144834873760118,0.654061499560082,1828.76108777308,2626.66301446235,2651.05394599138,1083.01634739906,3160.17540515613,2378.56300035188,3625.65415533374,2896.3723527003,2579.87080234563,1799.56161173666,"NUPR1"
"ENSG00000143545",2249.05518174589,0.411805970388198,0.282444553878498,1.45800641128789,0.144838775841089,0.654061499560082,1799.7484845826,1309.43438109696,2259.83365632765,2137.96120084379,2850.35428700357,1764.61573240391,3615.17790927932,3185.9137133476,1698.02405536203,1869.48839721145,"RAB13"
"ENSG00000153044",82.8142644231884,-0.699093428036714,0.47953756441859,-1.45784914448636,0.144882128831404,0.654061499560082,124.754193719052,153.286961279207,104.820626133532,47.9931993412625,49.5713789044099,118.735084838994,48.0161277494234,15.339939636943,94.855855763011,70.7692768660486,"CENPH"
"ENSG00000105339",54.4342633425749,0.379722069120684,0.260507990902917,1.45762157930194,0.144944878241644,0.654061499560082,45.4530783317476,59.7559340579961,34.6650889575461,45.2766031521344,68.849137367236,51.1622723289973,50.6351892630283,68.0709821389346,61.4999504397544,58.9743973883738,"DENND3"
"ENSG00000223865",57.6395036127168,-0.722596294201615,0.495751332298428,-1.45757811855286,0.144956864588002,0.654061499560082,87.0378095714315,70.1482704159085,89.1388001765472,54.3319237825613,122.55146451368,35.7170580409981,32.3017586677939,36.4323566377396,12.5084644962212,36.2271298242868,"HLA-DPB1"
"ENSG00000102678",209.593379836792,0.954830786695324,0.655100245815848,1.45753385499985,0.14496907312581,0.654061499560082,152.799710136513,122.10995220547,141.136433612866,120.435764384678,158.353015944643,101.359218764995,399.843391077017,665.369881752403,10.4237204135177,224.102710075821,"FGF9"
"ENSG00000168758",88.4116017568507,-0.664610002757177,0.455993380428058,-1.45749923416275,0.144978622609964,0.654061499560082,64.7948137920657,68.8492283711694,65.2033816106225,255.360041778038,56.4562926411335,41.5090133989979,103.889440039662,107.379577458601,62.5423224811062,58.1319059971113,"SEMA4C"
"ENSG00000119760",250.230060750809,-0.515171725846604,0.353494415926247,-1.45736878048475,0.145014610047174,0.654061499560082,208.890742971436,193.557264666118,191.483348527398,626.628187625541,185.892670891537,201.75311163699,199.048675033973,277.077659692283,215.771012559816,202.197933902996,"SUPT7L"
"ENSG00000178971",32.9494488110631,-0.556730485356998,0.38230586933532,-1.45624362588242,0.145325283471911,0.655241144579067,29.9796899634931,40.2703033869104,23.1100593050307,69.725968854287,27.5396549468944,34.7517321479982,18.3334305952344,30.679879273886,28.1440451164978,26.9597245203995,"CTC1"
"ENSG00000126524",1235.40746260898,0.425614750112208,0.292397997252886,1.45560077056241,0.145503014909643,0.655820787377463,1223.36476786512,987.271954001675,1385.77819904095,501.66476292565,1113.97904260188,1473.08731271792,1194.29205020384,1076.67201326794,1472.87169443005,1925.09282903477,"SBDS"
"ENSG00000115318",128.535858452846,-1.49120016550648,1.02466040708763,-1.4553115892756,0.145583019665962,0.65584001379277,81.2352889333361,24.6817988500419,30.5382926530763,701.787348858084,15.1468102207919,122.596388410994,147.54046526641,96.8333689582027,48.9914859435332,16.0073364339872,"LOXL3"
"ENSG00000106244",2436.46964508745,0.340650233698025,0.234086886732512,1.45522988687222,0.145605629514913,0.65584001379277,2622.73932841914,2005.72091707709,2562.74050507573,1211.60190035112,2764.9813566682,3049.46449598684,2934.22191574204,2470.68902777513,2417.26076389475,2325.27623988445,"PDAP1"
"ENSG00000205559",8.12835361953849,0.876713231512521,0.602710597519242,1.45461724934168,0.145775252938937,0.656179819906055,2.90126031904772,11.6913784026514,3.30143704357582,4.52766031521344,6.8849137367236,6.75728125099965,12.2222870634896,12.4637009550162,10.4237204135177,10.1098966951498,"CHKB-AS1"
"ENSG00000211448",55.0603051891642,0.796622607269367,0.54765674433544,1.45460202126432,0.145779471124064,0.656179819906055,9.67086773015905,27.27988293952,48.6961963927434,67.009372665159,13.7698274734472,53.0929241149972,115.238706598616,60.4010123204631,81.305019225438,74.1392424310985,"DIO2"
"ENSG00000184863",240.82664956344,-0.426938480883035,0.293661291740376,-1.45384663519252,0.145988830744946,0.65690048436078,197.285701695245,244.219904410941,200.562300397231,495.326038484351,257.495773753463,223.955607175988,179.842223934204,193.666737916405,231.406593180093,184.505614686484,"RBM33"
"ENSG00000177728",176.990569524654,-0.414152958613398,0.284923453614445,-1.45355867816282,0.146068700257568,0.657038197414901,156.668057228577,200.052474889813,156.818259569851,318.747286191027,183.138705396848,160.244098237992,204.286798061183,160.110619960593,117.78804067275,112.05135503791,"TMEM94"
"ENSG00000220804",15.1754014977697,-0.765222168936431,0.526685589623408,-1.4529012830664,0.146251164675039,0.65743104121759,27.0784296444454,15.5885045368685,24.7607778268187,12.6774488825976,15.1468102207919,16.4105401809991,6.98416403627977,3.83498490923575,20.8474408270354,8.42491391262483,"LINC01881"
"ENSG00000133112",33880.9059888059,0.426357962878221,0.293455324103328,1.45288883131013,0.146254622425777,0.65743104121759,21718.8347483912,20562.5365261744,26658.2787676139,43405.7739098883,42482.6717210793,33278.6448352803,52480.7546096153,44358.3116989026,31736.059170996,22127.1939001179,"TPT1"
"ENSG00000177042",107.223148953965,-0.545859841124152,0.375789659216236,-1.45256748752114,0.146343878604116,0.657479005933119,77.3669418412724,202.650558979291,71.8062556977741,177.484284356367,121.174481766335,64.6768348309966,96.0322554988468,107.379577458601,50.0338579848849,103.626441125285,"TMEM80"
"ENSG00000101236",748.099333421924,-0.293589141562801,0.202203847620899,-1.451946365102,0.14651651916838,0.657479005933119,768.833984547645,798.910857514513,867.452583199547,929.075896681799,571.447840148059,873.619933164955,800.559802658569,743.987072391736,627.507968893765,499.597395018652,"RNF24"
"ENSG00000204623",27.203874883107,-0.593536406861123,0.408891037687844,-1.45157597539284,0.146619542875225,0.657479005933119,24.1771693253976,20.7846727158247,28.8875741312884,61.5761802869029,33.0475859362733,20.2718437529989,18.3334305952344,22.0511632281056,26.0593010337942,16.8498278252497,"ZNRD1ASP"
"ENSG00000132821",28.8020816408408,0.8728156558577,0.60140206580807,1.45130139299563,0.146695953588446,0.657479005933119,37.7163841476203,6.49521022369523,19.8086222614549,12.6774488825976,13.7698274734472,14.4798883949993,18.3334305952344,33.5561179558128,64.6270665638097,66.5568199097362,"VSTM2L"
"ENSG00000075399",242.842433597195,0.408581357556395,0.281654171542277,1.45064905418973,0.146877608388877,0.657479005933119,163.437664639688,220.837147605638,152.691463265382,275.281747164977,280.904480458323,219.128977710989,323.890607182474,387.333475832811,174.076130905746,230.84264120592,"VPS9D1"
"ENSG00000134294",4294.93095626524,-0.498163814690841,0.343431577730181,-1.45054749473919,0.146905904809517,0.657479005933119,3539.53758923821,3782.8104342801,3757.03535558928,9748.95819071759,3263.44911120699,3158.54632189584,2313.50433701767,4809.07107618163,5288.99573781888,3287.40140870621,"SLC38A2"
"ENSG00000186409",12.5857109175172,0.790875093550237,0.545287177167169,1.45038270963738,0.146951825985175,0.657479005933119,9.67086773015905,7.79425226843427,6.60287408715164,10.8663847565123,20.6547412101708,11.5839107159994,27.0636356405841,16.2986858642519,5.21186020675885,10.1098966951498,"CCDC30"
"ENSG00000179523",92.0185298095565,0.328952183493643,0.22684295011478,1.45013183494218,0.14702175909173,0.657479005933119,75.4327682952406,63.6530601922132,89.9641594374411,89.6476742412262,85.3729303353726,96.532589299995,103.016419535127,111.214562367837,82.3473912667898,123.003743124323,"EIF3J-AS1"
"ENSG00000133961",691.57136389374,-0.232081787644926,0.160064572510761,-1.44992601426105,0.147079152072979,0.657479005933119,723.380906215897,728.762587098605,756.854442239757,826.750773557975,703.638183893152,695.999968852964,557.860102397847,540.732872202241,751.550241814626,630.183560664337,"NUMB"
"ENSG00000169372",109.017469422193,0.504029897991422,0.347686734345222,1.44966674941059,0.147151472310754,0.657479005933119,101.54411116667,105.222405623863,113.899578003366,28.0714939543234,139.075257481817,113.908455373994,115.238706598616,99.7096076401295,152.186318037358,121.318760341798,"CRADD"
"ENSG00000137106",774.200750502973,0.259866738624443,0.17929293687026,1.44939752318569,0.147226599982373,0.657479005933119,779.47193905082,736.556839367039,702.380731020756,551.469026392998,794.519045217903,682.485406350965,1025.79909282859,864.789097032662,775.524798765717,829.011529002283,"GRHPR"
"ENSG00000148218",320.070176566367,0.340483132177244,0.234914643117822,1.4493908411085,0.147228464991217,0.657479005933119,353.953758923821,327.35859527424,241.004904181035,182.01194467158,436.503530908276,340.760040228982,278.493540946656,322.138732375803,363.787842431768,354.688875721505,"ALAD"
"ENSG00000141298",134.555576799172,-0.402762965356402,0.277943944900426,-1.44907983334802,0.147315289156572,0.657479005933119,133.457974676195,218.23906351616,146.08858917823,133.113213267275,125.305430008369,120.665736624994,70.7146608673327,97.7921151855117,159.482922326821,140.696062340835,"SSH2"
"ENSG00000100379",380.753059665698,0.346266713585952,0.238959837932741,1.44905820401257,0.147321328882612,0.657479005933119,383.933448887314,405.301117958582,345.825530314567,175.673220230282,433.749565413587,413.159482203979,438.256293276556,433.35329474364,385.677655300155,392.600988328317,"KCTD17"
"ENSG00000216588",7.88352997282838,1.06097831481582,0.732207134134727,1.4490138996933,0.147333700910146,0.657479005933119,4.83543386507953,1.29904204473905,9.07895186983351,3.62212825217076,6.8849137367236,2.89597767899985,22.6985331179092,8.62871604578044,6.25423224811062,12.6373708689372,"IGSF23"
"ENSG00000135486",8377.51269882083,-0.341476716726677,0.235721233689301,-1.44864640059016,0.14743635604137,0.657479005933119,8433.96374747171,8031.97696262152,9681.46413028609,12212.0054021937,9918.40672912402,7993.86371993259,8410.67954068991,6672.87374207021,7797.98524135259,4621.90777246598,"HNRNPA1"
"ENSG00000237989",28.0535497133388,0.698239420139481,0.482052466557318,1.44847183362863,0.147485137743812,0.657479005933119,17.4075619142863,3.89712613421714,21.4593407832428,38.0323466477929,41.3094824203416,21.2371696459989,41.9049842176786,41.2260877742843,27.101673075146,26.9597245203995,"LINC01679"
"ENSG00000108823",21.7915947864627,1.1632516671233,0.803125973041871,1.44840499021273,0.147503820006214,0.657479005933119,2.90126031904772,5.19616817895618,37.9665260011219,3.62212825217076,2.75396549468944,42.4743392919978,34.9208201813988,49.8548038200648,10.4237204135177,27.8022159116619,"SGCA"
"ENSG00000179454",100.675001741543,-0.459126941644887,0.316989839915088,-1.44839639582099,0.147506222209208,0.657479005933119,110.247892123813,94.8300692659503,114.72493726426,161.184707221599,81.2419820933385,72.3994419749963,41.0319637131436,105.462085003983,117.78804067275,107.838898081598,"KLHL28"
"ENSG00000160208",233.001477779611,-0.38845479193805,0.268217970133074,-1.44828026155489,0.147538685621481,0.657479005933119,292.060205450803,357.236562303238,226.973796745838,210.083438625904,216.186291333121,254.846035751987,156.27067031176,131.348233141324,271.01673075146,213.992813380671,"RRP1B"
"ENSG00000135637",50.2902955199974,-0.661549892076115,0.456789903017594,-1.44825857074742,0.147544749532946,0.657479005933119,29.9796899634931,83.1386908632989,28.8875741312884,115.908104069464,59.2102581358229,34.7517321479982,40.1589432086087,55.6072811839184,33.3559053232566,21.9047761728246,"CCDC142"
"ENSG00000214562",10.7873281934109,0.849647464762551,0.586683913437063,1.44822014939003,0.147555491127132,0.657479005933119,8.70378095714315,5.19616817895618,1.65071852178791,13.5829809456403,13.7698274734472,13.5145625019993,19.2064510997694,9.58746227308938,8.33897633081416,14.3223536514622,"NUTM2D"
"ENSG00000162694",110.508520584314,-0.371840598478117,0.256788446161572,-1.44804255813033,0.147605148707545,0.657479005933119,156.668057228577,90.9329431317332,105.645985394426,157.562578969428,117.043533524301,78.1913973329959,91.667152976172,79.5759368666419,111.533808424639,116.263811994223,"EXTL2"
"ENSG00000107874",678.259223870522,0.385077366468042,0.265933865299634,1.44801928868355,0.147611656192678,0.657479005933119,695.335389798436,557.289037193051,554.641423320738,484.459653727839,1061.65369820278,524.171959898973,1033.65627736941,745.904564846354,539.948717420217,585.531516927426,"CUEDC2"
"ENSG00000111728",18.2522143325478,-0.883686956504507,0.610446961791326,-1.4476064454664,0.147727147527907,0.657479005933119,30.946776736509,41.5693454316495,6.60287408715164,21.7327695130245,16.5237929681366,27.9944508969985,6.98416403627977,18.2161783188698,5.21186020675885,6.73993113009986,"ST8SIA1"
"ENSG00000058063",612.673416874873,-0.424723952983648,0.293504870214704,-1.44707633870932,0.147875544143169,0.657479005933119,682.763261749229,601.456466714178,539.784956624647,1068.52783439037,571.447840148059,547.339781330972,347.462160804919,489.919322154867,860.999306156562,417.033238674929,"ATP11B"
"ENSG00000148339",76.1929888277633,-0.543089731733332,0.375382499472598,-1.4467635877974,0.147963148175402,0.657479005933119,80.2682021603202,85.736774952777,80.8852075676076,128.585552952062,49.5713789044099,120.665736624994,55.8733122902382,27.8036405919592,76.0931590186792,56.4469232145864,"SLC25A25"
"ENSG00000111640",63517.595895608,0.390517299515975,0.269928599157201,1.44674295623098,0.147968928636105,0.657479005933119,41137.9371505506,48693.2920049984,57010.8655869891,67288.2765405761,85940.2472272787,55835.4149770101,84352.1141686734,98632.9356268616,47854.2580464184,48430.6176267238,"GAPDH"
"ENSG00000051341",33.9680717451958,-1.0746194667765,0.742812995137164,-1.44668910454114,0.147984017376475,0.657479005933119,28.0455164174613,89.6339010869942,61.0765853061527,19.9217053869392,11.0158619787578,38.613035719998,13.0953075680246,0,47.9491139021814,30.3296900854494,"POLQ"
"ENSG00000182149",502.667068147733,-0.353002000490843,0.244070014509321,-1.44631449791372,0.148089011187427,0.657479005933119,475.806692323825,531.30819629827,457.249030535251,847.578011007957,419.97973794014,347.517321479982,412.938698645041,462.115681562908,459.68607023613,612.491241447825,"IST1"
"ENSG00000143748",114.114757477813,-0.431238463407837,0.298223223333189,-1.44602576079743,0.148169976536307,0.657479005933119,107.346631804766,113.016657892297,146.913948439124,172.051091978111,107.404654292888,91.7059598349952,75.0797633900075,63.2772510023899,161.567666409524,102.783949734023,"NVL"
"ENSG00000099821",119.066460889658,-0.328103573143308,0.226918189361774,-1.44591129545907,0.148202083348044,0.657479005933119,153.766796909529,146.791751055512,135.358918786609,106.852783439037,121.174481766335,83.0180267979957,131.826096184781,88.2046529124223,103.194832093825,120.476268950535,"POLRMT"
"ENSG00000163539",120.007729446786,-0.534555728044847,0.369702109557469,-1.44590932598331,0.148202635820185,0.657479005933119,95.7415905285746,163.67929763712,142.787152134654,187.445137049837,82.6189648406832,89.7753080489953,40.1589432086087,91.0808915943491,171.991386823042,134.798622601997,"CLASP2"
"ENSG00000120688",172.679581152612,0.420178159697376,0.290600785197972,1.44589478452761,0.148206714999641,0.657479005933119,184.713573646038,88.3348590422551,187.356552222928,113.191507880336,150.091119460574,166.036053595991,272.382397414911,148.605665232885,214.728640518465,201.355442511733,"WBP4"
"ENSG00000170017",826.189574348596,0.669278345644426,0.462929982827695,1.44574421720603,0.148248957293255,0.657479005933119,650.849398239704,400.104949779626,856.722912807925,532.452853069101,338.737755846801,674.762799206965,493.256585062259,759.327012028679,2396.41332306772,1159.26815437718,"ALCAM"
"ENSG00000071539",167.776495195508,-0.917292256611627,0.634493883630051,-1.44570701196304,0.148259396797163,0.657479005933119,221.462871020642,370.226982750628,283.923585747521,59.7651161608175,44.063447915031,249.054080393987,56.7463327947731,21.0924170007966,276.228590958219,95.2015272126606,"TRIP13"
"ENSG00000135763",41.7779531235479,-0.508527769115227,0.351790413633861,-1.44554186074125,0.148305743733573,0.657479005933119,50.2885121968271,41.5693454316495,41.2679630446978,69.725968854287,38.5555169256522,56.954227686997,22.6985331179092,23.0099094554145,41.6948816540708,32.0146728679744,"URB2"
"ENSG00000144357",132.127043151381,-0.391231604851771,0.270705574021217,-1.44522921726432,0.14839351221578,0.657479005933119,135.392148222227,162.380255592381,122.978529873199,195.594925617221,115.666550776956,100.393892871995,73.3337223809376,109.297069913219,164.69478253358,141.538553732097,"UBR3"
"ENSG00000077097",469.646705350972,-0.461870541717271,0.319770043569518,-1.44438339677325,0.148631158459967,0.657479005933119,818.155409971456,639.128686011611,447.344719404524,344.102183956222,369.031376288385,347.517321479982,348.335181309454,236.810318145308,568.092762536714,577.949094406063,"TOP2B"
"ENSG00000109536",193.125637150192,0.418255851448972,0.289598002762109,1.44426359111513,0.148664843182078,0.657479005933119,170.207272050799,88.3348590422551,242.655622702823,140.357469771617,190.023619133571,213.337022352989,253.175946315142,278.995152146901,173.033758864394,181.135649121434,"FRG1"
"ENSG00000135437",15.3762304146418,1.02601002681897,0.710426896772359,1.44421619096966,0.14867817188086,0.657479005933119,17.4075619142863,9.09329431317332,2.47607778268187,9.05532063042689,27.5396549468944,3.8613035719998,37.5398816950038,24.9274019100324,4.16948816540708,17.6923192165121,"RDH5"
"ENSG00000166710",2782.96276228064,0.543152232582563,0.376112585720588,1.44412139663432,0.148704830340866,0.657479005933119,2198.18823506515,1004.15950058328,1769.57025535664,3763.39125400542,2190.77955102545,2627.61708074586,5006.77259350806,4273.13193511594,1814.76972399343,3181.24749340714,"B2M"
"ENSG00000166900",135.331888231258,0.40386382799145,0.27967370177343,1.44405364333694,0.148723886443401,0.657479005933119,101.54411116667,85.736774952777,128.756044699457,136.735341519446,140.452240229161,162.174750023992,113.492665589546,94.9158765035849,177.203247029801,212.307830598146,"STX3"
"ENSG00000166166",217.804749066313,0.436166981452909,0.302098269856471,1.443791722674,0.148797571051931,0.657479005933119,204.055309106356,202.650558979291,227.799156006732,85.1200139260128,188.646636386227,240.366147356988,345.716119795849,262.696466282649,187.626967443319,233.370115379708,"TRMT61A"
"ENSG00000245937",342.076461113135,0.306195037650516,0.212078728956464,1.44378004883919,0.148800855832337,0.657479005933119,340.414544101599,271.499787350461,321.890111748642,264.415362408465,323.590945626009,376.477098269981,442.62139579923,477.455621199851,325.220076901752,277.179667725357,"LINC01184"
"ENSG00000138658",19.3418773063079,-0.703097434055757,0.486999178090266,-1.44373433403503,0.148813719584176,0.657479005933119,16.4404751412704,37.6722192974323,14.8564666960912,31.6936222064941,17.9007757154814,21.2371696459989,6.1111435317448,13.4224471823251,23.9745569510907,10.1098966951498,"ZGRF1"
"ENSG00000115875",423.610092917159,-0.336273016815111,0.232927055260434,-1.44368380237807,0.148827939744815,0.657479005933119,427.45235367303,426.085790674407,431.662893447539,651.077553327693,269.888618479565,496.177509001974,345.716119795849,338.437418240055,454.474210029372,395.128462502105,"SRSF7"
"ENSG00000131873",624.089613012295,-0.440817137419139,0.305379550345267,-1.44350575184469,0.148878053379172,0.657479005933119,762.064377136533,563.784247416746,526.579208450343,1111.08784135338,654.066804988742,590.779446515969,414.684739654111,484.166844791014,806.79596000627,326.886659809843,"CHSY1"
"ENSG00000231721",50.2415151301254,0.645585971324378,0.447414546079123,1.44292575416225,0.149041387335295,0.657982450476938,24.1771693253976,24.6817988500419,42.0933223055917,58.8595840977748,60.5872408831677,31.8557544689983,75.9527838945425,75.7409519574061,20.8474408270354,87.6191046912982,"LINC-PINT"
"ENSG00000134333",21842.4260166506,0.330272789802006,0.228979836832203,1.44236625534863,0.149199078161725,0.658026558088712,17609.6830498466,20275.448234287,22260.7646255709,15542.5523300647,15358.865563883,28949.1582051755,20421.695642082,24023.3042176801,22548.5919985215,31434.1962993945,"LDHA"
"ENSG00000134285",178.026579942512,-0.616541936645041,0.427477571306354,-1.44227902942583,0.149223673647274,0.658026558088712,118.951673080956,101.325279489646,189.007270744716,489.892846106095,166.614912428711,120.665736624994,198.175654529438,180.24429073408,130.296505168971,85.0916305175108,"FKBP11"
"ENSG00000151353",315.9106833587,0.44239380385988,0.306824279138208,1.44184744800005,0.149345414138762,0.658026558088712,192.450267830165,188.361096487162,283.098226486627,374.890274099673,381.424221014487,360.066558088981,411.192657635971,499.506784427957,275.186218916867,192.930528599109,"TMEM18"
"ENSG00000162746",27.5639546399294,-0.875048274052649,0.606919273477096,-1.44178692668535,0.149362492049499,0.658026558088712,32.8809502825408,51.9616817895618,61.0765853061527,6.33872444129882,2.75396549468944,25.0984732179987,21.8255126133743,23.9686556827235,17.7203247029801,32.0146728679744,"FCRLB"
"ENSG00000119820",403.058391837705,0.339389835136918,0.235413012100426,1.44167831722121,0.149393143216042,0.658026558088712,367.492973746044,287.088291887329,287.225022791096,449.143903269174,355.261548814938,364.893187553981,529.050425748193,597.298899613468,375.253934886637,417.875730066192,"YIPF4"
"ENSG00000107164",474.020935860576,-0.416082926115821,0.288631418864718,-1.44157184187505,0.149423196762715,0.658026558088712,661.487352742879,580.671793998353,564.545734451465,424.694537567021,415.848789698105,482.662946499975,253.175946315142,258.861481373413,626.465596852414,471.795179106991,"FUBP3"
"ENSG00000165006",795.70948297549,0.281547313034604,0.195345354567579,1.44127979729973,0.149505652439703,0.658026558088712,574.449543171448,897.638052914681,782.440579327469,565.052007338638,888.153872037344,951.811330497951,897.46507866195,918.478885761963,727.575684863535,754.029795179922,"UBAP1"
"ENSG00000076201",240.628696306179,-0.413257304711478,0.286743943259994,-1.44120674359553,0.149526283803036,0.658026558088712,227.265391658738,393.609739555931,240.179544920141,270.754086849764,315.329049141941,160.244098237992,245.318761774327,157.234381278666,146.9744578306,249.377451813695,"PTPN23"
"ENSG00000143486",840.903162453042,0.390058606615518,0.270660672636615,1.44113514097117,0.149546507469618,0.658026558088712,746.590988768279,702.781746203824,652.859175367118,732.575439001535,1337.05024767172,646.768348309966,1197.78413222198,1103.51690763259,685.880803209464,603.223836143938,"EIF2D"
"ENSG00000148832",19.4811440927522,0.577107263316484,0.400500079452072,1.44096666374206,0.149594100931617,0.658026558088712,16.4404751412704,15.5885045368685,18.157903739667,9.96085269346958,27.5396549468944,22.2024955389988,24.4445741269792,22.0511632281056,11.4660924548695,26.9597245203995,"PAOX"
"ENSG00000138303",110.085042573478,-0.328290160115756,0.227884696711465,-1.44059765685547,0.149698382783063,0.658268160625687,119.918759853972,129.904204473905,120.502452090517,132.207681204233,89.5038785774068,98.4632410859949,99.5243375169867,104.503338776674,69.8389267705686,136.483605384522,"ASCC1"
"ENSG00000134748",231.943776487348,-0.28018526015559,0.194528363390807,-1.44033114385844,0.149773734206655,0.658382430162873,224.36413133969,242.920862366202,285.574304269308,284.337067795404,199.662498364984,277.048531290986,213.017003106533,179.285544506771,226.194732973334,187.033088860271,"PRPF38A"
"ENSG00000103145",304.168882181342,0.50343147768307,0.349662350050627,1.43976461180387,0.149934006368051,0.658418291108033,287.224771585724,245.51894645568,234.402030093883,205.55577831069,499.844737286133,184.37724556299,480.161277494234,468.826905154071,163.652410492228,272.124719377782,"HCFC1R1"
"ENSG00000150990",101.604049742508,-0.413635759045626,0.287306537967358,-1.4397018667658,0.149951765009641,0.658418291108033,122.82002017302,102.624321534385,110.59814095979,141.263001834659,97.7657750614751,115.839107159994,73.3337223809376,45.0610726835201,111.533808424639,95.2015272126606,"DHX37"
"ENSG00000184602",198.105339130098,0.429759614447146,0.298542166243544,1.43952735338752,0.150001165726778,0.658418291108033,148.931363044449,197.454390800335,215.418767093322,94.1753345564397,278.150514963633,194.99583038599,220.001167142813,266.531451191885,126.127017003564,239.267555118545,"SNN"
"ENSG00000105722",542.27807594778,-0.394780843270077,0.274247683816632,-1.43950474905027,0.150007565401845,0.658418291108033,685.664522068277,741.753007545995,705.682168064332,399.339639801826,607.249391579021,531.894567042972,375.398816950038,299.128822920389,636.889317265931,439.780506239016,"ERF"
"ENSG00000115561",1509.1078992361,0.220588763524208,0.15324730228242,1.43942999477854,0.150028731099746,0.658418291108033,1498.01741140164,1208.10910160731,1535.16822526276,1248.72871493587,1845.15688144192,1542.59077701392,1428.26154541921,1667.25968929024,1457.23611380977,1660.55053217835,"CHMP3"
"ENSG00000128918",7.75073946715387,1.09839671456491,0.763309824013929,1.43899197941525,0.150152795217297,0.658502492702966,3.86834709206362,9.09329431317332,4.95215556536373,0.905532063042689,8.26189648406832,9.6532589299995,9.60322554988468,19.1749245461788,1.04237204135177,10.9523880864123,"ALDH1A2"
"ENSG00000103024",109.628614275132,0.620033292941073,0.43096471044002,1.4387101261911,0.150232669100318,0.658502492702966,119.918759853972,74.0453965501256,81.7105668285016,56.1429879086467,111.535602534922,57.919553579997,192.064510997694,235.851571917999,54.203346150292,112.893846429173,"NME3"
"ENSG00000175854",283.472320484854,0.333751079787401,0.232001337381548,1.4385739476946,0.150271272088689,0.658502492702966,294.961465769851,232.528526008289,274.019274616793,178.38981641941,389.686117498556,301.181678615984,364.049550391083,307.757538966169,273.101474834164,219.047761728246,"SWI5"
"ENSG00000181019",1472.8955238185,-0.607320237692942,0.422183097387477,-1.43852333608597,0.15028562106381,0.658502492702966,2255.24635467309,2452.59138046732,2348.1470972433,365.834953469246,1233.77654162087,1141.98053141894,1094.76771268685,710.430954435923,1562.5156899863,1563.66402218317,"NQO1"
"ENSG00000116151",20.8943739578557,-0.649951030500301,0.451828359380237,-1.43849100439783,0.150294788017382,0.658502492702966,23.2100825523817,51.9616817895618,18.157903739667,14.488513008683,13.7698274734472,22.2024955389988,16.5873895861645,21.0924170007966,11.4660924548695,16.0073364339872,"MORN1"
"ENSG00000205352",559.711384160909,0.310829728911664,0.216129781542144,1.43816241655273,0.15038797620805,0.658694396941466,583.153324128591,467.655136106056,538.959597363753,366.740485532289,626.527150041847,543.478477758972,753.41669541368,725.770894072866,469.067418608296,522.344662582739,"PRR13"
"ENSG00000259207",22.6765457251286,-0.895022013226773,0.622559078248573,-1.43764992672617,0.150533407308789,0.659007355884735,23.2100825523817,2.59808408947809,38.7918852620159,60.6706482238602,12.3928447261025,16.4105401809991,6.98416403627977,17.2574320915609,19.8050687856836,28.6447073029244,"ITGB3"
"ENSG00000066427",174.411153576521,-0.278346632864498,0.193676928343384,-1.43716980254352,0.150669751142243,0.659007355884735,166.338924958736,216.940021471421,181.57903739667,215.51663100416,140.452240229161,182.446593776991,135.318178202921,170.656828460991,186.584595401967,148.278484862197,"ATXN3"
"ENSG00000150977",197.16212206672,0.42566109750567,0.296242544962076,1.43686686718196,0.15075582599156,0.659007355884735,191.483181057149,192.258222621379,173.325444787731,96.8919307455677,318.08301463663,190.16920092099,261.033130855956,232.975333236072,133.423621293027,181.978140512696,"RILPL2"
"ENSG00000114902",606.360303644916,0.327122869212581,0.227801155403957,1.43600180004574,0.151001829058028,0.659007355884735,645.046877601609,339.049973676891,550.514627016268,568.674135590809,524.630426738338,650.629651881966,774.369187522519,817.810531894524,601.448667859971,591.428956666263,"SPCS1"
"ENSG00000131473",691.538702504266,-0.466267655417429,0.324710978843267,-1.43594669043356,0.151017511186997,0.659007355884735,525.128117747637,928.815061988418,746.124771848135,1115.61550166859,479.189996075962,778.05266975796,322.144566173404,444.858249471347,940.219581299296,635.238509011912,"ACLY"
"ENSG00000106733",189.35026527071,0.390004537775222,0.27160806102677,1.43590928892491,0.15102815496071,0.659007355884735,145.063015952386,101.325279489646,217.894844876004,172.051091978111,304.313187163183,196.92648217199,153.651608798155,210.924170007966,182.41510723656,208.937865033096,"NMRK1"
"ENSG00000109111",478.32386264854,-0.541380141749578,0.377048138048565,-1.43583825808429,0.151048370590526,0.659007355884735,272.718469990485,442.973337256015,368.935589619598,1270.46148444889,455.781289371102,369.719817018981,363.176529886548,430.477056061713,348.152261811491,460.842791020578,"SUPT6H"
"ENSG00000178425",64.244754012528,-0.380334501023485,0.264910696846069,-1.43570835587846,0.151085346553721,0.659007355884735,80.2682021603202,68.8492283711694,70.1555371759862,79.6868215477566,46.8174134097205,56.954227686997,41.9049842176786,60.4010123204631,53.1609741089403,84.2491391262483,"NT5DC1"
"ENSG00000133119",65.601660800067,-0.881249858767851,0.613809033840663,-1.43570688957408,0.151085763968725,0.659007355884735,81.2352889333361,101.325279489646,141.96179287376,37.1268145847502,20.6547412101708,93.6366116209951,16.5873895861645,9.58746227308938,108.406692300584,45.4945351281741,"RFC3"
"ENSG00000102265",3273.90310052054,0.523727477624286,0.364814117013342,1.43560090796906,0.151115936233903,0.659007355884735,1743.65745174768,2242.14656921959,3303.08776209761,3083.33667466036,1422.4231780071,3477.10386658582,6650.67020354741,4639.37299394795,2750.81981712732,3426.41248826452,"TIMP1"
"ENSG00000132000",223.397225922643,0.516805559710064,0.360041885233813,1.435403992995,0.151172008820364,0.659007355884735,125.721280492068,205.248643068769,146.08858917823,233.627272265014,170.745860670745,209.475718780989,350.954242823058,462.115681562908,148.016829871951,181.978140512696,"PODNL1"
"ENSG00000224546",46.436844113262,-0.828036415423807,0.576893326070181,-1.4353371377416,0.151191049813775,0.659007355884735,59.9593799269861,44.1674295211276,45.3947593491675,101.419591060781,74.3570683566149,3.8613035719998,51.5082097675633,18.2161783188698,42.7372536954226,22.747267564087,"EIF4BP3"
"ENSG00000196247",26.9654677750008,-0.677856095563105,0.472369679646516,-1.43501186627888,0.151283716202904,0.659007355884735,32.8809502825408,49.3635977000837,43.7440408273796,13.5829809456403,12.3928447261025,25.0984732179987,13.9683280725595,14.3811934096341,40.652509612719,23.5897589553495,"ZNF107"
"ENSG00000236671",8.87049522317669,0.881143101702015,0.614260235877986,1.43447849988623,0.151435760269945,0.659007355884735,3.86834709206362,9.09329431317332,9.07895186983351,1.81106412608538,8.26189648406832,16.4105401809991,15.7143690816295,9.58746227308938,7.29660428946239,7.58242252136235,"PRKG1-AS1"
"ENSG00000163738",32.3536436592327,-0.45428000400303,0.316703355383623,-1.43440224513176,0.151457507335333,0.659007355884735,40.617644466668,29.8779670289981,37.9665260011219,46.1821352151771,16.5237929681366,31.8557544689983,34.9208201813988,27.8036405919592,33.3559053232566,24.432250346612,"MTHFD2L"
"ENSG00000125454",42.1541042523367,0.564929847615764,0.393858485391948,1.43434728098742,0.151473184014718,0.659007355884735,31.9138635095249,44.1674295211276,44.5694000882736,10.8663847565123,38.5555169256522,68.5381384029965,55.8733122902382,40.2673415469754,39.6101375713672,47.1795179106991,"SLC25A19"
"ENSG00000001167",156.860040582828,-0.308192674841305,0.214893724056776,-1.43416321809323,0.151525690784204,0.659007355884735,183.746486873022,164.978339681859,189.83263000561,170.240027852026,139.075257481817,150.590839307992,116.984747607686,107.379577458601,190.754083567374,155.018415992297,"NFYA"
"ENSG00000173660",1694.43156166684,0.312121727863561,0.217663144608976,1.43396682256096,0.151581730914994,0.659007355884735,1405.17708119211,1187.32442889149,1698.58935891976,1627.24111728771,2050.32731079629,1414.20243324493,2136.28117459707,2311.53715404185,1778.28670254612,1335.34885515104,"UQCRH"
"ENSG00000104043",23.7048128407884,0.806279068074193,0.562280942545291,1.43394343835377,0.15158840449119,0.659007355884735,6.76960741111134,16.8875465816076,28.0622148703945,13.5829809456403,30.2936204415838,12.5492366089993,34.9208201813988,58.4835198658452,9.38134837216593,26.117233129137,"ATP8B4"
"ENSG00000167566",299.460775700513,-0.378298001682504,0.263869642596658,-1.43365488337268,0.151670773089651,0.659007355884735,271.751383217469,394.90878160067,266.591041268748,456.388159773515,385.555169256522,235.539517891988,323.890607182474,239.686556827235,214.728640518465,205.567899468046,"NCKAP5L"
"ENSG00000119729",1783.01189879711,0.294278905911695,0.205283388597159,1.43352517669697,0.151707809223306,0.659007355884735,1420.65046956037,1310.7334231417,2021.3048299293,1525.82152622693,1981.47817342905,1479.84459396892,1913.66094594066,2102.5304764885,1633.39698879822,2440.69756048741,"RHOQ"
"ENSG00000162729",45.5684584730923,0.584885005599489,0.408042293078367,1.433393095571,0.151745530429136,0.659007355884735,30.946776736509,31.1770090737371,22.2847000441368,56.1429879086467,33.0475859362733,46.3356428639976,82.0639274262873,72.8647132754793,26.0593010337942,54.7619404320614,"IGSF8"
"ENSG00000171223",556.784547967386,-0.492847886099863,0.343858157138599,-1.43328833668242,0.151775453723536,0.659007355884735,677.92782788415,978.178659688502,655.3352531498,383.9455947301,637.543012020605,601.398031338969,690.559219087162,368.158551286632,264.762498503349,310.036831984594,"JUNB"
"ENSG00000144747",288.02792863166,-0.276640262421105,0.193017914367895,-1.43323620155705,0.151790347258062,0.659007355884735,365.558800200012,292.284460066285,266.591041268748,362.212825217076,268.51163573222,253.880709858987,247.064802783397,209.965423780657,303.330264033365,310.879323375856,"TMF1"
"ENSG00000176915",858.748771962413,-0.457777693008916,0.319459756650903,-1.43297452489192,0.151865117711422,0.659007355884735,710.808778166691,861.264875661987,691.651060629134,1840.04115210274,890.907837532034,956.63795996295,572.701450974941,770.831966756386,792.202751427345,500.439886409915,"ANKLE2"
"ENSG00000185885",141.348928439105,0.732704604643399,0.511377814953635,1.43280483278265,0.1519136198507,0.659007355884735,132.490887903179,35.0741352079542,79.2344890458197,157.562578969428,136.321291987127,113.908455373994,361.430488877478,250.232765327633,60.4575783984026,86.7766133000358,"IFITM1"
"ENSG00000125611",210.87651526771,0.395912447301351,0.276461505525877,1.43207079245357,0.152123562332878,0.659007355884735,188.581920738102,168.875465816076,232.751311572095,118.624700258592,242.348963532671,187.27322324199,325.636648191544,285.706375738064,198.050687856836,160.915855731134,"CHCHD5"
"ENSG00000119938",831.624834100442,0.456219972630003,0.318574909107681,1.43206498561943,0.152125224022538,0.659007355884735,681.796174976213,908.030389272593,815.454949763228,315.125157938856,758.717493786941,763.57278136296,625.082681247039,931.901332944288,1283.15998290403,1233.40739680828,"PPP1R3C"
"ENSG00000173517",1214.27454538705,-0.386081798766138,0.269620068279002,-1.43194755950667,0.152158829765501,0.659007355884735,922.600781457174,1419.85295489978,1052.33305763979,2258.39696522847,1237.9074898629,909.336991205953,839.845725362642,1172.54663599883,1122.63468853586,1207.29016367914,"PEAK1"
"ENSG00000148943",434.913956414719,-0.536305208381014,0.374627369588347,-1.43156974614621,0.15226699311198,0.659007355884735,436.156134630173,1024.94417329911,486.13660466654,191.97279736505,301.559221668494,338.829388442982,272.382397414911,417.054608879388,437.796257367743,442.307980412804,"LIN7C"
"ENSG00000227199",10.364588447706,-0.858902356333478,0.600056926849278,-1.43136812176025,0.152324739654955,0.659007355884735,10.637954503175,10.3923363579124,5.77751482625769,29.8825580804087,8.26189648406832,11.5839107159994,8.73020504534971,7.6699698184715,3.12711612405531,7.58242252136235,"ST7-AS1"
"ENSG00000205629",268.956626335937,0.300309994539282,0.20985541130796,1.43103288434427,0.152420790741125,0.659007355884735,256.277994849215,222.136189650377,274.019274616793,191.97279736505,283.658445953012,305.042982187984,387.621104013527,275.160167237665,267.889614627405,225.787692858345,"LCMT1"
"ENSG00000129757",31.3363683273367,0.729668005136195,0.509902412664056,1.43099539640133,0.152431534524236,0.659007355884735,11.6050412761909,19.4856306710857,19.8086222614549,38.9378787108356,35.8015514309627,17.3758660739991,75.9527838945425,45.0610726835201,15.6355806202765,33.6996556504993,"CDKN1C"
"ENSG00000158290",927.620541138104,0.395168328749863,0.276220463787293,1.43062654856074,0.152537274480445,0.659007355884735,660.520265969863,1054.82214032811,806.375997893394,600.367757797303,787.63413148118,849.486785839956,823.258335776478,1321.15230123172,804.711215923566,1567.87647913948,"CUL4B"
"ENSG00000138593",384.454465012259,-0.375146882888531,0.2622324203838,-1.43058925490399,0.152547968796763,0.659007355884735,359.756279561917,589.765088311527,421.758582316811,412.017088684423,366.277410793695,330.141455405983,206.032839070253,277.077659692283,424.24542083017,457.472825455528,"SECISBP2L"
"ENSG00000138231",47.3050906954676,-0.466231312960848,0.325926430751553,-1.43048022182726,0.152579238357424,0.659007355884735,56.0910328349225,59.7559340579961,63.5526630888345,47.9931993412625,27.5396549468944,43.4396651849978,28.809676649654,29.7211330465771,52.1186020675885,64.0293457359487,"DBR1"
"ENSG00000128656",844.31473663282,0.470687581288523,0.329046838193262,1.43045769372222,0.152585699793333,0.659007355884735,782.373199369868,710.575998472258,516.674897319616,732.575439001535,1261.31619656776,570.50760276297,698.416403627977,524.434186337989,1572.93941039982,1073.3340324684,"CHN1"
"ENSG00000204524",11.5272514983818,-0.852962846660247,0.596352628088697,-1.43029946794061,0.152631087451283,0.659007355884735,8.70378095714315,37.6722192974323,9.90431113072746,7.24425650434151,8.26189648406832,8.68793303699955,6.1111435317448,6.71122359116257,13.550836537573,8.42491391262483,"ZNF805"
"ENSG00000101363",563.379554926133,0.345668449992042,0.241698941484139,1.43016120744875,0.152670756401319,0.659007355884735,586.054584447639,366.329856616411,561.244297407889,424.694537567021,410.340858708727,628.427156342967,749.051592891005,753.574534664825,667.118106465133,486.960024149715,"MANBAL"
"ENSG00000164466",513.17085591056,-0.297355525998428,0.207923674702107,-1.43011865495572,0.152682966910387,0.659007355884735,619.902621503195,684.595157577477,519.150975102298,488.081781980009,435.126548160931,580.16086169297,364.922570895618,405.549654151681,586.855459281046,447.362928760379,"SFXN1"
"ENSG00000168765",50.0384077276923,-0.566200913060086,0.395965251327363,-1.42992576030865,0.152738327671607,0.659033023667493,97.6757640746064,57.157849968518,53.6483519581071,40.748942836921,31.6706031889286,26.0637991109986,44.5240457312835,48.8960575927558,25.0169289924425,74.981733822361,"GSTM4"
"ENSG00000181195",27.6142678360894,1.40482978983562,0.982770767924277,1.4294582579036,0.152872564219926,0.659398896830904,4.83543386507953,0,12.3803889134093,38.0323466477929,6.8849137367236,2.89597767899985,23.5715536224442,26.8448943646503,143.847341706544,16.8498278252497,"PENK"
"ENSG00000105738",146.502648603293,-0.518418912861098,0.362837019061715,-1.42879277919798,0.153063801590145,0.659834993302457,149.898449817465,248.117030545158,186.531192962034,131.30214914119,123.928447261025,166.036053595991,110.873604075941,46.019818910829,197.008315815484,105.31142390781,"SIPA1L3"
"ENSG00000069275",2012.80853886701,-0.434003472932751,0.303779307547172,-1.42868017060496,0.153096179704702,0.659834993302457,2479.61048601278,3235.91373344496,2619.69029407741,1203.45211178373,1560.12145274157,2228.93748693688,1333.97533092944,1175.42287468076,2417.26076389475,1873.70085416776,"NUCKS1"
"ENSG00000173715",32.7272734983592,-0.416369101138917,0.291454567145413,-1.42859007226049,0.15312208924579,0.659834993302457,35.7822106015885,42.8683874763885,35.4904482184401,39.8434107738783,33.0475859362733,37.647709826998,23.5715536224442,26.8448943646503,26.0593010337942,26.117233129137,"C11orf80"
"ENSG00000175315",6.58130092739361,1.35743178298895,0.950411139769345,1.42825744163561,0.153217772574265,0.660034054529384,5.80252063809543,6.49521022369523,1.65071852178791,0,5.50793098937888,12.5492366089993,0.873020504534971,9.58746227308938,3.12711612405531,20.2197933902996,"CST6"
"ENSG00000197568",70.4978999505799,0.507019740623456,0.355180120236599,1.42750033500104,0.153435728686069,0.660490095977618,65.7619005650816,71.4473124606475,58.6005075234708,29.8825580804087,88.1268958300621,44.4049910779977,115.238706598616,96.8333689582027,52.1186020675885,82.5641563437233,"HHLA3"
"ENSG00000088356",198.525849140334,0.384980146709639,0.269727426856494,1.42729329084678,0.153495373660533,0.660490095977618,157.635144001593,196.155348755596,227.799156006732,89.6476742412262,221.6942223225,206.579741101989,278.493540946656,194.625484143714,223.067616849279,189.560563034059,"PDRG1"
"ENSG00000162924",14.6097775468378,-0.717164423087723,0.502686804521671,-1.42666251955855,0.153677193995897,0.660490095977618,19.3417354603181,22.0837147605638,14.8564666960912,19.9217053869392,15.1468102207919,6.75728125099965,6.98416403627977,4.79373113654469,21.8898128683872,14.3223536514622,"REL"
"ENSG00000133704",254.270906635336,-0.424440608948134,0.297563480726287,-1.42638675926282,0.15375673354507,0.660490095977618,364.591713426996,333.853805497935,278.971430182157,223.666419571544,196.908532870295,235.539517891988,123.095891139431,164.904351097137,322.092960777697,299.084443898182,"IPO8"
"ENSG00000172878",58.1572777162259,-0.428558056899014,0.300460527058749,-1.42633729992498,0.153771002771234,0.660490095977618,67.6960741111134,62.3540181474742,40.4426037838038,104.136187249909,61.9642236305124,47.3009687569975,53.2542507766332,48.8960575927558,50.0338579848849,45.4945351281741,"METAP1D"
"ENSG00000160447",41.4567909333111,-0.589836002573235,0.413598516265445,-1.42610763669829,0.153837274764869,0.660490095977618,41.5847312396839,101.325279489646,33.8397296966522,31.6936222064941,37.1785341783074,45.3703169709976,18.3334305952344,28.7623868192681,38.5677655300155,37.9121126068117,"PKN3"
"ENSG00000167779",1155.66966126091,0.596451194244562,0.418246088957959,1.42607715885782,0.153846071131572,0.660490095977618,1057.02584290638,691.090367801172,1093.60102068449,694.543092353743,1052.01481897137,510.657397396974,1381.11843817432,2854.18751869871,636.889317265931,1585.56879835599,"IGFBP6"
"ENSG00000155111",436.378879630762,-0.365261047239951,0.256140403280788,-1.42601886528437,0.153862896605378,0.660490095977618,414.880225623823,572.877541729919,661.938127236952,365.834953469246,468.174134097205,538.651848293972,303.81113557817,297.211330465771,381.508167134748,358.901332677818,"CDK19"
"ENSG00000229117",7228.76854900316,0.442887414833628,0.310600918121763,1.42590504082157,0.153895754182084,0.660490095977618,4642.98359724936,4755.79292578965,6160.48152331248,8226.75879274283,9253.32406215652,6307.43938486167,11110.058940712,11085.0238801459,6800.43519777894,3945.38718528221,"RPL41"
"ENSG00000134109",537.063466557213,-0.390720788836609,0.274030251621808,-1.42583085817783,0.153917171271063,0.660490095977618,475.806692323825,555.989995148312,471.280137970448,1000.61292966217,593.479564105574,484.593598285975,392.859227040737,438.147025880185,597.279179694564,360.586315460343,"EDEM1"
"ENSG00000113719",3967.78573524184,0.198979671915358,0.13955374141631,1.42582828590579,0.153917913946048,0.660490095977618,3809.35479890965,3432.06908220056,4076.44938955524,3259.00989489064,3980.85712257359,4465.59758101777,3827.32189188131,4725.66015440576,4196.58983848222,3904.94759850161,"ERGIC1"
"ENSG00000254122",11.0453718376622,0.65973500170013,0.462897038396012,1.42523055231933,0.154090567454953,0.660836779427151,7.73669418412724,7.79425226843427,8.25359260893955,9.05532063042689,11.0158619787578,13.5145625019993,13.0953075680246,9.58746227308938,13.550836537573,16.8498278252497,"PCDHGB7"
"ENSG00000151576",69.7822083802849,-0.379705084896185,0.266421284680151,-1.4252055174647,0.154097801905859,0.660836779427151,67.6960741111134,83.1386908632989,75.1076927413499,98.7029948716531,49.5713789044099,58.8848794729969,49.7621687584934,52.7310425019916,77.1355310600309,85.0916305175108,"QTRT2"
"ENSG00000108344",435.056139999823,-0.280384441540018,0.196773433191033,-1.42491004498465,0.154183205613392,0.660990489638639,541.568592888907,548.195742879877,450.646156448099,407.48942836921,358.015514309627,387.09568309298,395.478288554342,307.757538966169,451.347093905316,502.967360583702,"PSMD3"
"ENSG00000138095",343.115413084227,-0.280813466390341,0.19711560128136,-1.42461309284957,0.154269073237125,0.661113817866536,355.887932469853,411.796328182278,447.344719404524,319.652818254069,385.555169256522,279.944508969985,299.446033055495,243.52154173647,336.686169356622,351.318910156455,"LRPPRC"
"ENSG00000231167",44.1806918298514,0.478775347611388,0.336108238466512,1.42446775418476,0.154311113070295,0.661113817866536,26.1113428714294,29.8779670289981,42.9186815664857,43.4655390260491,42.6864651676863,50.1969464359974,46.2700867403535,51.7722962746827,78.1779031013827,30.3296900854494,"YBX1P2"
"ENSG00000106355",388.173020098769,0.28979334509832,0.203481433633852,1.42417585684883,0.154395571925855,0.661263244308004,348.151238285726,314.368174826849,408.552834142508,298.825580804087,326.344911120699,519.345330433973,461.827846899,477.455621199851,367.957330597175,358.901332677818,"LSM5"
"ENSG00000110172",135.25077807444,-0.46415747782926,0.326080728730211,-1.4234434510642,0.154607644048066,0.661627019805692,176.009792688895,110.418573802819,147.739307700018,213.705566878075,72.9800856092701,128.388343768993,95.1592349943119,76.699698184715,194.923571732781,136.483605384522,"CHORDC1"
"ENSG00000137501",296.781813814403,0.636803036603052,0.447371402784636,1.423432594572,0.154610789268584,0.661627019805692,292.060205450803,142.894624921295,121.327811351411,334.141331262752,410.340858708727,256.776687537987,611.987373679015,377.746013559722,88.6016235149004,331.941608157418,"SYTL2"
"ENSG00000152382",33.330321961045,-0.470454840035084,0.330522145821103,-1.4233685881058,0.154629333488366,0.661627019805692,43.5189047857157,32.4760511184761,37.9665260011219,46.1821352151771,26.1626721995497,20.2718437529989,26.1906151360491,23.9686556827235,30.2287891992013,46.3370265194366,"TADA1"
"ENSG00000163961",252.954431755708,-0.292356594662942,0.205434867840287,-1.42311087565832,0.154704016108412,0.661685925628322,240.80460648096,326.059553229501,302.906848748082,267.131958597593,240.971980785326,295.389723257985,222.620228656418,196.542976598332,258.508266255239,178.608174947646,"RNF168"
"ENSG00000222011",26.5781829368969,0.54857538777166,0.385512012573935,1.42297871370857,0.154742326012952,0.661685925628322,25.1442560984135,18.1865886263466,22.2847000441368,17.2051091978111,41.3094824203416,14.4798883949993,23.5715536224442,28.7623868192681,34.3982773646084,40.4395867805992,"FAM185A"
"ENSG00000182872",267.777418127824,-0.291059319770728,0.204589493644158,-1.42265037459337,0.154837533158811,0.661880826839441,265.948862579374,379.320277063801,278.971430182157,278.903875417148,302.936204415838,198.85713395799,274.128438423981,219.552886053747,266.847242586053,212.307830598146,"RBM10"
"ENSG00000085840",14.9701428410092,-0.882532016952816,0.62043657801408,-1.42243711642157,0.15489939458371,0.661933106556534,13.5392148222227,41.5693454316495,18.983263000561,9.05532063042689,4.13094824203416,27.9944508969985,6.98416403627977,6.71122359116257,11.4660924548695,9.26740530388731,"ORC1"
"ENSG00000143341",28.6186940719541,-0.81260290438449,0.571569046120056,-1.42170558377965,0.155111738466789,0.662272324602595,22.2429957793658,19.4856306710857,23.9354185659247,87.8366101151408,46.8174134097205,21.2371696459989,8.73020504534971,12.4637009550162,15.6355806202765,27.8022159116619,"HMCN1"
"ENSG00000101608",4389.57778950011,0.425505546537733,0.299380400845024,1.42128724972213,0.155233268682081,0.662272324602595,4133.32886786998,4020.53512846735,4941.42589497211,1466.05641006611,4988.80849362992,5436.71542937572,4393.91219932451,3744.86276386871,5218.11443900696,5552.01826841976,"MYL12A"
"ENSG00000154237",264.185895923941,-0.409062457722655,0.287933717679821,-1.42068272176977,0.155409017781678,0.662272324602595,235.969172615881,500.131187224533,273.193915355899,231.816208138928,322.213962878664,210.441044673989,184.207326456879,185.038021870625,215.771012559816,283.077107464194,"LRRK1"
"ENSG00000161791",230.109113496572,-0.438768700698203,0.308993043923545,-1.41999539901218,0.155609020535047,0.662272324602595,261.113428714294,302.676796424198,214.593407832428,313.31409381277,243.725946280015,226.851584854988,142.3023422392,127.513248232089,332.516681191215,136.483605384522,"FMNL3"
"ENSG00000127946",264.111557562455,-0.526521322603196,0.370793023605673,-1.41998713320759,0.155611426974199,0.662272324602595,207.92365619842,411.796328182278,463.851904622403,210.083438625904,245.10292902736,252.915383965987,103.889440039662,136.141964277869,339.813285480677,269.597245203995,"HIP1"
"ENSG00000175348",363.699740220583,0.331480044167697,0.233445831931776,1.41994415331678,0.155623940245488,0.662272324602595,343.315804420646,253.313198724114,325.191548792218,337.763459514923,300.182238921149,340.760040228982,457.462744376325,563.742781657656,307.499752198772,407.765833371042,"TMEM9B"
"ENSG00000139613",304.301627966805,-0.364710505597341,0.256856148803408,-1.41990179054068,0.155636274595807,0.662272324602595,299.796899634931,411.796328182278,268.241759790535,425.600069630064,362.146462551661,289.597767899985,183.334305952344,244.480287963779,216.813384601168,341.209013461306,"SMARCC2"
"ENSG00000171148",1610.43932829196,0.275038569241788,0.19371427370144,1.41981571097692,0.155661339816114,0.662272324602595,1467.07063466513,1417.2548708103,1299.94083590798,1535.7823789204,2177.009723552,1614.99021898892,1841.20024406425,2044.04695662266,1332.15146884756,1374.94595054037,"TADA3"
"ENSG00000143333",4.79201990374876,1.48014298262642,1.04251599011397,1.41977964526435,0.15567184258103,0.662272324602595,5.80252063809543,0,2.47607778268187,0.905532063042689,1.37698274734472,1.9306517859999,10.4762460544197,9.58746227308938,1.04237204135177,14.3223536514622,"RGS16"
"ENSG00000196236",145.516857339712,-0.365024559211043,0.257142922681423,-1.41953959068621,0.155741763036168,0.662272324602595,146.030102725402,250.715114634636,127.930685438563,149.412790402044,114.289568029612,98.4632410859949,158.889731825365,151.481903914812,128.211761086268,129.743674254422,"XPNPEP3"
"ENSG00000177674",226.914135712955,0.448796203669544,0.316243838122876,1.41914608149666,0.155856431613537,0.662272324602595,176.009792688895,127.306120384426,175.801522570412,265.320894471508,158.353015944643,246.158102714987,373.652775940968,358.571089013543,204.304920104947,183.663123295221,"AGTRAP"
"ENSG00000205544",96.0611192350335,0.450837285328663,0.317694002174343,1.41909284482259,0.155871949698929,0.662272324602595,111.214978896829,63.6530601922132,61.9019445670466,77.8757574216713,125.305430008369,57.919553579997,150.159526780015,131.348233141324,92.7711116803075,88.4615960825607,"TMEM256"
"ENSG00000166946",451.096300820109,0.272226475458355,0.191844635655461,1.41899446147274,0.15590063078214,0.662272324602595,394.571403390489,491.037892911359,444.043282360948,276.18727922802,462.666203107826,473.975013462975,468.81201093528,464.991920244835,501.380951890201,533.297050669152,"CCNDBP1"
"ENSG00000140391",836.839136613565,0.635915114102634,0.448203104815718,1.41881014939443,0.155954372908572,0.662272324602595,623.770968595259,301.377754379459,349.952326619037,1236.95679811631,678.852494440947,592.710098301969,1168.97445557233,2020.07830093993,600.406295818619,795.311873351784,"TSPAN3"
"ENSG00000180346",52.4303201548364,0.471652406698958,0.332447174722488,1.41872887652804,0.155978075097322,0.662272324602595,44.4859915587317,45.4664715658666,53.6483519581071,26.260429828238,66.0951718725465,58.8848794729969,48.0161277494234,53.6897887293005,90.6863675976039,37.0696212155493,"TIGD2"
"ENSG00000174579",187.745654933047,-0.284490683718891,0.200526581173624,-1.4187180674694,0.155981227626512,0.662272324602595,239.837519707945,245.51894645568,183.229755918458,172.956624041154,196.908532870295,176.654638418991,145.79442425734,149.564411460194,195.965943774133,171.025752426284,"MSL2"
"ENSG00000248323",6.13089776147213,1.31621196193741,0.927809355182505,1.4186232921509,0.156008871508047,0.662272324602595,1.93417354603181,9.09329431317332,2.47607778268187,0,5.50793098937888,1.9306517859999,12.2222870634896,13.4224471823251,2.08474408270354,12.6373708689372,"LUCAT1"
"ENSG00000108349",704.258057488733,-0.364390172766949,0.256879581896433,-1.4185252485885,0.1560374725761,0.662272324602595,569.614109306368,927.516019943679,842.691805372728,913.681851610073,483.320944317997,956.63795996295,479.288256989699,604.010123204631,533.694485172106,732.125019007098,"CASC3"
"ENSG00000171163",65.6435697721036,-0.808475073792122,0.569985028829923,-1.4184145774,0.156069762129063,0.662272324602595,78.3340286142883,18.1865886263466,32.1890111748642,224.571951634587,46.8174134097205,52.1275982219973,68.9686198582627,68.0709821389346,42.7372536954226,24.432250346612,"ZNF692"
"ENSG00000179262",1827.2272407078,0.328713504969746,0.231747946890795,1.41840956685861,0.156071224130311,0.662272324602595,1481.57693626037,1808.26652627675,2008.09908175499,1038.64527630996,1740.50619264373,2331.26203159488,2309.139234495,2079.52056703309,2025.32887634649,1449.92768436273,"RAD23A"
"ENSG00000196371",74.2534950056898,-0.380349857210259,0.26830087992779,-1.41762433769366,0.156300470721107,0.662799753857321,97.6757640746064,80.5406067738208,74.282333480456,92.3642704303543,59.2102581358229,98.4632410859949,48.0161277494234,59.4422660931542,76.0931590186792,56.4469232145864,"FUT4"
"ENSG00000004897",573.416073095867,-0.377632371629433,0.266402201930813,-1.41752721596313,0.156328843019255,0.662799753857321,637.310183417482,754.743427993386,657.811330932482,612.139674616858,400.701979477313,628.427156342967,301.192074064565,399.797176787827,720.279080574073,621.758646751712,"CDC27"
"ENSG00000198728",415.826564775354,-0.352642102559706,0.248782190606629,-1.41747325923864,0.156344607155667,0.662799753857321,305.599420273026,523.513944029835,382.141337793901,700.881816795041,378.670255519798,400.610245594979,329.128730209684,325.01497105773,437.796257367743,374.908669111805,"LDB1"
"ENSG00000237765",389.894233706625,0.388447748972645,0.274152577062943,1.41690351093603,0.156511139889636,0.663294907120456,322.039895414296,206.547685113508,338.397296966522,447.332839143088,516.36853025427,315.661567010984,513.336056666563,552.237826929948,309.584496281476,377.436143285592,"FAM200B"
"ENSG00000125995",664.415302607916,0.422712178202733,0.298372337888129,1.41672710410984,0.156562729416332,0.663302770719703,592.82419185875,613.14784511683,682.572108759301,318.747286191027,623.773184547158,640.976392951967,1090.40261016418,965.457450900101,658.779130134318,457.472825455528,"ROMO1"
"ENSG00000152240",148.290382555838,-0.367528485287707,0.259566496948487,-1.41593190804068,0.156795441675474,0.664019079292095,211.792003290483,164.978339681859,198.911581875443,109.569379628165,132.190343745093,138.041602698993,119.603809121291,108.33832368591,186.584595401967,112.893846429173,"HAUS1"
"ENSG00000136141",112.677259431539,-0.466218950503411,0.329295045240568,-1.41580918766273,0.156831378853573,0.664019079292095,154.733883682545,128.605162429166,120.502452090517,135.829809456403,111.535602534922,137.076276805993,63.7304968310529,46.019818910829,142.804969665192,85.9341219087733,"LRCH1"
"ENSG00000163635",278.308614795429,-0.368573519878211,0.260399263936363,-1.41541690366791,0.156946296362847,0.664128118331694,246.607127119056,357.236562303238,268.241759790535,414.733684873552,304.313187163183,283.805812541985,165.00087535711,186.955514325243,312.711612405531,243.480012074858,"ATXN7"
"ENSG00000085733",2267.56230242875,-0.280717349599177,0.198339729022021,-1.41533595403879,0.156970018069667,0.664128118331694,2997.00190957629,2547.42144973327,2240.02503406619,2362.53315247838,2153.60101684714,1920.0332011769,1708.50112737494,1651.9197496533,2346.37946508283,2748.20691829822,"CTTN"
"ENSG00000179094",149.331601089193,-0.672280250096135,0.475038743431737,-1.41521141041992,0.15700651998949,0.664128118331694,74.4656815222247,163.67929763712,72.6316149586681,458.199223899601,134.944309239783,179.550616097991,95.1592349943119,93.9571302762759,122.999900879509,97.729001386448,"PER1"
"ENSG00000102699",139.248789215751,-0.296689520739424,0.209824817132261,-1.41398679524362,0.157365779619644,0.66532718247523,165.37183818572,179.267802173988,141.136433612866,142.168533897702,126.682412755714,139.006928591993,116.111727103151,100.668353867438,117.78804067275,164.285821296184,"PARP4"
"ENSG00000143036",10.8063812587117,0.826500400776782,0.584551529612374,1.41390512026348,0.15738976236855,0.66532718247523,9.67086773015905,3.89712613421714,4.12679630446978,11.771916819555,8.26189648406832,5.7919553579997,16.5873895861645,23.0099094554145,11.4660924548695,13.4798622601997,"SLC44A3"
"ENSG00000122643",280.742541137026,0.341787362140626,0.241813130329772,1.41343591092227,0.157527592985597,0.665681907250209,267.883036125406,176.66971808451,259.162807920702,262.60429828238,351.130600572904,434.396651849978,281.985622964796,302.005061602315,244.957429717666,226.630184249608,"NT5C3A"
"ENSG00000166439",101.587992773052,-0.632666140591784,0.447848781048941,-1.41267804527673,0.157750409757003,0.665681907250209,86.0707227984156,222.136189650377,89.1388001765472,119.530232321635,74.3570683566149,111.012477694994,20.9524921088393,60.4010123204631,126.127017003564,106.153915299073,"RNF169"
"ENSG00000132780",230.350343523388,-0.429665512291798,0.30419266544082,-1.41247821234989,0.157809201523271,0.665681907250209,193.417354603181,180.566844218727,231.100593050307,484.459653727839,156.976033197298,240.366147356988,224.366269665488,176.409305824845,217.85575664252,197.985476946684,"NASP"
"ENSG00000116209",494.301559558292,0.459929003956621,0.325690791928083,1.41216459094177,0.15790150384843,0.665681907250209,410.044791758744,254.612240768853,317.763315444173,631.155847940754,369.031376288385,461.425776853976,758.65481844089,736.317102573264,350.237005894195,653.773319619687,"TMEM59"
"ENSG00000109610",58.0262928615509,0.99072958881467,0.701637019848266,1.41202582074264,0.157942358534723,0.665681907250209,18.3746486873022,80.5406067738208,41.2679630446978,6.33872444129882,22.0317239575155,17.3758660739991,91.667152976172,162.028112415211,26.0593010337942,114.578829211698,"SOD3"
"ENSG00000164104",488.794518109304,-0.688034748179451,0.487290088172852,-1.41196130370579,0.157961355420586,0.665681907250209,604.429233134941,901.535179048898,888.91192398279,136.735341519446,213.432325838432,640.011067058967,312.54134062352,210.924170007966,692.135035457575,287.289564420507,"HMGB2"
"ENSG00000128944",184.678862942585,-0.707791550025977,0.50131611701332,-1.41186673638735,0.157989203666834,0.665681907250209,133.457974676195,468.954178150796,293.002537617354,67.9149047282017,82.6189648406832,198.85713395799,102.143399030592,85.3284142304955,285.609939330385,128.90118286316,"KNSTRN"
"ENSG00000158321",178.027361905511,-0.418885624090492,0.296705950996585,-1.41178706623014,0.158012667873155,0.665681907250209,154.733883682545,272.7988293952,180.753678135776,230.910676075886,166.614912428711,131.284321447993,83.8099684353572,143.811934096341,225.152360931982,190.403054425321,"AUTS2"
"ENSG00000184347",2227.4686936086,0.507247972738717,0.359383527464865,1.41143912832317,0.158115172395675,0.665681907250209,1702.07272050799,2582.49558494122,1340.38343969178,1487.78917957914,3088.57230229421,1824.46593776991,2868.74537790192,4325.86297761793,1016.31274031798,2037.98667546395,"SLIT3"
"ENSG00000134825",834.19113626785,0.405590420513921,0.287425752643872,1.41111371122148,0.158211087726771,0.665681907250209,650.849398239704,609.250718982613,817.105668285016,715.370329803724,801.403958954627,892.926451024954,1278.97503914373,1401.68698432567,601.448667859971,572.894146058489,"TMEM258"
"ENSG00000101298",118.056443714495,0.387401043732219,0.274613439543309,1.41071407275798,0.158328939767527,0.665681907250209,119.918759853972,132.502288563383,80.0598483067136,67.009372665159,137.698274734472,150.590839307992,101.270378526057,96.8333689582027,161.567666409524,133.113639819472,"SNPH"
"ENSG00000125459",82.3373625516224,-0.417085818021383,0.295685531763671,-1.41057229122304,0.158370766636914,0.665681907250209,78.3340286142883,97.4281533554284,87.4880816547592,124.963424699891,45.4404306623758,108.116500015994,65.4765378401228,58.4835198658452,92.7711116803075,64.8718371272112,"MSTO1"
"ENSG00000101654",230.031608434155,-0.381238049439785,0.270316371605081,-1.41034021423147,0.1584392495593,0.665681907250209,223.397044566674,242.920862366202,212.94268931064,390.284319171399,170.745860670745,154.452142879992,179.842223934204,214.759154917202,204.304920104947,306.666866419544,"RNMT"
"ENSG00000166224",299.166372415553,-0.554284116112322,0.393037405625694,-1.41025792501844,0.158463537426779,0.665681907250209,300.763986407947,227.332357829333,230.275233789413,720.80352218198,265.757670237531,347.517321479982,151.905567789085,291.458853101917,321.050588736345,134.798622601997,"SGPL1"
"ENSG00000126391",204.529011646613,-0.393396748003781,0.278976154096695,-1.41014471031609,0.158496957636767,0.665681907250209,241.771693253976,349.442310034803,232.751311572095,132.207681204233,163.860946934022,173.758660739991,165.00087535711,142.853187869032,217.85575664252,225.787692858345,"FRMD8"
"ENSG00000198824",236.500192690521,-0.361607586956941,0.256442042027138,-1.41009478827451,0.158511695979012,0.665681907250209,279.488077401597,367.62889866115,210.466611527959,234.532804328056,214.809308585776,278.013857183986,130.080055175711,216.67664737182,199.093059898188,234.21260677097,"CHAMP1"
"ENSG00000124151",359.537838649354,-0.405866774523477,0.287922352276718,-1.40963968692991,0.158646102100197,0.665681907250209,389.73596952541,575.475625819397,352.428404401719,369.457081721417,285.035428700357,356.205254516982,148.413485770945,350.901119195071,387.762399382858,379.96361745938,"NCOA3"
"ENSG00000143162",313.369420078711,0.438135146252177,0.310842231779474,1.40950971733793,0.158684502149475,0.665681907250209,211.792003290483,185.763012397684,204.689096701701,431.03326200832,251.987842764084,253.880709858987,464.446908412605,475.538128745233,311.669240364179,342.893996243831,"CREG1"
"ENSG00000166321",21.3900868773631,-0.626340125415365,0.444377305965451,-1.40947820018528,0.1586938150814,0.665681907250209,14.5063015952386,24.6817988500419,16.5071852178791,52.520859656476,22.0317239575155,17.3758660739991,17.4604100906994,18.2161783188698,14.5932085789248,16.0073364339872,"NUDT13"
"ENSG00000174718",109.618899010979,-0.411318529795249,0.291833367128585,-1.40942940775521,0.158708233461867,0.665681907250209,171.174358823815,168.875465816076,106.47134465532,69.725968854287,79.8649993459938,111.012477694994,103.889440039662,82.4521755485687,112.576180465991,90.1465788650857,"KIAA1551"
"ENSG00000116095",375.213035267032,0.246455606285187,0.174898640318287,1.40913391800346,0.158795573187217,0.665681907250209,306.566507046042,391.011655466453,331.79442287937,322.369414443197,312.575083647251,458.529799174976,417.303801167716,409.384639060917,437.796257367743,364.798772416655,"PLEKHA3"
"ENSG00000122678",84.098571617913,-0.555561406204305,0.39430448551183,-1.40896547368249,0.158845377589616,0.665681907250209,84.1365492523838,80.5406067738208,51.9976334363192,199.217053869392,82.6189648406832,49.2316205429974,61.984455821983,110.255816140528,51.0762300262367,69.9267854747861,"POLM"
"ENSG00000244187",198.355449527662,0.316808014956591,0.224863732910458,1.40888888953358,0.158868025347743,0.665681907250209,175.042705915879,176.66971808451,205.514455962595,134.018745330318,231.333101553913,213.337022352989,258.414069342351,251.191511554942,185.542223360615,152.490941818509,"TMEM141"
"ENSG00000126088",548.936560249009,0.257718991638093,0.182923886747405,1.40888648399414,0.158868736762674,0.665681907250209,447.761175906364,493.635977000837,567.021812234147,457.293691836558,528.761374980372,601.398031338969,708.019629177862,592.505168476924,445.092861657206,647.87587988085,"UROD"
"ENSG00000081154",2347.86203905128,0.214244571644432,0.152075423590593,1.4088047008911,0.158892924755697,0.665681907250209,2342.28416424452,1899.19946940849,2431.50838259359,1894.37307588531,2346.3786014754,2731.87227718986,2160.72574872405,2699.82937610197,2487.09969066532,2485.34960422433,"PCNP"
"ENSG00000038945",10.4390594420601,1.17236719684651,0.832188730966628,1.40877562170873,0.158901525823198,0.665681907250209,8.70378095714315,5.19616817895618,9.90431113072746,0,13.7698274734472,6.75728125099965,24.4445741269792,21.0924170007966,1.04237204135177,13.4798622601997,"MSR1"
"ENSG00000180992",368.272772149374,0.3910292391247,0.277637683929777,1.40841557813745,0.159008049036436,0.665681907250209,425.518180126998,266.303619171504,386.268134098371,162.995771347684,348.376635078214,423.778067026978,521.193241207378,409.384639060917,404.440352044487,334.469082331206,"MRPL14"
"ENSG00000204822",14.2701060365094,-0.754341580692942,0.535670764924063,-1.40821868596819,0.159066324800223,0.665681907250209,8.70378095714315,18.1865886263466,12.3803889134093,36.2212825217076,9.63887923141304,6.75728125099965,12.2222870634896,17.2574320915609,14.5932085789248,6.73993113009986,"MRPL53"
"ENSG00000072778",1776.56014375538,-0.318570272538423,0.226322290293912,-1.40759565540236,0.159250834667369,0.665681907250209,1774.60422848419,1617.30734570011,1618.52951061305,3054.35964864299,1418.29222976506,1961.5422145759,1652.6278150847,1491.80912969271,1561.47331794495,1615.05599705018,"ACADVL"
"ENSG00000213588",29.281188679182,-0.524569772721686,0.372680427559598,-1.40755922213757,0.159261629350925,0.665681907250209,31.9138635095249,38.9712613421714,28.8875741312884,44.3710710890918,11.0158619787578,24.1331473249987,18.3334305952344,26.8448943646503,31.2711612405531,37.0696212155493,"ZBTB9"
"ENSG00000177200",275.671333962489,-0.311934085321287,0.221642831627524,-1.40737276739678,0.159316882034929,0.665681907250209,256.277994849215,332.554763453196,233.576670832989,425.600069630064,297.428273426459,253.880709858987,215.636064620138,272.283928555738,225.152360931982,244.32250346612,"CHD9"
"ENSG00000198301",229.903146945993,0.301274077438608,0.21409125377472,1.4072227245473,0.159361355205191,0.665681907250209,209.857829744451,171.473549905554,244.306341224611,181.106412608538,199.662498364984,317.592218796984,234.842515719907,199.419215280259,276.228590958219,264.54229685642,"SDAD1"
"ENSG00000124444",108.878343340598,0.349203271468406,0.248152079314171,1.40721477101266,0.159363712919848,0.665681907250209,108.313718577781,93.5310272212113,108.947422438002,63.3872444129882,108.781637040233,116.804433052994,152.77858829362,130.389486914016,115.703296590046,90.1465788650857,"ZNF576"
"ENSG00000127328",29.9270934111892,0.664218495525267,0.472079627221515,1.40700521103741,0.159425843565884,0.665681907250209,14.5063015952386,10.3923363579124,21.4593407832428,41.6544748999637,35.8015514309627,40.5436875059979,50.6351892630283,14.3811934096341,43.7796257367743,26.117233129137,"RAB3IP"
"ENSG00000121274",201.090420129971,-0.256379026806357,0.182262610108804,-1.40664630366759,0.159532295507325,0.665681907250209,226.298304885722,215.640979426682,247.607778268187,201.028117995477,187.269653638882,195.96115627899,166.74691636618,192.707991689097,225.152360931982,152.490941818509,"PAPD5"
"ENSG00000164066",38.7642660441568,-0.848447987927379,0.603173063419902,-1.40664104447371,0.159533855784052,0.665681907250209,27.0784296444454,36.3731772526933,15.6818259569851,132.207681204233,17.9007757154814,19.306517859999,20.9524921088393,38.3498490923575,64.6270665638097,15.1648450427247,"INTU"
"ENSG00000101811",35.392252726341,-0.492167686796719,0.349917897084842,-1.40652333275022,0.159568781050542,0.665681907250209,29.9796899634931,42.8683874763885,60.2512260452587,38.0323466477929,26.1626721995497,27.0291250039986,23.5715536224442,22.0511632281056,46.9067418608296,37.0696212155493,"CSTF2"
"ENSG00000173137",37.573705425204,-0.534681073525968,0.380144871812893,-1.40651923298636,0.159569997561589,0.665681907250209,35.7822106015885,36.3731772526933,33.0143704357582,79.6868215477566,23.4087067048602,24.1331473249987,45.3970662358185,40.2673415469754,23.9745569510907,33.6996556504993,"ADCK5"
"ENSG00000204264",201.266343032719,0.495052146092956,0.352145912143508,1.40581539930303,0.159778948084197,0.666137980388399,238.870432934929,118.212826071253,169.198648483261,119.530232321635,304.313187163183,124.527040196994,371.033714427363,216.67664737182,139.677853541137,210.622847815621,"PSMB8"
"ENSG00000251580",12.6287954603038,0.908446432409134,0.646297553647432,1.40561638719231,0.15983806728412,0.666137980388399,10.637954503175,3.89712613421714,9.07895186983351,9.05532063042689,28.9166376942391,4.82662946499975,27.0636356405841,19.1749245461788,5.21186020675885,8.42491391262483,"LINC02482"
"ENSG00000106052",788.463045346395,0.32675923422652,0.232504539048196,1.40538862408526,0.15990574764771,0.666137980388399,814.287062879392,618.344013295786,783.265938588363,520.680936249546,795.896027965248,726.890397428962,728.099100782166,843.696680031865,766.143450393551,1287.32684584907,"TAX1BP1"
"ENSG00000114354",907.075145506192,-0.218506347733721,0.155486053293305,-1.40531155756803,0.159928653057492,0.666137980388399,1020.27654553178,965.188239241111,965.670335245928,1011.47931441868,776.618269502422,986.563062645949,720.241916241351,758.36826580137,958.982278043628,907.363228389694,"TFG"
"ENSG00000101752",410.79750719607,-0.415287340899902,0.295512933610889,-1.40531020360254,0.159929055500012,0.666137980388399,552.206547392082,549.494784924616,432.488252708432,399.339639801826,346.999652330869,465.287080425976,171.985039393389,274.201421010356,493.041975559387,422.930678413767,"MIB1"
"ENSG00000132122",56.6765911876336,-0.444206477477095,0.31625357585152,-1.40458958062706,0.160143356731789,0.666792044322741,98.6428508476224,67.5501863264304,66.0287408715164,37.1268145847502,64.7181891252018,49.2316205429974,47.1431072448884,40.2673415469754,39.6101375713672,56.4469232145864,"SPATA6"
"ENSG00000135111",275.468517479828,-0.507213674093491,0.361164360966458,-1.40438462072008,0.160204348019245,0.666792044322741,310.434854138106,198.753432845074,271.543196834111,559.618814960382,166.614912428711,341.725366121982,190.318469988624,159.151873733284,178.245619071153,378.278634676855,"TBX3"
"ENSG00000152242",189.131983849294,-0.354094740088183,0.252230311137022,-1.40385482812105,0.160362083296246,0.666792044322741,210.824916517467,272.7988293952,225.32307822405,162.090239284641,148.71413671323,218.163651817989,130.080055175711,122.719517095544,204.304920104947,196.300494164159,"C18orf25"
"ENSG00000100726",108.599582946235,-0.368364699979829,0.262400912858582,-1.40382400338049,0.160371264365985,0.666792044322741,108.313718577781,163.67929763712,90.7895186983351,141.263001834659,77.1110338513043,80.1220491189958,124.841932148501,92.039637821658,86.5168794321969,121.318760341798,"TELO2"
"ENSG00000101624",32.6305367452089,-0.509823137550748,0.363173904286942,-1.40379892809682,0.160378733267819,0.666792044322741,34.8151238285726,38.9712613421714,44.5694000882736,40.748942836921,20.6547412101708,44.4049910779977,13.9683280725595,25.8861481373413,26.0593010337942,36.2271298242868,"CEP76"
"ENSG00000147383",77.770256080299,0.335626898407962,0.239100814577126,1.40370453777647,0.160406850642833,0.666792044322741,68.6631608841293,59.7559340579961,75.9330520022439,64.2927764760309,86.7499130827173,81.0873750119958,93.4131939852419,75.7409519574061,62.5423224811062,109.523880864123,"NSDHL"
"ENSG00000114023",652.481476219816,0.411725437464869,0.293333946789231,1.40360651050288,0.160436055352154,0.666792044322741,663.421526288911,504.02831335875,577.751482625769,432.844326134405,878.514992805931,472.044361676976,1183.81580414942,750.698295982898,475.321650856407,586.374008318688,"FAM162A"
"ENSG00000082497",33.892296953151,-0.769523682076119,0.548405740214256,-1.40320136287318,0.160556801316172,0.667085999736381,8.70378095714315,32.4760511184761,50.3469149145313,88.7421421781835,22.0317239575155,33.7864062549982,26.1906151360491,10.5462085003983,23.9745569510907,42.1245695631242,"SERTAD4"
"ENSG00000198832",1349.67217658664,0.54567990427228,0.388962948639011,1.40290972747308,0.160643759782981,0.667239434514362,994.165202660351,1214.60431183101,1592.94337352533,430.127729945277,1308.13360997748,976.909803715949,2556.2040372784,2215.66253131096,877.67725881819,1330.29390680346,"SELENOM"
"ENSG00000139233",205.628794124083,0.509794471539741,0.363747303867399,1.40150721701454,0.161062450926789,0.66829068110729,251.442560984135,133.801330608122,217.894844876004,52.520859656476,202.416463859674,219.128977710989,293.33488952375,187.914260552552,232.448965221445,265.384788247682,"LLPH"
"ENSG00000151640",222.58525601777,0.656751377674514,0.468745260714898,1.40108377132791,0.161189023947523,0.66829068110729,114.116239215877,245.51894645568,156.818259569851,145.790662149873,172.12284341809,363.927861660981,406.827555113297,400.755923015136,53.1609741089403,166.813295469972,"DPYSL4"
"ENSG00000152253",40.7971122096549,-1.13039245286264,0.806818458826812,-1.40104931970239,0.161199325257776,0.66829068110729,47.3872518777794,102.624321534385,85.0120038720774,7.24425650434151,9.63887923141304,62.7461830449967,6.1111435317448,1.91749245461788,62.5423224811062,22.747267564087,"SPC25"
"ENSG00000163617",22.4907992480623,0.607905864349087,0.433920353332671,1.40096185781594,0.161225479291524,0.66829068110729,18.3746486873022,7.79425226843427,18.157903739667,23.5438336391099,23.4087067048602,23.1678214319988,22.6985331179092,47.9373113654469,18.7626967443319,21.0622847815621,"CCDC191"
"ENSG00000171150",1068.13033337899,-0.357044983455308,0.254861542762771,-1.40093707188946,0.161232891696591,0.66829068110729,1623.73869189371,1210.70718569679,1339.55808043089,745.252887884133,1064.40766369747,1057.99717872795,708.019629177862,726.729640300175,1155.99059385911,1048.90178212179,"SOCS5"
"ENSG00000162946",26.2494012795591,1.10324615359381,0.78760726316152,1.40075670349368,0.161286839881647,0.66829068110729,18.3746486873022,15.5885045368685,6.60287408715164,21.7327695130245,19.2777584628261,111.977803587994,19.2064510997694,12.4637009550162,1.04237204135177,36.2271298242868,"DISC1"
"ENSG00000152413",162.876567562486,-0.37359087236024,0.266713393338097,-1.40072033010604,0.161297720813104,0.66829068110729,174.075619142863,187.062054442423,172.500085526837,220.949823382416,129.436378250404,206.579741101989,122.222870634896,120.802024640926,199.093059898188,96.0440186039231,"HOMER1"
"ENSG00000153317",1274.05772264535,-0.409112904453359,0.292153164562371,-1.40033706315038,0.161412407058257,0.668558159296887,1579.25270033497,1470.5155946446,1439.42655099906,1492.31683989435,1557.36748724688,1373.65874573893,644.289132346809,605.927615659249,1409.28699990759,1168.53555968106,"ASAP1"
"ENSG00000164074",75.2425492418141,-0.442341572653439,0.315927454685117,-1.40013653797299,0.161472435405939,0.668599152750391,63.8277270190498,59.7559340579961,79.2344890458197,153.940450717257,70.2261201145807,78.1913973329959,62.8574763265179,62.318504775081,69.8389267705686,52.234466258274,"ABHD18"
"ENSG00000183722",764.474133025032,0.357199491895484,0.255235633294218,1.39948912025042,0.16166635864425,0.668840935699028,832.661711566695,457.262799748144,740.347257021878,585.87924478862,828.943613901521,748.127567074961,1157.62518901337,911.7676621708,529.524997006699,852.601287957633,"LHFPL6"
"ENSG00000108651",149.490139575547,-0.307610990177872,0.219809426576393,-1.39944403190081,0.161679870657881,0.668840935699028,142.161755633338,158.483129458164,147.739307700018,227.288547823715,128.059395503059,162.174750023992,116.984747607686,118.884532186308,149.059201913303,144.066027905885,"UTP6"
"ENSG00000180354",699.706130356588,0.268404361116406,0.191803864721601,1.39936888918265,0.161702391217228,0.668840935699028,470.971258458746,623.540181474742,685.048186541983,713.559265677639,685.73740817767,881.342540308954,761.273879954495,817.810531894524,582.685971115639,775.092079961485,"MTURN"
"ENSG00000183715",86.8823010585473,0.707286163601967,0.505476806753304,1.39924553244073,0.161739366838508,0.668840935699028,27.0784296444454,80.5406067738208,59.4258667843648,85.1200139260128,38.5555169256522,113.908455373994,34.9208201813988,133.265725595942,216.813384601168,79.1941907786734,"OPCML"
"ENSG00000186001",260.225779199879,-0.282153489986973,0.201758335358019,-1.39847253143863,0.16197121570469,0.668840935699028,276.586817082549,268.901703260983,231.100593050307,388.473255045314,234.087067048602,215.267674138989,216.509085124673,238.727810599926,251.211661965776,281.392124681669,"LRCH3"
"ENSG00000176170",686.287791786857,-0.65930857655685,0.471504218628815,-1.39830896629979,0.162020306503428,0.668840935699028,541.568592888907,379.320277063801,768.409471892272,1830.08029940927,363.523445299006,760.676803683961,483.653359512374,301.046315375007,1119.5075724118,315.091780332169,"SPHK1"
"ENSG00000159131",228.386351852121,-0.401193935403064,0.286943677428842,-1.39816266034492,0.162064226818184,0.668840935699028,217.594523928579,207.846727158247,251.734574572656,392.095383297484,147.337153965885,277.048531290986,164.127854852575,142.853187869032,239.745569510907,243.480012074858,"GART"
"ENSG00000125037",190.615863540589,0.474360156385861,0.339335835446011,1.39790763849736,0.162140804580748,0.668840935699028,125.721280492068,97.4281533554284,105.645985394426,288.864728110618,169.368877923401,234.574191998988,251.429905306072,287.623868192681,176.160874988449,169.340769643759,"EMC3"
"ENSG00000189060",846.663782223834,0.303878922366385,0.217390966920361,1.39784521257366,0.162159553948463,0.668840935699028,822.02375706352,848.274455214597,841.04108685094,458.199223899601,1014.83628479306,869.758629592955,927.147775816139,869.582828169207,756.762102021385,1059.01167881694,"H1F0"
"ENSG00000164707",11.7857020474346,-0.785981181908936,0.562370294135292,-1.39762215413151,0.162226561996631,0.668840935699028,5.80252063809543,15.5885045368685,9.07895186983351,32.5991542695368,8.26189648406832,9.6532589299995,6.98416403627977,7.6699698184715,10.4237204135177,11.7948794776748,"SLC13A4"
"ENSG00000170581",472.770087225547,-0.568109788732769,0.40651498722475,-1.39751253111531,0.162259501042661,0.668840935699028,274.652643536517,442.973337256015,333.445141401158,1298.53297840322,483.320944317997,314.696241117984,322.144566173404,531.145409929152,292.906543619847,433.883066500179,"STAT2"
"ENSG00000145868",137.747626561056,-0.417578596265287,0.298807906646185,-1.39748174990476,0.162268750954083,0.668840935699028,115.083325988893,140.296540831817,167.547929961473,225.47748369763,136.321291987127,109.081825908994,75.9527838945425,106.420831231292,112.576180465991,188.718071642796,"FBXO38"
"ENSG00000133687",253.105084281834,1.36350204566931,0.97573911506017,1.39740431086975,0.162292023540465,0.668840935699028,150.865536590481,94.8300692659503,253.385293094444,21.7327695130245,30.2936204415838,373.581120590981,353.573304336663,605.927615659249,16.6779526616283,630.183560664337,"TMTC1"
"ENSG00000186501",415.420204738429,0.345402516396808,0.247194180045934,1.39729226769265,0.162325700093309,0.668840935699028,289.158945131756,355.937520258499,403.600678577144,381.228998540972,378.670255519798,443.084584886977,656.511419410298,564.701527884964,332.516681191215,348.791435982668,"TMEM222"
"ENSG00000109771",13.6721399224479,-0.895662618081304,0.64100399204565,-1.39728087374769,0.16232912503976,0.668840935699028,10.637954503175,5.19616817895618,9.90431113072746,49.8042634673479,8.26189648406832,14.4798883949993,13.0953075680246,11.5049547277073,6.25423224811062,7.58242252136235,"LRP2BP"
"ENSG00000183617",274.869459508622,0.409962378837513,0.293445194583782,1.39706625429323,0.162393648452477,0.668840935699028,255.310908076199,268.901703260983,282.272867225733,112.285975817293,279.527497710978,312.765589331984,395.478288554342,264.613958737267,366.914958555823,210.622847815621,"MRPL54"
"ENSG00000154174",485.4758913913,-0.266166527446745,0.190520733089866,-1.39704757130657,0.162399266240207,0.668840935699028,515.457250017478,509.224481537706,661.938127236952,472.687736908284,448.896375634379,429.570022384978,341.351017273174,457.321950426363,556.626670081845,461.685282411841,"TOMM70"
"ENSG00000233270",8.69158762520015,0.759651183885973,0.543875128482265,1.39673822924363,0.162492303627675,0.668840935699028,5.80252063809543,2.59808408947809,8.25359260893955,7.24425650434151,15.1468102207919,10.6185848229995,7.85718454081474,10.5462085003983,10.4237204135177,8.42491391262483,"SNRPEP4"
"ENSG00000041802",128.928500723858,-0.546683227038166,0.391426614756748,-1.3966429630185,0.162520963892975,0.668840935699028,142.161755633338,77.9425226843427,99.0431113072746,316.936222064941,64.7181891252018,114.873781266994,117.857768112221,86.2871604578044,135.50836537573,133.956131210735,"LSG1"
"ENSG00000197363",104.376682226828,0.467088819608278,0.334505870279202,1.39635462665697,0.16260773137577,0.668840935699028,58.9922931539702,118.212826071253,81.7105668285016,81.497885673842,130.813360997748,91.7059598349952,173.731080402459,133.265725595942,54.203346150292,119.633777559273,"ZNF517"
"ENSG00000187630",89.9722418569958,0.451406067300119,0.323283528666628,1.39631632072914,0.162619261198133,0.668840935699028,109.280805350797,50.6626397448228,74.282333480456,59.7651161608175,145.96017121854,72.3994419749963,132.699116689316,101.627100094747,68.7965547292168,84.2491391262483,"DHRS4L2"
"ENSG00000136048",1155.3141982952,0.452076468235334,0.323775089937202,1.39626698373558,0.16263411220454,0.668840935699028,1002.86898361749,488.439808821881,793.995608979985,1499.56109639869,1031.3600777612,1194.10812964094,1281.59410065734,1771.76302806692,807.838332047621,1681.61281695992,"DRAM1"
"ENSG00000140548",128.0244812947,-0.413639875878593,0.296369011114464,-1.39569206079659,0.162807246100427,0.668848217272634,112.182065669845,219.538105560899,168.373289222367,102.325123123824,148.71413671323,89.7753080489953,96.0322554988468,81.4934293212597,121.957528838157,139.853570949572,"ZNF710"
"ENSG00000116761",22.4843018389589,-0.905109496680355,0.648555490008401,-1.39557757296701,0.162841739876436,0.668848217272634,32.8809502825408,3.89712613421714,29.7129333921824,57.9540520347321,12.3928447261025,27.9944508969985,10.4762460544197,6.71122359116257,34.3982773646084,8.42491391262483,"CTH"
"ENSG00000123700",6.70449091549056,1.25062190093555,0.89622960597533,1.39542578441665,0.162887480399173,0.668848217272634,1.93417354603181,2.59808408947809,8.25359260893955,1.81106412608538,4.13094824203416,5.7919553579997,13.0953075680246,13.4224471823251,0,16.0073364339872,"KCNJ2"
"ENSG00000130513",27.4775812464636,0.720202186141067,0.516204346200871,1.39518814872747,0.16295910987532,0.668848217272634,29.0126031904772,10.3923363579124,21.4593407832428,18.1106412608538,17.9007757154814,42.4743392919978,41.0319637131436,64.2359972296989,16.6779526616283,13.4798622601997,"GDF15"
"ENSG00000108469",54.7254154027523,-0.687919667624083,0.49308008057717,-1.39514795815488,0.162971226690282,0.668848217272634,31.9138635095249,48.0645556553447,32.1890111748642,171.145559915068,39.9324996729969,27.9944508969985,53.2542507766332,65.1947434570078,35.4406494059602,42.1245695631242,"RECQL5"
"ENSG00000227855",28.7566211716569,-0.51775861298327,0.371126047262273,-1.3951017903558,0.162985146381965,0.668848217272634,30.946776736509,58.4568920132571,26.4114963486066,25.3548977651953,30.2936204415838,24.1331473249987,23.5715536224442,26.8448943646503,14.5932085789248,26.9597245203995,"DPY19L2P3"
"ENSG00000241015",56.2252017999954,-0.472005782283778,0.338332148029314,-1.39509586964489,0.162986931554027,0.668848217272634,44.4859915587317,68.8492283711694,56.1244297407889,100.514058997738,42.6864651676863,58.8848794729969,36.6668611904688,38.3498490923575,76.0931590186792,39.5970953893367,"TPM3P9"
"ENSG00000165240",35.1177342171987,-0.765495655375011,0.548782910464344,-1.39489703629309,0.163046890982581,0.668863455317308,31.9138635095249,12.9904204473905,27.2368556095005,114.097039943379,23.4087067048602,16.4105401809991,16.5873895861645,38.3498490923575,36.4830214473119,33.6996556504993,"ATP7A"
"ENSG00000182287",324.909899127645,0.325955747871379,0.233799558777676,1.39416750645511,0.163267027702924,0.668863455317308,329.776589598424,290.985418021546,306.208285791657,201.93365005852,225.825170564534,379.37307594898,339.604976264104,400.755923015136,432.584397160984,342.051504852568,"AP1S2"
"ENSG00000271303",23.9888071159379,-1.04886147758142,0.752423030944375,-1.39397843293683,0.163324117467795,0.668863455317308,29.9796899634931,94.8300692659503,13.2057481743033,1.81106412608538,8.26189648406832,18.341191966999,10.4762460544197,18.2161783188698,9.38134837216593,35.3846384330243,"SRXN1"
"ENSG00000187650",23.7705452986709,-0.508231605972859,0.364592060545294,-1.39397332243805,0.163325660765172,0.668863455317308,27.0784296444454,36.3731772526933,26.4114963486066,26.260429828238,19.2777584628261,19.306517859999,24.4445741269792,30.679879273886,13.550836537573,14.3223536514622,"VMAC"
"ENSG00000012048",70.5775200343917,-0.7098934853987,0.509260471588237,-1.39396934379129,0.163326862267075,0.668863455317308,74.4656815222247,151.987919234468,101.519189089956,40.748942836921,24.785689452205,113.908455373994,25.3175946315142,29.7211330465771,92.7711116803075,50.549483475749,"BRCA1"
"ENSG00000068366",467.899752303188,-0.390932211245167,0.280467898493907,-1.39385724121886,0.163360718590591,0.668863455317308,495.148427784144,416.992496361234,600.036182669905,670.09372665159,302.936204415838,336.898736656983,265.398233378631,435.270787198258,581.643599074287,574.579128841013,"ACSL4"
"ENSG00000161981",307.926325246281,0.296653960247133,0.21283075587191,1.39384911279303,0.163363173678546,0.668863455317308,264.981775806358,277.994997574156,295.478615400036,244.493657021526,353.884566067593,308.904285759984,364.049550391083,423.765832470551,328.347193025807,217.362778945721,"SNRNP25"
"ENSG00000165304",176.448365553362,-0.873590612333684,0.626789596230157,-1.3937541682056,0.163391852547334,0.668863455317308,183.746486873022,380.61931910854,330.969063618476,75.1591612325432,50.9483616517546,320.488196475983,53.2542507766332,24.9274019100324,244.957429717666,99.413984168973,"MELK"
"ENSG00000132792",199.163598482592,0.256286902157407,0.183957696857679,1.39318390333886,0.16356418605797,0.668865008344174,202.121135560324,172.772591950293,196.435504092761,142.168533897702,209.301377596397,180.515941990991,235.715536224442,221.470378508365,205.347292146299,225.787692858345,"CTNNBL1"
"ENSG00000198793",246.761146571941,-0.422630580580386,0.303356826222961,-1.39317972778948,0.163565448410161,0.668865008344174,224.36413133969,277.994997574156,255.861370877126,405.678364243125,234.087067048602,224.920933068988,137.06421921199,136.141964277869,339.813285480677,231.685132597183,"MTOR"
"ENSG00000008324",139.05304463243,0.362622530286877,0.260319911308652,1.39298806788901,0.16362339894072,0.668865008344174,138.293408541274,85.736774952777,140.311074351972,109.569379628165,143.206205723851,183.41191966999,199.048675033973,135.18321805056,156.355806202765,99.413984168973,"SS18L2"
"ENSG00000110218",164.091474087491,-0.419801605327504,0.301378035195079,-1.39294028198097,0.163637849958349,0.668865008344174,181.81231332699,129.904204473905,160.119696613427,300.636644930173,156.976033197298,154.452142879992,139.683280725595,103.544592549365,208.474408270354,105.31142390781,"PANX1"
"ENSG00000156983",132.44384227253,-0.369556308433613,0.265309877322251,-1.39292329469039,0.163642987345508,0.668865008344174,121.852933400004,148.090793100251,127.930685438563,214.611098941117,125.305430008369,148.660187521992,130.080055175711,82.4521755485687,134.465993334378,90.9890702563482,"BRPF1"
"ENSG00000188917",152.633988339084,0.390254193167248,0.280299684241778,1.39227482265241,0.163839192629717,0.669043473979485,164.404751412704,131.203246518644,137.009637308397,82.4034177368847,162.483964186677,198.85713395799,130.080055175711,148.605665232885,126.127017003564,245.164994857383,"TRMT2B"
"ENSG00000124571",156.076159091944,-0.382114350162054,0.274457214344264,-1.39225471290673,0.16384527997829,0.669043473979485,151.832623363497,127.306120384426,167.547929961473,277.998343354106,137.698274734472,173.758660739991,101.270378526057,119.843278413617,163.652410492228,139.853570949572,"XPO5"
"ENSG00000114331",359.905836076129,-0.363017229052782,0.260790527725068,-1.39198778506052,0.163926096890016,0.669043473979485,460.333303955571,498.832145179794,394.521726707311,308.786433497557,235.464049795947,381.30372773498,212.143982601998,289.541360647299,422.160676747467,395.970953893367,"ACAP2"
"ENSG00000160221",745.047379966366,0.338313590074822,0.243074937595531,1.39180778331728,0.163980612411736,0.669043473979485,752.393509406375,730.061629143344,705.682168064332,384.851126793143,820.681717417453,674.762799206965,1057.22783099185,922.313870671198,657.736758092967,744.762389876035,"C21orf33"
"ENSG00000106268",229.891661445178,0.377371404333708,0.271142105240489,1.39178459206474,0.163987637132709,0.669043473979485,225.331218112706,193.557264666118,253.385293094444,107.75831550208,203.793446607019,259.672665216987,339.604976264104,272.283928555738,208.474408270354,235.055098162233,"NUDT1"
"ENSG00000142327",1023.17632018238,0.349321349438846,0.251085886429329,1.39124247247233,0.164151911882698,0.669435441871073,930.337475641301,1111.97999029662,888.91192398279,584.068180662534,1488.51834987964,920.920901921952,1418.65831986933,1122.69183217877,917.287396389557,848.38883100132,"RNPEPL1"
"ENSG00000156170",119.812195467279,0.325195302977454,0.23378331239388,1.39101161518989,0.164221904594398,0.669435441871073,116.050412761909,97.4281533554284,103.995266872638,98.7029948716531,103.273706050854,169.897357167991,94.2862144897769,129.430740686707,155.313434161414,129.743674254422,"NDUFAF6"
"ENSG00000122218",1045.69582056425,-0.372886636026459,0.26807654493556,-1.39097076216083,0.164234293004585,0.669435441871073,851.036360253997,1076.90585508867,1063.88808729231,1852.71860098534,884.02292379531,1256.85431268593,634.685906796924,824.521755485687,977.74497478796,1034.57942847033,"COPA"
"ENSG00000169696",110.608150636747,-0.344522118000183,0.24773704844867,-1.39067660714286,0.164323514348294,0.669594473224319,111.214978896829,151.987919234468,115.550296525154,129.491085015105,92.2578440720962,91.7059598349952,149.28650627548,90.1221453670402,75.0507869773274,99.413984168973,"ASPSCR1"
"ENSG00000167123",1209.71366152501,0.394798579560863,0.284043175430095,1.38992453863066,0.164551793277352,0.670219132558596,832.661711566695,948.300692659504,743.648694065454,1545.74323161387,1164.92740425363,1295.46734840593,1696.27884031145,1893.52379893515,909.990792100095,1066.5941013383,"CERCAM"
"ENSG00000160602",21.4453937423091,-0.530381871545061,0.381621332268914,-1.3898119069804,0.164586001449645,0.670219132558596,21.2759090063499,28.578924984259,15.6818259569851,39.8434107738783,19.2777584628261,19.306517859999,17.4604100906994,18.2161783188698,14.5932085789248,20.2197933902996,"NEK8"
"ENSG00000142731",99.6029548752191,-1.00350647180345,0.722115905505261,-1.3896750703771,0.164627568288368,0.670219132558596,108.313718577781,236.425652142506,189.83263000561,35.3157504586649,35.8015514309627,184.37724556299,25.3175946315142,6.71122359116257,146.9744578306,26.9597245203995,"PLK4"
"ENSG00000257556",13.6021893329627,0.929516666366856,0.669054800328733,1.38929825465739,0.164742074414057,0.670406596577267,7.73669418412724,5.19616817895618,4.12679630446978,18.1106412608538,19.2777584628261,13.5145625019993,33.1747791723289,13.4224471823251,2.08474408270354,19.3773019990371,"LINC02298"
"ENSG00000163872",512.086884530389,-0.352915844845278,0.254073483796164,-1.38903060473801,0.164823443839967,0.670406596577267,447.761175906364,711.875040516997,423.409300838599,771.513317712371,583.840684874161,474.940339355975,393.732247545272,440.064518334803,545.160577626976,328.571642592368,"YEATS2"
"ENSG00000083828",62.3990518387652,-0.482942977310172,0.347702820429432,-1.3889532926817,0.164846953449221,0.670406596577267,52.2226857428589,90.9329431317332,70.9808964368801,86.0255459890555,83.9959475880279,67.5728125099965,44.5240457312835,37.3911028650486,62.5423224811062,27.8022159116619,"ZNF586"
"ENSG00000168283",692.009220329356,0.219876983755026,0.158317557869647,1.38883511540814,0.164882894528405,0.670406596577267,707.907517847643,581.970836043093,664.414205019634,565.052007338638,641.673960262639,652.560303667966,712.384731700536,843.696680031865,752.592613855978,797.839347525571,"BMI1"
"ENSG00000169914",81.9932521404965,-0.555901562440725,0.400304470864743,-1.38869686176589,0.164924948891806,0.670406596577267,59.9593799269861,84.437732908038,76.7584112631378,184.728540860709,45.4404306623758,86.8793303699955,48.8891482539584,41.2260877742843,107.364320259232,84.2491391262483,"OTUD3"
"ENSG00000108587",397.732453937387,-0.305151753737521,0.219848081869815,-1.38801189959083,0.165133421642414,0.670767586550997,488.378820373032,442.973337256015,416.806426751447,447.332839143088,451.650341129068,440.188607207977,247.937823287932,274.201421010356,375.253934886637,392.600988328317,"GOSR1"
"ENSG00000159905",9.83053258537439,-0.887786404799241,0.639713138798711,-1.38778829283759,0.165201520759893,0.670767586550997,6.76960741111134,24.6817988500419,14.8564666960912,8.1497885673842,9.63887923141304,12.5492366089993,2.61906151360491,2.87623868192681,5.21186020675885,10.9523880864123,"ZNF221"
"ENSG00000163171",4131.42957758536,0.25590180164781,0.184420258852359,1.38760135811694,0.165258467682568,0.670767586550997,3839.33448887314,4498.58260093132,3501.99934397305,2963.80644233872,3950.563502132,4326.59065242578,4738.75529861582,5248.17684828913,4724.03009140622,3522.45650686844,"CDC42EP3"
"ENSG00000205155",86.9351912660694,0.503050829972393,0.362578710308203,1.3874251732673,0.165312153338084,0.670767586550997,64.7948137920657,54.5597658790399,93.2655964810169,65.1983085390736,95.0118095667857,59.8502053659969,175.477121411529,126.55450200478,56.2880902329956,78.3516993874109,"PSENEN"
"ENSG00000235863",14.7914724282288,0.780645553188828,0.562662246214853,1.3874141342171,0.16531551750717,0.670767586550997,12.5721280492068,10.3923363579124,7.4282333480456,10.8663847565123,31.6706031889286,3.8613035719998,23.5715536224442,14.3811934096341,10.4237204135177,22.747267564087,"B3GALT4"
"ENSG00000179364",865.448216172177,0.247521810216995,0.178447552120721,1.3870843689105,0.165416037799201,0.670790431511666,756.261856498438,878.152422243595,741.997975543666,736.197567253706,1089.19335314967,956.63795996295,1019.68794929685,979.838644309735,691.092663416223,805.421770046934,"PACS2"
"ENSG00000119684",103.309354500336,-0.401524656054777,0.289482492394194,-1.38704297014278,0.165428660375128,0.670790431511666,71.564421203177,158.483129458164,93.2655964810169,161.184707221599,89.5038785774068,66.6074866169966,93.4131939852419,90.1221453670402,101.110088011122,107.838898081598,"MLH3"
"ENSG00000171204",322.404603805281,0.284037352786503,0.204800059532651,1.38690073349915,0.165472034166108,0.670790431511666,350.085411831758,219.538105560899,326.842267314006,243.588124958483,320.83698013132,316.626892903984,354.446324841198,329.808702194275,324.1777048604,438.095523456491,"TMEM126B"
"ENSG00000112561",35.5715507917766,0.607459705248388,0.438186174961463,1.38630504557067,0.165653776837724,0.671284072106979,47.3872518777794,19.4856306710857,25.5861370877126,15.3940450717257,67.4721546198913,36.6823839339981,49.7621687584934,27.8036405919592,19.8050687856836,46.3370265194366,"TFEB"
"ENSG00000129535",6.79493699369372,0.916894217138202,0.661476478296528,1.38613276091002,0.165706368381244,0.671284072106979,4.83543386507953,6.49521022369523,5.77751482625769,0.905532063042689,6.8849137367236,11.5839107159994,10.4762460544197,6.71122359116257,4.16948816540708,10.1098966951498,"NRL"
"ENSG00000196081",7.66754747561883,-1.25183018515632,0.903284865174612,-1.38586423111864,0.165788364720029,0.671284072106979,2.90126031904772,32.4760511184761,8.25359260893955,3.62212825217076,2.75396549468944,6.75728125099965,0.873020504534971,1.91749245461788,14.5932085789248,2.52747417378745,"ZNF724"
"ENSG00000187688",50.6786884728243,-0.924299666520171,0.666958879190816,-1.38584205917098,0.165795136351532,0.671284072106979,49.3214254238112,3.89712613421714,63.5526630888345,165.712367536812,56.4562926411335,64.6768348309966,27.9366561451191,11.5049547277073,29.1864171578495,34.5421470417618,"TRPV2"
"ENSG00000124120",410.137160361918,-0.373105647915299,0.269279158572701,-1.38557194657367,0.165877649330385,0.671414327502075,547.371113527003,566.382331506224,399.473882272674,387.567722982271,391.0631002459,394.81829023698,226.112310674558,250.232765327633,447.177605739909,491.172481106028,"TTPAL"
"ENSG00000184226",12.0853977876321,-1.07629429166474,0.777009826537725,-1.3851746205844,0.165999079111364,0.671573015689386,1.93417354603181,12.9904204473905,12.3803889134093,43.4655390260491,2.75396549468944,10.6185848229995,16.5873895861645,1.91749245461788,11.4660924548695,6.73993113009986,"PCDH9"
"ENSG00000237438",119.691940358403,0.590334208297323,0.426198955380493,1.38511416052228,0.166017562624871,0.671573015689386,38.6834709206362,154.586003323946,47.0454778709554,127.680020889019,192.777584628261,139.006928591993,200.794716043043,117.925785958999,100.06771596977,78.3516993874109,"CECR7"
"ENSG00000070444",195.229168462021,-0.351718662566781,0.25399477467973,-1.3847476311679,0.166129649077419,0.671822659110231,138.293408541274,258.50936690307,184.880474440246,316.030690001898,176.253791660124,170.862683060991,144.04838324827,179.285544506771,188.66933948467,195.458002772896,"MNT"
"ENSG00000171291",31.7821385294359,-0.461298762680276,0.333739996901393,-1.38221000468389,0.166907229083752,0.674593090869881,30.946776736509,40.2703033869104,25.5861370877126,55.237455845604,31.6706031889286,27.0291250039986,20.9524921088393,24.9274019100324,29.1864171578495,32.0146728679744,"ZNF439"
"ENSG00000140265",173.853991182179,-0.362668849488642,0.262388674573649,-1.38218179606241,0.166915888121062,0.674593090869881,175.042705915879,155.885045368685,168.373289222367,301.542176993215,212.055343091087,137.076276805993,146.667444761875,133.265725595942,177.203247029801,131.428657036947,"ZSCAN29"
"ENSG00000136699",476.016044008453,-0.340246061491989,0.246253280596418,-1.38169148718719,0.1670664493391,0.67488848046848,471.938345231762,749.547259814429,557.11750110342,400.245171864869,546.662150695854,537.686522400972,365.795591400153,319.262493693876,433.626769202336,378.278634676855,"SMPD4"
"ENSG00000152767",3054.69751221184,0.293189277307126,0.212207771878597,1.38161422982594,0.167090182387862,0.67488848046848,2581.15459717945,3151.47600053693,2413.35047885392,2616.98766219337,4790.52297801228,2850.60736202885,3115.81018068531,3562.70098068001,2925.93832007442,2538.42656187386,"FARP1"
"ENSG00000110925",334.979696682289,-0.373290255323079,0.270273688655396,-1.38115647579381,0.167230853960442,0.675252164477873,301.731073180962,363.731772526933,320.239393226855,565.957539401681,302.936204415838,360.066558088981,191.191490493159,275.160167237665,403.397980003135,265.384788247682,"CSRNP2"
"ENSG00000225828",8.37048506592878,-0.958521633826578,0.694136563321089,-1.38088336571775,0.167314825301464,0.6753867509218,4.83543386507953,7.79425226843427,6.60287408715164,28.0714939543234,4.13094824203416,2.89597767899985,9.60322554988468,10.5462085003983,4.16948816540708,5.0549483475749,"FAM229A"
"ENSG00000079432",633.211208257173,-0.441770007637237,0.320007036945394,-1.38050091602398,0.167432467803731,0.675568825476512,646.981051147641,1245.78132090474,670.191719845891,446.427307080046,831.697579396211,552.166410795971,571.828430470406,321.179986148494,520.143648634533,525.714628147789,"CIC"
"ENSG00000119655",285.504323552917,0.459325500068381,0.332789380794909,1.38022883714386,0.167516197782162,0.675568825476512,190.516094284133,203.94960102403,188.181911483822,349.535376334478,353.884566067593,185.34257145599,468.81201093528,404.590907924372,174.076130905746,336.154065113731,"NPC2"
"ENSG00000186654",170.773828152355,0.477373983219015,0.345903406412368,1.38007887279929,0.167562361486986,0.675568825476512,139.26049531429,153.286961279207,118.85173356873,142.168533897702,166.614912428711,141.902906270993,302.938115073635,289.541360647299,81.305019225438,171.868243817547,"PRR5"
"ENSG00000104835",10.9696337160803,-0.813927081313611,0.589877392124363,-1.37982416715847,0.167640789728014,0.675568825476512,20.308822233334,9.09329431317332,4.95215556536373,24.4493657021526,13.7698274734472,6.75728125099965,5.23812302720983,4.79373113654469,9.38134837216593,10.9523880864123,"SARS2"
"ENSG00000138246",417.066914779103,-0.337492290547741,0.244648143195863,-1.379500723525,0.167740423310255,0.675568825476512,464.201651047635,670.305695085348,429.186815664857,345.007716019265,320.83698013132,351.378625051982,309.922279109915,331.726194648893,440.923373491799,507.179817540015,"DNAJC13"
"ENSG00000184867",197.625659823195,-0.518467538299077,0.375880855703328,-1.37934010320624,0.167789917318727,0.675568825476512,145.063015952386,159.782171502903,174.150804048625,486.270717853924,136.321291987127,104.255196443995,166.74691636618,226.264109644909,166.779526616283,210.622847815621,"ARMCX2"
"ENSG00000141564",147.546139814784,-0.481146534017518,0.348894024738973,-1.37906212173594,0.167875601245332,0.675568825476512,140.227582087306,342.947099811108,134.533559525715,95.0808666194824,123.928447261025,130.318995554993,152.77858829362,96.8333689582027,106.321948217881,152.490941818509,"RPTOR"
"ENSG00000183978",361.968972067614,0.4987131316296,0.361676485674351,1.37889288185197,0.167927783177787,0.675568825476512,344.282891193662,323.461469140022,388.744211881053,104.136187249909,426.864651676863,301.181678615984,663.495583446578,404.590907924372,276.228590958219,386.70354858948,"COA3"
"ENSG00000155008",24.3898082400986,-0.71730478479058,0.520265870220848,-1.37872735047196,0.167978833444254,0.675568825476512,32.8809502825408,48.0645556553447,32.1890111748642,14.488513008683,17.9007757154814,32.8210803619983,8.73020504534971,9.58746227308938,35.4406494059602,11.7948794776748,"APOOL"
"ENSG00000160213",1299.60976441628,0.334260076695699,0.242459983399907,1.37861956438551,0.168012081190365,0.675568825476512,1438.05803147465,1228.89377432314,1227.30922094931,601.273289860345,1429.30809174382,1374.62407163193,1312.14981831606,1682.59962892719,1449.93950952031,1251.94220741605,"CSTB"
"ENSG00000133398",552.577496419202,0.350711731035871,0.254426937215101,1.37843789212998,0.1680681310806,0.675568825476512,518.358510336525,492.336934956098,624.796960496724,261.698766219337,517.745513001615,735.578330465962,603.257168633665,680.709821389346,607.702900108082,483.590058584665,"MED10"
"ENSG00000100387",279.776978334707,0.300344868770904,0.217904158191498,1.37833472873407,0.168099965508315,0.675568825476512,297.862726088899,190.95918057664,306.208285791657,186.539604986794,297.428273426459,278.979183076986,348.335181309454,330.767448421584,305.415008116068,255.274891552532,"RBX1"
"ENSG00000228649",47.7479328827229,0.751768255967311,0.545450877118313,1.37825107173537,0.168125783925423,0.675568825476512,23.2100825523817,18.1865886263466,23.9354185659247,69.725968854287,46.8174134097205,140.937580377993,35.7938406859338,59.4422660931542,37.5253934886637,21.9047761728246,"SNHG26"
"ENSG00000154582",934.084562987553,0.335254647082828,0.243269854543001,1.37811833575774,0.168166755320158,0.675568825476512,892.621091493681,717.071208695953,1136.51970225098,482.648589601753,900.546716763447,1063.78913408594,1040.64044140569,1082.42449063179,1177.8804067275,846.703848218796,"ELOC"
"ENSG00000071859",837.986239179081,0.22175978823934,0.160916285271737,1.37810655935077,0.168170390686213,0.675568825476512,709.841691393675,706.678872338041,824.533901633061,806.829068171036,749.078614555528,1050.27457158395,948.973288429514,923.272616898507,895.39758352117,764.982183266335,"FAM50A"
"ENSG00000169220",28.8816896476334,0.826770391584767,0.600162411338185,1.37757776222825,0.168333690685367,0.675722331328884,5.80252063809543,14.2894624921295,40.4426037838038,18.1106412608538,27.5396549468944,42.4743392919978,34.0477996768639,46.978565138138,5.21186020675885,53.9194490407989,"RGS14"
"ENSG00000113838",99.5354863612285,-0.319114158181179,0.231663390702319,-1.377490665287,0.168360598860754,0.675722331328884,108.313718577781,132.502288563383,118.85173356873,92.3642704303543,93.6348268194409,111.012477694994,88.1750709580321,87.2459066851134,100.06771596977,63.1868543446862,"TBCCD1"
"ENSG00000223485",107.168608794046,0.601394096281934,0.436862977103001,1.37661950726518,0.168629916556148,0.67654163275122,107.346631804766,80.5406067738208,53.6483519581071,86.0255459890555,112.912585282267,94.6019375139951,226.112310674558,131.348233141324,29.1864171578495,149.963467644722,"LINC01615"
"ENSG00000164024",399.497933538589,-0.408733306259697,0.296936166804244,-1.376502265314,0.168666186466057,0.67654163275122,507.72055583335,415.693454316495,548.86390849448,402.961768053997,304.313187163183,335.933410763983,185.080346961414,302.005061602315,597.279179694564,395.128462502105,"METAP1"
"ENSG00000139910",60.4849131165776,-0.70316779861277,0.511202960789825,-1.37551589592977,0.168971561030132,0.67756275088962,110.247892123813,87.0358169975161,78.4091297849257,39.8434107738783,27.5396549468944,28.9597767899985,103.889440039662,58.4835198658452,11.4660924548695,58.9743973883738,"NOVA1"
"ENSG00000011426",206.513642415125,-0.89880935628468,0.653662281178699,-1.37503628733775,0.169120195018465,0.677855372426879,219.528697474611,475.449388374491,364.808793315128,85.1200139260128,48.1943961570652,234.574191998988,44.5240457312835,22.0511632281056,297.076031785254,273.809702160307,"ANLN"
"ENSG00000148798",8.80346873609134,1.02147263742238,0.742914880292844,1.37495245352972,0.169146185756666,0.677855372426879,4.83543386507953,5.19616817895618,8.25359260893955,3.62212825217076,4.13094824203416,4.82662946499975,12.2222870634896,4.79373113654469,7.29660428946239,32.8571642592368,"INA"
"ENSG00000126822",27.1335628038031,-0.599194686753269,0.435870874816469,-1.37470687162929,0.169222340003512,0.677865576573308,22.2429957793658,59.7559340579961,31.3636519139703,23.5438336391099,24.785689452205,39.5783616129979,20.0794716043043,17.2574320915609,12.5084644962212,20.2197933902996,"PLEKHG3"
"ENSG00000135720",702.364658564414,-0.426397511667946,0.310239942928736,-1.37441203618933,0.169313801600073,0.677865576573308,723.380906215897,798.910857514513,641.304145714603,1155.45891244247,579.709736632127,756.815500111961,288.096766496541,479.373113654469,728.618056904887,871.97858995667,"DYNC1LI2"
"ENSG00000204084",182.155512545788,-0.384944185908195,0.280087397287414,-1.37437167697046,0.169326324412821,0.677865576573308,151.832623363497,167.576423771337,186.531192962034,340.480055704051,218.94025682781,141.902906270993,159.7627523299,177.368052052154,144.889713747896,132.27114842821,"INPP5B"
"ENSG00000132485",339.175662146915,-0.54266336540296,0.394868500359138,-1.37428881997273,0.169352035775831,0.677865576573308,390.703056298426,172.772591950293,234.402030093883,872.932908773152,202.416463859674,300.216352722984,264.525212874096,263.655212509958,334.601425273918,355.531367112768,"ZRANB2"
"ENSG00000090061",394.843260280351,-0.234359874133359,0.170634264686225,-1.3734631468323,0.169608410475546,0.678221857817214,382.966362114299,497.533103135055,413.504989707872,441.899646764832,381.424221014487,435.361977742977,296.82697154189,354.736104104307,383.592911217451,360.586315460343,"CCNK"
"ENSG00000188343",273.342788879514,0.261568028772896,0.190446824532023,1.37344389656082,0.169614391228805,0.678221857817214,299.796899634931,214.341937381943,241.830263441929,220.949823382416,263.003704742841,232.643540212988,319.525504659799,330.767448421584,288.73705545444,321.831711462269,"FAM92A"
"ENSG00000128652",39.4171181934619,-0.718373315086774,0.523067954414222,-1.37338429744042,0.169632908730493,0.678221857817214,37.7163841476203,18.1865886263466,39.6172445229098,110.474911691208,22.0317239575155,14.4798883949993,54.1272712811682,38.3498490923575,40.652509612719,18.5348106077746,"HOXD3"
"ENSG00000137764",257.229335645707,0.383455288725455,0.279214003430424,1.37333831403268,0.169647196853588,0.678221857817214,205.022395879372,262.406493037287,215.418767093322,187.445137049837,352.507583320248,196.92648217199,391.986206536202,360.488581468161,192.838827650077,207.252882250571,"MAP2K5"
"ENSG00000106723",1189.22270772973,-0.300612082048563,0.218916177661227,-1.37318349543705,0.169695309255158,0.678221857817214,1267.85075942385,1365.29318902074,1491.42418443538,1236.95679811631,1195.22102469522,1446.05818771393,760.40085944996,807.264323394126,1097.61775954341,1224.13999150439,"SPIN1"
"ENSG00000100575",276.509065025903,0.368430738801623,0.268433004146967,1.37252399336077,0.169900374886759,0.678838016735983,217.594523928579,201.351516934552,256.68673013802,265.320894471508,344.24568683618,251.950058072987,463.57388790807,328.849955966966,250.169289924425,185.348106077746,"TIMM9"
"ENSG00000055917",775.66861581212,-0.291176220656781,0.212203001390585,-1.37215882314896,0.170014000819394,0.679088568112686,834.595885112726,984.673869912197,946.687072245366,718.992458055895,713.277063124565,843.694830481956,544.764794829822,528.269171247225,886.016235149004,755.714777962447,"PUM2"
"ENSG00000139625",133.543560541634,-0.556335882537671,0.405557782996875,-1.37177957337329,0.170132068017619,0.679162098892251,113.149152442861,119.511868115992,89.1388001765472,338.668991577966,162.483964186677,72.3994419749963,125.714952653036,139.018202959796,70.8812988119203,104.468932516548,"MAP3K12"
"ENSG00000249353",34.05831693476,-0.510584411974405,0.372207778223816,-1.37177254707284,0.170134256009523,0.679162098892251,29.9796899634931,27.27988293952,42.9186815664857,65.1983085390736,23.4087067048602,27.9944508969985,23.5715536224442,36.4323566377396,42.7372536954226,21.0622847815621,"NPM1P27"
"ENSG00000104964",3385.35941695996,0.367251239410506,0.267833684658754,1.37119137900231,0.170315304928497,0.679243577617402,2669.1594935239,3593.1502957482,3208.9968063557,2064.61310373733,3650.38126321085,2669.12609414486,4391.29313781091,5598.11922125689,2544.43015293967,3464.32460087133,"AES"
"ENSG00000099385",771.700945021977,0.270070950812713,0.196965508888072,1.37115859694087,0.170325521690263,0.679243577617402,705.006257528595,670.305695085348,802.249201588924,569.579667653851,820.681717417453,917.059598349952,1000.48149819708,906.015184806946,718.194336491369,607.43629310025,"BCL7C"
"ENSG00000133639",1479.94018328588,0.281381789966975,0.205225808964971,1.37108383875345,0.170348822326988,0.679243577617402,1097.64348737305,1391.27402991552,1519.48639930577,1233.33466986414,1856.17274342068,1729.86400025591,1711.12018888854,1810.11287715928,1368.63449029487,1081.75894638103,"BTG1"
"ENSG00000104325",444.585748617129,0.241562316752086,0.176230500433748,1.37071798671364,0.170462885561675,0.679243577617402,447.761175906364,355.937520258499,426.710737882175,372.173677910545,486.074909812686,394.81829023698,541.272712811682,512.929231610282,390.889515506914,517.289714235165,"DECR1"
"ENSG00000167513",83.7042176106434,-0.726822674558088,0.530259840997885,-1.37069153340048,0.170471135240666,0.679243577617402,78.3340286142883,193.557264666118,137.83499656929,29.8825580804087,34.424568683618,128.388343768993,55.0002917857032,27.8036405919592,106.321948217881,45.4945351281741,"CDT1"
"ENSG00000073711",287.300850560575,-0.350275032413066,0.255555240830461,-1.37064311917377,0.17048623438233,0.679243577617402,444.859915587316,336.451889587413,309.509722835233,229.0996119498,265.757670237531,301.181678615984,199.048675033973,180.24429073408,322.092960777697,284.762090246719,"PPP2R3A"
"ENSG00000104081",12.7480832166475,-0.814594850948414,0.594367572734064,-1.37052371010302,0.170523479257914,0.679243577617402,3.86834709206362,23.3827568053028,9.90431113072746,31.6936222064941,12.3928447261025,7.7226071439996,14.8413485770945,6.71122359116257,9.38134837216593,7.58242252136235,"BMF"
"ENSG00000171720",741.189758694675,0.266379063460783,0.194509185866403,1.36949348831136,0.170845068888935,0.679957565269045,665.355699834943,661.212400772174,637.177349410133,679.149047282017,910.18559599486,687.312035815964,1035.40231837848,858.077873441499,636.889317265931,641.13594875075,"HDAC3"
"ENSG00000160284",96.5264448725343,0.590736391024731,0.431559922500599,1.36883978382842,0.171049361924634,0.679957565269045,69.6302476571452,72.7463545053866,127.105326177669,26.260429828238,166.614912428711,61.7808571519968,178.096182925134,96.8333689582027,80.2626471840863,85.9341219087733,"SPATC1L"
"ENSG00000146731",990.500931983555,-0.322500605551691,0.235602755616554,-1.36883206101615,0.171051776519071,0.679957565269045,1223.36476786512,814.499362051382,1232.26137651468,1232.4291378011,724.292925103323,1113.98608052194,751.67065440461,688.379791207817,1226.87189267103,897.253331694544,"CCT6A"
"ENSG00000165502",1265.79013339409,0.352653114213965,0.257655837943157,1.36869832653187,0.171093593644039,0.679957565269045,1170.17499534925,996.365248314848,1291.68724329904,882.893761466622,1740.50619264373,1092.74891087594,2095.24921088393,1312.52358518594,1036.11780910366,1039.6343768179,"RPL36AL"
"ENSG00000165169",519.03907100841,0.417380913339541,0.304951357876811,1.36868029132747,0.171099233615937,0.679957565269045,528.029378066684,332.554763453196,646.256301279967,220.949823382416,459.912237613136,535.755870614972,436.510252267486,722.894655390939,614.999504397544,692.527923617761,"DYNLT3"
"ENSG00000118965",42.8049601315564,-0.702726980557311,0.513459037458679,-1.36861351985428,0.171120115613198,0.679957565269045,57.0581196079384,25.9808408947809,23.9354185659247,115.908104069464,16.5237929681366,15.4452142879992,48.8891482539584,44.1023264562111,44.8219977781261,35.3846384330243,"WDR35"
"ENSG00000089818",160.098920537343,-0.367171264830064,0.268297989972019,-1.36852037120501,0.171149249951877,0.679957565269045,164.404751412704,189.660138531901,177.4522410922,209.177906562861,101.896723303509,149.625513414992,96.0322554988468,120.802024640926,207.432036229002,184.505614686484,"NECAP1"
"ENSG00000159885",23.3692650222116,-0.537302284783742,0.39277183565166,-1.36797559298591,0.171319716002838,0.680318374042384,19.3417354603181,18.1865886263466,28.8875741312884,47.9931993412625,20.6547412101708,19.306517859999,17.4604100906994,15.339939636943,22.9321849097389,23.5897589553495,"ZNF222"
"ENSG00000224578",20.4743452938133,-0.549379074963039,0.401621037251736,-1.3679041285347,0.171342087306618,0.680318374042384,24.1771693253976,16.8875465816076,26.4114963486066,32.5991542695368,24.785689452205,19.306517859999,10.4762460544197,17.2574320915609,21.8898128683872,10.9523880864123,"HNRNPA1P48"
"ENSG00000183763",18.1280378159979,-0.694475175574326,0.508020787574894,-1.36702117818741,0.17161866743899,0.680871370249342,22.2429957793658,35.0741352079542,23.9354185659247,13.5829809456403,2.75396549468944,23.1678214319988,9.60322554988468,13.4224471823251,19.8050687856836,17.6923192165121,"TRAIP"
"ENSG00000170473",211.242731317302,0.267877037378122,0.195996903745093,1.36674116916925,0.171706448729787,0.680871370249342,188.581920738102,192.258222621379,217.06948561511,154.8459827803,242.348963532671,186.30789734899,284.604684478401,215.717901144511,207.432036229002,223.260218684558,"PYM1"
"ENSG00000116667",739.401268390867,0.390468007781627,0.285760220907329,1.36641834381929,0.171807694405947,0.680871370249342,674.059480792086,583.269878087832,689.174982846453,546.035834014741,897.792751268757,496.177509001974,893.97299664381,1299.10113800361,497.211463724794,817.216649524609,"C1orf21"
"ENSG00000100504",235.792118993394,0.571028066013872,0.417912285559994,1.36638257774285,0.171818914243217,0.680871370249342,208.890742971436,144.193666966034,189.83263000561,187.445137049837,274.019566721599,159.278772344992,318.652484155264,341.313656921982,66.7118106465133,467.582722150678,"PYGL"
"ENSG00000132694",427.657065032451,-0.308034163936106,0.225446527247657,-1.36632915883297,0.171835672804832,0.680871370249342,393.604316617474,687.193241666955,380.490619272113,473.593268971326,447.519392887034,401.575571487979,412.938698645041,288.58261441999,390.889515506914,400.183410849679,"ARHGEF11"
"ENSG00000137760",65.3838004394825,-0.501040786205936,0.366886912419356,-1.36565456342373,0.172047411913828,0.680871370249342,97.6757640746064,89.6339010869942,81.7105668285016,48.8987314043052,34.424568683618,65.6421607239966,34.9208201813988,37.3911028650486,92.7711116803075,70.7692768660486,"ALKBH8"
"ENSG00000170629",10.9198656777116,-0.984445529956625,0.720938717984441,-1.36550514682979,0.172094336549334,0.680871370249342,23.2100825523817,16.8875465816076,6.60287408715164,15.3940450717257,9.63887923141304,23.1678214319988,4.36510252267486,3.83498490923575,1.04237204135177,5.0549483475749,"DPY19L2P2"
"ENSG00000140280",36.1420267754885,0.557466717619841,0.408307748816128,1.36531015939863,0.172155587215164,0.680871370249342,36.7492973746044,24.6817988500419,34.6650889575461,16.2995771347684,42.6864651676863,17.3758660739991,47.1431072448884,46.019818910829,64.6270665638097,31.1721814767119,"LYSMD2"
"ENSG00000178913",380.155752521598,0.290135487485978,0.212517184923829,1.36523306381067,0.172179809459896,0.680871370249342,362.657539880965,345.545183900586,371.41166740228,262.60429828238,355.261548814938,340.760040228982,503.732831116678,346.107388058527,387.762399382858,525.714628147789,"TAF7"
"ENSG00000158301",88.7499867736677,0.419850680980626,0.307532424452242,1.3652241116638,0.172182622251594,0.680871370249342,83.1694624793679,71.4473124606475,66.0287408715164,74.2536291695005,140.452240229161,57.919553579997,99.5243375169867,104.503338776674,60.4575783984026,129.743674254422,"GPRASP2"
"ENSG00000168958",1138.27718837206,0.345123419281507,0.252805036135855,1.36517620280334,0.172197675945124,0.680871370249342,1253.34445782861,850.872539304075,976.400005637549,837.617158314487,918.447492478928,809.908424226958,1709.37414787947,1522.48900896659,1184.13463897561,1320.18401010831,"MFF"
"ENSG00000160360",440.222214879281,-0.331092142235077,0.242554860828415,-1.36501961290025,0.172246885745825,0.680871370249342,480.642126188905,709.276956427519,354.079122923507,464.537948340899,508.106633770202,407.367526845979,430.399108735741,403.632161697063,358.575982225009,285.604581637982,"GPSM1"
"ENSG00000187266",21.0946517990658,-0.642856931536698,0.470975160781382,-1.36494869595702,0.172269175500809,0.680871370249342,24.1771693253976,35.0741352079542,39.6172445229098,9.05532063042689,11.0158619787578,23.1678214319988,20.0794716043043,11.5049547277073,22.9321849097389,14.3223536514622,"EPOR"
"ENSG00000055950",474.675026007811,0.311470229705674,0.228208974904097,1.36484653960943,0.172301287839959,0.680871370249342,447.761175906364,476.74843041923,479.533730579388,255.360041778038,519.122495748959,459.495125067976,622.463619733434,581.958959976525,480.533511063166,423.773169805029,"MRPL43"
"ENSG00000123416",2877.50876061516,-0.660397723204876,0.48392577546249,-1.3646673863853,0.172357614575843,0.680871370249342,2770.70360469057,5255.92411301418,4726.83248713968,2010.28117995477,2007.6408456286,5520.69878206671,1304.29263377525,671.122359116257,3019.75180379608,1487.83979696955,"TUBA1B"
"ENSG00000164845",33.8320928128111,0.575166355767238,0.421541420640889,1.36443615645833,0.172430334866818,0.680871370249342,23.2100825523817,15.5885045368685,18.983263000561,46.1821352151771,46.8174134097205,25.0984732179987,27.0636356405841,65.1947434570078,36.4830214473119,33.6996556504993,"FAM86FP"
"ENSG00000198556",57.6696322120422,-0.751636502420186,0.55102178880496,-1.36407764210253,0.172543130645086,0.680871370249342,47.3872518777794,23.3827568053028,33.8397296966522,200.122585932434,34.424568683618,46.3356428639976,26.1906151360491,34.5148641831218,69.8389267705686,60.6593801708988,"ZNF789"
"ENSG00000119650",167.919717999011,0.298879631396427,0.219135073532153,1.36390595343275,0.172597166867842,0.680871370249342,162.470577866672,164.978339681859,160.945055874321,102.325123123824,179.007757154814,144.798883949993,210.397941592928,206.130438871422,185.542223360615,162.600838513659,"IFT43"
"ENSG00000153885",812.393030203925,-0.429765296063061,0.315104613067763,-1.36388132144114,0.172604920425496,0.680871370249342,773.669418412724,735.2577973223,975.574646376655,1358.29809456403,711.90008037722,1024.21077247295,629.447783769714,693.173522344362,904.778931893336,317.619254505956,"KCTD15"
"ENSG00000179163",14.7579600419657,0.850399403052184,0.623522040952335,1.36386422162932,0.172610303187562,0.680871370249342,11.6050412761909,9.09329431317332,5.77751482625769,13.5829809456403,12.3928447261025,12.5492366089993,13.9683280725595,25.8861481373413,3.12711612405531,39.5970953893367,"FUCA1"
"ENSG00000167645",295.284427682626,0.318334848599639,0.233431047698236,1.36372111481572,0.172655355969162,0.680871370249342,273.685556763501,335.152847542674,222.021641180474,199.217053869392,311.198100899907,312.765589331984,415.557760158646,290.500106874608,362.745470390416,230.000149814658,"YIF1B"
"ENSG00000170515",400.005422469639,0.317442407846694,0.232780004142811,1.36370135835182,0.172661576375317,0.680871370249342,319.138635095249,277.994997574156,411.854271186084,384.851126793143,291.920342437081,598.502053659969,468.81201093528,383.498490923575,456.558954112075,406.923341979779,"PA2G4"
"ENSG00000048828",2459.43850117597,-0.288188731713336,0.211350487701319,-1.36355839462554,0.172706594103136,0.680871370249342,3213.62934673185,2889.06950749964,2707.17837573217,2225.79781095893,2963.26687228584,2369.87506731488,1708.50112737494,1772.72177429423,2589.2521507178,2155.09297884943,"FAM120A"
"ENSG00000103353",715.48893955091,-0.312824223704089,0.229484215609412,-1.36316226749348,0.172831376095942,0.680975384878856,876.18061635241,932.712188122635,803.899920110712,628.439251751626,706.392149387841,714.341160819963,396.351309058877,585.793944885761,717.151964450017,793.626890569259,"UBFD1"
"ENSG00000077420",160.688835733003,0.47900355296086,0.351406685816443,1.36310312892302,0.172850010817913,0.680975384878856,101.54411116667,118.212826071253,217.06948561511,82.4034177368847,242.348963532671,116.804433052994,159.7627523299,240.645303054543,107.364320259232,220.732744510771,"APBB1IP"
"ENSG00000175611",44.569468351538,0.688949055161397,0.505548093850424,1.36277648663281,0.172952963743409,0.680975384878856,56.0910328349225,24.6817988500419,15.6818259569851,33.5046863325795,108.781637040233,42.4743392919978,57.6193532993081,57.5247736385363,15.6355806202765,33.6996556504993,"LINC00476"
"ENSG00000100889",503.208249619042,-0.382419119452875,0.280647974687641,-1.36262917941419,0.172999407844905,0.680975384878856,390.703056298426,685.894199622216,630.574475322982,632.061380003797,517.745513001615,602.363357231969,413.811719149576,409.384639060917,517.016532510478,232.527623988445,"PCK2"
"ENSG00000198160",533.078465165611,-0.260865887082175,0.191460839939165,-1.36250257318971,0.173039332635109,0.680975384878856,603.462146361925,565.083289461485,625.622319757618,571.390731779937,607.249391579021,584.98749115797,363.176529886548,440.064518334803,527.440252923995,442.307980412804,"MIER1"
"ENSG00000184785",90.8623515167772,0.45356958036125,0.332998160330266,1.36207833674337,0.173173164191612,0.681301029741454,124.754193719052,32.4760511184761,75.9330520022439,63.3872444129882,96.3887923141304,115.839107159994,100.397358021522,113.132054822455,110.491436383288,75.8242252136235,"SMIM10"
"ENSG00000244005",102.371488798789,-0.342578251886914,0.251581487034147,-1.36169897048274,0.173292906311015,0.681402148007713,145.063015952386,98.7271954001675,92.440237220123,133.113213267275,78.488016598649,80.1220491189958,88.1750709580321,78.6171906393329,100.06771596977,128.90118286316,"NFS1"
"ENSG00000115904",453.257209359023,-0.298081020478934,0.218948788235481,-1.36141890933119,0.173381343737309,0.681402148007713,548.338200300018,645.623896235306,450.646156448099,397.52857567574,465.420168602515,449.841866137977,292.461869019215,371.993536195868,491.999603518035,418.718221457454,"SOS1"
"ENSG00000087502",245.331307044523,0.37670412343296,0.276739667246236,1.36122200037834,0.173443543638548,0.681402148007713,246.607127119056,131.203246518644,207.165174484383,247.210253210654,147.337153965885,296.355049150985,335.239873741429,310.633777648096,250.169289924425,281.392124681669,"ERGIC2"
"ENSG00000269834",72.1144216919101,0.495846496048019,0.364278173739672,1.36117541975592,0.173458260035486,0.681402148007713,29.9796899634931,53.2607238343009,51.1722741754252,96.8919307455677,75.7340511039596,87.8446562629954,89.0480914625671,123.678263322853,60.4575783984026,53.0769576495364,"ZNF528-AS1"
"ENSG00000162627",790.115957462589,0.213317516962506,0.156721600033424,1.36112390963984,0.173474534912962,0.681402148007713,851.036360253997,653.41814850374,744.474053326348,634.777976192925,922.578440720962,766.46875904196,825.004376785548,866.70658948728,741.126521401108,895.56834891202,"SNX7"
"ENSG00000141551",852.412444925127,-0.204388484249653,0.150172337444291,-1.3610261898299,0.173505413108959,0.681402148007713,854.90470734606,998.963332404326,811.328153458758,1038.64527630996,852.352320606382,787.705928687959,789.210536099614,727.688386527484,752.592613855978,910.733193954744,"CSNK1D"
"ENSG00000147419",598.254786533914,0.305409711751152,0.224565838667382,1.36000076219746,0.173829682697228,0.682190201633266,699.2037368905,437.777169077058,607.464416017951,351.346440460563,645.804908504674,676.693450992965,753.41669541368,605.927615659249,659.82150217567,545.091930146827,"CCDC25"
"ENSG00000267321",33.5113116523944,0.523665068619419,0.38510439396124,1.35980029527299,0.173893128953694,0.682190201633266,38.6834709206362,18.1865886263466,23.1100593050307,26.260429828238,22.0317239575155,53.0929241149972,49.7621687584934,22.0511632281056,40.652509612719,41.2820781718617,"LINC02001"
"ENSG00000185745",40.1204008981628,0.76199259168158,0.560393800749266,1.35974486274254,0.173910675980588,0.682190201633266,26.1113428714294,64.9521022369523,14.0311074351972,9.05532063042689,59.2102581358229,16.4105401809991,25.3175946315142,73.8234595027882,58.3728343156991,53.9194490407989,"IFIT1"
"ENSG00000129315",172.038464753059,-0.463154358158485,0.340688074113841,-1.3594674816933,0.173998500117275,0.682271487402811,184.713573646038,141.595582876556,137.83499656929,359.496229027948,117.043533524301,180.515941990991,83.8099684353572,185.038021870625,176.160874988449,154.175924601034,"CCNT1"
"ENSG00000127554",148.74193485557,0.338609140186034,0.249095207386116,1.35935630291419,0.174033710740374,0.682271487402811,149.898449817465,144.193666966034,127.930685438563,92.3642704303543,145.96017121854,134.180299126993,217.382105629208,199.419215280259,126.127017003564,149.963467644722,"GFER"
"ENSG00000175701",238.591336514924,0.558680827287687,0.411260931967359,1.35845830192309,0.174318305228816,0.682417225673875,208.890742971436,206.547685113508,238.528826398353,89.6476742412262,257.495773753463,116.804433052994,465.31992891714,429.518309834404,210.559152353057,162.600838513659,"LINC00116"
"ENSG00000115325",309.488068428667,0.298722751946192,0.219927263757667,1.35827976414669,0.174374928816666,0.682417225673875,242.738780026992,259.808408947809,287.225022791096,297.920048741045,294.67430793177,397.714267915979,426.034006213066,348.024880513144,320.008216694993,220.732744510771,"DOK1"
"ENSG00000084764",134.41005112356,0.388744912594943,0.286276528699747,1.35793498111984,0.174484316264313,0.682417225673875,185.680660419054,109.11953175808,75.9330520022439,83.3089497999274,145.96017121854,123.561714303994,167.619936870714,143.811934096341,131.338877210323,177.765683556384,"MAPRE3"
"ENSG00000152076",32.6740916435537,0.584854278535573,0.430725354781851,1.35783573463369,0.174515813155231,0.682417225673875,16.4404751412704,38.9712613421714,30.5382926530763,15.3940450717257,23.4087067048602,25.0984732179987,59.365394308378,56.5660274112273,32.3135332819049,28.6447073029244,"CCDC74B"
"ENSG00000168904",175.519076441774,0.262845678490885,0.193602742152413,1.35765472931143,0.174573267982517,0.682417225673875,145.063015952386,151.987919234468,168.373289222367,160.279175158556,246.479911774705,171.828008953991,192.064510997694,177.368052052154,152.186318037358,189.560563034059,"LRRC28"
"ENSG00000140682",842.60035926217,-0.272807725164519,0.200970316050188,-1.35745283445935,0.174637370237412,0.682417225673875,823.957930609551,1056.12118237284,968.146413028609,910.059723357902,940.479216436444,770.33006261396,866.909361003226,620.308809068883,902.694187810632,566.996706319651,"TGFB1I1"
"ENSG00000112739",260.659482692184,-0.423275034321307,0.311826751523201,-1.35740449545688,0.174652720630724,0.682417225673875,246.607127119056,201.351516934552,235.227389354777,546.941366077784,174.876808912779,223.955607175988,211.270962097463,192.707991689097,293.948915661199,279.707141899144,"PRPF4B"
"ENSG00000175662",317.807712806038,-0.344166133563677,0.25356994872827,-1.35728281403129,0.174691365890129,0.682417225673875,287.224771585724,450.767589524449,283.923585747521,435.560922323533,320.83698013132,261.603317002986,231.350433701767,302.963807829624,205.347292146299,398.498428067155,"TOM1L2"
"ENSG00000211455",195.018811199727,-0.633786854349183,0.466968834382585,-1.35723587461069,0.174706275262457,0.682417225673875,152.799710136513,115.614741981775,157.643618830745,565.052007338638,133.567326492438,134.180299126993,71.5876813718676,172.574320915609,284.567567289033,162.600838513659,"STK38L"
"ENSG00000085999",33.4295056918239,-0.933109216537607,0.687537029560363,-1.35717667037406,0.17472508166398,0.682417225673875,31.9138635095249,70.1482704159085,52.8229926972131,32.5991542695368,4.13094824203416,61.7808571519968,11.3492665589546,4.79373113654469,52.1186020675885,12.6373708689372,"RAD54L"
"ENSG00000145715",340.332592960933,-0.446468571319948,0.328989007796138,-1.35709267100075,0.174751766907317,0.682417225673875,483.543386507953,444.272379300754,415.155708229659,277.092811291063,304.313187163183,392.88763845098,164.127854852575,150.523157687503,398.186119796376,373.22368632928,"RASA1"
"ENSG00000130119",87.8366454160034,-0.443239882157546,0.326636747759675,-1.3569810659628,0.174787226730296,0.682417225673875,67.6960741111134,159.782171502903,107.296703916214,83.3089497999274,95.0118095667857,70.4687901889964,91.667152976172,39.3085953196665,85.4745073908451,78.3516993874109,"GNL3L"
"ENSG00000107862",310.896217332004,-0.429221308693485,0.316462204594919,-1.35631144086511,0.175000096833313,0.682955795080533,219.528697474611,287.088291887329,268.241759790535,695.448624416785,274.019566721599,272.221901825986,262.779171865026,232.016587008763,278.313335040922,319.304237288481,"GBF1"
"ENSG00000211584",277.854793250481,0.422906207391252,0.311870797816734,1.35603015848815,0.175089572624231,0.682955795080533,207.92365619842,244.219904410941,233.576670832989,237.249400517185,348.376635078214,193.06517859999,474.923154467024,412.260877742843,161.567666409524,265.384788247682,"SLC48A1"
"ENSG00000243244",77.903577781815,0.425570864983613,0.313888910073624,1.35580089428389,0.17516252670851,0.682955795080533,53.1897725158748,94.8300692659503,63.5526630888345,47.9931993412625,90.8808613247515,94.6019375139951,90.794132471637,88.2046529124223,43.7796257367743,111.208863646648,"STON1"
"ENSG00000100836",371.133334184163,-0.400392433328128,0.29533603808557,-1.35571817081165,0.175188855684417,0.682955795080533,384.90053566033,270.200745305722,325.191548792218,756.119272640645,340.114738594146,286.701790220985,421.668903690391,341.313656921982,305.415008116068,279.707141899144,"PABPN1"
"ENSG00000099810",182.848206763086,-0.377521181493389,0.278494323159227,-1.35557945027678,0.175233013863564,0.682955795080533,231.133738750801,211.743853292464,238.528826398353,167.523431662897,118.420516271646,175.689312525991,107.381522057801,131.348233141324,247.042173800369,199.670459729208,"MTAP"
"ENSG00000001631",218.93825705437,-0.297479777048536,0.219454449162616,-1.3555422466195,0.17524485812059,0.682955795080533,256.277994849215,227.332357829333,254.210652355338,247.210253210654,235.464049795947,179.550616097991,147.54046526641,154.358142596739,239.745569510907,247.69246903117,"KRIT1"
"ENSG00000171033",69.3574722521235,0.46934717463591,0.346283575707522,1.35538387483999,0.175295284472689,0.682955795080533,46.4201651047635,57.157849968518,89.9641594374411,31.6936222064941,72.9800856092701,97.4979151929949,47.1431072448884,68.0709821389346,78.1779031013827,104.468932516548,"PKIA"
"ENSG00000171097",22.1421817040045,0.570475454943686,0.420944593822916,1.35522694272604,0.17534526310645,0.682955795080533,15.4733883682545,11.6913784026514,14.0311074351972,27.1659618912807,20.6547412101708,21.2371696459989,32.3017586677939,14.3811934096341,37.5253934886637,26.9597245203995,"KYAT1"
"ENSG00000173681",74.3619921790138,-0.398916348076943,0.294527824143715,-1.35442669716085,0.175600285013301,0.683451397012968,93.8074169825428,83.1386908632989,68.5048186541983,101.419591060781,92.2578440720962,58.8848794729969,39.2859227040737,53.6897887293005,88.6016235149004,64.0293457359487,"BCLAF3"
"ENSG00000153048",1083.44823719335,0.277414618506309,0.204828054615779,1.35437803686946,0.175615800971991,0.683451397012968,882.950223763522,1147.05412550458,1176.96230603478,638.400104445096,1202.10593843194,1283.88343768993,1228.3398498807,1144.74299540687,1020.48222848338,1109.56116229269,"CARHSP1"
"ENSG00000158023",15.2790581109333,0.772653930049117,0.570594787934308,1.3541202029663,0.175698031687616,0.683548911796411,5.80252063809543,7.79425226843427,6.60287408715164,22.6383015760672,9.63887923141304,35.7170580409981,11.3492665589546,13.4224471823251,18.7626967443319,21.0622847815621,"WDR66"
"ENSG00000198420",189.873170763633,0.404452266978337,0.298755656558284,1.35378948682577,0.175803548702252,0.683548911796411,137.326321768259,123.408994250209,174.976163309518,200.122585932434,185.892670891537,136.110950912993,201.667736547578,228.181602099527,156.355806202765,354.688875721505,"TCAF1"
"ENSG00000141965",5.2624326340488,-1.61433091885942,1.19268214123907,-1.35352988280876,0.175886410061205,0.683548911796411,11.6050412761909,20.7846727158247,3.30143704357582,0,0,0,1.74604100906994,3.83498490923575,2.08474408270354,9.26740530388731,"FEM1A"
"ENSG00000113269",737.003386593809,0.325848856214878,0.240796767406319,1.35321109051702,0.175988203187629,0.683548911796411,584.120410901607,550.793826969355,688.349623585559,735.292035190663,750.455597302872,609.120638482968,955.957452465793,1195.55654545425,612.91476031484,687.472975270186,"RNF130"
"ENSG00000189362",37.0722342715076,-0.48950919830583,0.361753598833552,-1.35315640226999,0.176005670029716,0.683548911796411,26.1113428714294,38.9712613421714,39.6172445229098,74.2536291695005,30.2936204415838,41.5090133989979,29.682697154189,38.3498490923575,29.1864171578495,22.747267564087,"NEMP2"
"ENSG00000158315",10.6541380507659,0.731773851808326,0.540810102499951,1.35310684550016,0.176021499049164,0.683548911796411,12.5721280492068,5.19616817895618,9.07895186983351,3.62212825217076,9.63887923141304,14.4798883949993,14.8413485770945,6.71122359116257,13.550836537573,16.8498278252497,"RHBDL2"
"ENSG00000164694",94.6370637657617,-0.817438531403928,0.604160781302137,-1.3530148872658,0.176050874411087,0.683548911796411,71.564421203177,35.0741352079542,38.7918852620159,365.834953469246,34.424568683618,122.596388410994,48.8891482539584,66.1534896843167,59.4152063570509,103.626441125285,"FNDC1"
"ENSG00000166575",92.1218441409785,-0.335760593394269,0.248200686415658,-1.35277866569626,0.17612635035818,0.683642937929875,110.247892123813,92.2319851764723,94.9163150028048,122.246828510763,110.158619787578,60.8155312589968,66.3495583446578,100.668353867438,88.6016235149004,74.981733822361,"TMEM135"
"ENSG00000181690",158.079313262352,-0.402450427276224,0.297668738468482,-1.35200770274651,0.176372851178938,0.684400557513384,136.359234995243,276.695955529417,170.849367005049,158.468111032471,71.6031028619254,125.492366089993,154.52462930269,150.523157687503,171.991386823042,164.285821296184,"PLAG1"
"ENSG00000173145",74.1434244149246,-0.441998077238947,0.327019743490175,-1.35159447109109,0.176505079999201,0.684714442102777,72.5315079761929,53.2607238343009,78.4091297849257,147.601726275958,56.4562926411335,55.9889017939971,48.0161277494234,68.0709821389346,84.4321353494933,76.666716604886,"NOC3L"
"ENSG00000165898",148.347805724244,0.39146456311756,0.289699067282642,1.35128002581945,0.176605747939081,0.684826011261571,151.832623363497,123.408994250209,160.945055874321,63.3872444129882,191.400601880916,122.596388410994,195.556593015834,185.038021870625,151.143945996007,138.168588167047,"ISCA2"
"ENSG00000147140",1323.07763159408,-0.324232854839432,0.239962050135072,-1.35118388368879,0.176636535858124,0.684826011261571,1062.82836354448,1640.69010250541,1536.81894378454,1777.5594397528,1803.84739902158,875.550584950955,1151.51404548163,1078.58950572256,1164.32957018993,1139.04836098688,"NONO"
"ENSG00000183506",73.6528752509093,-0.481772604315774,0.356608426318391,-1.35098491443282,0.176700265159194,0.684874000705659,63.8277270190498,87.0358169975161,49.5215556536373,154.8459827803,53.7023271464441,56.954227686997,56.7463327947731,96.8333689582027,65.6694386051615,51.3919748670115,"PI4KAP2"
"ENSG00000116898",670.44466595222,0.274692001302208,0.203374157010635,1.35067309111375,0.176800175770141,0.685062156957111,666.322786607959,517.01873380614,646.256301279967,551.469026392998,768.356373018354,609.120638482968,928.893816825209,763.161996937915,734.872289152998,518.97469701769,"MRPS15"
"ENSG00000077238",151.013332051641,-0.49053025172765,0.363275743289169,-1.35029729011437,0.176920641254313,0.685287165197216,112.182065669845,133.801330608122,132.057481743033,352.251972523606,86.7499130827173,107.151174122994,143.175362743735,144.77068032365,187.626967443319,110.366372255385,"IL4R"
"ENSG00000223745",57.7372284789047,-0.977015738935881,0.723629976528005,-1.3501592949806,0.176964891850699,0.685287165197216,27.0784296444454,15.5885045368685,15.6818259569851,268.943022723679,60.5872408831677,32.8210803619983,59.365394308378,57.5247736385363,22.9321849097389,16.8498278252497,"CCDC18-AS1"
"ENSG00000243660",51.2203336468102,0.45114016699709,0.334197825777537,1.34991951532742,0.177041801076557,0.685287165197216,44.4859915587317,49.3635977000837,55.299070479895,19.0161733238965,60.5872408831677,64.6768348309966,71.5876813718676,51.7722962746827,40.652509612719,54.7619404320614,"ZNF487"
"ENSG00000111752",116.322077229862,-0.458813988838821,0.339899723628593,-1.34985102059149,0.177063775307011,0.685287165197216,117.98458630794,171.473549905554,72.6316149586681,193.783861491135,143.206205723851,138.041602698993,64.6035173355879,87.2459066851134,95.8982278043628,78.3516993874109,"PHC1"
"ENSG00000169085",14.9115731946121,0.904133140936819,0.669896394041633,1.3496611550362,0.177124697901661,0.685324077723948,21.2759090063499,7.79425226843427,7.4282333480456,2.71659618912807,15.1468102207919,41.5090133989979,7.85718454081474,23.9686556827235,6.25423224811062,15.1648450427247,"C8orf46"
"ENSG00000185808",116.231461054836,0.48673235078617,0.360801728237569,1.34902998708943,0.177327334437974,0.685637487665283,72.5315079761929,67.5501863264304,60.2512260452587,173.862156104196,147.337153965885,82.0527009049957,120.476829625826,198.46046905295,112.576180465991,127.216200080635,"PIGP"
"ENSG00000134851",465.220215562595,-0.509064524697666,0.377385482697467,-1.34892450302801,0.177361216939732,0.685637487665283,537.700245796843,233.827568053028,365.634152576022,1127.38741848815,283.658445953012,444.049910779977,408.573596122366,494.713053291412,439.881001450447,316.776763114694,"TMEM165"
"ENSG00000168542",8215.93846122951,-0.75054778629064,0.556505178588022,-1.34868068648516,0.177439551626131,0.685637487665283,4762.90235710333,3862.05199900918,3917.15505220271,30892.2263307013,6284.5492588813,4531.23974174177,10119.1806680649,9755.24286286844,4701.09790649648,3333.73843522565,"COL3A1"
"ENSG00000187860",24.1374083580525,-0.528143135105144,0.391620791449234,-1.34860851782331,0.177462743302134,0.685637487665283,29.9796899634931,36.3731772526933,18.157903739667,34.4102183956222,15.1468102207919,25.0984732179987,29.682697154189,23.0099094554145,17.7203247029801,11.7948794776748,"CCDC157"
"ENSG00000213839",82.9577042994356,-0.413914921913519,0.307063518104566,-1.34797817880979,0.17766540112916,0.686221678210137,65.7619005650816,153.286961279207,76.7584112631378,95.0808666194824,82.6189648406832,88.8099821559954,45.3970662358185,69.9884745935525,80.2626471840863,71.6117682573111,"TMX2P1"
"ENSG00000145901",1749.10234049444,0.337020548708848,0.250064416476479,1.34773492949385,0.177743653326727,0.686325160514926,1544.4375765064,1916.08701599009,1634.21133657003,948.092070005695,2342.24765323337,1729.86400025591,2480.25125338385,1716.155746883,1828.320560531,1351.35619158502,"TNIP1"
"ENSG00000163597",873.600074989539,-0.411224042185029,0.305273987611969,-1.3470654522577,0.177959153602382,0.686928223244328,620.869708276211,1836.84545126101,728.792227369362,920.020576051372,873.007061816552,884.238517987954,862.544258480552,735.358356345955,709.855360160555,564.469232145864,"SNHG16"
"ENSG00000176406",11.4235710880909,0.972784490815853,0.722299023141817,1.3467891546973,0.178048148627612,0.686928223244328,3.86834709206362,10.3923363579124,7.4282333480456,7.24425650434151,22.0317239575155,29.9251026829984,3.49208201813988,4.79373113654469,20.8474408270354,4.21245695631242,"RIMS2"
"ENSG00000142910",6.6184446865079,1.12361973060655,0.834307127276224,1.34676990507662,0.178054350135386,0.686928223244328,2.90126031904772,5.19616817895618,5.77751482625769,1.81106412608538,0,2.89597767899985,7.85718454081474,9.58746227308938,16.6779526616283,13.4798622601997,"TINAGL1"
"ENSG00000116857",268.421355142998,0.537086752951625,0.398885486677444,1.34646852515328,0.178151464438544,0.687104129906552,193.417354603181,137.698456742339,137.009637308397,376.701338225759,250.610860016739,160.244098237992,461.827846899,502.383023109884,193.881199691429,270.439736595257,"TMEM9"
"ENSG00000172006",38.8271217877317,0.54279406673639,0.403184825289771,1.3462661109487,0.178216710930841,0.687157060909113,16.4404751412704,27.27988293952,28.8875741312884,48.8987314043052,57.8332753884782,21.2371696459989,44.5240457312835,63.2772510023899,34.3982773646084,45.4945351281741,"ZNF554"
"ENSG00000136982",44.688425900712,-0.635219643576812,0.471991353569544,-1.34582898346085,0.178357675917912,0.687326800294048,58.0252063809543,62.3540181474742,68.5048186541983,38.9378787108356,11.0158619787578,49.2316205429974,18.3334305952344,21.0924170007966,64.6270665638097,54.7619404320614,"DSCC1"
"ENSG00000180875",746.391012038883,0.567105816083865,0.421600472690871,1.34512613912481,0.178584503271051,0.687326800294048,657.619005650816,552.092869014095,834.438212763789,272.565150975849,269.888618479565,900.649058168953,1136.67269690453,1378.67707487025,489.914859435332,971.392574125643,"GREM2"
"ENSG00000102786",235.89617958601,-0.292660444176529,0.217622332269299,-1.34480887657418,0.178686962967784,0.687326800294048,299.796899634931,233.827568053028,282.272867225733,243.588124958483,225.825170564534,210.441044673989,152.77858829362,185.996768097934,287.694683413088,236.740080944758,"INTS6"
"ENSG00000111707",459.225269366457,-0.258989968806591,0.192588481495963,-1.34478431313671,0.178694897534611,0.687326800294048,492.247167465096,548.195742879877,511.722741754252,485.365185790881,469.551116844549,532.859892935972,302.938115073635,372.952282423177,427.372536954226,449.047911542903,"SUDS3"
"ENSG00000248098",7.29635639050883,-0.949161877763003,0.70586173349051,-1.34468527294909,0.178726892498734,0.687326800294048,13.5392148222227,14.2894624921295,9.90431113072746,3.62212825217076,4.13094824203416,1.9306517859999,12.2222870634896,7.6699698184715,3.12711612405531,2.52747417378745,"BCKDHA"
"ENSG00000165646",103.976429072941,0.35116747190899,0.261156421611719,1.3446633620639,0.178733971392808,0.687326800294048,97.6757640746064,80.5406067738208,67.6794593933043,111.380443754251,96.3887923141304,97.4979151929949,170.238998384319,110.255816140528,101.110088011122,106.996406690335,"SLC18A2"
"ENSG00000132323",212.632570876599,-0.293512331253184,0.218305927049677,-1.34450005650279,0.178786738166988,0.687326800294048,231.133738750801,201.351516934552,231.925952311201,291.581324299746,152.845084955264,236.504843784988,220.001167142813,178.326798279462,229.321849097389,153.333433209772,"ILKAP"
"ENSG00000236144",34.4755086523525,-0.649417070380759,0.483141860124663,-1.34415401350898,0.178898588771183,0.687326800294048,34.8151238285726,19.4856306710857,25.5861370877126,95.986398682525,31.6706031889286,30.8904285759984,42.7780047222136,26.8448943646503,15.6355806202765,21.0622847815621,"TMEM147-AS1"
"ENSG00000115355",624.919907522892,-0.347363566476263,0.258430140889648,-1.34412946291969,0.178906526173033,0.687326800294048,994.165202660351,713.174082561736,677.619953193937,483.554121664796,444.765427392344,517.414678647973,650.400275878554,412.260877742843,770.312938558958,585.531516927426,"CCDC88A"
"ENSG00000157600",119.547193264679,-0.445174328665191,0.331207321557956,-1.34409567569687,0.17891745028066,0.687326800294048,105.412458258734,168.875465816076,144.437870656442,149.412790402044,140.452240229161,148.660187521992,48.8891482539584,83.4109217758776,129.254133127619,76.666716604886,"TMEM164"
"ENSG00000123091",3508.17552096169,0.254391173432734,0.189272105090435,1.34405000309572,0.178932217965391,0.687326800294048,2841.30093912073,2835.80878366534,3733.92529628425,3165.74009239724,3671.03600442102,3584.25504070881,2872.23745992006,4503.23102967008,3323.08206782944,4551.13849559993,"RNF11"
"ENSG00000164077",116.310131324436,0.35561222650278,0.264590985548889,1.34400733934706,0.178946013592903,0.687326800294048,125.721280492068,89.6339010869942,124.629248394987,57.9540520347321,134.944309239783,134.180299126993,141.429321734665,99.7096076401295,138.635481499785,116.263811994223,"MON1A"
"ENSG00000118200",544.670749880496,-0.31528296903009,0.234598485425054,-1.34392585041139,0.178972365820123,0.687326800294048,656.6519188778,641.726770101089,698.253934716286,472.687736908284,487.451892560031,565.680973297971,346.589140300384,379.663506014339,676.499454837298,521.502171191477,"CAMSAP2"
"ENSG00000154114",467.940953691367,-0.269584900374395,0.200693746452271,-1.34326507497087,0.179186156698534,0.687326800294048,600.560886042877,510.523523582445,557.11750110342,415.639216936594,524.630426738338,481.697620606975,335.239873741429,353.777357876998,468.025046566945,432.198083717654,"TBCEL"
"ENSG00000118496",239.8210639355,-0.330355725906355,0.245940427727939,-1.34323473760807,0.179195976771381,0.687326800294048,277.553903855565,250.715114634636,272.368556095005,293.392388425831,152.845084955264,213.337022352989,168.492957375249,179.285544506771,301.245519950661,288.974547203032,"FBXO30"
"ENSG00000153130",953.697125852909,0.300822050558001,0.224028418117708,1.34278522825593,0.179341527897382,0.687326800294048,1024.14489262384,804.107025693469,994.557909377216,526.114128627802,940.479216436444,1011.66153586395,835.480622839967,1042.15714908482,1151.82110569371,1206.44767228788,"SCOC"
"ENSG00000168887",311.267320051947,-0.287731445357406,0.214359114663016,-1.34228696460953,0.179502968359313,0.687326800294048,295.928552542867,313.06913278211,340.048015488309,446.427307080046,326.344911120699,322.418848261983,298.57301255096,321.179986148494,239.745569510907,208.937865033096,"C2orf68"
"ENSG00000132953",186.017674125817,-0.386280247701114,0.287803458247799,-1.34216680387671,0.179541917333298,0.687326800294048,189.549007511117,188.361096487162,225.32307822405,262.60429828238,140.452240229161,206.579741101989,96.9052760033818,117.925785958999,238.703197469555,193.773019990371,"XPO4"
"ENSG00000014164",109.934080735523,-0.442213831616944,0.3294877480924,-1.34212526619634,0.179555382843735,0.687326800294048,100.577024393654,197.454390800335,129.581403960351,95.0808666194824,145.96017121854,88.8099821559954,99.5243375169867,55.6072811839184,68.7965547292168,117.948794776748,"ZC3H3"
"ENSG00000151923",650.356688678492,-0.314341001444043,0.234233378232213,-1.34199917969169,0.179596261634239,0.687326800294048,751.426422633359,565.083289461485,654.509893888906,975.258031896976,634.789046525916,677.658776885965,525.558343730053,534.021648611078,768.228194476254,417.033238674929,"TIAL1"
"ENSG00000197635",576.212672227141,0.576075018264735,0.429366708347567,1.34168534044426,0.179698042205023,0.687326800294048,623.770968595259,175.370676039771,683.397468020195,297.014516678002,968.018871383338,417.986111668978,1123.57738933651,588.670183567688,314.796356488234,569.524180493439,"DPP4"
"ENSG00000026559",181.877932516688,-0.562412115732977,0.419212734383875,-1.34159120084834,0.179728580783933,0.687326800294048,243.705866800008,206.547685113508,151.040744743594,300.636644930173,152.845084955264,257.742013430987,115.238706598616,148.605665232885,205.347292146299,37.0696212155493,"KCNG1"
"ENSG00000110768",810.756823830976,0.207284865607369,0.154543616918275,1.34127096117457,0.179832494372458,0.687326800294048,791.076980327011,702.781746203824,760.155879283333,713.559265677639,849.598355111692,1002.00827693395,814.528130731128,693.173522344362,850.575585743044,930.110495953781,"GTF2H1"
"ENSG00000133111",47.4783144590542,-0.439677335664007,0.327865426985089,-1.34102988444708,0.179910750072841,0.687326800294048,73.4985947492088,48.0645556553447,33.0143704357582,70.6315009173297,50.9483616517546,32.8210803619983,36.6668611904688,31.638625501195,42.7372536954226,54.7619404320614,"RFXAP"
"ENSG00000129028",31.9713632161431,-0.657794748473091,0.490551238159471,-1.34092974862547,0.179943262509875,0.687326800294048,34.8151238285726,61.0549761027352,59.4258667843648,9.05532063042689,16.5237929681366,39.5783616129979,17.4604100906994,23.9686556827235,29.1864171578495,28.6447073029244,"THAP10"
"ENSG00000186283",141.119886007707,0.403175375188849,0.300758577570005,1.34052826837501,0.180073660320331,0.687326800294048,154.733883682545,94.8300692659503,66.0287408715164,157.562578969428,117.043533524301,155.417468772992,188.572428979554,200.377961507568,155.313434161414,121.318760341798,"TOR3A"
"ENSG00000148300",385.175370304126,0.321156016215539,0.239626938447785,1.3402333573006,0.180169489972316,0.687326800294048,352.01958537779,391.011655466453,377.189182228538,220.044291319373,530.138357727717,367.789165232981,535.161569279937,370.07604374125,367.957330597175,340.366522070043,"REXO4"
"ENSG00000085117",12.5172567027402,0.840138871056276,0.626876383334855,1.34019863148602,0.18018077641833,0.687326800294048,13.5392148222227,3.89712613421714,9.07895186983351,7.24425650434151,13.7698274734472,4.82662946499975,23.5715536224442,31.638625501195,8.33897633081416,9.26740530388731,"CD82"
"ENSG00000198561",540.299563373612,-0.469154630326927,0.350100773477997,-1.34005596636139,0.18022715038124,0.687326800294048,482.576299734937,449.46854747971,466.327982405085,1194.39679115331,440.63447915031,436.327303635977,248.810843792467,435.270787198258,574.346994784825,674.835604401249,"CTNND1"
"ENSG00000136935",175.226779152113,-0.269566178154028,0.201160528515236,-1.34005503039634,0.180227454650312,0.687326800294048,183.746486873022,201.351516934552,149.390026221806,246.304721147611,180.384739902158,167.966705381991,154.52462930269,152.440650142121,141.762597623841,174.395717991334,"GOLGA1"
"ENSG00000128191",303.491232715206,-0.421132300234807,0.314266917769607,-1.34004655413187,0.180230210182032,0.687326800294048,320.105721868265,246.817988500419,278.146070921263,584.973712725577,408.963875961382,250.984732179987,326.509668696079,196.542976598332,205.347292146299,216.520287554458,"DGCR8"
"ENSG00000133103",124.789311627535,-0.458178285825558,0.341916662103985,-1.34002912582896,0.180235876012218,0.687326800294048,223.397044566674,142.894624921295,103.995266872638,126.774488825976,75.7340511039596,135.145625019993,73.3337223809376,66.1534896843167,152.186318037358,148.278484862197,"COG6"
"ENSG00000173269",8.74396110298878,0.873551938923439,0.651937857682634,1.33993129656337,0.180267682138953,0.687326800294048,1.93417354603181,7.79425226843427,6.60287408715164,7.24425650434151,2.75396549468944,16.4105401809991,9.60322554988468,19.1749245461788,8.33897633081416,7.58242252136235,"MMRN2"
"ENSG00000107036",387.761528263089,-0.303196948016777,0.226311616809746,-1.33973214583883,0.180332442653608,0.687326800294048,373.295494384139,428.683874763885,412.679630446978,534.263917195187,433.749565413587,395.783616129979,230.477413197232,299.128822920389,414.864072458004,354.688875721505,"RIC1"
"ENSG00000147274",857.276204547323,-0.29284658975537,0.218600662101883,-1.33964182422687,0.180361819440634,0.687326800294048,653.750658558752,883.348590422551,1062.23736877052,1253.25637525108,885.399906542655,746.196915288961,800.559802658569,815.893039439906,871.423026570079,600.69636197015,"RBMX"
"ENSG00000182197",2625.34399884619,0.213561760274726,0.159421826629823,1.3396017646355,0.180374849819942,0.687326800294048,2353.88920552071,2213.56764423533,2842.53729451878,2172.37141923941,3145.02859493534,2775.31194237486,3135.88965228962,2738.17922519433,2400.58281123313,2476.08219892044,"EXT1"
"ENSG00000116774",439.226301506599,-0.527381659372456,0.39372261235093,-1.33947516050308,0.180416035562921,0.687326800294048,353.953758923821,318.265300961066,415.981067490553,1063.09464201212,508.106633770202,307.938959866984,378.017878463643,534.980394838387,336.686169356622,175.238209382596,"OLFML3"
"ENSG00000128510",47.5868654323192,1.67021014256029,1.24697048037562,1.33941433967,0.18043582374526,0.687326800294048,31.9138635095249,6.49521022369523,4.12679630446978,39.8434107738783,19.2777584628261,16.4105401809991,133.572137193851,195.584230371023,0,28.6447073029244,"CPA4"
"ENSG00000113645",98.593604868103,-0.569787002762078,0.42547789330194,-1.33916946504605,0.180515510516498,0.687326800294048,139.26049531429,102.624321534385,190.657989266504,57.9540520347321,49.5713789044099,68.5381384029965,93.4131939852419,34.5148641831218,140.720225582489,108.68138947286,"WWC1"
"ENSG00000143149",516.768690792893,-0.327565104225405,0.244613532568342,-1.33911276610948,0.180533965134526,0.687326800294048,698.236650117484,567.681373550963,632.22519384477,455.482627710473,519.122495748959,391.92231255798,322.144566173404,381.580998468957,551.414809875086,647.87587988085,"ALDH9A1"
"ENSG00000141391",59.0668760591716,-0.339827703198925,0.253772587094961,-1.33910327781685,0.180537053562405,0.687326800294048,55.1239460619066,61.0549761027352,67.6794593933043,86.0255459890555,49.5713789044099,49.2316205429974,52.3812302720983,49.8548038200648,70.8812988119203,48.864500693224,"PRELID3A"
"ENSG00000024048",137.624785484407,-0.445880148365771,0.332998893345214,-1.3389838743504,0.180575922601799,0.687326800294048,110.247892123813,111.717615847558,115.550296525154,316.936222064941,118.420516271646,114.873781266994,99.5243375169867,132.306979368633,130.296505168971,126.373708689372,"UBR2"
"ENSG00000113971",214.318631218998,-0.519042421127372,0.387657806622825,-1.33891904731427,0.18059702814846,0.687326800294048,161.503491093656,175.370676039771,141.96179287376,567.768603527766,198.28551561764,141.902906270993,203.413777556648,215.717901144511,199.093059898188,138.168588167047,"NPHP3"
"ENSG00000110011",220.100707612485,0.462183160850038,0.345243286373771,1.33871730194824,0.180662721513678,0.687326800294048,188.581920738102,126.007078339687,183.229755918458,219.138759256331,331.852842110077,141.902906270993,331.747791723289,367.199805059323,138.635481499785,172.710735208809,"DNAJC4"
"ENSG00000136518",180.977716499616,-0.392293572148226,0.29307540867651,-1.33854141471566,0.180720009299242,0.687326800294048,258.212168395247,220.837147605638,222.847000441368,143.074065960745,123.928447261025,229.747562533988,116.984747607686,106.420831231292,207.432036229002,180.293157730171,"ACTL6A"
"ENSG00000178691",344.259911864474,-0.337086307819476,0.251841515761945,-1.33848586004426,0.180738106673787,0.687326800294048,474.83960555081,436.478127032319,401.949960055356,260.793234156294,290.543359689736,386.13035719998,258.414069342351,222.429124735674,412.779328375301,298.241952506919,"SUZ12"
"ENSG00000154429",165.715223153663,-0.401224472637612,0.299818378217873,-1.33822507820401,0.180823076411434,0.687326800294048,160.53640432064,226.033315784594,212.94268931064,176.578752293324,114.289568029612,171.828008953991,75.9527838945425,146.688172778268,232.448965221445,139.853570949572,"CCSAP"
"ENSG00000109814",720.185183379717,-0.344841808052006,0.257694478416308,-1.33818081850753,0.180837500354789,0.687326800294048,715.64421203177,1271.76216179953,823.708542372167,492.609442295223,585.217667621506,628.427156342967,563.098225425056,697.008507253598,640.016433389987,784.359485265372,"UGDH"
"ENSG00000172403",788.997414857837,0.809242980470373,0.604941488016239,1.33772107964374,0.180987376750248,0.687700468295743,207.92365619842,1154.84837777301,297.129333921824,515.24774387129,1589.03809043581,307.938959866984,266.271253883166,1071.87828213139,343.982773646084,2135.71567685039,"SYNPO2"
"ENSG00000186300",23.5161910061551,-0.480716224689146,0.359529562167725,-1.33707009179091,0.181199758671179,0.688186671992815,26.1113428714294,27.27988293952,33.0143704357582,27.1659618912807,17.9007757154814,11.5839107159994,28.809676649654,18.2161783188698,19.8050687856836,25.2747417378745,"ZNF555"
"ENSG00000082996",177.733565745396,0.341086907304004,0.255111219862501,1.3370125684313,0.181218534305973,0.688186671992815,145.063015952386,131.203246518644,141.96179287376,194.689393554178,121.174481766335,261.603317002986,182.461285447809,205.171692644113,231.406593180093,162.600838513659,"RNF13"
"ENSG00000107021",437.998198263429,0.29729850523646,0.222397207772821,1.33679063785797,0.181290986018145,0.688189707585107,353.953758923821,491.037892911359,440.741845317372,255.360041778038,563.18594366399,516.449352754973,488.018462035049,426.642071152477,388.80477142421,455.787842673003,"TBC1D13"
"ENSG00000204272",366.368402047584,0.313984882733656,0.234896601117463,1.33669402298692,0.181322533737277,0.688189707585107,350.085411831758,311.770090737371,419.282504534129,197.405989743306,413.094824203416,352.343950944982,467.938990430745,448.693234380583,366.914958555823,336.154065113731,"NBDY"
"ENSG00000109670",150.608953719134,-0.241402835847305,0.180621523164293,-1.33651201483738,0.181381976049345,0.688219463604583,152.799710136513,150.688877189729,154.34218178717,205.55577831069,134.944309239783,140.937580377993,134.445157698386,140.935695414414,149.059201913303,142.38104512336,"FBXW7"
"ENSG00000118898",189.207023239227,0.847310336681727,0.634196489283171,1.33603757037419,0.181536993556889,0.688507475040457,184.713573646038,229.930441918811,68.5048186541983,28.977026017366,286.412411447702,213.337022352989,273.255417919446,395.003445651282,15.6355806202765,196.300494164159,"PPL"
"ENSG00000173588",52.2846210357398,-0.449832443072277,0.336710072522382,-1.33596372601053,0.181561129918069,0.688507475040457,69.6302476571452,40.2703033869104,73.456974219562,65.1983085390736,37.1785341783074,48.2662946499975,50.6351892630283,34.5148641831218,75.0507869773274,28.6447073029244,"CEP83"
"ENSG00000084112",2416.6517974799,-0.284969613265845,0.213331806507348,-1.33580462253307,0.181613141695232,0.688508945647897,2241.70713985087,3057.94497331571,2366.30500098297,3164.8345603342,3011.4612684429,2288.78769230288,1725.96153746564,1912.69872348133,1914.8374399632,2481.97963865928,"SSH1"
"ENSG00000122417",191.150596012246,-0.418531710599179,0.313439996946615,-1.33528494983511,0.181783102509235,0.688578711458739,240.80460648096,131.203246518644,266.591041268748,261.698766219337,130.813360997748,154.452142879992,151.905567789085,98.7508614128206,233.491337262796,241.795029292333,"ODF2L"
"ENSG00000109944",79.2608879955787,0.347291454069813,0.260093965262618,1.33525379460132,0.181793295688015,0.688578711458739,68.6631608841293,62.3540181474742,85.8373631329713,55.237455845604,78.488016598649,64.6768348309966,87.3020504534971,85.3284142304955,122.999900879509,81.7216649524609,"C11orf63"
"ENSG00000111215",38.7782546802585,0.401382896485629,0.300625873603222,1.3351575221213,0.181824796208754,0.688578711458739,32.8809502825408,27.27988293952,37.141166740228,32.5991542695368,37.1785341783074,52.1275982219973,58.4923738038431,42.1848340015933,33.3559053232566,34.5421470417618,"PRR4"
"ENSG00000198917",112.254853736333,-0.283969693789766,0.212692742983632,-1.33511698521665,0.181838061165006,0.688578711458739,110.247892123813,120.810910160731,135.358918786609,135.829809456403,112.912585282267,126.457691982993,114.365686094081,93.9571302762759,91.7287396389557,80.8791735611984,"SPOUT1"
"ENSG00000180353",20.3676090653388,1.34372562867209,1.00661069448794,1.33490100595011,0.181908748509543,0.6886508597422,16.4404751412704,1.29904204473905,8.25359260893955,16.2995771347684,9.63887923141304,6.75728125099965,1.74604100906994,1.91749245461788,20.8474408270354,120.476268950535,"HCLS1"
"ENSG00000006607",288.386266796648,-0.371696302249054,0.278486558089512,-1.33470105271502,0.181974208902321,0.688703185053989,286.257684812708,467.655136106056,326.016908053112,257.171105904124,188.646636386227,228.782236640988,181.588264943274,255.026496464178,308.542124240124,384.176074415692,"FARP2"
"ENSG00000070018",122.604499810536,-0.507511771184837,0.380439832592421,-1.3340132333844,0.182199519610025,0.68916797730873,117.98458630794,90.9329431317332,85.8373631329713,301.542176993215,93.6348268194409,99.4285669789949,68.9686198582627,105.462085003983,119.872784755454,142.38104512336,"LRP6"
"ENSG00000102312",108.844708907095,0.45728820915016,0.34285542707593,1.33376395132543,0.182281228620516,0.68916797730873,72.5315079761929,101.325279489646,80.8852075676076,101.419591060781,122.55146451368,91.7059598349952,183.334305952344,182.161783188698,57.3304622743473,95.2015272126606,"PORCN"
"ENSG00000168476",59.7734764977872,-0.436023670585014,0.32692898309125,-1.33369536852385,0.182303713274739,0.68916797730873,68.6631608841293,61.0549761027352,53.6483519581071,100.514058997738,28.9166376942391,51.1622723289973,68.9686198582627,65.1947434570078,62.5423224811062,37.0696212155493,"REEP4"
"ENSG00000165525",242.958097546519,0.365939805045892,0.274470806503337,1.3332558376894,0.182447860897751,0.689517461261917,184.713573646038,140.296540831817,191.483348527398,311.503029686685,192.777584628261,241.331473249987,378.017878463643,288.58261441999,243.915057676314,256.959874335057,"NEMF"
"ENSG00000129472",173.186692616831,-0.29089378173679,0.218224014418059,-1.3330053638346,0.182530043579299,0.689608036415407,157.635144001593,227.332357829333,178.277600353094,215.51663100416,147.337153965885,172.793334846991,112.619645085011,156.275635051357,171.991386823042,192.088037207846,"RAB2B"
"ENSG00000167220",248.655300797342,0.24933621982768,0.187067500386971,1.33286765104521,0.182575240052696,0.689608036415407,247.574213892072,201.351516934552,233.576670832989,210.083438625904,274.019566721599,333.037433084983,209.524921088393,245.439034191088,274.143846875515,257.80236572632,"HDHD2"
"ENSG00000146374",20.3445627581449,0.690330531730887,0.518004644295509,1.33267247568744,0.182639309592489,0.689654720281718,14.5063015952386,22.0837147605638,20.6339815223489,2.71659618912807,17.9007757154814,15.4452142879992,24.4445741269792,18.2161783188698,31.2711612405531,36.2271298242868,"RSPO3"
"ENSG00000204685",68.9310395403179,0.361201753704762,0.271103336878331,1.33233975599078,0.182748568761824,0.689666149876241,35.7822106015885,58.4568920132571,71.8062556977741,68.8204367912444,81.2419820933385,79.1567232259959,70.7146608673327,82.4521755485687,84.4321353494933,56.4469232145864,"STARD7-AS1"
"ENSG00000034510",31233.8128090676,0.336509960873148,0.252614424433832,1.33210904970033,0.182824357002992,0.689666149876241,28778.5681914073,21088.6485542937,33397.337132813,24658.5436087155,36604.3323726647,31874.0956609653,40124.8954089318,40993.1124410483,36788.436455428,18030.1582644084,"TMSB10"
"ENSG00000104518",161.281153685846,-0.490966784878149,0.368574156559983,-1.33207056474196,0.182837001783138,0.689666149876241,267.883036125406,193.557264666118,135.358918786609,182.917476734623,224.448187817189,77.226071439996,211.270962097463,138.059456732487,70.8812988119203,111.208863646648,"GSDMD"
"ENSG00000113068",665.527616146821,0.270163804672593,0.202841046913759,1.33189908444644,0.182893351951424,0.689666149876241,696.302476571452,541.700532656182,730.44294589115,400.245171864869,761.47145928163,674.762799206965,795.321679631359,704.678477072069,649.397781762152,700.952837530386,"PFDN1"
"ENSG00000197977",5.48525337624628,-1.43157452645354,1.07485559290716,-1.33187614773587,0.182900890163625,0.689666149876241,13.5392148222227,2.59808408947809,0.825359260893955,18.1106412608538,2.75396549468944,0.96532589299995,0,4.79373113654469,10.4237204135177,0.842491391262483,"ELOVL2"
"ENSG00000188785",63.3958005731436,-0.363608293801171,0.273079031134427,-1.33151305060175,0.183020253702463,0.689921176831471,57.0581196079384,68.8492283711694,62.7273038279406,103.230655186867,72.9800856092701,65.6421607239966,46.2700867403535,53.6897887293005,52.1186020675885,51.3919748670115,"ZNF548"
"ENSG00000106400",806.602631131167,0.396034125118632,0.297479628278053,1.33129830573965,0.183090875492981,0.689992372548711,868.443922168283,709.276956427519,847.643960938092,287.053663984532,999.689474572267,739.439634037962,1106.11697924581,835.067963986085,725.490940780832,947.802815170293,"ZNHIT1"
"ENSG00000197622",582.83296323798,-0.512787423321831,0.385244243357498,-1.33107095605833,0.183165664556661,0.690079228302879,562.844501895257,397.506865690148,484.485886144752,1395.42490914878,638.91999476795,743.300937609961,339.604976264104,316.38625501195,577.47411090888,372.381194938018,"CDC42SE1"
"ENSG00000205710",23.5608428973591,-0.538534118860448,0.404689708589181,-1.33073341730847,0.183276743222759,0.690302717978519,31.9138635095249,38.9712613421714,21.4593407832428,23.5438336391099,24.785689452205,31.8557544689983,13.0953075680246,16.2986858642519,21.8898128683872,11.7948794776748,"C17orf107"
"ENSG00000173334",37.8532934242908,-0.588227010609415,0.442104075396865,-1.33051705094865,0.183347972218081,0.690345113593389,42.5518180126998,31.1770090737371,51.9976334363192,63.3872444129882,23.4087067048602,42.4743392919978,23.5715536224442,11.5049547277073,61.4999504397544,26.9597245203995,"TRIB1"
"ENSG00000149489",38.0562904680158,0.522903863404498,0.393129522928274,1.33010581222591,0.183483410801687,0.690345113593389,28.0455164174613,25.9808408947809,29.7129333921824,36.2212825217076,75.7340511039596,30.8904285759984,60.238414812913,38.3498490923575,20.8474408270354,34.5421470417618,"ROM1"
"ENSG00000163322",93.2280599630103,-0.380533092976027,0.286109503645527,-1.33002604991229,0.183509688538971,0.690345113593389,119.918759853972,111.717615847558,116.375655786048,84.2144818629701,111.535602534922,93.6366116209951,44.5240457312835,93.9571302762759,90.6863675976039,65.7143285184737,"ABRAXAS1"
"ENSG00000136710",198.633846931763,0.429990241158922,0.323321619489264,1.32991490590131,0.183546309642318,0.690345113593389,195.351528149213,190.95918057664,197.260863353655,74.2536291695005,269.888618479565,164.105401809991,222.620228656418,181.203036961389,168.864270698987,321.831711462269,"CCDC115"
"ENSG00000105258",264.569200077892,0.409691227171278,0.308058576434003,1.32991339476325,0.183546807588075,0.690345113593389,220.495784247626,218.23906351616,318.588674705067,126.774488825976,231.333101553913,262.568642895986,427.780047222136,359.529835240852,290.821799537144,189.560563034059,"POLR2I"
"ENSG00000144741",275.551648637945,0.353103216268445,0.26555152151385,1.32969758280985,0.18361793158378,0.690417917545216,269.817209671438,185.763012397684,236.052748615671,252.64344558891,344.24568683618,162.174750023992,376.271837454573,380.622252241648,256.423522172535,291.502021376819,"SLC25A26"
"ENSG00000035403",1145.05721652638,-0.494950066436425,0.372361931937152,-1.3292176884504,0.183776160978826,0.690674468446189,973.856380427017,921.020809719984,845.993242416304,2805.33833130625,934.971285447065,990.424366217949,567.463327947731,876.294051760369,1477.04118259546,1058.16918742568,"VCL"
"ENSG00000134262",64.1347635060111,-0.612751418190189,0.461000778869223,-1.32917653565183,0.183789734461687,0.690674468446189,49.3214254238112,38.9712613421714,42.9186815664857,191.97279736505,64.7181891252018,44.4049910779977,61.111435317448,65.1947434570078,44.8219977781261,37.9121126068117,"AP4B1"
"ENSG00000109089",566.986092428618,-0.305039104483228,0.229528993334487,-1.32897853143416,0.183855052839632,0.690725306963992,580.252063809543,778.126184798688,810.502794197864,392.095383297484,538.400254211785,528.033263470973,545.637815334357,492.795560836794,574.346994784825,429.670609543866,"CDR2L"
"ENSG00000196139",189.920005301114,0.78384021064603,0.590038838914665,1.32845527946575,0.18402774791546,0.690859756182755,126.688367265084,239.023736231984,136.184278047503,28.977026017366,196.908532870295,70.4687901889964,357.938406859338,260.778973828031,50.0338579848849,432.198083717654,"AKR1C3"
"ENSG00000244509",506.782576983375,0.440745503032837,0.331786920770012,1.32839926905483,0.184046240812576,0.690859756182755,470.00417168573,493.635977000837,440.741845317372,265.320894471508,681.606459935636,277.048531290986,573.574471479476,644.277464751606,347.109889770139,874.506064130458,"APOBEC3C"
"ENSG00000107262",577.813240015269,0.304295601348453,0.229171210822287,1.3278090221569,0.184241205659104,0.691241438031663,443.892828814301,541.700532656182,638.828067931921,402.056235990954,512.237582012236,733.647678679962,782.226372063334,687.421044980509,443.008117574502,593.113939448788,"BAG1"
"ENSG00000138759",52.0494017417668,0.728530278116026,0.548725860663655,1.3276762229411,0.184285091719725,0.691241438031663,17.4075619142863,54.5597658790399,45.3947593491675,32.5991542695368,15.1468102207919,43.4396651849978,31.428738163259,93.9571302762759,45.8643698194779,140.696062340835,"FRAS1"
"ENSG00000100601",52.8649910255818,-0.362621172208821,0.273171041347186,-1.32745100073748,0.184359538429452,0.691241438031663,63.8277270190498,61.0549761027352,60.2512260452587,59.7651161608175,34.424568683618,48.2662946499975,43.6510252267486,44.1023264562111,41.6948816540708,71.6117682573111,"ALKBH1"
"ENSG00000125633",270.048188282408,-0.36514095742147,0.275095647163064,-1.32732364611001,0.184401645077205,0.691241438031663,253.376734530167,300.07871233472,259.988167181596,434.655390260491,190.023619133571,244.227450928987,163.25483434804,223.387870962983,261.635382379294,369.85372076423,"CCDC93"
"ENSG00000140386",71.5628750079463,0.332838736764242,0.250762388424794,1.32730725231573,0.184407065795656,0.691241438031663,58.0252063809543,54.5597658790399,56.9497890016829,77.8757574216713,81.2419820933385,66.6074866169966,83.8099684353572,57.5247736385363,81.305019225438,97.729001386448,"SCAPER"
"ENSG00000120800",49.4279187330255,-0.509791136414805,0.384154917946478,-1.32704571150598,0.184493561977635,0.691297985097796,58.0252063809543,58.4568920132571,45.3947593491675,79.6868215477566,15.1468102207919,31.8557544689983,41.0319637131436,39.3085953196665,56.2880902329956,69.0842940835236,"UTP20"
"ENSG00000136810",2881.64471942436,0.358134378083496,0.26989401178298,1.32694451320939,0.184527038104643,0.691297985097796,2994.10064925724,2663.03619171504,2984.49908739254,1218.84615685546,2343.62463598071,2824.54356291785,3437.08172635418,3078.534135889,3351.22611294594,3920.9549349356,"TXN"
"ENSG00000068120",526.0808555233,0.308516177894753,0.232552658428263,1.32665083246048,0.18462421236906,0.691297985097796,451.629522998428,515.719691761401,497.691634319055,375.795806162716,710.523097629875,562.784995618971,773.496167017984,498.548038200648,479.491139021814,395.128462502105,"COASY"
"ENSG00000176222",49.233883590938,0.565609233431758,0.42639915890849,1.32647830469371,0.184681316705665,0.691297985097796,38.6834709206362,29.8779670289981,15.6818259569851,68.8204367912444,34.424568683618,66.6074866169966,68.9686198582627,84.3696680031865,38.5677655300155,46.3370265194366,"ZNF404"
"ENSG00000102362",41.6469702371909,-0.68714273395906,0.518230525626055,-1.32594029101035,0.184859475828458,0.69169737570093,40.617644466668,22.0837147605638,20.6339815223489,132.207681204233,20.6547412101708,41.5090133989979,44.5240457312835,31.638625501195,36.4830214473119,26.117233129137,"SYTL4"
"ENSG00000174574",956.635145997516,0.22329999546262,0.168431225725462,1.32576364329612,0.184917999093204,0.69169737570093,880.048963444474,772.930016619732,900.466953635305,922.7371722405,955.626026657236,1202.79606267794,838.099684353572,996.137330173987,1193.51598734778,903.993262824644,"AKIRIN1"
"ENSG00000158186",1115.87058519334,0.315939682388135,0.238321588940521,1.32568637106136,0.184943603640213,0.69169737570093,749.492249087327,735.2577973223,1271.05326177669,1134.63167499249,1094.70128413905,1298.36332608493,864.290299489621,1189.80406809039,1570.85466631712,1250.25722463352,"MRAS"
"ENSG00000227063",413.189656795318,0.349308711906985,0.263548124728911,1.32540769267962,0.185035966924752,0.691848805964514,387.801795979378,276.695955529417,392.871008185523,361.307293154033,488.828875307376,378.40775005598,580.558635515756,636.607494933135,296.033659743903,332.784099548681,"RPL41P1"
"ENSG00000198618",486.633557260381,-0.27070363655526,0.204303798629575,-1.32500540063905,0.185169360070471,0.691892752354888,520.292683882557,661.212400772174,557.11750110342,431.03326200832,526.007409485683,334.002758977983,425.160985708531,410.343385288225,462.813186360186,538.351999016727,"PPIAP22"
"ENSG00000173611",110.073386106665,-0.282910314636707,0.213534328635951,-1.32489383062633,0.185206367371428,0.691892752354888,120.885846626988,96.1291113106894,115.550296525154,159.373643095513,100.519740556165,109.081825908994,89.0480914625671,107.379577458601,108.406692300584,94.3590358213981,"SCAI"
"ENSG00000164080",189.675882681092,-0.380127032907107,0.286969580366885,-1.3246248345247,0.185295614736074,0.691892752354888,177.943966234927,309.172006647893,132.882841003927,261.698766219337,210.678360343742,171.828008953991,170.238998384319,105.462085003983,178.245619071153,178.608174947646,"RAD54L2"
"ENSG00000156675",32.3392218458946,0.523715213292708,0.395449657149384,1.32435369161256,0.185385606556192,0.691892752354888,39.6505576936521,19.4856306710857,29.7129333921824,13.5829809456403,30.2936204415838,40.5436875059979,26.1906151360491,41.2260877742843,27.101673075146,55.6044318233239,"RAB11FIP1"
"ENSG00000115392",33.7108188902199,-0.500981092031056,0.378317848157138,-1.32423329872337,0.185425575089944,0.691892752354888,56.0910328349225,31.1770090737371,45.3947593491675,30.7880901434514,28.9166376942391,27.0291250039986,13.0953075680246,36.4323566377396,26.0593010337942,42.1245695631242,"FANCL"
"ENSG00000129562",839.081465396052,0.306129727340528,0.231194614094088,1.32412136216955,0.185462741971112,0.691892752354888,724.347992988913,510.523523582445,816.280309024122,887.421421781835,720.161976861288,882.307866201954,1166.35539405872,1109.26938499644,863.084050239265,711.062734225536,"DAD1"
"ENSG00000096746",854.789777570228,-0.30831916454915,0.233005428530116,-1.32322738785161,0.185759770679241,0.692150233396093,929.370388868285,906.731347227854,1115.88572072863,913.681851610073,574.201805642748,978.840455501949,777.861269540659,525.392932565298,1038.20255318636,787.729450830422,"HNRNPH3"
"ENSG00000174007",57.5290000416368,0.425591700189038,0.321659610080229,1.32311203163769,0.185798124128322,0.692150233396093,56.0910328349225,45.4664715658666,61.0765853061527,28.0714939543234,72.9800856092701,46.3356428639976,90.794132471637,58.4835198658452,46.9067418608296,69.0842940835236,"CEP19"
"ENSG00000064692",7.56729709772949,-1.16112410847256,0.877619941583479,-1.32303751710286,0.185822901713548,0.692150233396093,4.83543386507953,1.29904204473905,19.8086222614549,19.0161733238965,4.13094824203416,6.75728125099965,1.74604100906994,0.958746227308938,14.5932085789248,2.52747417378745,"SNCAIP"
"ENSG00000182255",43.3934193434099,1.52068824852989,1.14944755787465,1.32297314315207,0.18584430931691,0.692150233396093,13.5392148222227,7.79425226843427,3.30143704357582,57.0485199716894,110.158619787578,77.226071439996,33.1747791723289,23.0099094554145,0,108.68138947286,"KCNA4"
"ENSG00000131373",62.4570913557957,0.394610619435641,0.298299198079085,1.32286852253294,0.185879104868074,0.692150233396093,54.1568592888907,44.1674295211276,68.5048186541983,43.4655390260491,49.5713789044099,54.0582500079972,87.3020504534971,74.7822057300972,54.203346150292,94.3590358213981,"HACL1"
"ENSG00000196646",31.5718314970671,-0.438873320716962,0.331809801702422,-1.32266532955093,0.185946698153906,0.692150233396093,28.0455164174613,51.9616817895618,36.315807479334,34.4102183956222,24.785689452205,27.0291250039986,20.9524921088393,27.8036405919592,23.9745569510907,40.4395867805992,"ZNF136"
"ENSG00000135845",178.793821112013,0.360186040413849,0.272332115645987,1.32259847340982,0.185968942196794,0.692150233396093,136.359234995243,98.7271954001675,193.134067049185,182.01194467158,181.761722649503,211.406370566989,263.652192369561,217.635393599129,127.169389044916,176.080700773859,"PIGC"
"ENSG00000196756",170.460638846557,-0.656423863273217,0.496316869681173,-1.32259027120093,0.185971671330421,0.692150233396093,107.346631804766,64.9521022369523,444.043282360948,256.265573841081,121.174481766335,114.873781266994,158.889731825365,116.008293504381,259.550638296591,61.5018715621613,"SNHG17"
"ENSG00000129235",537.613481958071,0.344891732564417,0.260785995057089,1.32250864349106,0.185998833057779,0.692150233396093,535.766072250812,462.4589679271,558.768219625208,293.392388425831,543.908185201164,753.919522432961,576.193532993081,487.043083472941,761.973962228144,402.710885023467,"TXNDC17"
"ENSG00000175482",227.91488525621,0.3544967619827,0.268223884508557,1.3216450228965,0.186286383598861,0.692561064956445,183.746486873022,209.145769202986,195.610144831867,191.97279736505,375.916290025108,211.406370566989,324.763627687009,239.686556827235,183.457479277911,163.443329904922,"POLD4"
"ENSG00000150347",1774.11630392913,-0.220933616252414,0.167167237186054,-1.32163227658371,0.186290630061532,0.692561064956445,1874.21416610482,2039.4960102403,1892.54878522984,1949.61053173091,2221.07317146703,1477.91394218292,1521.67473940445,1555.0863806951,1505.18522771196,1704.360084524,"ARID5B"
"ENSG00000151470",44.1869082189596,-0.483418089738407,0.365800923567097,-1.32153326739684,0.18632361763004,0.692561064956445,60.926466700002,57.157849968518,65.2033816106225,29.8825580804087,39.9324996729969,47.3009687569975,25.3175946315142,20.1336707734877,43.7796257367743,52.234466258274,"C4orf33"
"ENSG00000089094",219.21091376083,-0.279946608240601,0.211884622014282,-1.32122192530674,0.186427377734849,0.692561064956445,226.298304885722,284.490207797851,220.370922658686,249.021317336739,253.364825511428,224.920933068988,206.032839070253,150.523157687503,217.85575664252,159.230872948609,"KDM2B"
"ENSG00000165819",78.0378731177266,-0.584426533948862,0.442343370816594,-1.32120558938178,0.186432823141401,0.692561064956445,34.8151238285726,64.9521022369523,78.4091297849257,211.894502751989,52.3253443990994,42.4743392919978,87.3020504534971,67.1122359116257,63.5846945224579,77.5092079961484,"METTL3"
"ENSG00000155666",14.6793750490147,-0.591955403317437,0.448091463642717,-1.32105931790173,0.186481586418712,0.692561064956445,16.4404751412704,18.1865886263466,9.07895186983351,29.8825580804087,12.3928447261025,12.5492366089993,12.2222870634896,13.4224471823251,12.5084644962212,10.1098966951498,"KDM8"
"ENSG00000134330",711.913641988917,0.24332114510203,0.184212879220088,1.32086934492415,0.186544932757064,0.692561064956445,678.894914657166,532.607238343009,694.95249767271,657.416277768992,805.534907196661,663.178888490966,885.242791598461,873.417813078442,580.601227032936,747.289864049823,"IAH1"
"ENSG00000084693",420.876328728465,0.261435348586031,0.197940950787099,1.32077444079384,0.186576584418423,0.692561064956445,432.28778753811,398.805907734887,334.270500662052,338.668991577966,586.594650368851,396.748942022979,440.87535479016,450.610726835201,342.940401604732,486.960024149715,"AGBL5"
"ENSG00000187193",51.3030031490953,0.497783135417635,0.376935542426025,1.32060546005774,0.186632951334752,0.69257657342477,58.0252063809543,20.7846727158247,43.7440408273796,41.6544748999637,27.5396549468944,76.260745546996,69.8416403627977,47.9373113654469,79.2202751427345,48.0220093019615,"MT1X"
"ENSG00000155158",135.321902869891,-0.525563475853046,0.398107975699969,-1.32015309396648,0.186783909043722,0.69257657342477,131.523801130163,94.8300692659503,111.423500220684,324.180478569283,126.682412755714,190.16920092099,97.7782965079168,100.668353867438,113.618552507343,62.3443629534237,"TTC39B"
"ENSG00000221926",142.781755306365,0.451014479850427,0.3416456492225,1.32012358675377,0.186793758938382,0.69257657342477,91.873243436511,170.174507860815,154.34218178717,52.520859656476,159.729998691988,181.481267883991,199.921695538508,129.430740686707,102.152460052473,186.190597469009,"TRIM16"
"ENSG00000099800",855.574680489104,0.368675233472316,0.279302834697261,1.31998385863834,0.186840407226687,0.69257657342477,791.076980327011,795.013731380296,894.689438809047,432.844326134405,868.876113574518,784.809951008959,1402.07093028316,1019.1472396294,963.151766209035,604.0663275352,"TIMM13"
"ENSG00000133943",111.512508808644,0.390104025202359,0.295741313312423,1.31907179566167,0.18714511124412,0.693285286450832,120.885846626988,88.3348590422551,81.7105668285016,85.1200139260128,147.337153965885,72.3994419749963,171.112018888854,118.884532186308,84.4321353494933,144.908519297147,"C14orf159"
"ENSG00000164070",19.2204312788882,0.599129373281983,0.454257401382839,1.31892044347132,0.187195710798717,0.693285286450832,11.6050412761909,16.8875465816076,12.3803889134093,18.1106412608538,22.0317239575155,11.5839107159994,18.3334305952344,37.3911028650486,13.550836537573,30.3296900854494,"HSPA4L"
"ENSG00000181450",18.5664265288157,-0.500214537894079,0.379323076833378,-1.31870315423441,0.187268371866581,0.693285286450832,24.1771693253976,23.3827568053028,25.5861370877126,17.2051091978111,12.3928447261025,15.4452142879992,10.4762460544197,18.2161783188698,17.7203247029801,21.0622847815621,"ZNF678"
"ENSG00000181031",31.1407926756167,0.558432050940108,0.423521518781245,1.3185446929523,0.187321374118876,0.693285286450832,23.2100825523817,28.578924984259,18.983263000561,26.260429828238,38.5555169256522,32.8210803619983,21.8255126133743,53.6897887293005,53.1609741089403,14.3223536514622,"RPH3AL"
"ENSG00000115484",717.764676936875,-0.196111953169467,0.148743147709732,-1.31846042112927,0.187349565934617,0.693285286450832,780.439025823836,730.061629143344,898.816235113517,697.259688542871,743.570683566149,594.640750087969,657.384439914833,650.02994211546,720.279080574073,705.165294486698,"CCT4"
"ENSG00000188419",151.383667258892,-0.346648720960557,0.262978463029487,-1.3181639171786,0.187448781578776,0.693285286450832,164.404751412704,149.38983514499,211.291970788852,169.334495788983,108.781637040233,139.972254484993,84.6829889398922,126.55450200478,174.076130905746,185.348106077746,"CHM"
"ENSG00000146592",111.702198775598,-0.628733338288348,0.476989011177116,-1.31812960792694,0.187460264585305,0.693285286450832,193.417354603181,240.322778276723,43.7440408273796,90.5532063042689,41.3094824203416,47.3009687569975,109.127563066871,137.100710505178,128.211761086268,85.9341219087733,"CREB5"
"ENSG00000213516",76.7719875396587,-0.399632728309029,0.303289432572622,-1.31766123507563,0.187617076823193,0.693285286450832,99.6099376206383,74.0453965501256,70.9808964368801,114.097039943379,70.2261201145807,86.8793303699955,45.3970662358185,43.1435802289022,91.7287396389557,71.6117682573111,"RBMXL1"
"ENSG00000095485",137.926931596762,-0.302050228739853,0.229244887821584,-1.31758763133219,0.187641728316043,0.693285286450832,119.918759853972,176.66971808451,135.358918786609,191.067265302007,112.912585282267,145.764209842992,149.28650627548,137.100710505178,108.406692300584,102.783949734023,"CWF19L1"
"ENSG00000135093",84.4235924714876,-0.293840795652128,0.223028623710925,-1.31750261810782,0.187670204067382,0.693285286450832,106.37954503175,97.4281533554284,72.6316149586681,103.230655186867,86.7499130827173,79.1567232259959,61.984455821983,78.6171906393329,72.9660428946239,85.0916305175108,"USP30"
"ENSG00000131148",326.993975264203,0.251883994932186,0.191185245182058,1.31748658057962,0.187675576302936,0.693285286450832,329.776589598424,354.63847821376,269.892478312323,220.949823382416,315.329049141941,341.725366121982,369.287673418293,373.911028650486,387.762399382858,306.666866419544,"EMC8"
"ENSG00000144233",357.648902138411,-0.286505332589335,0.217481219980314,-1.3173796460001,0.187711400045898,0.693285286450832,312.369027684137,389.712613421714,351.603045140825,549.657962266912,333.229824857422,340.760040228982,286.350725487471,305.840046511551,417.99118858206,288.974547203032,"AMMECR1L"
"ENSG00000102125",103.007402184873,-0.567116999082428,0.430491500431857,-1.31737095509089,0.187714311775783,0.693285286450832,95.7415905285746,58.4568920132571,71.8062556977741,285.242599858447,97.7657750614751,86.8793303699955,93.4131939852419,116.96703973169,65.6694386051615,58.1319059971113,"TAZ"
"ENSG00000121361",96.1860282702466,0.48353277330139,0.367081203453095,1.31723653718264,0.187759350278204,0.693285286450832,50.2885121968271,116.913784026514,67.6794593933043,76.0646932955859,156.976033197298,41.5090133989979,115.238706598616,134.224471823251,109.449064341936,93.5165444301356,"KCNJ8"
"ENSG00000143842",96.0051173619278,-0.291250729112303,0.221183616711683,-1.3167825603103,0.187911520204512,0.693347914387663,84.1365492523838,123.408994250209,122.978529873199,100.514058997738,104.650688798199,98.4632410859949,76.8258043990775,87.2459066851134,75.0507869773274,86.7766133000358,"SOX13"
"ENSG00000153107",120.822695460165,-0.348074611175066,0.26437257756395,-1.31660633785238,0.187970613275452,0.693347914387663,139.26049531429,164.978339681859,141.96179287376,108.663847565123,111.535602534922,149.625513414992,81.1909069217523,70.9472208208614,127.169389044916,112.893846429173,"ANAPC1"
"ENSG00000145982",82.0829163962373,0.384398581330634,0.291993798315634,1.31646145756532,0.188019206576895,0.693347914387663,74.4656815222247,93.5310272212113,77.5837705240318,32.5991542695368,99.1427578088198,78.1913973329959,83.8099684353572,89.1633991397312,97.9829718870663,94.3590358213981,"FARS2"
"ENSG00000168883",412.711092299676,0.219145454357352,0.166482717902475,1.31632554488765,0.188064800540309,0.693347914387663,389.73596952541,398.805907734887,422.583941577705,292.486856362789,406.209910466692,458.529799174976,399.843391077017,463.074427790217,423.203048788818,472.637670498253,"USP39"
"ENSG00000131018",419.120642862767,-0.4421936867706,0.335963656002243,-1.31619500761609,0.188108598922581,0.693347914387663,246.607127119056,670.305695085348,399.473882272674,676.432451092889,243.725946280015,439.223281314977,240.953659251652,330.767448421584,519.101276593181,424.615661196292,"SYNE1"
"ENSG00000158445",64.3157660056078,0.988340276430257,0.75097597940286,1.31607441987177,0.188149065687258,0.693347914387663,26.1113428714294,113.016657892297,18.157903739667,5.43319237825613,53.7023271464441,30.8904285759984,92.5401734807069,146.688172778268,8.33897633081416,148.278484862197,"KCNB1"
"ENSG00000107140",623.472278492703,0.295745629798027,0.224720665426091,1.316058891323,0.188154277215351,0.693347914387663,390.703056298426,636.530601922133,660.287408715164,507.097955303906,711.90008037722,638.080415272967,866.909361003226,743.028326164427,540.991089461568,539.194490407989,"TESK1"
"ENSG00000158406",26.9030939436885,0.74246216343666,0.56420417513515,1.31594588653799,0.188192205899628,0.693347914387663,8.70378095714315,42.8683874763885,19.8086222614549,6.33872444129882,22.0317239575155,23.1678214319988,39.2859227040737,27.8036405919592,16.6779526616283,62.3443629534237,"HIST1H4H"
"ENSG00000138378",32.8285138952754,-0.628951876419861,0.47804399964341,-1.31567779720908,0.188282209393442,0.69341539563142,31.9138635095249,32.4760511184761,19.8086222614549,82.4034177368847,24.785689452205,36.6823839339981,43.6510252267486,15.339939636943,26.0593010337942,15.1648450427247,"STAT4"
"ENSG00000186625",186.933088998876,0.26364682279787,0.200403242692903,1.3155816206122,0.188314505734198,0.69341539563142,178.911053007943,128.605162429166,181.57903739667,177.484284356367,184.515688144192,190.16920092099,260.160110351421,197.501722825641,191.796455608726,178.608174947646,"KATNA1"
"ENSG00000125755",291.457326617915,-0.347395518580072,0.264098456736481,-1.31540154710826,0.188374985854289,0.693446642654886,215.660350382547,400.104949779626,238.528826398353,483.554121664796,304.313187163183,236.504843784988,306.430197091775,244.480287963779,231.406593180093,253.589908770007,"SYMPK"
"ENSG00000115966",572.801273787879,-0.292121667666737,0.2221156318786,-1.31517833839988,0.188449973402651,0.69353126249204,631.507662779386,719.669292785431,683.397468020195,538.7915775104,670.590597956878,594.640750087969,418.176821672251,392.127206969356,645.228293596745,433.883066500179,"ATF2"
"ENSG00000167733",100.49444852062,0.610520734636773,0.464413164513025,1.3146068658001,0.18864206146356,0.694046668617792,103.478284712702,61.0549761027352,86.6627223938653,54.3319237825613,99.1427578088198,43.4396651849978,190.318469988624,164.904351097137,36.4830214473119,165.128312687447,"HSD11B1L"
"ENSG00000170043",1038.24556802872,0.361529420205731,0.275194056429314,1.3137253939879,0.188938632088844,0.694946093813819,991.263942341303,1034.03746761228,1102.67997255432,419.261345188765,1239.28447261025,948.915352818951,1326.99116689316,1339.36847955059,944.389069464703,1036.26441125285,"TRAPPC1"
"ENSG00000164056",61.2021703941411,0.60437029030904,0.460205326544454,1.31326226675184,0.189094588641038,0.695327964903644,41.5847312396839,57.157849968518,40.4426037838038,47.9931993412625,42.6864651676863,67.5728125099965,85.5560094444272,121.760770868235,14.5932085789248,92.6740530388731,"SPRY1"
"ENSG00000135245",234.00406375658,0.433120092053397,0.329849741694609,1.31308301115603,0.18915497783345,0.695358307432393,169.240185277783,145.492709010773,223.672359702262,234.532804328056,283.658445953012,163.140075916992,418.176821672251,356.653596558925,158.440550285469,187.033088860271,"HILPDA"
"ENSG00000100242",138.104373618952,-0.386141052719014,0.294173117736453,-1.31263201644738,0.189306975753164,0.695725306040216,123.787106946036,136.3994146976,105.645985394426,277.092811291063,111.535602534922,147.694861628992,125.714952653036,109.297069913219,125.084644962212,118.79128616801,"SUN2"
"ENSG00000107954",10.3757184456831,-0.866737684880531,0.660554518339151,-1.31213648656858,0.189474087059467,0.69595590721898,30.946776736509,3.89712613421714,14.8564666960912,7.24425650434151,4.13094824203416,7.7226071439996,11.3492665589546,2.87623868192681,11.4660924548695,9.26740530388731,"NEURL1"
"ENSG00000213853",389.423433230723,0.337627482440496,0.257351643870497,1.31193054515865,0.189543570217015,0.696019437220357,312.369027684137,289.686375976807,304.557567269869,438.277518512661,307.067152657872,572.43825454897,494.129605566794,489.919322154867,408.609840209894,277.179667725357,"EMP2"
"ENSG00000118680",3611.47444356678,0.400208052168974,0.305136652811586,1.3115699096827,0.189665291273905,0.696064082694276,3708.777774516,3474.93746967695,3806.55691124292,1131.00954674032,3990.496001805,3741.60316126781,4317.95941542997,3242.47974075883,4057.95435698244,4642.97005724754,"MYL12B"
"ENSG00000049245",2653.39731726859,0.283134410477386,0.215894183205447,1.3114499254848,0.189705800897511,0.696064082694276,2317.13990814611,2637.05535082026,3005.95842817578,1431.64619167049,3080.31040581014,2843.85008077785,2582.39465241444,3136.05890952754,2617.39619583429,2882.16304950895,"VAMP3"
"ENSG00000173852",188.500601564564,-0.356637696454827,0.271945518915281,-1.31143067875272,0.18971229966212,0.696064082694276,189.549007511117,180.566844218727,155.167541048064,342.291119830136,163.860946934022,200.78778574399,144.04838324827,198.46046905295,181.372735195208,128.90118286316,"DPY19L1"
"ENSG00000180667",94.248801003981,-0.359130025795634,0.273979772564199,-1.31079029095654,0.189928623650971,0.69609396518752,100.577024393654,90.9329431317332,99.8684705681686,143.074065960745,64.7181891252018,120.665736624994,75.0797633900075,59.4422660931542,97.9829718870663,90.1465788650857,"YOD1"
"ENSG00000146858",59.070291036993,-0.673882787935854,0.514193759880542,-1.31056197199361,0.190005794076887,0.69609396518752,57.0581196079384,179.267802173988,45.3947593491675,23.5438336391099,53.7023271464441,57.919553579997,21.8255126133743,34.5148641831218,45.8643698194779,71.6117682573111,"ZC3HAV1L"
"ENSG00000197912",216.447409769163,-0.479567880383664,0.366020977247462,-1.31021966005909,0.190121536706526,0.69609396518752,250.47547421112,157.184087413425,138.660355830184,496.231570547394,180.384739902158,124.527040196994,264.525212874096,197.501722825641,155.313434161414,199.670459729208,"SPG7"
"ENSG00000197114",30.1992863517551,-0.559502677999718,0.427045053599679,-1.31017248246647,0.190137492481356,0.69609396518752,22.2429957793658,33.7750931632152,31.3636519139703,61.5761802869029,41.3094824203416,34.7517321479982,27.0636356405841,15.339939636943,17.7203247029801,16.8498278252497,"ZGPAT"
"ENSG00000263327",16.2771098746966,-0.86592524528041,0.660939698379006,-1.31014258547965,0.190147604351197,0.69609396518752,16.4404751412704,11.6913784026514,8.25359260893955,52.520859656476,22.0317239575155,9.6532589299995,19.2064510997694,12.4637009550162,2.08474408270354,8.42491391262483,"TAPT1-AS1"
"ENSG00000011566",162.685746756329,-0.339982884081797,0.259506971478176,-1.31011079257418,0.190158357900237,0.69609396518752,178.911053007943,149.38983514499,174.150804048625,240.871528769355,170.745860670745,119.700410731994,106.508501553266,120.802024640926,211.601524394409,154.175924601034,"MAP4K3"
"ENSG00000204525",989.098813285205,0.622808782026145,0.475396687788384,1.31008229132505,0.190167998468815,0.69609396518752,783.340286142883,423.487706584929,415.981067490553,1365.54235106837,761.47145928163,876.515910843955,2287.31372188162,1659.58971947177,338.770913439325,978.974996647005,"HLA-C"
"ENSG00000066422",80.3928391468038,-0.423611415885154,0.323363365111199,-1.3100167229503,0.190190178386693,0.69609396518752,74.4656815222247,75.3444385948647,80.8852075676076,148.507258339001,64.7181891252018,47.3009687569975,48.0161277494234,92.039637821658,87.5592514735486,85.0916305175108,"ZBTB11"
"ENSG00000131408",1035.43747559764,0.409188703124276,0.312468113023514,1.30953747300763,0.190352352883011,0.696496386941213,771.735244866693,1188.62347093623,1122.48859481578,378.512402351844,1327.41136844031,1059.92783051395,1593.26242077632,1027.77595567518,962.109394167683,922.528073432419,"NR1H2"
"ENSG00000165806",202.701867971875,-0.382879717684999,0.292414642447938,-1.30937258982565,0.190408171622363,0.696509540572533,333.644936690487,216.940021471421,243.480981963717,147.601726275958,246.479911774705,173.758660739991,112.619645085011,147.646919005576,222.025244807927,182.820631903959,"CASP7"
"ENSG00000170264",16.9901157753721,-0.539550353291688,0.412189760442384,-1.3089853389677,0.190539317013819,0.696757088089107,16.4404751412704,20.7846727158247,25.5861370877126,20.8272374499818,9.63887923141304,21.2371696459989,8.73020504534971,16.2986858642519,17.7203247029801,12.6373708689372,"FAM161A"
"ENSG00000160293",179.514492822209,-0.402818221925582,0.307786374203013,-1.30875911244819,0.190615961080414,0.696757088089107,220.495784247626,280.593081663634,191.483348527398,148.507258339001,192.777584628261,240.366147356988,123.968911643966,89.1633991397312,177.203247029801,130.586165645685,"VAV2"
"ENSG00000146802",93.3341409759058,-0.626220352764961,0.478571233583198,-1.30852067324706,0.190696767290529,0.696800763110627,87.0378095714315,41.5693454316495,52.8229926972131,291.581324299746,63.3412063778571,74.3300937609961,57.6193532993081,94.9158765035849,87.5592514735486,82.5641563437233,"TMEM168"
"ENSG00000196172",12.6612608627693,-0.676575537912632,0.517118181851674,-1.30835766688764,0.190752024086242,0.696811762596059,29.0126031904772,19.4856306710857,10.7296703916214,6.33872444129882,9.63887923141304,13.5145625019993,8.73020504534971,8.62871604578044,10.4237204135177,10.1098966951498,"ZNF681"
"ENSG00000126746",315.585665997068,-0.335698375962246,0.256697942636039,-1.30775639459728,0.190955948612143,0.697049564520244,248.541300665088,316.966258916327,296.30397466093,579.540520347321,296.051290679115,333.037433084983,249.683864297002,286.665121965372,288.73705545444,260.329839900107,"ZNF384"
"ENSG00000105771",113.337947211965,-0.370142957524858,0.283042662782623,-1.3077285024312,0.19096541227361,0.697049564520244,65.7619005650816,171.473549905554,122.978529873199,164.806835473769,110.158619787578,84.9486785839956,110.000583571406,108.33832368591,93.8134837216593,101.098966951498,"SMG9"
"ENSG00000162383",12.9668502801975,1.29430205999628,0.989751971367834,1.30770344231552,0.190973915330057,0.697049564520244,0.967086773015906,1.29904204473905,0.825359260893955,24.4493657021526,17.9007757154814,2.89597767899985,29.682697154189,33.5561179558128,2.08474408270354,16.0073364339872,"SLC1A7"
"ENSG00000163472",35.2006391299396,0.480478620350436,0.367500072250713,1.30742456023967,0.191068560596589,0.697137551147749,21.2759090063499,31.1770090737371,32.1890111748642,28.977026017366,53.7023271464441,32.8210803619983,63.7304968310529,34.5148641831218,29.1864171578495,24.432250346612,"TMEM79"
"ENSG00000051620",1309.88676202316,0.337867543335852,0.258507462972853,1.30699338212658,0.191214959083452,0.697356825074105,1172.10916889528,1136.66178914667,1414.66577317224,800.490343729737,1035.49102600323,1168.04433052994,1676.19936870714,2085.27304439694,1093.44827137801,1516.48450427247,"HEBP2"
"ENSG00000122642",1609.93476559475,0.393287417897506,0.300981981583966,1.3066809376022,0.191321095360453,0.697553157141159,1299.76462293338,1210.70718569679,1030.04835759566,1879.88456287662,1864.43463990475,1503.97774129392,1642.15156903028,2949.10339520229,947.516185588759,1771.759395825,"FKBP9"
"ENSG00000104427",76.3258685418096,-0.462280554485164,0.353873674037242,-1.30634344513718,0.191435789024332,0.697780573440152,81.2352889333361,85.736774952777,99.0431113072746,99.6085269346958,41.3094824203416,83.0180267979957,27.9366561451191,58.4835198658452,95.8982278043628,90.9890702563482,"ZC2HC1A"
"ENSG00000169967",715.242201874826,-0.248512990520501,0.190262372729781,-1.30615942056735,0.191498349364007,0.697817892204307,748.525162314311,926.21697789894,707.33288658612,779.663106279755,630.658098283882,752.954196539961,525.558343730053,604.010123204631,859.95693411521,617.5461897954,"MAP3K2"
"ENSG00000174373",50.0791713894529,-0.381642111270804,0.29222591625525,-1.30598311115381,0.191558300993115,0.697845687065058,71.564421203177,45.4664715658666,50.3469149145313,65.1983085390736,37.1785341783074,53.0929241149972,30.555717658724,39.3085953196665,58.3728343156991,49.7069920844865,"RALGAPA1"
"ENSG00000008086",8.43990447634258,-1.09169847455967,0.836268477909984,-1.30544018266486,0.191743003196859,0.698108053386937,13.5392148222227,24.6817988500419,5.77751482625769,5.43319237825613,11.0158619787578,6.75728125099965,0.873020504534971,0,10.4237204135177,5.89743973883738,"CDKL5"
"ENSG00000172057",504.807928336933,0.435131566732877,0.333370674948847,1.30524847993797,0.191808251015283,0.698108053386937,412.946052077792,194.856306710857,363.15807479334,695.448624416785,415.848789698105,518.380004540973,642.543091337739,838.902948895321,441.96574553315,524.029645365265,"ORMDL3"
"ENSG00000178026",96.6551246859572,0.463224481556504,0.354894208031378,1.30524666526975,0.191808868732618,0.698108053386937,49.3214254238112,93.5310272212113,69.3301779150922,103.230655186867,107.404654292888,67.5728125099965,128.334014166641,186.955514325243,65.6694386051615,95.2015272126606,"LRRC75B"
"ENSG00000237803",8.24221756230858,0.811320224501907,0.621705576579907,1.30499106822412,0.191895889185789,0.698108053386937,5.80252063809543,7.79425226843427,5.77751482625769,3.62212825217076,9.63887923141304,8.68793303699955,15.7143690816295,11.5049547277073,2.08474408270354,11.7948794776748,"LINC00211"
"ENSG00000162384",480.027847219077,0.253246488808126,0.1940790982425,1.30486224998685,0.191939757586197,0.698108053386937,463.234564274619,374.124108884845,478.708371318494,404.772832180082,564.562926411335,409.298178631979,665.241624455648,524.434186337989,479.491139021814,436.410540673966,"C1orf123"
"ENSG00000146828",112.088261907777,-0.442104416867186,0.338865512207247,-1.304660406388,0.192008509235157,0.698108053386937,99.6099376206383,110.418573802819,89.1388001765472,232.721740201971,144.583188471196,63.7115089379967,109.127563066871,97.7921151855117,80.2626471840863,93.5165444301356,"SLC12A9"
"ENSG00000149485",263.89270432391,-0.535442854296076,0.410457568420643,-1.3045023298178,0.192062365671084,0.698108053386937,227.265391658738,213.042895337204,201.387659658125,654.699681579864,185.892670891537,357.170580409981,143.175362743735,163.945604869828,335.64379731527,156.703398774822,"FADS1"
"ENSG00000178338",32.0212825629742,-0.517727671223926,0.396966872521196,-1.3042087566042,0.192162415066338,0.698108053386937,26.1113428714294,49.3635977000837,18.983263000561,62.4817123499455,23.4087067048602,19.306517859999,34.0477996768639,29.7211330465771,28.1440451164978,28.6447073029244,"ZNF354B"
"ENSG00000127951",31.008290907417,1.85444995183982,1.42196213686669,1.30414861532538,0.192182915869546,0.698108053386937,9.67086773015905,16.8875465816076,18.157903739667,3.62212825217076,1.37698274734472,0.96532589299995,0,75.7409519574061,61.4999504397544,122.16125173306,"FGL2"
"ENSG00000085978",158.458152708201,-0.29675461863654,0.22756255687113,-1.30405732259633,0.192214038571438,0.698108053386937,212.759090063499,196.155348755596,159.294337352533,145.790662149873,144.583188471196,125.492366089993,130.953075680246,111.214562367837,177.203247029801,181.135649121434,"ATG16L1"
"ENSG00000046889",7.4919253772326,0.895095326953898,0.686461181978398,1.30392708350123,0.192258444934409,0.698108053386937,2.90126031904772,6.49521022369523,2.47607778268187,8.1497885673842,5.50793098937888,16.4105401809991,8.73020504534971,14.3811934096341,3.12711612405531,6.73993113009986,"PREX2"
"ENSG00000116062",131.728306511961,-0.359584272644758,0.275811272006375,-1.30373305640839,0.192324614460492,0.698158242531189,122.82002017302,149.38983514499,133.708200264821,201.93365005852,97.7657750614751,147.694861628992,104.762460544197,79.5759368666419,109.449064341936,170.183261035022,"MSH6"
"ENSG00000135643",48.9439547748014,0.97498599730557,0.748016200691618,1.30342898509965,0.192428346305234,0.698248062366632,29.9796899634931,6.49521022369523,7.4282333480456,79.6868215477566,95.0118095667857,11.5839107159994,13.9683280725595,125.595755777471,35.4406494059602,84.2491391262483,"KCNMB4"
"ENSG00000090376",101.928856507965,-0.43630047143496,0.334791592049954,-1.30320020512899,0.192506420133621,0.698248062366632,161.503491093656,97.4281533554284,111.423500220684,113.191507880336,74.3570683566149,119.700410731994,48.0161277494234,60.4010123204631,91.7287396389557,141.538553732097,"IRAK3"
"ENSG00000064393",685.471873711498,-0.52162176763271,0.400324042584787,-1.30299885129241,0.192575153736171,0.698307456601226,499.016774876207,1738.11825586084,770.06019041406,345.913248082307,594.856546852919,760.676803683961,384.129021995387,423.765832470551,726.533312822183,611.648750056563,"HIPK2"
"ENSG00000226200",43.3189122046201,0.553562459733765,0.424933559932067,1.30270355634481,0.192675987443662,0.698483186881251,36.7492973746044,19.4856306710857,31.3636519139703,47.0876672782198,70.2261201145807,47.3009687569975,37.5398816950038,60.4010123204631,15.6355806202765,67.3993113009986,"SGMS1-AS1"
"ENSG00000197150",145.251908874546,-0.35436008795936,0.272117188977497,-1.30223338441389,0.192836616070332,0.698674783568515,134.425061449211,145.492709010773,136.184278047503,251.737913525868,144.583188471196,99.4285669789949,167.619936870714,101.627100094747,150.101573954655,121.318760341798,"ABCB8"
"ENSG00000168884",725.127838122963,0.275945632918369,0.211925093999484,1.30209041180862,0.192885480459038,0.698674783568515,612.165927319068,706.678872338041,695.777856933604,560.524347023425,798.649993459937,658.352259025966,986.513170124517,973.127420718572,698.389267705686,561.099266580814,"TNIP2"
"ENSG00000120738",2729.15002098517,-0.723330327494853,0.555528827567025,-1.30205723195811,0.192896821786006,0.698674783568515,5331.54937963669,3220.32522890809,2136.02976719356,3611.26186741424,3600.80988430644,4807.32294713975,2268.98029128639,554.155319384566,1323.81249251675,437.253032065229,"EGR1"
"ENSG00000081721",260.131690320744,0.249684254148802,0.191779258807588,1.30193565092099,0.192938384035603,0.698674783568515,249.508387438104,207.846727158247,254.210652355338,222.760887508501,234.087067048602,343.656017907982,302.938115073635,299.128822920389,264.762498503349,222.417727293296,"DUSP12"
"ENSG00000106819",11.3263350769004,0.93743802861479,0.72021727128004,1.30160448242054,0.193051626736148,0.698895099288816,10.637954503175,1.29904204473905,1.65071852178791,15.3940450717257,12.3928447261025,4.82662946499975,19.2064510997694,16.2986858642519,23.9745569510907,7.58242252136235,"ASPN"
"ENSG00000162885",104.403329932623,-0.431877225417599,0.332016874740126,-1.30076890144705,0.193337569745631,0.699568887751678,96.7086773015905,141.595582876556,115.550296525154,140.357469771617,96.3887923141304,127.423017875993,35.7938406859338,75.7409519574061,116.745668631398,97.729001386448,"B3GALNT2"
"ENSG00000163507",48.810452272208,-0.711754399592035,0.547187976526043,-1.30074934049316,0.193344267397069,0.699568887751678,57.0581196079384,85.736774952777,84.1866446111834,28.0714939543234,15.1468102207919,57.919553579997,19.2064510997694,13.4224471823251,88.6016235149004,38.7546039980742,"KIAA1524"
"ENSG00000106245",764.109568010899,0.286645492006782,0.220394661199351,1.30060088772979,0.193395103032199,0.699568887751678,595.725452177798,765.135764351298,845.993242416304,493.514974358266,844.090424122313,966.29121889295,912.306427239045,826.439247940305,816.177308378436,575.421620232276,"BUD31"
"ENSG00000166986",1107.32234477314,-0.360800507741328,0.277488874508646,-1.30023413868467,0.193520733350202,0.699726151116029,861.674314757172,1127.56849483349,1233.08673577557,1884.41222319184,930.840337205031,1316.70451805193,976.036924070098,861.912858350735,1255.01593778753,625.971103708025,"MARS"
"ENSG00000153827",1122.44006866268,-0.278959311461458,0.214556412771454,-1.30016767086149,0.193543508395219,0.699726151116029,1235.93689591433,1402.96540831817,1076.26847620572,1303.96617078147,1177.32024897974,1002.97360282695,749.051592891005,770.831966756386,1293.58370331755,1211.50262063545,"TRIP12"
"ENSG00000137869",27.5712594937396,-0.859156476819968,0.661228118465509,-1.29933445482292,0.193829174942834,0.699787363468581,16.4404751412704,79.2415647290818,50.3469149145313,5.43319237825613,13.7698274734472,4.82662946499975,36.6668611904688,28.7623868192681,20.8474408270354,19.3773019990371,"CYP19A1"
"ENSG00000164010",234.587606758428,0.338361396965151,0.260427547504551,1.29925347839494,0.193856954054003,0.699787363468581,157.635144001593,167.576423771337,187.356552222928,296.108984614959,342.868704088835,237.470169677988,223.493249160953,307.757538966169,189.711711526022,235.897589553495,"ERMAP"
"ENSG00000147123",480.691487321484,0.363939575149213,0.280159432825677,1.29904451718271,0.1939286520815,0.699787363468581,441.958655268269,444.272379300754,460.550467578827,293.392388425831,684.360425430326,375.511772376981,782.226372063334,550.32033447533,422.160676747467,352.161401547718,"NDUFB11"
"ENSG00000139505",230.350113216448,-0.432147733499185,0.33267197245487,-1.29902056464288,0.19393687183517,0.699787363468581,308.500680592074,265.004577126765,330.143704357582,187.445137049837,133.567326492438,244.227450928987,107.381522057801,148.605665232885,302.287891992013,276.337176334094,"MTMR6"
"ENSG00000134644",314.75756087138,-0.290448892278266,0.223596907518918,-1.2989843889218,0.193949286682671,0.699787363468581,275.619730309533,429.982916808624,332.619782140264,376.701338225759,279.527497710978,294.424397364985,257.541048837817,237.769064372617,252.254034007128,411.135798936092,"PUM1"
"ENSG00000105708",22.3734744533064,0.509447302287135,0.392287277869207,1.29865874074303,0.194061069461589,0.699787363468581,18.3746486873022,18.1865886263466,13.2057481743033,21.7327695130245,26.1626721995497,27.0291250039986,29.682697154189,36.4323566377396,13.550836537573,19.3773019990371,"ZNF14"
"ENSG00000005700",646.081851445116,-0.36998990333046,0.284932507219366,-1.29851769789682,0.19410949884304,0.699787363468581,944.84377723654,759.939596172342,798.947764545348,486.270717853924,554.924047179922,707.583879568963,397.224329563412,385.415983378193,862.041678197913,563.626740754601,"IBTK"
"ENSG00000111275",158.999901987798,-0.343436623780259,0.26453679671322,-1.29825653008331,0.194199198528703,0.699787363468581,200.186962014292,211.743853292464,217.894844876004,99.6085269346958,114.289568029612,179.550616097991,146.667444761875,122.719517095544,149.059201913303,148.278484862197,"ALDH2"
"ENSG00000105576",622.083135408058,-0.279873876755155,0.215584156303116,-1.29821171256039,0.194214594439325,0.699787363468581,515.457250017478,743.052049590734,567.847171495041,956.24185857308,633.412063778571,527.067937577973,488.891482539584,535.939141065696,620.211364604303,632.711034838125,"TNPO2"
"ENSG00000267534",41.3218064864382,-0.551146688337328,0.424572488342197,-1.29812153041135,0.19424557691867,0.699787363468581,37.7163841476203,101.325279489646,32.1890111748642,33.5046863325795,45.4404306623758,45.3703169709976,20.9524921088393,23.0099094554145,41.6948816540708,32.0146728679744,"S1PR2"
"ENSG00000128609",522.225708633254,0.366338789550172,0.282210653594458,1.29810403995806,0.194251586261831,0.699787363468581,629.573489233355,393.609739555931,519.976334363192,237.249400517185,414.471806950761,569.54227686997,501.986790107608,590.587676022306,612.91476031484,752.344812397397,"NDUFA5"
"ENSG00000177675",9.37663671553836,1.08175735774907,0.833540952300457,1.29778549543796,0.194361055172274,0.699787363468581,4.83543386507953,3.89712613421714,8.25359260893955,5.43319237825613,11.0158619787578,10.6185848229995,5.23812302720983,3.83498490923575,1.04237204135177,39.5970953893367,"CD163L1"
"ENSG00000102931",1401.84660826748,0.225240917714525,0.173568349818137,1.29770731789828,0.194387928067586,0.699787363468581,1351.98730867624,1104.18573802819,1427.87152134654,1206.16870797286,1565.62938373095,1683.52835739191,1473.65861165503,1551.25139578586,1091.3635272953,1562.82153079191,"ARL2BP"
"ENSG00000128059",61.3900486112716,-0.442468752163365,0.340999001770226,-1.29756612150293,0.194436470092498,0.699787363468581,88.9719831174633,61.0549761027352,86.6627223938653,55.237455845604,30.2936204415838,69.5034642959964,41.9049842176786,38.3498490923575,85.4745073908451,56.4469232145864,"PPAT"
"ENSG00000120129",1054.55788901097,-0.386374153354964,0.297813867314005,-1.29736790579864,0.194504629839866,0.699787363468581,1003.83607039051,1095.09244371502,1025.92156129119,1785.70922832018,669.213615209534,1630.43543327692,727.226080277631,804.388084712199,1023.60934460744,780.147028309059,"DUSP1"
"ENSG00000169992",464.206256513121,-0.487195673319232,0.37566579307653,-1.2968859084276,0.194670445751533,0.699787363468581,411.01187853176,627.437307608959,253.385293094444,950.808666194823,461.289220360481,222.990281282988,561.352184415986,507.176754246428,265.804870544701,380.806108850642,"NLGN2"
"ENSG00000163545",51.2998458695226,-0.475126042708547,0.366377813745687,-1.2968199079826,0.194693159181982,0.699787363468581,47.3872518777794,25.9808408947809,79.2344890458197,93.269802493397,46.8174134097205,46.3356428639976,56.7463327947731,30.679879273886,42.7372536954226,43.8095523456491,"NUAK2"
"ENSG00000019995",760.006579889508,0.182176839608373,0.140486478013375,1.29675711274525,0.194714771375265,0.699787363468581,686.631608841293,641.726770101089,818.756386806803,663.755002210291,871.630079069208,818.596357263958,803.178864172173,798.635607348345,751.550241814626,745.604881267298,"ZRANB1"
"ENSG00000143061",7.56449240823757,1.05556672512104,0.814213716896503,1.29642464038126,0.194829227486409,0.699973121053346,2.90126031904772,2.59808408947809,8.25359260893955,4.52766031521344,4.13094824203416,12.5492366089993,26.1906151360491,6.71122359116257,1.04237204135177,6.73993113009986,"IGSF3"
"ENSG00000180447",419.901565264839,0.453620071087461,0.349938912861553,1.29628359240782,0.194877799218626,0.699973121053346,510.621816152398,359.834646392716,245.957059746399,258.982170030209,497.090771791444,259.672665216987,615.479455697155,542.650364656859,235.5760813455,673.150621618724,"GAS1"
"ENSG00000157542",73.9878480602867,1.38713477616777,1.07019641073748,1.29614971817359,0.194923908794491,0.699973121053346,18.3746486873022,5.19616817895618,20.6339815223489,105.947251375995,48.1943961570652,58.8848794729969,231.350433701767,104.503338776674,1.04237204135177,145.75101068841,"KCNJ6"
"ENSG00000159377",1506.39526835481,0.289428929516057,0.223384350732933,1.29565445639513,0.195094558681381,0.700397342970007,1322.00761871274,1241.88419477053,1384.12748051916,1368.2589472575,1938.79170826137,1027.10675015195,2122.31284652451,1803.40165356811,1326.9396086408,1529.12187514141,"PSMB4"
"ENSG00000018869",23.1028062266572,0.466110728752692,0.359955256962183,1.2949129641456,0.195350255752263,0.701010338995843,15.4733883682545,16.8875465816076,26.4114963486066,16.2995771347684,22.0317239575155,27.0291250039986,25.3175946315142,20.1336707734877,26.0593010337942,35.3846384330243,"ZNF582"
"ENSG00000075711",589.495838126737,-0.378314565256998,0.292167628167115,-1.29485449031543,0.19537043038521,0.701010338995843,656.6519188778,571.57849968518,687.524264324665,820.412049116676,465.420168602515,611.051290268968,266.271253883166,437.188279652876,846.406097577637,532.454559277889,"DLG1"
"ENSG00000197465",37.3113285172535,0.528415592926241,0.408137353219949,1.29470039622047,0.195423603226095,0.701012532605279,31.9138635095249,25.9808408947809,49.5215556536373,9.96085269346958,55.0793098937888,28.9597767899985,43.6510252267486,42.1848340015933,47.9491139021814,37.9121126068117,"GYPE"
"ENSG00000115268",5808.49453887582,0.482990464352243,0.373140503457343,1.29439302320998,0.195529699304766,0.701204517243255,4725.18597295571,4979.22815748476,6109.30924913706,2944.79026901482,7421.93700818804,3878.6794380738,10655.2152578493,10121.4839217005,3463.80229341193,3785.31382094234,"RPS15"
"ENSG00000103150",74.758488807279,0.327576834726053,0.253110541305375,1.29420463105421,0.195594747577169,0.701212988581995,75.4327682952406,67.5501863264304,51.1722741754252,65.1983085390736,100.519740556165,55.9889017939971,80.3178864172174,95.8746227308938,72.9660428946239,82.5641563437233,"MLYCD"
"ENSG00000130876",11.1511115667868,0.760552565750552,0.587716051669916,1.29408166339773,0.195637214554518,0.701212988581995,8.70378095714315,7.79425226843427,3.30143704357582,11.771916819555,13.7698274734472,14.4798883949993,13.9683280725595,24.9274019100324,5.21186020675885,7.58242252136235,"SLC7A10"
"ENSG00000224470",452.16847294132,-0.358251450702499,0.27687714520463,-1.29390040639768,0.195699824125847,0.701248939915752,421.649833034935,622.241139430003,449.820797187206,589.501373040791,498.467754538789,577.26488401397,247.937823287932,284.747629510755,471.152162691,358.901332677818,"ATXN1L"
"ENSG00000240694",52.6808200460891,0.926772095084633,0.716430315254218,1.29359698403574,0.195804664775539,0.701436157429858,29.0126031904772,32.4760511184761,54.473711219001,20.8272374499818,74.3570683566149,14.4798883949993,59.365394308378,50.8135500473737,3.12711612405531,187.875580251534,"PNMA2"
"ENSG00000198835",13.2826613770517,0.645485916993645,0.49910273411115,1.29329268881524,0.19590984835799,0.701502383406708,4.83543386507953,14.2894624921295,9.07895186983351,11.771916819555,16.5237929681366,7.7226071439996,19.2064510997694,23.0099094554145,14.5932085789248,11.7948794776748,"GJC2"
"ENSG00000144935",72.2256578005303,-0.574246967394673,0.444062130872913,-1.29316806696813,0.195952937462587,0.701502383406708,67.6960741111134,48.0645556553447,37.9665260011219,205.55577831069,64.7181891252018,55.0235759009971,44.5240457312835,72.8647132754793,71.9236708532721,53.9194490407989,"TRPC1"
"ENSG00000180370",1103.76840484647,-0.315506936648185,0.24401419966881,-1.29298596998211,0.19601591159187,0.701502383406708,1425.48590342544,1396.47019809447,1093.60102068449,1089.35507184035,1038.24499149792,1224.03323232394,584.923738038431,885.881514033459,1338.40570109567,961.282677430493,"PAK2"
"ENSG00000159069",1642.28636886663,0.393464530796977,0.304340708953816,1.29284226270461,0.196065619976681,0.701502383406708,1310.40257743655,1774.49143311354,1717.57262192032,727.142246623279,1897.48222584102,1338.90701359093,2458.42574077048,2438.09165604663,1253.97356574618,1506.37460757732,"FBXW5"
"ENSG00000073331",64.9072057423286,-0.417273240450997,0.32277130817725,-1.29278293912621,0.19608614271127,0.701502383406708,40.617644466668,80.5406067738208,63.5526630888345,120.435764384678,74.3570683566149,58.8848794729969,46.2700867403535,54.6485349566095,58.3728343156991,51.3919748670115,"ALPK1"
"ENSG00000138767",252.162276450464,-0.245282635094262,0.189845145817901,-1.29201425739659,0.196352207169514,0.70226585868056,289.158945131756,332.554763453196,269.892478312323,221.855355445459,265.757670237531,225.886258961988,185.953367465949,232.016587008763,244.957429717666,253.589908770007,"CNOT6L"
"ENSG00000164211",225.566529693303,-0.701326694748437,0.543587849680523,-1.29018096184567,0.196987834666835,0.704147461773171,409.077704985728,124.708036294948,178.277600353094,460.915820088729,133.567326492438,140.937580377993,65.4765378401228,60.4010123204631,460.728442277482,221.575235902033,"STARD4"
"ENSG00000138379",46.1258484238577,1.43849096234849,1.11505703413999,1.29006043485297,0.197029675664878,0.704147461773171,43.5189047857157,11.6913784026514,32.1890111748642,3.62212825217076,28.9166376942391,35.7170580409981,158.01671132083,105.462085003983,0,42.1245695631242,"MSTN"
"ENSG00000164306",60.801188966049,-0.348599515054384,0.270324612205014,-1.28955892033244,0.197203846514749,0.704147461773171,77.3669418412724,74.0453965501256,81.7105668285016,46.1821352151771,49.5713789044099,67.5728125099965,46.2700867403535,45.0610726835201,64.6270665638097,55.6044318233239,"PRIMPOL"
"ENSG00000234420",161.687731731421,-0.246250104563573,0.190992019504197,-1.28932143449146,0.197286362222162,0.704147461773171,157.635144001593,170.174507860815,166.722570700579,219.138759256331,150.091119460574,133.214973233993,147.54046526641,182.161783188698,146.9744578306,143.223536514622,"ZNF37BP"
"ENSG00000179954",278.725932357155,-0.790823720845234,0.613426754841465,-1.28919013493243,0.197331993793526,0.704147461773171,253.376734530167,37.6722192974323,225.32307822405,976.163563960019,158.353015944643,190.16920092099,248.810843792467,313.510016330023,314.796356488234,69.0842940835236,"SSC5D"
"ENSG00000196924",6931.1307678343,-0.319641513090758,0.247943032694019,-1.28917320086675,0.197337879585313,0.704147461773171,7068.43722397325,8647.72289182783,5657.83773342806,10103.0212273673,8321.10674220414,6397.21469291067,4877.56555883688,5365.14388802082,8114.86634192353,4758.3913778505,"FLNA"
"ENSG00000110717",516.288793615304,0.358001224954367,0.277717767634912,1.28908289881184,0.197369268139175,0.704147461773171,514.490163244462,501.430229269272,514.198819536934,237.249400517185,436.503530908276,497.142834894974,808.416987199383,573.330243930745,628.550340935117,451.575385716691,"NDUFS8"
"ENSG00000105393",207.064925845166,0.310260367431908,0.240698428929741,1.28900038447061,0.197397952916692,0.704147461773171,220.495784247626,177.968760129249,198.086222614549,127.680020889019,220.317239575155,203.683763422989,300.31905356003,258.861481373413,171.991386823042,191.245545816584,"BABAM1"
"ENSG00000197124",15.5355088588097,-0.617350046517211,0.478976034369168,-1.28889548165033,0.197434425092421,0.704147461773171,15.4733883682545,11.6913784026514,13.2057481743033,38.0323466477929,11.0158619787578,11.5839107159994,9.60322554988468,12.4637009550162,14.5932085789248,17.6923192165121,"ZNF682"
"ENSG00000243943",77.4097801559974,-0.380889895419749,0.295532756726762,-1.28882462857376,0.197459061785383,0.704147461773171,77.3669418412724,71.4473124606475,71.8062556977741,138.546405645531,70.2261201145807,56.954227686997,48.0161277494234,73.8234595027882,87.5592514735486,78.3516993874109,"ZNF512"
"ENSG00000176261",202.87261177803,0.226628283288863,0.175913062321691,1.28829707298501,0.197642571638821,0.704613466438642,213.726176836515,155.885045368685,179.102959613988,186.539604986794,223.071205069845,189.20387502799,226.985331179092,205.171692644113,245.999801759018,203.040425294258,"ZBTB8OS"
"ENSG00000124214",1459.61931754077,0.184200268347389,0.14315151616413,1.28675038367177,0.198181305689158,0.706000418584726,1209.8255530429,1447.1328378393,1356.06526564877,1384.55852439227,1601.43093516191,1645.88064756491,1250.16536249408,1590.55999110553,1503.10048362925,1607.47357452882,"STAU1"
"ENSG00000177613",76.2803696723864,-0.376238638035017,0.292426733023068,-1.28660821856303,0.198230877679116,0.706000418584726,86.0707227984156,68.8492283711694,93.2655964810169,105.947251375995,48.1943961570652,47.3009687569975,62.8574763265179,68.0709821389346,76.0931590186792,106.153915299073,"CSTF2T"
"ENSG00000164587",19075.1146706037,0.408013183264082,0.317124174496089,1.28660384820052,0.198232401737956,0.706000418584726,14109.7960183021,12487.6911760764,16323.9554619606,20867.9863928188,25880.390736344,14954.8287343552,27411.9708218936,31238.8283244071,17418.0368109881,10057.6622288915,"RPS14"
"ENSG00000146909",162.965732752653,-0.403180059097368,0.313407061965945,-1.28644216428403,0.198288791139323,0.706000418584726,165.37183818572,127.306120384426,142.787152134654,327.802606821453,117.043533524301,161.209424130992,96.0322554988468,160.110619960593,158.440550285469,173.553226600072,"NOM1"
"ENSG00000204070",203.743259917373,0.31018775590098,0.241153253565927,1.28626817724514,0.198349484520028,0.706000418584726,173.108532369847,135.100372652861,158.468978091639,244.493657021526,256.118791006118,210.441044673989,245.318761774327,256.943988918795,203.262548063595,154.175924601034,"SYS1"
"ENSG00000131634",392.186809939212,0.269835622570293,0.209793512835076,1.28619621705089,0.19837459097852,0.706000418584726,434.221961084142,353.33943616902,352.428404401719,256.265573841081,491.582840802065,394.81829023698,496.748667080399,440.064518334803,350.237005894195,352.161401547718,"TMEM204"
"ENSG00000171466",190.847500683841,-0.344265330275904,0.267695815073672,-1.28603179762508,0.198431964601383,0.706000418584726,160.53640432064,265.004577126765,178.277600353094,271.659618912807,134.944309239783,224.920933068988,129.207034671176,161.069366187902,230.364221138741,152.490941818509,"ZNF562"
"ENSG00000182150",115.724513926043,-0.401732849403395,0.312406556475826,-1.2859296358413,0.198467619734319,0.706000418584726,149.898449817465,183.164928308205,120.502452090517,88.7421421781835,114.289568029612,133.214973233993,56.7463327947731,72.8647132754793,119.872784755454,117.948794776748,"ERCC6L2"
"ENSG00000100412",467.124396946546,0.2314615710021,0.180018635076381,1.28576450379091,0.198525261808978,0.706000418584726,450.662436225412,448.169505434971,444.868641621842,347.724312208393,554.924047179922,591.744772408969,446.11347781737,446.775741925965,527.440252923995,412.820781718617,"ACO2"
"ENSG00000136450",1303.92769139564,-0.41606656333933,0.323649681988968,-1.28554602860234,0.198601542998252,0.706000418584726,1982.52788468261,1528.97248665786,1632.56061804824,994.274205220873,1006.57438830899,1476.94861628992,726.353059773096,671.122359116257,1917.96455608726,1101.97873977133,"SRSF1"
"ENSG00000259728",30.3113812838096,0.590266312350199,0.459168746846722,1.28551064593087,0.198613898967526,0.706000418584726,13.5392148222227,37.6722192974323,18.983263000561,23.5438336391099,31.6706031889286,18.341191966999,22.6985331179092,66.1534896843167,25.0169289924425,45.4945351281741,"LINC00933"
"ENSG00000144583",709.580626978988,0.514593846235528,0.400461191889053,1.28500303314808,0.198791224108287,0.706011401528142,411.978965304776,983.374827867458,666.064923541422,197.405989743306,623.773184547158,1260.71561625793,613.733414688085,489.919322154867,920.414512513613,928.425513171256,"MARCH4"
"ENSG00000198353",11.3774242794419,-0.735910751022968,0.572825874630414,-1.28470235653684,0.198896314487257,0.706011401528142,5.80252063809543,10.3923363579124,18.983263000561,24.4493657021526,9.63887923141304,12.5492366089993,6.98416403627977,13.4224471823251,3.12711612405531,8.42491391262483,"HOXC4"
"ENSG00000166619",658.900968876344,0.207730664148834,0.161721313288373,1.2844977568196,0.198967847958339,0.706011401528142,616.034274411132,496.234061090315,666.064923541422,632.061380003797,622.396201799813,736.543656358962,695.797342114372,823.563009258378,660.863874217022,639.450965968225,"BLCAP"
"ENSG00000024862",158.726370580368,0.317145776078018,0.246917686060307,1.28441903509722,0.198995376162758,0.706011401528142,167.306011731752,127.306120384426,157.643618830745,100.514058997738,187.269653638882,156.382794665992,204.286798061183,209.965423780657,159.482922326821,117.106303385485,"CCDC28A"
"ENSG00000091127",109.145290433292,-0.328296814820057,0.255680811679049,-1.28401037474866,0.19913832536172,0.706011401528142,154.733883682545,135.100372652861,108.122063177108,99.6085269346958,95.0118095667857,106.185848229994,83.8099684353572,69.9884745935525,138.635481499785,100.256475560235,"PUS7"
"ENSG00000135046",2613.56669309494,0.425652518102345,0.331552911552929,1.28381474953325,0.199206781524239,0.706011401528142,1852.93825709847,2509.74923043584,3080.24076165624,1226.99594542284,2010.39481112329,2333.19268338088,2806.76092207993,2304.82593045069,2641.37075278538,5369.19763651581,"ANXA1"
"ENSG00000124243",114.665433435049,0.388499326572992,0.302629646724976,1.28374510156981,0.199231157953676,0.706011401528142,142.161755633338,105.222405623863,89.1388001765472,50.7097955303906,130.813360997748,94.6019375139951,112.619645085011,170.656828460991,134.465993334378,116.263811994223,"BCAS4"
"ENSG00000179218",2059.27150491656,-0.3719301031799,0.289738234634361,-1.28367629370442,0.199255242493433,0.706011401528142,1704.00689405403,1782.28568538197,2012.22587805946,4038.67300117039,1434.8160227332,1925.8251565349,1989.6137298352,2177.3126822186,2225.46430828603,1302.4916908918,"CALR"
"ENSG00000102897",348.8446004329,0.258697064502888,0.201545871644738,1.28356419504781,0.199294484490537,0.706011401528142,357.822106015885,241.621820321463,343.349452531885,304.258773182344,406.209910466692,324.349500047983,481.034297998769,372.952282423177,314.796356488234,342.051504852568,"LYRM1"
"ENSG00000015153",236.202936564817,0.300337449730724,0.233994194093642,1.28352522118789,0.199308129260583,0.706011401528142,225.331218112706,146.791751055512,238.528826398353,218.233227193288,181.761722649503,230.712888426988,259.287089846886,316.38625501195,315.838728529586,229.157658423395,"YAF2"
"ENSG00000063601",241.121216536175,-0.27793770793408,0.216562053946624,-1.28340908699815,0.19934879195246,0.706011401528142,280.455164174613,276.695955529417,290.526459834672,229.0996119498,297.428273426459,230.712888426988,164.127854852575,186.955514325243,199.093059898188,256.117382943795,"MTMR1"
"ENSG00000143353",80.0376792338075,0.412560322903869,0.321465515047272,1.28337349915496,0.199361253729689,0.706011401528142,89.9390698904792,48.0645556553447,80.0598483067136,48.8987314043052,79.8649993459938,78.1913973329959,99.5243375169867,80.5346830939508,56.2880902329956,139.01107955831,"LYPLAL1"
"ENSG00000099795",746.887856455014,0.402426036979841,0.313603649662209,1.28323135720297,0.199411033182613,0.706011401528142,764.965637455581,748.24821776969,737.871179239196,253.548977651953,828.943613901521,753.919522432961,1142.78384043628,911.7676621708,724.44856873948,602.381344752675,"NDUFB7"
"ENSG00000164180",50.8263881998084,-0.512820050568645,0.399732123803729,-1.28290927856587,0.199523861760851,0.706147618963651,53.1897725158748,38.9712613421714,33.8397296966522,121.34129644772,44.063447915031,56.954227686997,47.1431072448884,32.5973717285039,48.9914859435332,31.1721814767119,"TMEM161B"
"ENSG00000074935",231.04148030792,-0.368465531290545,0.287275934789553,-1.28261885758189,0.199625640207753,0.706147618963651,219.528697474611,226.033315784594,265.765682007854,356.779632838819,180.384739902158,297.320375043985,175.477121411529,205.171692644113,266.847242586053,117.106303385485,"TUBE1"
"ENSG00000109084",65.3179113400912,-0.364404692105666,0.28411086330168,-1.28261442688563,0.199627193245209,0.706147618963651,67.6960741111134,92.2319851764723,71.8062556977741,70.6315009173297,46.8174134097205,82.0527009049957,53.2542507766332,37.3911028650486,74.0084149359756,57.2894146058489,"TMEM97"
"ENSG00000185880",268.741440513944,0.310203251216839,0.241870646116698,1.28251714789388,0.199661293477688,0.706147618963651,249.508387438104,293.583502111024,234.402030093883,162.995771347684,337.360773099456,241.331473249987,345.716119795849,349.942372967762,210.559152353057,262.014822682632,"TRIM69"
"ENSG00000126453",117.103797242839,-0.42238687552066,0.329431907693989,-1.28216746968244,0.199783905010526,0.706393939852964,130.556714357147,205.248643068769,152.691463265382,65.1983085390736,72.9800856092701,135.145625019993,123.968911643966,83.4109217758776,116.745668631398,85.0916305175108,"BCL2L12"
"ENSG00000242247",421.065469503701,-0.290201274182257,0.22638616025109,-1.28188610938225,0.199882601399511,0.706461533132464,504.819295514303,384.516445242758,457.249030535251,544.224769888656,315.329049141941,443.084584886977,294.207910028285,306.79879273886,491.999603518035,468.425213541941,"ARFGAP3"
"ENSG00000198478",25.3816766985101,0.569990214091809,0.444703432704328,1.28173108677301,0.199936995895892,0.706461533132464,31.9138635095249,16.8875465816076,15.6818259569851,14.488513008683,23.4087067048602,31.8557544689983,41.9049842176786,24.9274019100324,11.4660924548695,41.2820781718617,"SH3BGRL2"
"ENSG00000145860",463.358344694703,-0.315034111643881,0.245824270774566,-1.28154193502229,0.200003380302062,0.706461533132464,473.872518777794,463.758009971839,411.854271186084,749.780548199347,556.301029927267,478.801642927975,372.779755436433,404.590907924372,425.287792871522,296.556969724394,"RNF145"
"ENSG00000168807",534.655668539728,-0.372822060178463,0.290924237063291,-1.28150911021331,0.20001490208504,0.706461533132464,606.363406680973,917.123683585766,474.581575014024,479.931993412625,451.650341129068,384.19970541398,309.04925860538,461.156935335599,753.634985897329,508.86480032254,"SNTB2"
"ENSG00000166311",227.213238526349,0.406629299026451,0.317473371192395,1.28082962517202,0.200253515899124,0.706978362557836,218.561610701595,170.174507860815,146.08858917823,225.47748369763,274.019566721599,126.457691982993,305.55717658724,383.498490923575,163.652410492228,258.644857117582,"SMPD1"
"ENSG00000185344",66.8905901429781,-0.591057739823366,0.46147884335583,-1.28079054616079,0.20026724553824,0.706978362557836,49.3214254238112,54.5597658790399,33.8397296966522,197.405989743306,39.9324996729969,68.5381384029965,61.984455821983,66.1534896843167,54.203346150292,42.9670609543866,"ATP6V0A2"
"ENSG00000092439",513.316857554019,-0.332470757417981,0.259712686425187,-1.28014831310042,0.200492979904724,0.707165003329389,608.297580227005,505.327355403489,595.909386365436,632.061380003797,506.729651022857,603.328683124969,286.350725487471,313.510016330023,623.338480728358,458.315316846791,"TRPM7"
"ENSG00000101160",1485.68905503081,0.409407166778373,0.319828171337082,1.28008475634524,0.200515329154763,0.707165003329389,1294.9291890683,879.451464288334,916.974138853184,1873.54583843532,1410.03033328099,1432.54362521193,2106.59847744289,2684.48943646503,1100.74487566747,1157.58317159465,"CTSZ"
"ENSG00000105810",712.885551873228,-0.351458624327106,0.274569164318213,-1.28003676304956,0.200532206837501,0.707165003329389,813.319976106377,1089.89627553606,664.414205019634,709.937137425468,545.285167948509,889.065147452954,449.60555983551,426.642071152477,859.95693411521,680.733044140086,"CDK6"
"ENSG00000150768",249.494816631279,-0.398296658276761,0.311248932525099,-1.27967236721251,0.200660386839044,0.70725629916204,339.447457328583,323.461469140022,336.746578444734,167.523431662897,176.253791660124,241.331473249987,130.080055175711,181.203036961389,337.728541397973,261.17233129137,"DLAT"
"ENSG00000100319",88.0387046757655,0.368821474082237,0.288217961344024,1.27966165731775,0.200664155059546,0.70725629916204,84.1365492523838,87.0358169975161,89.9641594374411,38.9378787108356,110.158619787578,101.359218764995,103.889440039662,92.039637821658,66.7118106465133,106.153915299073,"ZMAT5"
"ENSG00000163605",483.697802001237,-0.255217148530269,0.199496540808761,-1.27930613481124,0.200789273108999,0.707434915668711,586.054584447639,444.272379300754,595.909386365436,516.153275934333,400.701979477313,473.009687569975,363.176529886548,411.302131515534,610.830016232137,435.568049282704,"PPP4R2"
"ENSG00000203722",10.0205320966773,1.11487813771647,0.871532195139952,1.27921624001215,0.200820918551529,0.707434915668711,4.83543386507953,14.2894624921295,4.12679630446978,0.905532063042689,5.50793098937888,3.8613035719998,21.8255126133743,27.8036405919592,1.04237204135177,16.0073364339872,"RAET1G"
"ENSG00000185480",55.400942507826,-0.68244687564098,0.533596792706636,-1.27895610500076,0.200912513736237,0.707465429987743,71.564421203177,100.026237444907,91.614877959229,23.5438336391099,22.0317239575155,72.3994419749963,17.4604100906994,18.2161783188698,78.1779031013827,58.9743973883738,"PARPBP"
"ENSG00000175455",158.840733328669,-0.593371427476157,0.464155933591154,-1.27838811169614,0.20111261370922,0.707465429987743,119.918759853972,80.5406067738208,130.406763221245,465.443480403942,70.2261201145807,165.070727702991,93.4131939852419,133.265725595942,197.008315815484,133.113639819472,"CCDC14"
"ENSG00000031081",300.123469785522,-0.418187504773336,0.327162490532538,-1.2782257039694,0.201169855507907,0.707465429987743,298.829812861915,361.133688437455,333.445141401158,420.166877251808,253.364825511428,289.597767899985,123.968911643966,203.254200189495,481.575883104518,235.897589553495,"ARHGAP31"
"ENSG00000115138",8.73597082619902,-1.20035806592029,0.939335206170186,-1.27788041801854,0.201291593576016,0.707465429987743,36.7492973746044,1.29904204473905,14.0311074351972,0.905532063042689,1.37698274734472,2.89597767899985,14.8413485770945,4.79373113654469,6.25423224811062,4.21245695631242,"POMC"
"ENSG00000167315",504.105255258796,0.201926675694825,0.158047793700897,1.27763046206749,0.201379754504157,0.707465429987743,439.057394949221,415.693454316495,571.148608538617,422.883473440936,505.352668275512,509.692071503974,559.606143406917,506.218008019119,536.821601296161,574.579128841013,"ACAA2"
"ENSG00000184838",929.047082885956,0.32161588330472,0.251740162329848,1.27757081082404,0.201400798008883,0.707465429987743,864.575575076219,644.324854190567,1016.84260942135,705.409477110255,1074.04654292888,1148.73781266994,1065.9580360372,1211.8552313185,540.991089461568,1017.72960064508,"PRR16"
"ENSG00000155957",79.6077890657975,0.592680869338097,0.463926463095479,1.27753192905514,0.201414515412599,0.707465429987743,67.6960741111134,16.8875465816076,49.5215556536373,109.569379628165,45.4404306623758,91.7059598349952,138.81026022106,134.224471823251,56.2880902329956,85.9341219087733,"TMBIM4"
"ENSG00000127952",176.254806390824,0.295331862379103,0.231175405288878,1.27752284898151,0.201417718941021,0.707465429987743,135.392148222227,184.463970352945,190.657989266504,110.474911691208,173.499826165435,200.78778574399,216.509085124673,166.821843551755,227.237105014686,156.703398774822,"STYXL1"
"ENSG00000131626",451.177493262746,-0.273855031089438,0.21439882898724,-1.27731589012427,0.201490745890346,0.707465429987743,441.958655268269,537.803406521965,433.313611969326,599.46222573426,552.170081685233,475.905665248975,357.065386354803,315.427508784641,430.499653078281,368.168737981705,"PPFIA1"
"ENSG00000136936",92.8186911149826,0.405790770403436,0.31769893256545,1.27728087446387,0.201503103332314,0.707465429987743,110.247892123813,79.2415647290818,58.6005075234708,63.3872444129882,82.6189648406832,64.6768348309966,146.667444761875,130.389486914016,76.0931590186792,116.263811994223,"XPA"
"ENSG00000171451",854.077932217618,0.415470055801921,0.325288565979516,1.27723535117458,0.201519169867544,0.707465429987743,722.413819442881,652.119106459001,643.780223497285,828.56183768406,676.098528946257,838.868201016957,1523.42078041352,1178.29911336268,397.143747755024,1080.0739635985,"DSEL"
"ENSG00000162775",43.9243767467613,-0.52758463010726,0.413217539554441,-1.27677211058402,0.2016827145012,0.707578576963353,25.1442560984135,90.9329431317332,31.3636519139703,68.8204367912444,22.0317239575155,37.647709826998,40.1589432086087,33.5561179558128,54.203346150292,35.3846384330243,"RBM15"
"ENSG00000083720",153.446279973109,-0.492317028658297,0.38560485814808,-1.27673969415924,0.201694162570117,0.707578576963353,229.19956520477,175.370676039771,179.102959613988,158.468111032471,133.567326492438,164.105401809991,53.2542507766332,78.6171906393329,257.465894213887,105.31142390781,"OXCT1"
"ENSG00000155229",398.04941708628,-0.383683015682466,0.300528738395523,-1.2766932631165,0.201710560816875,0.707578576963353,325.90824250636,411.796328182278,386.268134098371,726.236714560237,574.201805642748,274.152553611986,358.811427363873,359.529835240852,289.779427495792,273.809702160307,"MMS19"
"ENSG00000142039",167.527985141677,-0.255376744641852,0.200067534777229,-1.27645269846609,0.201795537612904,0.707690529882539,176.976879461911,224.734273739855,174.976163309518,166.617899599855,172.12284341809,125.492366089993,185.080346961414,139.018202959796,141.762597623841,168.498278252497,"CCDC97"
"ENSG00000172927",33.6807652772651,0.643081686694559,0.503954780682219,1.27607021769691,0.201930698438733,0.707843674176557,25.1442560984135,22.0837147605638,45.3947593491675,8.1497885673842,19.2777584628261,42.4743392919978,31.428738163259,22.0511632281056,50.0338579848849,70.7692768660486,"MYEOV"
"ENSG00000010292",441.625947703278,-0.421313722494347,0.330175726827653,-1.27602875760236,0.20194535354591,0.707843674176557,498.049688103191,818.396488185599,512.548101015146,254.454509714996,497.090771791444,513.553375075973,321.271545668869,223.387870962983,399.228491837728,378.278634676855,"NCAPD2"
"ENSG00000159882",23.8005340621879,-0.5536641924992,0.434012029359418,-1.27568858705687,0.202065624610957,0.708079147513487,20.308822233334,31.1770090737371,14.8564666960912,51.6153275934333,16.5237929681366,14.4798883949993,21.8255126133743,29.7211330465771,19.8050687856836,17.6923192165121,"ZNF230"
"ENSG00000154134",91.4419672054684,-0.498206983912169,0.390597397895713,-1.27550000741476,0.202132321523617,0.708126811704882,145.063015952386,49.3635977000837,77.5837705240318,170.240027852026,125.305430008369,65.6421607239966,95.1592349943119,75.7409519574061,65.6694386051615,44.6520437369116,"ROBO3"
"ENSG00000256683",68.362351239922,0.307945120440807,0.241585580322649,1.27468336491578,0.202421337128281,0.708613379348538,51.255598969843,63.6530601922132,49.5215556536373,75.1591612325432,78.488016598649,73.3647678679962,82.9369479308223,78.6171906393329,57.3304622743473,73.296751039836,"ZNF350"
"ENSG00000048392",492.772298925921,0.412997904291679,0.324018151623451,1.27461348144358,0.202446083367291,0.708613379348538,512.55598969843,442.973337256015,446.51936014363,242.682592895441,487.451892560031,518.380004540973,384.129021995387,451.56947306251,412.779328375301,1028.68198873149,"RRM2B"
"ENSG00000163214",72.6353876734129,-0.379844897037897,0.298086004109585,-1.27427954282032,0.202564363865549,0.708613379348538,58.0252063809543,71.4473124606475,72.6316149586681,134.924277393361,61.9642236305124,64.6768348309966,48.0161277494234,64.2359972296989,77.1355310600309,73.296751039836,"DHX57"
"ENSG00000040933",209.879480936745,-0.295870665790448,0.232195774643087,-1.2742293275803,0.202582154373097,0.708613379348538,240.80460648096,250.715114634636,238.528826398353,214.611098941117,198.28551561764,229.747562533988,117.857768112221,162.986858642519,204.304920104947,240.95253790107,"INPP4A"
"ENSG00000184271",84.7005721186301,0.372985716558305,0.29271681401436,1.27422033412815,0.20258534073871,0.708613379348538,60.926466700002,61.0549761027352,72.6316149586681,92.3642704303543,130.813360997748,83.9833526909956,105.635481048732,102.585846322056,51.0762300262367,85.9341219087733,"POU6F1"
"ENSG00000106609",825.031103162725,0.331666849522449,0.26029285489111,1.2742065073634,0.202590239610421,0.708613379348538,674.059480792086,591.064130356266,539.784956624647,1052.2282572556,729.800856092701,819.561683156958,992.624313656262,1255.95755777471,656.694386051615,938.535409866406,"TMEM248"
"ENSG00000162772",48.6622010032585,0.510539616373235,0.400766373953925,1.27390831555127,0.202695911028486,0.708613379348538,31.9138635095249,32.4760511184761,33.8397296966522,57.0485199716894,31.6706031889286,56.954227686997,95.1592349943119,25.8861481373413,67.754182687865,53.9194490407989,"ATF3"
"ENSG00000092098",101.747597011621,-0.357636154417738,0.28083616318477,-1.27346902322704,0.202851657938365,0.708613379348538,87.0378095714315,131.203246518644,115.550296525154,134.018745330318,132.190343745093,96.532589299995,60.238414812913,64.2359972296989,106.321948217881,90.1465788650857,"RNF31"
"ENSG00000185842",20.028491212576,-0.547799207076255,0.43019801257576,-1.27336526683694,0.202888456500922,0.708613379348538,37.7163841476203,15.5885045368685,23.1100593050307,21.7327695130245,27.5396549468944,15.4452142879992,11.3492665589546,11.5049547277073,13.550836537573,22.747267564087,"DNAH14"
"ENSG00000142541",29919.8155923104,0.443408662821743,0.348242571629892,1.27327529413317,0.202920370434768,0.708613379348538,21673.3816700595,20492.3882557584,26048.3382738132,30214.8883475454,41622.0575039888,19500.548364492,52918.1378823873,48000.5886164493,22034.7025821351,16693.1244264748,"RPL13A"
"ENSG00000157978",479.31784759307,0.396011056512328,0.311054382850161,1.27312482429509,0.202973751286789,0.708613379348538,394.571403390489,539.102448566704,459.725108317933,219.138759256331,625.150167294503,485.558924178975,645.162152851344,540.732872202241,260.593010337942,623.443629534238,"LDLRAP1"
"ENSG00000167842",132.279543631188,-0.379604368877558,0.298182380714003,-1.27306103052967,0.202996385923059,0.708613379348538,124.754193719052,124.708036294948,160.945055874321,203.744714184605,88.1268958300621,197.89180806499,98.6513170124517,96.8333689582027,134.465993334378,92.6740530388731,"MIS12"
"ENSG00000092978",73.2548719433993,-0.337398349907901,0.26504015341733,-1.27300843120415,0.203015050048044,0.708613379348538,72.5315079761929,87.0358169975161,76.7584112631378,98.7029948716531,55.0793098937888,58.8848794729969,53.2542507766332,63.2772510023899,102.152460052473,64.8718371272112,"GPATCH2"
"ENSG00000139278",338.522357918738,-0.349041146045679,0.274286755838744,-1.27254101270162,0.203180961780369,0.709006930210566,441.958655268269,214.341937381943,404.426037838038,492.609442295223,289.166376942391,303.112330401984,220.874187647348,259.820227600722,425.287792871522,333.626590939943,"GLIPR1"
"ENSG00000154153",8.94311775069789,1.13367066801833,0.891360829646466,1.27184259203758,0.203429052444541,0.709686966375318,1.93417354603181,10.3923363579124,0.825359260893955,8.1497885673842,4.13094824203416,3.8613035719998,19.2064510997694,16.2986858642519,1.04237204135177,23.5897589553495,"RETREG1"
"ENSG00000029534",13.1715369596749,0.971095482508543,0.76380023683135,1.27139981854047,0.203586447158766,0.709799413131915,9.67086773015905,14.2894624921295,9.90431113072746,0,8.26189648406832,14.4798883949993,9.60322554988468,9.58746227308938,10.4237204135177,45.4945351281741,"ANK1"
"ENSG00000182512",452.52039796508,0.273078028818769,0.214787275054991,1.27138830151299,0.203590542351614,0.709799413131915,416.814399169855,398.805907734887,462.201186100615,331.424735073624,417.22577244545,389.99166077198,611.11435317448,632.772510023899,446.135233698557,418.718221457454,"GLRX5"
"ENSG00000119711",84.9576341873079,-0.422970545723919,0.332706374117619,-1.27130280219516,0.203620945838098,0.709799413131915,107.346631804766,164.978339681859,65.2033816106225,64.2927764760309,92.2578440720962,52.1275982219973,57.6193532993081,75.7409519574061,78.1779031013827,91.8315616476107,"ALDH6A1"
"ENSG00000170917",12.3284420199477,-0.726101582983596,0.571242728885598,-1.27109116014501,0.203696219791528,0.70985613622143,26.1113428714294,14.2894624921295,9.07895186983351,15.3940450717257,11.0158619787578,4.82662946499975,10.4762460544197,9.58746227308938,3.12711612405531,19.3773019990371,"NUDT6"
"ENSG00000181789",698.447325492656,-0.259473177300711,0.204155622112759,-1.27095778512237,0.203743667200692,0.70985613622143,572.515369625416,866.461043840944,782.440579327469,879.271633214451,630.658098283882,664.144214383966,548.256876847962,577.165228839981,598.321551735916,865.23865882657,"COPG1"
"ENSG00000110048",299.719896293935,-0.288333948093598,0.226924726305682,-1.27061494261843,0.203865668394327,0.709983541857748,296.895639315883,337.750931632152,296.30397466093,413.828152810509,293.297325184425,320.488196475983,174.604100906994,244.480287963779,296.033659743903,323.516694244794,"OSBP"
"ENSG00000206561",9.51527034079479,-0.949136265706861,0.747024437365549,-1.27055584560805,0.20388670355516,0.709983541857748,6.76960741111134,5.19616817895618,4.95215556536373,36.2212825217076,13.7698274734472,3.8613035719998,8.73020504534971,7.6699698184715,2.08474408270354,5.89743973883738,"COLQ"
"ENSG00000143458",278.876256692315,-0.322115684816313,0.253702807400996,-1.26965754977707,0.204206640075898,0.7101359316405,242.738780026992,406.600160003321,255.861370877126,362.212825217076,352.507583320248,256.776687537987,281.112602460261,212.841662462584,242.872685634962,175.238209382596,"GABPB2"
"ENSG00000176624",610.403285719132,-0.306136712655622,0.241138612661584,-1.2695466282924,0.204246171129142,0.7101359316405,687.598695614309,678.099947353782,833.612853502895,557.807750834296,621.019219052469,705.653227782963,380.636939977247,404.590907924372,702.558755871093,532.454559277889,"MEX3C"
"ENSG00000071282",1443.97043614382,0.515247408508716,0.40592387515909,1.26932028402315,0.20432685471474,0.7101359316405,950.646297874635,630.035391698437,930.179887027487,2081.81821293514,1332.91929942969,1003.93892871995,2442.71137168885,2505.20389195826,712.98247628461,1849.26860382115,"LMCD1"
"ENSG00000132561",20.6093184103166,-0.555129553640798,0.437350488048053,-1.26930132425004,0.204333614243777,0.7101359316405,29.0126031904772,16.8875465816076,36.315807479334,19.0161733238965,26.1626721995497,16.4105401809991,7.85718454081474,19.1749245461788,12.5084644962212,22.747267564087,"MATN2"
"ENSG00000100479",12.6964021652088,-0.765132244084166,0.602805311679125,-1.269285836173,0.204339136166151,0.7101359316405,16.4404751412704,9.09329431317332,20.6339815223489,20.8272374499818,11.0158619787578,22.2024955389988,6.1111435317448,2.87623868192681,13.550836537573,4.21245695631242,"POLE2"
"ENSG00000164535",91.0953008626486,0.517375536918965,0.407625962024711,1.26924088531829,0.204355162987986,0.7101359316405,43.5189047857157,50.6626397448228,51.9976334363192,143.074065960745,92.2578440720962,71.4341160819963,132.699116689316,153.39939636943,57.3304622743473,114.578829211698,"DAGLB"
"ENSG00000136628",838.362022362332,-0.249326076439917,0.196507224708647,-1.26878834510834,0.204516563063985,0.7101359316405,777.537765504788,974.281533554284,1097.72781698896,855.727799575341,897.792751268757,747.162241181961,749.051592891005,632.772510023899,994.422927449588,657.143285184737,"EPRS"
"ENSG00000174238",1120.11391854105,0.207754787698682,0.163752852552518,1.26870942679946,0.204544719051501,0.7101359316405,1121.82065669845,1127.56849483349,1038.3019502046,812.262260549292,1235.15352436821,1382.34667877593,1041.51346191022,1114.06311613299,1196.64310347183,1131.46593846551,"PITPNA"
"ENSG00000100138",1362.11599917537,0.3030889319656,0.238903452488699,1.26866702347023,0.20455984861413,0.7101359316405,1462.23520080005,1221.0995220547,1409.71361760688,685.487771723316,1313.64154096686,1720.21074132591,1734.69174251099,1467.84047400998,1390.52430316326,1215.71507759176,"SNU13"
"ENSG00000172046",164.830317938255,-0.352219556619221,0.277698169107483,-1.26835390291282,0.204671595630731,0.7101359316405,140.227582087306,198.753432845074,148.564666960912,270.754086849764,152.845084955264,116.804433052994,165.00087535711,140.935695414414,106.321948217881,208.095373641833,"USP19"
"ENSG00000118482",262.206335178608,-0.303898339245553,0.239632062846993,-1.26818730196216,0.204731070563368,0.7101359316405,276.586817082549,392.310697511192,309.509722835233,206.461310373733,221.6942223225,215.267674138989,240.080638747117,179.285544506771,309.584496281476,271.28222798652,"PHF3"
"ENSG00000143776",986.984113602378,-0.285394658064135,0.2250443956232,-1.26817047486924,0.204737078372,0.7101359316405,1122.78774347147,1341.91043221543,1005.28757976884,954.430794446994,1032.73706050854,1003.93892871995,648.654234869484,678.792328934728,1192.47361530642,888.82841778192,"CDC42BPA"
"ENSG00000198833",1432.80290396445,-0.273017219689582,0.215291452719731,-1.26812846604272,0.204752077421899,0.7101359316405,1596.66026224926,1243.18323681527,1560.75436235047,1990.35947456783,1382.4906783341,1668.08314310391,1050.24366695557,1212.81397754581,1581.27838673063,1042.16185099169,"UBE2J1"
"ENSG00000136213",58.3239319202059,0.531683117388534,0.419294047288131,1.26804356233365,0.204782394323263,0.7101359316405,61.893553473018,45.4664715658666,36.315807479334,40.748942836921,57.8332753884782,23.1678214319988,103.889440039662,103.544592549365,39.6101375713672,70.7692768660486,"CHST12"
"ENSG00000230500",10.2410599822181,0.790269134135761,0.623474987055264,1.26752339796065,0.204968202724419,0.710467528568302,5.80252063809543,9.09329431317332,9.90431113072746,3.62212825217076,22.0317239575155,11.5839107159994,15.7143690816295,12.4637009550162,2.08474408270354,10.1098966951498,"MKX-AS1"
"ENSG00000133243",1856.51680283269,0.420546501987653,0.331866763401547,1.2672148836996,0.205078465286492,0.710467528568302,1700.13854696196,2201.87626583268,1507.93136965326,763.363529144987,2730.55678798458,1464.39937968092,2685.41107194957,2642.30460246343,1259.18542595294,1610.00104870261,"BTBD2"
"ENSG00000104889",128.38483940167,-0.665442493539169,0.525155436168346,-1.26713435243933,0.205107254141305,0.710467528568302,147.964276271434,270.200745305722,210.466611527959,31.6936222064941,59.2102581358229,190.16920092099,80.3178864172174,41.2260877742843,157.398178244117,95.2015272126606,"RNASEH2A"
"ENSG00000178229",27.8783538440003,-0.567757582340391,0.448100944221009,-1.26703054225292,0.2051443692372,0.710467528568302,18.3746486873022,71.4473124606475,24.7607778268187,24.4493657021526,34.424568683618,21.2371696459989,14.8413485770945,23.9686556827235,20.8474408270354,24.432250346612,"ZNF543"
"ENSG00000003249",22.922076806024,0.925504538761822,0.730899146734721,1.26625478069922,0.205421880645513,0.710674480916659,18.3746486873022,33.7750931632152,4.12679630446978,3.62212825217076,78.488016598649,8.68793303699955,10.4762460544197,21.0924170007966,17.7203247029801,32.8571642592368,"DBNDD1"
"ENSG00000107890",129.556310650457,0.316942772478308,0.250310121320054,1.26620038697139,0.20544134902044,0.710674480916659,125.721280492068,74.0453965501256,115.550296525154,135.829809456403,100.519740556165,141.902906270993,185.080346961414,135.18321805056,151.143945996007,130.586165645685,"ANKRD26"
"ENSG00000243477",76.560308325405,0.373915567697345,0.295319037804731,1.26614108753999,0.205462574751965,0.710674480916659,58.0252063809543,64.9521022369523,75.1076927413499,61.5761802869029,114.289568029612,67.5728125099965,113.492665589546,85.3284142304955,46.9067418608296,78.3516993874109,"NAT6"
"ENSG00000166949",845.475016103568,-0.379254477552337,0.299560356390318,-1.26603694201172,0.205499856623189,0.710674480916659,921.633694684158,1586.13033662638,796.471686762667,623.00605937337,965.264905888649,441.153933100977,669.606726978323,875.33530553306,812.007820213028,764.139691875072,"SMAD3"
"ENSG00000102409",87.3023521780661,-0.659621009309954,0.521038129606627,-1.26597454548663,0.205522195599332,0.710674480916659,240.80460648096,28.578924984259,132.882841003927,45.2766031521344,79.8649993459938,56.954227686997,112.619645085011,49.8548038200648,38.5677655300155,87.6191046912982,"BEX4"
"ENSG00000173013",21.8271201620445,0.612895279690879,0.484164286682746,1.26588287601743,0.205555017968799,0.710674480916659,23.2100825523817,20.7846727158247,18.983263000561,3.62212825217076,26.1626721995497,23.1678214319988,20.9524921088393,18.2161783188698,21.8898128683872,41.2820781718617,"CCDC96"
"ENSG00000163870",315.530922758796,0.373268910602054,0.29488282421749,1.26582113282647,0.205577127343216,0.710674480916659,273.685556763501,281.892123708373,252.55993383355,264.415362408465,330.475859362733,263.533968788986,559.606143406917,471.703143835997,228.279477056038,229.157658423395,"TPRA1"
"ENSG00000135424",43.4777524631554,0.69978904021745,0.552960691252822,1.26553125979347,0.205680949929612,0.710849139469095,53.1897725158748,6.49521022369523,33.0143704357582,33.5046863325795,30.2936204415838,17.3758660739991,75.9527838945425,96.8333689582027,33.3559053232566,54.7619404320614,"ITGA7"
"ENSG00000126005",1025.98944250276,0.367895658849369,0.290746414776454,1.26534890940008,0.205746281110139,0.710890712737287,908.094479861935,1180.82921866779,758.505160761545,648.360957138565,1321.90343745093,772.26071439996,1605.48470783981,1441.95432587264,728.618056904887,893.883366129495,"MMP24-AS1"
"ENSG00000138182",76.7939120732661,-0.615721579385527,0.486741793770404,-1.26498605064508,0.205876328370841,0.71101894750312,116.050412761909,106.521447668602,120.502452090517,45.2766031521344,31.6706031889286,64.6768348309966,65.4765378401228,16.2986858642519,132.381249251675,69.0842940835236,"KIF20B"
"ENSG00000011143",44.1816319102789,-0.370437786439587,0.292848264711199,-1.26494786235085,0.205890018389222,0.71101894750312,56.0910328349225,40.2703033869104,45.3947593491675,62.4817123499455,37.1785341783074,48.2662946499975,28.809676649654,30.679879273886,43.7796257367743,48.864500693224,"MKS1"
"ENSG00000184985",55.7537657161406,-0.552607601270276,0.436992324435317,-1.26457049785567,0.206025334325116,0.711172177035512,70.5973344301611,38.9712613421714,33.8397296966522,131.30214914119,70.2261201145807,59.8502053659969,34.0477996768639,40.2673415469754,53.1609741089403,25.2747417378745,"SORCS2"
"ENSG00000100918",19.0480033904278,-1.00979290747026,0.798779497355353,-1.26416978754906,0.206169092343948,0.711172177035512,8.70378095714315,3.89712613421714,8.25359260893955,87.8366101151408,26.1626721995497,6.75728125099965,12.2222870634896,23.0099094554145,5.21186020675885,8.42491391262483,"REC8"
"ENSG00000077232",799.145956402655,-0.320620271848701,0.253625792793629,-1.26414694782082,0.206177288472743,0.711172177035512,955.481731739715,672.903779174826,967.321053767715,1034.11761599475,616.888270810435,936.366116209951,486.272421025979,640.442479842371,1037.16018114501,644.5059143158,"DNAJC10"
"ENSG00000131899",375.788774146411,-0.398672584010619,0.315457556123341,-1.26379151892859,0.206304866065023,0.711172177035512,380.065101795251,749.547259814429,411.854271186084,217.327695130245,417.22577244545,310.834937545984,398.097350067947,268.448943646503,265.804870544701,338.681539287518,"LLGL1"
"ENSG00000123411",112.320129060046,-0.396169503145184,0.313487933991473,-1.2637472138113,0.206320772954673,0.711172177035512,101.54411116667,175.370676039771,124.629248394987,123.152360573806,141.829222976506,151.556165200992,66.3495583446578,76.699698184715,71.9236708532721,90.1465788650857,"IKZF4"
"ENSG00000105483",122.760224516597,-0.346106211478705,0.273873185067538,-1.26374625319143,0.206321117856395,0.711172177035512,107.346631804766,115.614741981775,116.375655786048,222.760887508501,129.436378250404,124.527040196994,86.4290299489622,115.049547277073,115.703296590046,94.3590358213981,"CARD8"
"ENSG00000196465",626.388379208494,0.353170602815984,0.279473146806841,1.26370138545038,0.206337227672401,0.711172177035512,474.83960555081,440.375253166537,545.562471450904,686.393303786358,886.77688929,478.801642927975,968.179739529283,807.264323394126,461.770814318834,513.919748670115,"MYL6B"
"ENSG00000171408",56.8187956056051,0.762364391410145,0.603310481420201,1.26363525065159,0.2063609751164,0.711172177035512,67.6960741111134,28.578924984259,30.5382926530763,33.5046863325795,35.8015514309627,26.0637991109986,35.7938406859338,17.2574320915609,165.737154574931,127.216200080635,"PDE7B"
"ENSG00000172432",836.88496194294,-0.41928121103314,0.331900610807056,-1.26327339384404,0.206490944487102,0.711372811447592,617.001361184148,835.284034767206,909.545905505139,1581.96451413558,709.146114882531,1089.85293319694,630.320804274249,665.369881752403,953.770417836869,376.59365189433,"GTPBP2"
"ENSG00000205189",105.428355306778,-0.275666156852552,0.218232547728144,-1.2631761839483,0.206525869830177,0.711372811447592,125.721280492068,124.708036294948,96.5670335245927,124.057892636848,92.2578440720962,100.393892871995,74.2067428854726,114.090801049764,114.660924548695,87.6191046912982,"ZBTB10"
"ENSG00000131238",94.3802081350107,-0.49113709205709,0.38891249063856,-1.26284730853125,0.206644059218299,0.711564553393928,133.457974676195,63.6530601922132,52.8229926972131,206.461310373733,56.4562926411335,97.4979151929949,69.8416403627977,88.2046529124223,106.321948217881,69.0842940835236,"PPT1"
"ENSG00000111581",68.5285866329352,-0.479587781149496,0.379820265388355,-1.26267033345135,0.206707679840055,0.711564553393928,67.6960741111134,61.0549761027352,68.5048186541983,133.113213267275,31.6706031889286,69.5034642959964,34.9208201813988,49.8548038200648,77.1355310600309,91.8315616476107,"NUP107"
"ENSG00000151881",202.697921052205,-0.331939132725723,0.262931826937585,-1.26245322444178,0.206785747594889,0.711564553393928,209.857829744451,187.062054442423,216.244126354216,311.503029686685,133.567326492438,250.019406286987,130.080055175711,213.800408689893,210.559152353057,164.285821296184,"TMEM267"
"ENSG00000164087",108.306385402722,-0.668515341669155,0.529547451425054,-1.26242764434071,0.206794947061173,0.711564553393928,110.247892123813,215.640979426682,186.531192962034,45.2766031521344,39.9324996729969,192.09985270699,58.4923738038431,29.7211330465771,125.084644962212,80.0366821699359,"POC1A"
"ENSG00000127220",169.300817505637,0.509851187440178,0.404098093929854,1.26170154004409,0.207056202548375,0.712264640869652,164.404751412704,189.660138531901,111.423500220684,75.1591612325432,216.186291333121,87.8446562629954,275.874479433051,267.490197419194,83.3897633081416,221.575235902033,"ABHD8"
"ENSG00000184588",56.3493288812044,0.5115647880129,0.405567042289203,1.2613569019943,0.207180288613422,0.712264640869652,28.0455164174613,36.3731772526933,53.6483519581071,61.5761802869029,27.5396549468944,55.9889017939971,42.7780047222136,88.2046529124223,61.4999504397544,107.838898081598,"PDE4B"
"ENSG00000140382",181.790845801799,-0.314673894316325,0.249502102433464,-1.26120738561809,0.20723413838983,0.712264640869652,232.100825523817,154.586003323946,170.849367005049,266.226426534551,158.353015944643,167.001379488991,122.222870634896,154.358142596739,160.525294368173,231.685132597183,"HMG20A"
"ENSG00000187239",576.274351278069,-0.311575459658445,0.247109829781189,-1.26087845204029,0.207352642763398,0.712264640869652,617.968447957164,937.908356301591,569.497890016829,484.459653727839,644.427925757329,507.761419717974,347.462160804919,498.548038200648,564.965646412659,589.743973883738,"FNBP1"
"ENSG00000067082",1733.9042258754,-0.427654433818576,0.339242360308183,-1.260616255087,0.207447139250072,0.712264640869652,2276.52226367944,1851.13491375314,2088.9842893226,1980.39862187436,1259.93921382042,2174.87923692889,970.798801042888,751.657042210207,2722.67577201082,1262.0521041112,"KLF6"
"ENSG00000138771",236.758264180571,-0.397100719727825,0.315005722554562,-1.26061430410695,0.20744784250561,0.712264640869652,258.212168395247,246.817988500419,227.799156006732,373.079209973588,247.85689452205,247.123428607987,104.762460544197,169.698082233682,326.262448943104,165.970804078709,"SHROOM3"
"ENSG00000140718",166.581273194608,-0.481558122920829,0.382053184140964,-1.26044787194641,0.207507841458981,0.712264640869652,159.569317547624,303.975838468937,197.260863353655,143.074065960745,132.190343745093,146.729535735992,57.6193532993081,107.379577458601,150.101573954655,267.91226242147,"FTO"
"ENSG00000063587",340.770201262711,-0.264680298523871,0.209997704098548,-1.260396153663,0.20752648851325,0.712264640869652,336.546197009535,375.423150929584,313.636519139703,488.987314043052,397.948013982624,329.176129512983,254.921987324212,269.407689873812,297.076031785254,344.578979026356,"ZNF275"
"ENSG00000119977",130.043251879634,0.270087261112222,0.214307264516384,1.26028047496063,0.207568200930295,0.712264640869652,122.82002017302,106.521447668602,89.1388001765472,144.88513008683,112.912585282267,139.972254484993,137.937239716525,162.986858642519,145.932085789248,137.326096775785,"TCTN3"
"ENSG00000189369",33.1629002975617,0.426259248323327,0.3382419151617,1.26022006503703,0.207589986475054,0.712264640869652,34.8151238285726,19.4856306710857,36.315807479334,19.0161733238965,33.0475859362733,34.7517321479982,47.1431072448884,27.8036405919592,35.4406494059602,43.8095523456491,"GSPT2"
"ENSG00000131378",686.321848477246,0.253797907291958,0.201469422818745,1.25973412610752,0.207765290275089,0.712513673540462,673.09239401907,692.389409845911,615.718008626891,480.837525475668,718.784994113944,655.456281346966,648.654234869484,584.835198658452,899.567071686577,893.883366129495,"RFTN1"
"ENSG00000236753",40.2300929797037,-0.333215118163896,0.264691039132466,-1.25888325972809,0.208072501203007,0.712859957923048,52.2226857428589,40.2703033869104,48.6961963927434,41.6544748999637,45.4404306623758,37.647709826998,31.428738163259,34.5148641831218,33.3559053232566,37.0696212155493,"MKLN1-AS"
"ENSG00000095383",208.317340351699,0.443738270029668,0.352494272952627,1.25885242421883,0.208083640748674,0.712859957923048,188.581920738102,253.313198724114,175.801522570412,68.8204367912444,154.222067702609,312.765589331984,321.271545668869,174.491813370227,202.220176022243,231.685132597183,"TBC1D2"
"ENSG00000110171",71.3495514144309,-0.469309894089547,0.372819305269066,-1.25881328422852,0.208097780969598,0.712859957923048,50.2885121968271,63.6530601922132,57.7751482625769,170.240027852026,66.0951718725465,57.919553579997,44.5240457312835,63.2772510023899,74.0084149359756,65.7143285184737,"TRIM3"
"ENSG00000225361",8.2991260627416,-0.768197577564279,0.610478925677808,-1.25835232839751,0.208264364278742,0.712859957923048,8.70378095714315,7.79425226843427,9.90431113072746,17.2051091978111,11.0158619787578,3.8613035719998,8.73020504534971,5.75247736385363,8.33897633081416,1.68498278252497,"PPP1R26-AS1"
"ENSG00000130764",249.445370342488,-0.24724590093423,0.196486892371656,-1.25833279741919,0.208271424648906,0.712859957923048,293.994378996835,328.657637318979,271.543196834111,209.177906562861,224.448187817189,221.059629496989,217.382105629208,230.099094554145,207.432036229002,290.659529985557,"LRRC47"
"ENSG00000213066",72.3079208028553,-0.330512223170402,0.262694472155432,-1.25816207877737,0.208333146139138,0.712859957923048,64.7948137920657,68.8492283711694,77.5837705240318,117.71916819555,70.2261201145807,79.1567232259959,51.5082097675633,67.1122359116257,64.6270665638097,61.5018715621613,"FGFR1OP"
"ENSG00000087460",14531.8796961036,0.203552863731111,0.161828426866426,1.25783131970457,0.208452766256885,0.712859957923048,14310.9500670894,11456.2517925536,14701.2991550431,12812.373159991,17782.3551992097,13895.8662297343,15845.3221573097,17015.828042279,14975.7591181009,12522.7920397255,"GNAS"
"ENSG00000172785",140.175644040231,0.464754939630683,0.369517847730426,1.25773340174284,0.208488188161988,0.712859957923048,180.845226553974,74.0453965501256,153.516822526276,47.9931993412625,122.55146451368,143.833558056993,188.572428979554,162.986858642519,112.576180465991,214.835304771933,"CBWD1"
"ENSG00000117139",401.592294085132,-0.330620919490135,0.262878858819033,-1.25769307191696,0.208502778778914,0.712859957923048,358.789192788901,366.329856616411,354.079122923507,751.591612325432,378.670255519798,316.626892903984,309.04925860538,445.816995698656,357.533610183657,377.436143285592,"KDM5B"
"ENSG00000113638",57.9560077825298,-0.442944188613836,0.352242775852725,-1.25749687141642,0.208573771204555,0.712859957923048,83.1694624793679,70.1482704159085,82.5359260893955,39.8434107738783,45.4404306623758,59.8502053659969,25.3175946315142,42.1848340015933,55.2457181916438,75.8242252136235,"TTC33"
"ENSG00000128482",14.6420429633978,-0.876282334151997,0.696876251180645,-1.25744324428821,0.208593178484247,0.712859957923048,17.4075619142863,1.29904204473905,10.7296703916214,50.7097955303906,16.5237929681366,4.82662946499975,11.3492665589546,8.62871604578044,11.4660924548695,13.4798622601997,"RNF112"
"ENSG00000105926",124.24038038085,-0.42207098700852,0.335710445982888,-1.25724710702042,0.208664170325812,0.712859957923048,196.318614922229,129.904204473905,128.756044699457,131.30214914119,86.7499130827173,87.8446562629954,51.5082097675633,107.379577458601,166.779526616283,155.860907383559,"MPP6"
"ENSG00000116977",243.794148057478,-0.249231043631171,0.198253051591398,-1.25713597662466,0.208704401718748,0.712859957923048,204.055309106356,281.892123708373,276.495352399475,316.030690001898,195.53155012295,213.337022352989,202.540757052113,232.975333236072,234.533709304148,280.549633290407,"LGALS8"
"ENSG00000163811",248.003038418766,-0.315112064409083,0.250702720730346,-1.25691521612171,0.208784338044558,0.712859957923048,352.986672150805,220.837147605638,311.985800617915,238.154932580227,202.416463859674,271.256575932986,174.604100906994,158.193127505975,278.313335040922,271.28222798652,"WDR43"
"ENSG00000148019",150.784706874195,-0.44896072403594,0.357268175013499,-1.25664908165687,0.208880733557293,0.712859957923048,173.108532369847,207.846727158247,217.06948561511,120.435764384678,106.027671545543,198.85713395799,73.3337223809376,79.5759368666419,217.85575664252,113.736337820435,"CEP78"
"ENSG00000175634",522.14387791557,0.229826212194676,0.182888287055065,1.25664806585169,0.208881101549843,0.712859957923048,434.221961084142,505.327355403489,522.452412145874,431.03326200832,523.253443990994,511.622723289973,689.686198582627,649.071195888151,488.87248739398,465.897739368153,"RPS6KB2"
"ENSG00000196313",311.303474035612,-0.399644012947585,0.318033933096586,-1.25660808913184,0.20889558416341,0.712859957923048,295.928552542867,578.073709908875,309.509722835233,273.470683038892,389.686117498556,384.19970541398,185.080346961414,181.203036961389,238.703197469555,277.179667725357,"POM121"
"ENSG00000142534",14252.3926157969,0.404467664632494,0.321906879636011,1.25647412410023,0.208944121808257,0.712859957923048,9935.84950596541,10374.149769286,12124.5275425322,15305.3029295475,17826.4186471247,10722.8400194434,23436.2354442413,22903.4886241832,12089.4309355978,7805.68274004691,"RPS11"
"ENSG00000170525",341.947177158083,-0.337395297656265,0.268542560642553,-1.25639413301551,0.208973107736384,0.712859957923048,267.883036125406,457.262799748144,321.064752487749,517.058807997375,353.884566067593,231.678214319988,225.239290170023,282.830137056137,417.99118858206,344.578979026356,"PFKFB3"
"ENSG00000143493",78.3542739162531,-0.399001800024235,0.317620102018414,-1.25622338601573,0.209034990131198,0.712859957923048,82.202375706352,107.820489713341,85.8373631329713,90.5532063042689,68.849137367236,87.8446562629954,48.8891482539584,46.978565138138,115.703296590046,48.864500693224,"INTS7"
"ENSG00000011021",71.9744012684869,-0.561734274912328,0.44724059098836,-1.25600020711659,0.209115894992615,0.712859957923048,73.4985947492088,44.1674295211276,38.7918852620159,200.122585932434,61.9642236305124,42.4743392919978,48.0161277494234,82.4521755485687,62.5423224811062,65.7143285184737,"CLCN6"
"ENSG00000147548",604.230240956095,-0.234711199780541,0.186885094900295,-1.255911820607,0.209147942366591,0.712859957923048,675.993654338118,735.2577973223,595.909386365436,648.360957138565,685.73740817767,664.144214383966,502.859810612143,479.373113654469,605.618156025378,449.047911542903,"NSD3"
"ENSG00000174839",151.66791028032,-0.330441295372203,0.263126808819402,-1.25582526864073,0.209179328015476,0.712859957923048,152.799710136513,142.894624921295,159.294337352533,235.438336391099,163.860946934022,190.16920092099,111.746624580476,105.462085003983,148.016829871951,106.996406690335,"DENND6A"
"ENSG00000100815",197.25919046635,-0.311151722338974,0.247779343843336,-1.2557613460132,0.209202509958072,0.712859957923048,208.890742971436,255.911282813592,172.500085526837,257.171105904124,141.829222976506,171.828008953991,235.715536224442,126.55450200478,173.033758864394,229.157658423395,"TRIP11"
"ENSG00000137880",12.5252182648926,0.795536405805256,0.633849328554754,1.25508755782572,0.209446976676973,0.713510684020636,5.80252063809543,3.89712613421714,4.12679630446978,20.8272374499818,11.0158619787578,7.7226071439996,25.3175946315142,16.2986858642519,8.33897633081416,21.9047761728246,"GCHFR"
"ENSG00000196476",43.8294078332991,0.395579452662812,0.315232240586712,1.25488259680088,0.209521382537895,0.713581889404469,43.5189047857157,23.3827568053028,32.1890111748642,47.0876672782198,72.9800856092701,45.3703169709976,49.7621687584934,41.2260877742843,40.652509612719,42.1245695631242,"C20orf96"
"ENSG00000158296",18.6328337242657,-0.604695563711726,0.481987470122431,-1.25458772519154,0.209628461714204,0.713620827455496,15.4733883682545,11.6913784026514,20.6339815223489,45.2766031521344,20.6547412101708,16.4105401809991,16.5873895861645,15.339939636943,16.6779526616283,7.58242252136235,"SLC13A3"
"ENSG00000106571",341.740969051849,-0.424831176826889,0.338630584718783,-1.25455642814925,0.209639829194769,0.713620827455496,323.006982187312,714.473124606475,299.605411704506,277.092811291063,505.352668275512,298.285700936985,213.890023611068,268.448943646503,228.279477056038,288.974547203032,"GLI3"
"ENSG00000107960",161.578811696271,0.295851387591519,0.235923718520995,1.2540129048754,0.209837314893437,0.713837262631175,196.318614922229,145.492709010773,131.232122482139,95.986398682525,183.138705396848,202.71843752999,175.477121411529,167.780589779064,140.720225582489,176.923192165121,"STN1"
"ENSG00000125743",1818.80337514095,0.303523406531457,0.242041834457996,1.25401217195009,0.20983758128805,0.713837262631175,1639.21208026196,1604.31692525272,1842.20187031531,1293.09978602496,2088.88282772194,1664.22183953191,2660.96649782259,2507.12138441287,1598.99871143361,1289.0118286316,"SNRPD2"
"ENSG00000160710",978.862818393627,-0.296641142324227,0.236567339905576,-1.25393954399043,0.209863980413649,0.713837262631175,1180.81294985242,1335.41522199174,825.359260893955,1064.9057061382,1204.85990392663,920.920901921952,637.304968310529,687.421044980509,1062.17711013745,869.451115782883,"ADAR"
"ENSG00000126464",141.443432394927,-0.476472244160763,0.380089002218833,-1.2535807176195,0.209994443463359,0.713928949766711,115.083325988893,352.040394124281,132.057481743033,82.4034177368847,158.353015944643,105.220522336995,96.0322554988468,106.420831231292,126.127017003564,140.696062340835,"PRR12"
"ENSG00000144445",96.4669292790866,-0.275043808475806,0.219419066251323,-1.25350915567551,0.210020469166121,0.713928949766711,96.7086773015905,106.521447668602,97.3923927854867,130.396617078147,83.9959475880279,76.260745546996,87.3020504534971,76.699698184715,99.0253439284181,110.366372255385,"KANSL1L"
"ENSG00000204173",9.70811244925711,0.880555611636583,0.70252027564861,1.25342376890631,0.210051525746763,0.713928949766711,9.67086773015905,7.79425226843427,4.95215556536373,3.62212825217076,11.0158619787578,7.7226071439996,27.0636356405841,17.2574320915609,2.08474408270354,5.89743973883738,"LRRC37A5P"
"ENSG00000087495",11.8219317744207,-0.896841597246353,0.715602461420879,-1.253267904453,0.210108224799005,0.713939718253334,4.83543386507953,7.79425226843427,13.2057481743033,39.8434107738783,2.75396549468944,7.7226071439996,14.8413485770945,2.87623868192681,8.33897633081416,16.0073364339872,"PHACTR3"
"ENSG00000134910",347.989401038789,-0.498858292603521,0.398217924768492,-1.25272686530506,0.210305125406208,0.714063089571703,285.290598039692,248.117030545158,271.543196834111,882.893761466622,205.170429354363,494.246857215974,310.79529961445,257.902735146104,315.838728529586,208.095373641833,"STT3A"
"ENSG00000130529",155.620129892332,-0.549421218652254,0.438593245714273,-1.25268964814424,0.210318674770445,0.714063089571703,117.98458630794,122.10995220547,98.2177520463807,430.127729945277,103.273706050854,108.116500015994,142.3023422392,232.016587008763,95.8982278043628,106.153915299073,"TRPM4"
"ENSG00000162959",38.4043963761745,-0.408250713126304,0.325933835033533,-1.25255701999856,0.210366964811715,0.714063089571703,58.9922931539702,58.4568920132571,35.4904482184401,28.0714939543234,33.0475859362733,30.8904285759984,26.1906151360491,39.3085953196665,32.3135332819049,41.2820781718617,"MEMO1"
"ENSG00000103061",38.7581659256028,-0.417962764819956,0.333697020657749,-1.25252171564526,0.210379820514286,0.714063089571703,48.3543386507953,57.157849968518,47.8708371318494,28.977026017366,44.063447915031,34.7517321479982,25.3175946315142,23.0099094554145,46.9067418608296,31.1721814767119,"SLC7A6OS"
"ENSG00000213465",330.183204627002,0.42477951679322,0.339163543303044,1.25243271330515,0.21041223228738,0.714063089571703,345.249977966678,361.133688437455,284.748945008415,105.041719312952,464.043185855171,264.499294681986,510.716995152958,351.85986542238,291.864171578495,322.674202853531,"ARL2"
"ENSG00000078053",71.8664794736935,-0.674711722326543,0.538862611855255,-1.25210342577596,0.210532179566904,0.714177164124304,92.8403302095269,42.8683874763885,45.3947593491675,188.350669112879,111.535602534922,57.919553579997,20.9524921088393,28.7623868192681,93.8134837216593,36.2271298242868,"AMPH"
"ENSG00000154813",691.02569542176,0.282608037864979,0.22572416809217,1.25200611105844,0.2105676371916,0.714177164124304,580.252063809543,575.475625819397,793.170249719091,497.137102610436,614.134305315745,979.805781394949,574.447491984011,746.863311073663,894.355211479818,654.615811010949,"DPH3"
"ENSG00000226287",12.0064329494556,0.615689487828698,0.491804250147794,1.25189948570732,0.210606492202211,0.714177164124304,8.70378095714315,12.9904204473905,10.7296703916214,4.52766031521344,8.26189648406832,12.5492366089993,13.9683280725595,19.1749245461788,11.4660924548695,17.6923192165121,"TMEM191A"
"ENSG00000100413",657.601307396894,0.328056280334942,0.262160131218109,1.25135839233316,0.210803750300179,0.714607800358656,686.631608841293,657.315274637957,633.875912366557,303.353241119301,852.352320606382,769.36473672096,847.702909903457,691.256029889744,576.431738867529,557.729301015764,"POLR3H"
"ENSG00000179403",15.5173483050982,0.758099040049156,0.605915952690874,1.25116204100987,0.210875364122446,0.714607800358656,7.73669418412724,11.6913784026514,7.4282333480456,17.2051091978111,12.3928447261025,11.5839107159994,14.8413485770945,46.019818910829,5.21186020675885,21.0622847815621,"VWA1"
"ENSG00000058453",175.972448923925,-0.372237604799303,0.297604791195188,-1.25077826638606,0.211015386318212,0.714607800358656,168.273098504768,185.763012397684,192.308707788292,268.943022723679,140.452240229161,119.700410731994,206.905859574788,245.439034191088,97.9829718870663,133.956131210735,"CROCC"
"ENSG00000081014",336.684107953066,-0.285797987918487,0.228514444937849,-1.25067799541608,0.211051981787399,0.714607800358656,339.447457328583,378.021235019062,401.949960055356,389.378787108356,323.590945626009,363.927861660981,196.429613520369,258.861481373413,412.779328375301,302.454409463231,"AP4E1"
"ENSG00000115255",31.3421129366315,0.553088468405873,0.442233804545425,1.25066981022492,0.211054969304397,0.714607800358656,26.1113428714294,31.1770090737371,24.7607778268187,16.2995771347684,31.6706031889286,24.1331473249987,35.7938406859338,74.7822057300972,16.6779526616283,32.0146728679744,"REEP6"
"ENSG00000180900",283.397538089341,-0.390413336967349,0.312343478198335,-1.24994873982751,0.211318273180873,0.714784535896871,326.875329279376,535.205322432487,307.859004313445,153.034918654214,258.872756500807,222.990281282988,281.985622964796,235.851571917999,192.838827650077,318.461745897219,"SCRIB"
"ENSG00000072195",384.433787751526,-0.449850622798217,0.359934385787186,-1.24981285634709,0.211367918564108,0.714784535896871,344.282891193662,287.088291887329,312.811159878809,887.421421781835,316.706031889286,238.435495570988,323.890607182474,444.858249471347,459.68607023613,229.157658423395,"SPEG"
"ENSG00000146282",635.549435925415,0.205341082672571,0.16432066273197,1.24963640761059,0.211432397152746,0.714784535896871,595.725452177798,476.74843041923,613.241930844209,641.116700634224,736.685769829425,714.341160819963,671.352767987393,623.18504775081,553.49955395779,729.59754483331,"RARS2"
"ENSG00000107929",415.006538718524,-0.242847255941472,0.194336997930283,-1.24961926204392,0.211438663310832,0.714784535896871,394.571403390489,463.758009971839,416.806426751447,555.091154645168,349.753617825559,382.26905362798,299.446033055495,400.755923015136,485.745371269925,401.868393632204,"LARP4B"
"ENSG00000136149",37.4647361313682,0.577519638579044,0.46224752524402,1.24937313244494,0.211528630631225,0.714784535896871,21.2759090063499,11.6913784026514,40.4426037838038,41.6544748999637,31.6706031889286,28.9597767899985,63.7304968310529,72.8647132754793,39.6101375713672,22.747267564087,"RPL13AP25"
"ENSG00000182551",1022.16257151173,0.311091641034396,0.249060627893477,1.24905989222612,0.211643168794454,0.714784535896871,1094.74222705401,967.786323330589,1033.34979463923,477.215397223497,1189.71309370584,1082.13032605294,978.655985583703,1102.55816140528,929.795860885778,1365.67854523649,"ADI1"
"ENSG00000086589",196.851190410563,-0.278250938472521,0.222779987603582,-1.24899431706426,0.211667152419012,0.714784535896871,161.503491093656,201.351516934552,198.911581875443,317.841754127984,181.761722649503,196.92648217199,171.985039393389,188.873006779861,169.906642740338,179.450666338909,"RBM22"
"ENSG00000171763",27.6233815040437,-0.496021197259164,0.397189749706962,-1.2488267827282,0.211728435768879,0.714784535896871,36.7492973746044,32.4760511184761,28.0622148703945,37.1268145847502,16.5237929681366,14.4798883949993,28.809676649654,13.4224471823251,28.1440451164978,40.4395867805992,"SPATA5L1"
"ENSG00000166033",1163.27633559014,-0.545556229630531,0.436886429389487,-1.24873695526066,0.211761299556537,0.714784535896871,894.555265039713,618.344013295786,1053.98377616158,3169.36222064941,1144.27266304346,1614.99021898892,801.432823163104,1096.80568404143,538.906345378865,700.110346139123,"HTRA1"
"ENSG00000170190",74.2331465991495,-0.451081218557794,0.361284735581554,-1.24854768035438,0.211830558710127,0.714784535896871,77.3669418412724,51.9616817895618,94.9163150028048,129.491085015105,59.2102581358229,64.6768348309966,112.619645085011,60.4010123204631,34.3982773646084,57.2894146058489,"SLC16A5"
"ENSG00000196912",14.6513746654362,-0.593760486389985,0.475585670825727,-1.24848270840263,0.211854336910669,0.714784535896871,17.4075619142863,15.5885045368685,10.7296703916214,29.8825580804087,8.26189648406832,12.5492366089993,7.85718454081474,20.1336707734877,11.4660924548695,12.6373708689372,"ANKRD36B"
"ENSG00000261455",18.9763838211923,0.686108701741155,0.549590357604617,1.24840018069377,0.211884542884968,0.714784535896871,18.3746486873022,9.09329431317332,18.157903739667,9.96085269346958,16.5237929681366,13.5145625019993,37.5398816950038,26.8448943646503,5.21186020675885,34.5421470417618,"LINC01003"
"ENSG00000166897",23.6208872844346,-0.719672233708942,0.576603671282195,-1.2481228780743,0.211986061240536,0.714784535896871,6.76960741111134,38.9712613421714,36.315807479334,41.6544748999637,19.2777584628261,27.9944508969985,34.0477996768639,16.2986858642519,7.29660428946239,7.58242252136235,"ELFN2"
"ENSG00000197756",16153.7600853194,0.393814405822175,0.315566549259437,1.24795992080393,0.212045735036897,0.714784535896871,11429.031483502,10828.8144849447,14259.7319504649,17857.0922832018,18340.0332118843,12452.7040196994,26268.3139609527,26007.9089082096,15023.7082320031,9070.26231833189,"RPL37A"
"ENSG00000196700",374.6906086208,-0.350755081908278,0.281077035271716,-1.2478966186946,0.212068919093233,0.714784535896871,430.353613992078,643.025812145828,324.366189531324,324.180478569283,523.253443990994,305.042982187984,345.716119795849,285.706375738064,250.169289924425,315.091780332169,"ZNF512B"
"ENSG00000126883",145.866830513442,-0.348705457441569,0.279513124057841,-1.24754591977373,0.212197393863846,0.714784535896871,104.445371485718,170.174507860815,125.454607655881,269.848554786721,125.305430008369,138.041602698993,148.413485770945,133.265725595942,119.872784755454,123.846234515585,"NUP214"
"ENSG00000138180",230.402646353018,-1.07757304485767,0.863759243128613,-1.24753865551077,0.212200055642615,0.714784535896871,372.328407611124,471.552262240274,452.296874969887,50.7097955303906,74.3570683566149,243.262125035987,68.9686198582627,12.4637009550162,414.864072458004,143.223536514622,"CEP55"
"ENSG00000169964",214.049404913291,0.382947073330615,0.307127900674485,1.24686514149194,0.212446950157598,0.714784535896871,205.989482652388,116.913784026514,164.246492917897,236.343868454142,234.087067048602,171.828008953991,300.31905356003,363.364820150087,155.313434161414,192.088037207846,"TMEM42"
"ENSG00000170832",493.786163013308,-0.376390578441344,0.301890520014311,-1.2467783964316,0.212478763948172,0.714784535896871,560.910328349225,753.444385948647,586.830434495602,389.378787108356,614.134305315745,547.339781330972,295.08093053282,238.727810599926,470.109790649648,481.90507580214,"USP32"
"ENSG00000070495",268.813647999904,-0.333872835918037,0.26780641731717,-1.24669468066788,0.212509470005585,0.714784535896871,267.883036125406,226.033315784594,248.43313752908,484.459653727839,239.594998037981,295.389723257985,289.84280750561,182.161783188698,242.872685634962,211.465339206883,"JMJD6"
"ENSG00000197603",138.934438112386,-0.338516018574133,0.271572620134825,-1.24650275276673,0.212579879227985,0.714784535896871,123.787106946036,216.940021471421,119.677092829623,175.673220230282,140.452240229161,151.556165200992,76.8258043990775,116.96703973169,125.084644962212,142.38104512336,"C5orf42"
"ENSG00000162745",18.6384590632393,0.652681003924541,0.523873773124712,1.24587455491719,0.212810452971523,0.714784535896871,14.5063015952386,9.09329431317332,14.8564666960912,17.2051091978111,5.50793098937888,16.4105401809991,23.5715536224442,20.1336707734877,18.7626967443319,46.3370265194366,"OLFML2B"
"ENSG00000137720",63.9171541981647,0.404188084524307,0.32442125706722,1.2458742320962,0.212810571506147,0.714784535896871,60.926466700002,31.1770090737371,48.6961963927434,72.4425650434151,83.9959475880279,44.4049910779977,75.0797633900075,96.8333689582027,53.1609741089403,72.4542596485736,"C11orf1"
"ENSG00000106615",1710.27790230763,0.244691108149018,0.196417891402487,1.24576792064024,0.212849609939056,0.714784535896871,1520.260407181,1400.36732422869,2003.97228545052,1233.33466986414,1432.06205723851,2199.01238425389,1895.32751534542,1728.61944783802,1949.23571732781,1740.58721434829,"RHEB"
"ENSG00000146966",151.467134291985,1.10210280891652,0.884730072851403,1.24569384802818,0.212876813062128,0.714784535896871,123.787106946036,149.38983514499,75.1076927413499,10.8663847565123,316.706031889286,48.2662946499975,381.509960481782,197.501722825641,13.550836537573,197.985476946684,"DENND2A"
"ENSG00000105426",324.956901694735,-0.471781760859558,0.378745917723744,-1.24564183739579,0.212895915436253,0.714784535896871,295.928552542867,526.112028119314,179.928318874882,559.618814960382,297.428273426459,143.833558056993,273.255417919446,485.125591018323,213.686268477113,274.652193551569,"PTPRS"
"ENSG00000102974",194.719080987658,-0.267426660605249,0.214707194055963,-1.24554122082907,0.212932873225937,0.714784535896871,182.779400100006,258.50936690307,250.083856050868,176.578752293324,150.091119460574,181.481267883991,154.52462930269,165.863097324446,211.601524394409,215.677796163196,"CTCF"
"ENSG00000169976",798.237979950787,0.32003233598053,0.256964667491519,1.24543323058643,0.212972544617408,0.714784535896871,803.649108376217,776.827142753949,795.646327501773,402.961768053997,994.181543582888,709.514531354963,1181.19674263582,883.005275351532,715.067220367314,720.330139529423,"SF3B5"
"ENSG00000249264",37.857496931254,0.759723978578077,0.610058201244943,1.24533032590614,0.21301035273711,0.714784535896871,7.73669418412724,5.19616817895618,37.9665260011219,55.237455845604,55.0793098937888,40.5436875059979,30.555717658724,46.019818910829,83.3897633081416,16.8498278252497,"EEF1A1P9"
"ENSG00000168672",21.4910027788516,0.724958916679993,0.582296981323798,1.24499858308018,0.213132271072514,0.714784535896871,14.5063015952386,9.09329431317332,21.4593407832428,16.2995771347684,38.5555169256522,20.2718437529989,14.8413485770945,35.4736104104307,3.12711612405531,41.2820781718617,"FAM84B"
"ENSG00000164073",42.379468433933,-0.652554959848171,0.524148535357733,-1.24498098502326,0.213138739916111,0.714784535896871,30.946776736509,22.0837147605638,29.7129333921824,134.018745330318,17.9007757154814,36.6823839339981,30.555717658724,56.5660274112273,37.5253934886637,27.8022159116619,"MFSD8"
"ENSG00000178988",508.153606225314,0.308508068174184,0.247802467941004,1.2449757693601,0.213140657161211,0.714784535896871,530.930638385732,427.384832719146,569.497890016829,249.926849399782,649.935856746708,493.281531322974,563.098225425056,463.074427790217,511.804672303719,622.601138142975,"MRFAP1L1"
"ENSG00000269858",83.7313636119161,-0.599768375956145,0.481759628079404,-1.24495358473103,0.213148812230957,0.714784535896871,63.8277270190498,40.2703033869104,61.9019445670466,254.454509714996,56.4562926411335,75.2954196539961,94.2862144897769,77.658444412024,76.0931590186792,37.0696212155493,"EGLN2"
"ENSG00000178761",626.610768012534,0.23478589905335,0.18860154778318,1.24487790165574,0.213176635024686,0.714784535896871,450.662436225412,492.336934956098,567.021812234147,755.213740577603,648.558873999363,700.826598317964,598.89206611099,742.069579937118,630.635085017821,679.890552748824,"FAM219B"
"ENSG00000182667",173.679047000089,0.445372298621567,0.357877717690073,1.24448177857015,0.213322301513274,0.714784535896871,132.490887903179,97.4281533554284,127.105326177669,213.705566878075,152.845084955264,193.06517859999,152.77858829362,113.132054822455,175.118502947097,379.121126068117,"NTM"
"ENSG00000221963",364.95786582554,-0.357464673673845,0.287245564325109,-1.24445672299142,0.213331517625636,0.714784535896871,331.710763144456,483.243640642925,311.985800617915,554.185622582126,362.146462551661,282.840486648985,299.446033055495,503.341769337192,325.220076901752,195.458002772896,"APOL6"
"ENSG00000267454",26.748118277924,0.571067506814271,0.458962064224472,1.24425862468443,0.213404393602222,0.714784535896871,23.2100825523817,15.5885045368685,30.5382926530763,13.5829809456403,12.3928447261025,27.9944508969985,30.555717658724,52.7310425019916,18.7626967443319,42.1245695631242,"ZNF582-AS1"
"ENSG00000163734",10.4236797106714,-0.890067216111426,0.715384475719028,-1.24418022241372,0.213433241021925,0.714784535896871,11.6050412761909,6.49521022369523,21.4593407832428,18.1106412608538,0,18.341191966999,8.73020504534971,8.62871604578044,8.33897633081416,2.52747417378745,"CXCL3"
"ENSG00000165282",30.0316849979723,-0.70427268072695,0.566112298961036,-1.24405119270412,0.213480722485088,0.714784535896871,27.0784296444454,14.2894624921295,13.2057481743033,101.419591060781,26.1626721995497,26.0637991109986,29.682697154189,26.8448943646503,22.9321849097389,12.6373708689372,"PIGO"
"ENSG00000186395",456.795978424079,0.330439800891916,0.26561848044596,1.24403919613246,0.213485137474073,0.714784535896871,416.814399169855,480.645556553447,397.823163750886,288.864728110618,388.309134751211,431.500674170978,746.4325313774,581.000213749216,329.389565067159,507.179817540015,"KRT10"
"ENSG00000163655",351.897447799397,-0.215293747722466,0.17307776696733,-1.24391336619858,0.213531449488474,0.714784535896871,390.703056298426,381.918361153279,350.777685879931,411.111556621381,375.916290025108,350.413299158982,252.302925810607,369.117297513941,306.45738015742,330.256625374893,"GMPS"
"ENSG00000154845",816.300954022831,-0.262335851953026,0.210983387126301,-1.24339577407572,0.213722026778276,0.714784535896871,865.542661849235,832.685950677728,925.227731462124,1002.42399378826,824.812665659487,918.990250135952,570.082389461336,554.155319384566,949.600929671462,719.487648138161,"PPP4R1"
"ENSG00000185008",6.68556491780039,1.45211166707966,1.16787937141723,1.2433747034315,0.21372978758295,0.714784535896871,10.637954503175,2.59808408947809,0,0,4.13094824203416,11.5839107159994,14.8413485770945,0.958746227308938,1.04237204135177,21.0622847815621,"ROBO2"
"ENSG00000163428",901.840284215188,-0.229145645756308,0.184294769713725,-1.24336488828333,0.213733402798017,0.714784535896871,1234.96980914131,980.77674377798,933.481324071063,806.829068171036,784.88016598649,934.435464423952,781.353351558799,796.718114893727,1027.77883277284,737.179967354673,"LRRC58"
"ENSG00000140941",1906.37606963662,0.370409447390319,0.297919009662896,1.24332263258209,0.213748967350929,0.714784535896871,1823.925653908,1829.05119899258,2131.07761162819,702.692880921127,2025.54162134408,2060.00545566189,1891.83543332728,1902.15251498093,1720.95624027177,2976.52208533035,"MAP1LC3B"
"ENSG00000157540",399.07634682072,-0.215136717350145,0.173041183553679,-1.24326887352459,0.213768770255985,0.714784535896871,360.723366334933,517.01873380614,403.600678577144,460.915820088729,358.015514309627,328.210803619983,341.351017273174,413.219623970152,411.736956333949,395.970953893367,"DYRK1A"
"ENSG00000179361",36.7209087833391,-0.43009478526747,0.345952418366359,-1.24321947884754,0.213786966646901,0.714784535896871,32.8809502825408,45.4664715658666,31.3636519139703,64.2927764760309,24.785689452205,39.5783616129979,37.5398816950038,33.5561179558128,37.5253934886637,20.2197933902996,"ARID3B"
"ENSG00000077713",778.788441026139,0.233576753558346,0.187891256964827,1.24314860271583,0.213813078493326,0.714784535896871,723.380906215897,650.820064414262,850.945397981668,591.312437166876,977.657750614751,789.636580473959,880.877689075786,660.576150615858,938.134837216593,724.542596485735,"SLC25A43"
"ENSG00000133812",661.72108946814,-0.330387593546426,0.265863391356592,-1.24269682960333,0.213979572664881,0.714784535896871,624.738055368275,922.319851764723,906.244468461563,564.146475275595,731.177838840046,526.102611684973,383.256001490852,506.218008019119,600.406295818619,852.601287957633,"SBF2"
"ENSG00000175727",1360.13603677922,0.216736515928845,0.174423027681552,1.242591180819,0.214018521420481,0.714784535896871,1015.4411116667,1473.11367873408,1162.10583933869,1308.49383109669,1586.28412494112,1339.87233948393,1645.64365104842,1558.92136560433,1265.43965820105,1246.04476767721,"MLXIP"
"ENSG00000164751",550.40611842071,0.243499591390453,0.195976682142081,1.24249267172468,0.21405484264618,0.714784535896871,444.859915587316,505.327355403489,562.895015929677,469.065608656113,743.570683566149,557.958366153971,666.987665464718,521.557947656062,429.457281036929,602.381344752675,"PEX2"
"ENSG00000144580",470.534286668154,-0.305072113459274,0.245655296177444,-1.24187069526444,0.214284273853759,0.714849021593232,599.593799269861,597.559340579961,532.356723276601,395.717511549655,411.717841456071,556.993040260971,306.430197091775,367.199805059323,584.770715198343,353.00389293898,"CNOT9"
"ENSG00000227036",37.6423481367589,-0.518198979548151,0.417279708644624,-1.2418504154715,0.214291757534859,0.714849021593232,28.0455164174613,46.7655136106057,75.9330520022439,33.5046863325795,13.7698274734472,26.0637991109986,37.5398816950038,24.9274019100324,46.9067418608296,42.9670609543866,"LINC00511"
"ENSG00000177663",182.364417114294,-0.433946378168768,0.349520081637072,-1.24154920122547,0.214402934280136,0.714849021593232,147.964276271434,133.801330608122,152.691463265382,429.222197882235,144.583188471196,171.828008953991,132.699116689316,214.759154917202,146.9744578306,149.12097625346,"IL17RA"
"ENSG00000051523",160.626927277781,0.531794909021576,0.428346939256631,1.24150509851774,0.214419215869716,0.714849021593232,190.516094284133,77.9425226843427,135.358918786609,103.230655186867,74.3570683566149,147.694861628992,273.255417919446,322.138732375803,85.4745073908451,196.300494164159,"CYBA"
"ENSG00000158169",54.888355827602,-0.388411986190483,0.31292216675348,-1.2412415209194,0.214516540550867,0.714849021593232,57.0581196079384,68.8492283711694,89.1388001765472,40.748942836921,42.6864651676863,61.7808571519968,56.7463327947731,36.4323566377396,58.3728343156991,37.0696212155493,"FANCC"
"ENSG00000197497",24.0500940868992,0.512751760040239,0.413136021710613,1.24112092166924,0.214561081826533,0.714849021593232,23.2100825523817,15.5885045368685,10.7296703916214,27.1659618912807,23.4087067048602,20.2718437529989,21.8255126133743,41.2260877742843,20.8474408270354,36.2271298242868,"ZNF665"
"ENSG00000004961",252.608633986711,0.298430989968758,0.240471556617024,1.24102407023564,0.214596857078536,0.714849021593232,267.883036125406,229.930441918811,267.416400529641,123.152360573806,243.725946280015,270.291250039986,313.414361128055,266.531451191885,274.143846875515,269.597245203995,"HCCS"
"ENSG00000166394",134.34189216008,0.478585605667363,0.385658140033717,1.24095813360901,0.214621215393496,0.714849021593232,122.82002017302,48.0645556553447,119.677092829623,143.074065960745,218.94025682781,152.521491093992,209.524921088393,162.028112415211,65.6694386051615,101.098966951498,"CYB5R2"
"ENSG00000159147",101.818860794459,-0.446395488729195,0.35971911293586,-1.24095571426807,0.214622109184568,0.714849021593232,144.09592917937,114.315699937036,132.882841003927,93.269802493397,66.0951718725465,147.694861628992,61.111435317448,52.7310425019916,142.804969665192,63.1868543446862,"DONSON"
"ENSG00000125734",342.216991033601,0.38121614339401,0.307223504227126,1.24084302844284,0.214663742331926,0.714849021593232,220.495784247626,262.406493037287,271.543196834111,403.867300117039,442.011461897655,261.603317002986,533.415528270867,485.125591018323,206.38966418765,335.311573722468,"GPR108"
"ENSG00000181804",29.7863403834603,0.673446340465577,0.542979305702258,1.24027993957261,0.214871869592763,0.715334601977322,31.9138635095249,32.4760511184761,13.2057481743033,10.8663847565123,28.9166376942391,16.4105401809991,48.0161277494234,65.1947434570078,10.4237204135177,40.4395867805992,"SLC9A9"
"ENSG00000160818",253.538008975125,0.34772237736329,0.280402778882913,1.24008178074615,0.214945147065228,0.715334601977322,254.343821303183,149.38983514499,247.607778268187,220.044291319373,173.499826165435,318.557544689984,397.224329563412,197.501722825641,316.881100570938,260.329839900107,"GPATCH4"
"ENSG00000185619",741.392089941849,-0.283029286011156,0.228275898092887,-1.2398561932105,0.215028589365014,0.715334601977322,569.614109306368,878.152422243595,741.997975543666,1130.10401467728,777.995252249767,755.850174218961,596.273004597385,763.161996937915,673.372338713243,527.399610930314,"PCGF3"
"ENSG00000244687",25.5417139188841,-0.600002134759969,0.483983529185669,-1.23971602043877,0.21508044945929,0.715334601977322,26.1113428714294,27.27988293952,15.6818259569851,58.8595840977748,34.424568683618,22.2024955389988,9.60322554988468,18.2161783188698,13.550836537573,29.4871986941869,"UBE2V1"
"ENSG00000140455",212.832681167512,-0.20745288719829,0.167343262720432,-1.23968472841877,0.215092027881957,0.715334601977322,234.034999069849,211.743853292464,217.894844876004,260.793234156294,225.825170564534,208.510392887989,213.017003106533,188.873006779861,194.923571732781,172.710735208809,"USP3"
"ENSG00000099203",47.1609731071611,0.374027761166184,0.301737879830743,1.23957840949897,0.215131370512937,0.715334601977322,39.6505576936521,36.3731772526933,33.8397296966522,50.7097955303906,35.8015514309627,61.7808571519968,73.3337223809376,52.7310425019916,42.7372536954226,44.6520437369116,"TMED1"
"ENSG00000106070",573.66927229685,-0.342960631408933,0.276755118575007,-1.23922055416649,0.215263830672538,0.715516710798338,609.26466700002,623.540181474742,637.177349410133,757.024804703688,674.721546198913,623.600526877968,330.001750714219,393.085953196665,736.957033235701,351.318910156455,"GRB10"
"ENSG00000128709",95.3959199794715,-0.63315747746951,0.511003413331725,-1.2390474524257,0.215327925369362,0.715516710798338,68.6631608841293,66.2511442816913,62.7273038279406,287.053663984532,77.1110338513043,64.6768348309966,97.7782965079168,148.605665232885,40.652509612719,40.4395867805992,"HOXD9"
"ENSG00000197780",855.700006473976,0.26521885230586,0.214059539770419,1.23899571395094,0.215347085337372,0.715516710798338,726.282166534945,665.109526906391,1098.55317624985,562.33541114951,808.288872691351,1012.62686175695,881.750709580321,848.49041116841,1018.39748440068,935.165444301356,"TAF13"
"ENSG00000103335",621.714973900022,-0.352688203271509,0.284745616164216,-1.23860801800057,0.215490697308638,0.715637308268254,499.983861649223,641.726770101089,489.438041710115,1227.90147748589,453.027323876413,575.33423222797,641.670070833204,652.906180797387,556.626670081845,478.53511023709,"PIEZO1"
"ENSG00000137200",173.50787329199,-0.372070073777658,0.300463442849844,-1.23832060981741,0.215597204783274,0.715722494043405,153.766796909529,162.380255592381,127.930685438563,359.496229027948,140.452240229161,147.694861628992,146.667444761875,167.780589779064,151.143945996007,177.765683556384,"CMTR1"
"ENSG00000114166",242.277942002435,0.328553098595605,0.265424441547323,1.23784040640819,0.21577524273928,0.715722494043405,241.771693253976,218.23906351616,236.878107876565,143.074065960745,283.658445953012,322.418848261983,143.175362743735,267.490197419194,293.948915661199,272.124719377782,"KAT2B"
"ENSG00000147533",1099.09853997269,0.191791853782295,0.154959465033439,1.23769047435023,0.215830852528435,0.715722494043405,1125.68900379051,887.245716556768,1138.99578003366,897.382274475305,1214.49878315804,1239.47844661194,1065.08501553266,1275.13248232089,1045.49915747582,1101.97873977133,"GOLGA7"
"ENSG00000159640",11.2193075913951,0.670464368660185,0.541745049300598,1.23760128408329,0.215863938087493,0.715722494043405,9.67086773015905,11.6913784026514,5.77751482625769,6.33872444129882,15.1468102207919,7.7226071439996,16.5873895861645,22.0511632281056,6.25423224811062,10.9523880864123,"ACE"
"ENSG00000173156",203.448933514803,0.440451184634366,0.355903047395311,1.23755946417943,0.215879452639945,0.715722494043405,153.766796909529,181.865886263466,218.720204136898,115.908104069464,218.94025682781,99.4285669789949,192.937531502229,426.642071152477,206.38966418765,219.890253119508,"RHOD"
"ENSG00000101057",396.34152060524,-1.03301360048383,0.834806037896233,-1.23742947893272,0.215927680329167,0.715722494043405,428.419440446046,987.271954001675,639.653427192815,231.816208138928,115.666550776956,797.359187617959,150.159526780015,30.679879273886,488.87248739398,93.5165444301356,"MYBL2"
"ENSG00000214944",87.0936516197634,0.583882416730921,0.471857598819045,1.23741234260559,0.215934038902264,0.715722494043405,76.3998550682565,67.5501863264304,108.947422438002,15.3940450717257,60.5872408831677,141.902906270993,74.2067428854726,64.2359972296989,90.6863675976039,171.025752426284,"ARHGEF28"
"ENSG00000131504",270.588598986623,-0.407380018975702,0.329267050179216,-1.23723287451317,0.216000640093463,0.715722494043405,326.875329279376,396.207823645409,303.732208008975,243.588124958483,169.368877923401,329.176129512983,123.968911643966,164.904351097137,370.042074679878,278.022159116619,"DIAPH1"
"ENSG00000100106",558.951505662507,0.382624772062058,0.309359085927562,1.23683056185281,0.216149993367067,0.715722494043405,432.28778753811,659.913358727435,488.612682449221,311.503029686685,594.856546852919,519.345330433973,909.68736572544,801.511846030272,324.1777048604,547.619404320614,"TRIOBP"
"ENSG00000126777",1409.3060312338,0.317640513274636,0.25683682500318,1.23674053855285,0.21618342350827,0.715722494043405,1574.41726646989,732.659713232822,1077.91919472751,1525.82152622693,1131.87981831736,1510.73502254492,1977.39144277171,1532.07647123968,1703.23591556879,1326.92394123841,"KTN1"
"ENSG00000213390",43.5325657465992,-0.53032727255639,0.428916618035734,-1.23643442631129,0.216297126098953,0.715722494043405,40.617644466668,63.6530601922132,56.9497890016829,52.520859656476,26.1626721995497,76.260745546996,22.6985331179092,16.2986858642519,48.9914859435332,31.1721814767119,"ARHGAP19"
"ENSG00000131725",71.0588283833261,-0.387947103541587,0.313782010055908,-1.23635865380703,0.216325277747941,0.715722494043405,56.0910328349225,84.437732908038,92.440237220123,98.7029948716531,34.424568683618,80.1220491189958,46.2700867403535,59.4422660931542,76.0931590186792,82.5641563437233,"WDR44"
"ENSG00000184678",79.0744621521094,0.575043784941124,0.465248129972942,1.23599375880257,0.216460883595336,0.715722494043405,46.4201651047635,89.6339010869942,89.9641594374411,19.0161733238965,85.3729303353726,70.4687901889964,100.397358021522,93.9571302762759,35.4406494059602,160.073364339872,"HIST2H2BE"
"ENSG00000105245",501.291879752002,-0.331009990511053,0.267837522912341,-1.2358611553445,0.216510178142245,0.715722494043405,640.211443736529,804.107025693469,534.007441798389,308.786433497557,537.023271464441,352.343950944982,506.351892630283,491.836814609485,452.389465946668,385.861057198217,"NUMBL"
"ENSG00000185624",6136.4174762927,0.296083976870515,0.239609946501141,1.2356915111164,0.216573254154531,0.715722494043405,4499.85475484301,4427.13528847067,4758.19613905365,7908.0115065518,7176.83407916068,6949.38110370664,7167.49834223211,8302.7423284954,5174.33481327018,5000.18640714284,"P4HB"
"ENSG00000102316",334.60707419718,-0.342168370130619,0.276904782020462,-1.23568963899415,0.216573950308606,0.715722494043405,302.698159953978,270.200745305722,313.636519139703,645.644360949437,294.67430793177,260.637991109987,318.652484155264,278.036405919592,275.186218916867,386.70354858948,"MAGED2"
"ENSG00000231389",15.5249728847308,-1.13229088664411,0.916372857952321,-1.23562246177203,0.216598931418715,0.715722494043405,71.564421203177,3.89712613421714,16.5071852178791,0,13.7698274734472,16.4105401809991,9.60322554988468,10.5462085003983,10.4237204135177,2.52747417378745,"HLA-DPA1"
"ENSG00000138386",418.486903833539,-0.330512670247474,0.267525266182622,-1.2354446926215,0.216665048216358,0.715722494043405,364.591713426996,336.451889587413,416.806426751447,789.623958973225,362.146462551661,374.546446483981,323.017586677939,413.219623970152,460.728442277482,343.736487635093,"NAB1"
"ENSG00000155850",82.3878026944878,-0.425187809820718,0.34416972679168,-1.23540153802684,0.216681100681088,0.715722494043405,79.3011153873043,70.1482704159085,69.3301779150922,170.240027852026,50.9483616517546,85.9140044769955,58.4923738038431,59.4422660931542,104.237204135177,75.8242252136235,"SLC26A2"
"ENSG00000158352",21.4128353669309,-0.705551514036006,0.571161213240509,-1.23529311458848,0.216721435352259,0.715722494043405,13.5392148222227,23.3827568053028,16.5071852178791,57.9540520347321,15.1468102207919,12.5492366089993,6.98416403627977,38.3498490923575,18.7626967443319,10.9523880864123,"SHROOM4"
"ENSG00000130811",1391.98906774824,0.312703026529688,0.253157468349328,1.2352115407403,0.216751785251987,0.715722494043405,1158.56995407305,1148.35316754932,1241.34032838451,1313.0214914119,1918.13696705119,1110.12477694994,2096.12223138847,1786.14422147655,1048.62627359988,1099.45126559754,"EIF3G"
"ENSG00000168036",513.051575426784,-0.375563195458661,0.304090995179493,-1.23503556965566,0.216817266462526,0.715722494043405,439.057394949221,554.690953103573,532.356723276601,853.916735449256,323.590945626009,373.581120590981,338.731955759569,417.054608879388,501.380951890201,796.154364743047,"CTNNB1"
"ENSG00000064787",19.6782034076234,0.661570480052487,0.535688674774204,1.23499060406932,0.216834001045821,0.715722494043405,15.4733883682545,16.8875465816076,14.0311074351972,11.771916819555,46.8174134097205,9.6532589299995,22.6985331179092,28.7623868192681,6.25423224811062,24.432250346612,"BCAS1"
"ENSG00000028839",232.18066458527,0.258707528476413,0.209492293043475,1.23492623388644,0.216857958943496,0.715722494043405,225.331218112706,170.174507860815,244.306341224611,190.161733238965,225.825170564534,315.661567010984,279.366561451191,233.934079463381,244.957429717666,192.088037207846,"TBPL1"
"ENSG00000217165",25.2243815883663,-0.659272020975907,0.533985821000693,-1.23462458186704,0.216970255993756,0.715883765900933,38.6834709206362,40.2703033869104,15.6818259569851,34.4102183956222,37.1785341783074,28.9597767899985,6.1111435317448,6.71122359116257,19.8050687856836,24.432250346612,"ANKRD18EP"
"ENSG00000214063",620.227540554308,0.382606882033609,0.309926954879028,1.23450663458088,0.217014176016906,0.715883765900933,587.021671220655,359.834646392716,488.612682449221,662.849470147248,542.53120245382,473.009687569975,1058.97387200092,987.508614128206,451.347093905316,590.586465275001,"TSPAN4"
"ENSG00000131779",232.040398993652,0.245798716570375,0.199147348515582,1.23425553190904,0.217107700403927,0.715943498281349,240.80460648096,235.126610097767,211.291970788852,148.507258339001,251.987842764084,238.435495570988,204.286798061183,271.325182328429,257.465894213887,261.17233129137,"PEX11B"
"ENSG00000165219",160.021798264074,-0.426165763310889,0.34532502654643,-1.23410042872635,0.21716548380724,0.715943498281349,127.6554540381,188.361096487162,118.026374307836,322.369414443197,111.535602534922,133.214973233993,85.5560094444272,135.18321805056,180.330363153856,197.985476946684,"GAPVD1"
"ENSG00000105298",95.5405357400802,-0.360871546094693,0.29243438364672,-1.23402570379908,0.217193326388719,0.715943498281349,120.885846626988,154.586003323946,104.820626133532,61.5761802869029,86.7499130827173,71.4341160819963,94.2862144897769,79.5759368666419,67.754182687865,113.736337820435,"CACTIN"
"ENSG00000112992",228.386677650368,-0.327074855522505,0.265151137072815,-1.23354121401593,0.217373910053,0.716137086263897,284.323511266676,284.490207797851,191.483348527398,279.809407480191,258.872756500807,206.579741101989,121.349850130361,192.707991689097,180.330363153856,283.919598855457,"NNT"
"ENSG00000146707",112.660904998486,0.711921523113261,0.577224034964669,1.23335391457987,0.217443751022961,0.716137086263897,138.293408541274,33.7750931632152,37.9665260011219,115.908104069464,42.6864651676863,132.249647340993,322.144566173404,178.326798279462,46.9067418608296,78.3516993874109,"POMZP3"
"ENSG00000183098",215.838161150013,-0.498210097685343,0.404117362104705,-1.23283517216531,0.217637266022343,0.716521406304612,368.46006051906,98.7271954001675,156.818259569851,421.977941377893,224.448187817189,111.977803587994,124.841932148501,259.820227600722,186.584595401967,204.725408076783,"GPC6"
"ENSG00000164093",26.7431689134988,-0.415525839188164,0.337134360135021,-1.2325229591601,0.217753795640507,0.716728127457414,26.1113428714294,37.6722192974323,32.1890111748642,29.8825580804087,24.785689452205,17.3758660739991,18.3334305952344,22.0511632281056,35.4406494059602,23.5897589553495,"PITX2"
"ENSG00000111452",397.660570335168,0.703241934073758,0.570679290890831,1.23228921269597,0.217841067957415,0.716733909701762,169.240185277783,185.763012397684,171.674726265943,628.439251751626,355.261548814938,247.123428607987,558.733122902382,1190.7628143177,89.6439955562522,379.96361745938,"ADGRD1"
"ENSG00000111266",84.4175279474125,-0.360041317562192,0.292220519091046,-1.23208773525591,0.217916312384761,0.716733909701762,89.9390698904792,109.11953175808,94.9163150028048,94.1753345564397,117.043533524301,63.7115089379967,49.7621687584934,58.4835198658452,102.152460052473,64.8718371272112,"DUSP16"
"ENSG00000172086",579.542787926238,0.278696957074314,0.226228343140038,1.23192767628501,0.217976101849459,0.716733909701762,590.890018312718,376.722192974323,622.320882714042,463.632416277857,758.717493786941,563.750321511971,743.813469863795,663.452389297785,563.923274371307,448.205420151641,"KRCC1"
"ENSG00000253309",13.5158784565847,-0.571795219599274,0.464251717801841,-1.23164911980646,0.218080183756259,0.716733909701762,18.3746486873022,15.5885045368685,10.7296703916214,22.6383015760672,9.63887923141304,15.4452142879992,6.1111435317448,16.2986858642519,9.38134837216593,10.9523880864123,"SERPINE3"
"ENSG00000120656",341.261785021048,0.249628544593531,0.202711867714721,1.23144514136112,0.218156422425856,0.716733909701762,320.105721868265,241.621820321463,382.966697054795,279.809407480191,384.178186509177,417.020785775978,391.986206536202,393.085953196665,317.92347261229,283.919598855457,"TAF12"
"ENSG00000133142",587.093701117891,0.303751284514606,0.246664025336831,1.23143731275698,0.218159348814514,0.716733909701762,706.940431074627,314.368174826849,552.165345538056,484.459653727839,579.709736632127,479.766968820975,687.067137069022,593.463914704233,704.643499953796,768.352148831385,"TCEAL4"
"ENSG00000141582",100.658010106872,-0.374709361750081,0.304367337048032,-1.23110897964373,0.21828210750367,0.716733909701762,101.54411116667,177.968760129249,108.122063177108,79.6868215477566,111.535602534922,55.9889017939971,72.4607018764026,111.214562367837,84.4321353494933,103.626441125285,"CBX4"
"ENSG00000214826",11.2896956280112,-0.749538655746588,0.608840039015653,-1.23109291064105,0.218288116729916,0.716733909701762,5.80252063809543,23.3827568053028,9.07895186983351,21.7327695130245,4.13094824203416,16.4105401809991,4.36510252267486,9.58746227308938,12.5084644962212,5.89743973883738,"DDX12P"
"ENSG00000140650",157.669677011847,-0.313741118351766,0.254923946430928,-1.23072438954563,0.218425962927663,0.716733909701762,171.174358823815,162.380255592381,179.928318874882,200.122585932434,183.138705396848,166.036053595991,144.921403752805,75.7409519574061,136.550737417082,156.703398774822,"PMM2"
"ENSG00000184887",908.143716280799,0.213867148999011,0.173808683969626,1.23047447408546,0.2185194799867,0.716733909701762,690.499955933357,901.535179048898,883.134409156532,839.428222440573,1013.45930204571,1100.47151801994,978.655985583703,1017.22974717478,935.007721092537,722.015122311948,"BTBD6"
"ENSG00000054965",648.612746932238,-0.298272035168688,0.242435356116575,-1.23031574249947,0.218578891451859,0.716733909701762,670.191133700023,865.162001796205,572.799327060405,814.073324675377,687.114390925015,655.456281346966,361.430488877478,574.288990158054,513.889416386422,771.722114396435,"FAM168A"
"ENSG00000143622",142.273043237733,-0.349036571135679,0.283707341489431,-1.23026978894264,0.218596093522371,0.716733909701762,132.490887903179,177.968760129249,149.390026221806,194.689393554178,78.488016598649,133.214973233993,103.889440039662,115.049547277073,130.296505168971,207.252882250571,"RIT1"
"ENSG00000196458",97.0664994952702,-0.325114206742086,0.264303190604694,-1.23008052229057,0.218666953095098,0.716733909701762,142.161755633338,102.624321534385,86.6627223938653,111.380443754251,49.5713789044099,84.9486785839956,103.889440039662,93.9571302762759,101.110088011122,94.3590358213981,"ZNF605"
"ENSG00000196588",202.860814276549,-0.309158828603273,0.251332775250409,-1.23007764624113,0.218668029986978,0.716733909701762,156.668057228577,258.50936690307,184.880474440246,317.841754127984,206.547412101708,146.729535735992,174.604100906994,183.120529416007,168.864270698987,230.84264120592,"MKL1"
"ENSG00000146083",160.539393808375,-0.271948771642396,0.22110746973095,-1.22993932305097,0.218719827447135,0.716733909701762,128.622540811115,226.033315784594,201.387659658125,160.279175158556,166.614912428711,132.249647340993,134.445157698386,172.574320915609,132.381249251675,150.805959035984,"RNF44"
"ENSG00000175224",868.61904002593,0.236408656868607,0.192212264596896,1.22993533926879,0.21872131937237,0.716733909701762,743.689728449231,869.059127930422,924.40237220123,601.273289860345,1145.64964579081,1002.97360282695,837.226663849037,800.553099802963,947.516185588759,813.846683959559,"ATG13"
"ENSG00000081087",137.01684519973,0.524121520108537,0.426253317960976,1.22960103305641,0.218846542996302,0.716733909701762,120.885846626988,44.1674295211276,76.7584112631378,191.97279736505,61.9642236305124,123.561714303994,176.350141916064,246.397780418397,146.9744578306,181.135649121434,"OSTM1"
"ENSG00000074201",636.520690909221,0.208075199493265,0.169241328437862,1.22945855727941,0.218899926879544,0.716733909701762,679.862001430182,452.066631569188,586.005075234708,609.42307842773,738.06275257677,626.496504556967,756.035756927285,648.112449660842,660.863874217022,608.278784491513,"CLNS1A"
"ENSG00000204920",22.4833437895839,-0.715226960270938,0.581790884047402,-1.22935401685095,0.218939102812775,0.716733909701762,13.5392148222227,16.8875465816076,9.90431113072746,76.9702253586286,16.5237929681366,15.4452142879992,10.4762460544197,21.0924170007966,22.9321849097389,21.0622847815621,"ZNF155"
"ENSG00000165688",204.073334546633,-0.293537768464058,0.238778450478763,-1.22933107185971,0.218947701992069,0.716733909701762,205.989482652388,192.258222621379,199.736941136337,319.652818254069,167.991895176056,182.446593776991,174.604100906994,144.77068032365,202.220176022243,251.06243459622,"PMPCA"
"ENSG00000109534",139.107018742235,-0.346084870288797,0.281546265420513,-1.22922912783762,0.218985910863505,0.716733909701762,179.878139780958,158.483129458164,200.562300397231,99.6085269346958,101.896723303509,163.140075916992,152.77858829362,81.4934293212597,116.745668631398,136.483605384522,"GAR1"
"ENSG00000142168",1785.44302478716,0.336997568936491,0.274197448377904,1.22903247615942,0.219059629926084,0.716733909701762,1758.16375334292,1749.80963426349,1985.81438171086,674.621386966803,1936.03774276668,1839.9111520579,2124.93190803812,1969.26475089256,1714.70200802366,2101.17352980863,"SOD1"
"ENSG00000094914",173.080763539054,-0.388605513032828,0.316215823761147,-1.22892494249864,0.219099948741175,0.716733909701762,124.754193719052,168.875465816076,146.08858917823,366.740485532289,141.829222976506,143.833558056993,171.985039393389,193.666737916405,136.550737417082,136.483605384522,"AAAS"
"ENSG00000119280",1384.77322238461,-0.375475575568909,0.305602417472808,-1.22864072435657,0.219206539527142,0.716733909701762,1229.16728850322,2472.0770111384,1154.67760599064,1567.47600112689,1244.79240359963,812.804401905958,934.131939852419,1191.72156054501,1202.89733571994,2037.98667546395,"C1orf198"
"ENSG00000080823",251.893176574553,0.530568157195125,0.432116172597094,1.22783684305616,0.219508221993438,0.717240999177001,355.887932469853,219.538105560899,118.026374307836,102.325123123824,260.249739248152,369.719817018981,303.81113557817,95.8746227308938,457.601326153427,235.897589553495,"MOK"
"ENSG00000111554",47.4090737585659,-0.33111359463342,0.269708718893043,-1.22767108157422,0.219570466398405,0.717240999177001,46.4201651047635,51.9616817895618,56.9497890016829,60.6706482238602,44.063447915031,33.7864062549982,39.2859227040737,34.5148641831218,54.203346150292,52.234466258274,"MDM1"
"ENSG00000163346",69.0604852565871,0.608571346976075,0.495745312722539,1.22758870605133,0.219601403600462,0.717240999177001,51.255598969843,19.4856306710857,32.1890111748642,106.852783439037,72.9800856092701,37.647709826998,117.857768112221,90.1221453670402,37.5253934886637,124.688725906847,"PBXIP1"
"ENSG00000166171",233.563844197788,0.317847337907213,0.258928339997098,1.2275494366927,0.219616152821511,0.717240999177001,244.672953573024,252.014156679375,195.610144831867,122.246828510763,312.575083647251,228.782236640988,308.176238100845,197.501722825641,209.516780311706,264.54229685642,"DPCD"
"ENSG00000130244",75.913366041702,0.339508799960763,0.276605911733771,1.22740977527456,0.219668614166253,0.717240999177001,82.202375706352,77.9425226843427,47.8708371318494,55.237455845604,70.2261201145807,78.1913973329959,84.6829889398922,92.998384048967,59.4152063570509,110.366372255385,"FAM98C"
"ENSG00000100219",564.18573881138,-0.485402466279733,0.395482410841614,-1.22736802692884,0.21968429794092,0.717240999177001,499.016774876207,345.545183900586,471.280137970448,1407.19682596834,418.602755192795,716.271812605963,452.224621349115,482.249352336396,589.982575405102,259.487348508845,"XBP1"
"ENSG00000164934",220.238219514102,-0.312023870713541,0.254287341780448,-1.22705231227334,0.219802929798717,0.717452685933796,263.047602260326,189.660138531901,231.100593050307,313.31409381277,147.337153965885,240.366147356988,163.25483434804,160.110619960593,279.355707082274,214.835304771933,"DCAF13"
"ENSG00000174365",117.422897088682,0.351931870478847,0.286880904565972,1.22675251254973,0.219915624065494,0.71764489311512,85.1036360253997,71.4473124606475,99.8684705681686,145.790662149873,126.682412755714,94.6019375139951,165.873895861645,170.656828460991,102.152460052473,112.05135503791,"SNHG11"
"ENSG00000140044",2441.65525628373,0.348552094709852,0.284163387960294,1.22659043873223,0.219976564633144,0.717647219367635,1919.66724443657,2117.43853292464,2290.37194898073,2062.80203961125,3397.01643769942,2245.34802711788,3467.63744401291,3603.9270684543,1953.40520549322,1358.93861410639,"JDP2"
"ENSG00000143093",145.671870957511,-0.411682747959788,0.335666277163557,-1.22646442603226,0.220023954412106,0.717647219367635,88.9719831174633,198.753432845074,121.327811351411,276.18727922802,88.1268958300621,158.313446451992,99.5243375169867,130.389486914016,159.482922326821,135.64111399326,"STRIP1"
"ENSG00000028203",351.653759281832,-0.269639642511407,0.219954669143508,-1.22588733197331,0.220241076601152,0.718073280857499,428.419440446046,342.947099811108,347.476248836355,446.427307080046,396.571031235279,336.898736656983,239.207618242582,304.881300284242,415.906444499356,257.80236572632,"VEZT"
"ENSG00000116030",1534.51139133944,0.298243241307183,0.243298815756279,1.22583104393711,0.220262262276976,0.718073280857499,1726.24988983339,1267.86503566531,1662.27355144043,738.008631379791,1657.88722780304,1866.9402770619,1712.86622989761,1489.89163723809,1760.56637784314,1462.56505523167,"SUMO1"
"ENSG00000135040",106.65952206636,-0.298705094876238,0.243704761790654,-1.22568427748995,0.220317509067846,0.718077863743367,102.511197939686,128.605162429166,147.739307700018,101.419591060781,96.3887923141304,121.631062517994,73.3337223809376,80.5346830939508,120.915156796805,93.5165444301356,"NAA35"
"ENSG00000137103",232.062867218487,0.410909749602177,0.335313124006035,1.22545084037564,0.220405401477669,0.718188819816193,196.318614922229,233.827568053028,174.976163309518,170.240027852026,344.24568683618,151.556165200992,281.112602460261,320.221239921185,109.449064341936,338.681539287518,"TMEM8B"
"ENSG00000129480",288.194909358152,0.284333826495707,0.232121867302836,1.22493339296101,0.220600317477824,0.718648371812835,281.422250947628,181.865886263466,286.399663530202,268.943022723679,286.412411447702,222.024955389988,311.668320118985,421.848340015933,283.525195247681,337.839047896256,"DTD2"
"ENSG00000100226",115.180751325147,-0.340507236172522,0.27802656684095,-1.22472913305193,0.220677293662479,0.718723581337359,87.0378095714315,193.557264666118,117.201015046942,130.396617078147,108.781637040233,105.220522336995,76.8258043990775,84.3696680031865,113.618552507343,134.798622601997,"GTPBP1"
"ENSG00000259343",7.24569085951496,0.789993336162636,0.645201411735575,1.22441352699086,0.220796268970027,0.718935507630187,5.80252063809543,3.89712613421714,3.30143704357582,7.24425650434151,6.8849137367236,6.75728125099965,16.5873895861645,9.58746227308938,3.12711612405531,9.26740530388731,"TMC3-AS1"
"ENSG00000172977",105.259586630563,-0.314120483426572,0.25661260021002,-1.22410389501328,0.220913036890214,0.719102316179832,93.8074169825428,118.212826071253,95.7416742636988,169.334495788983,95.0118095667857,100.393892871995,97.7782965079168,67.1122359116257,107.364320259232,107.838898081598,"KAT5"
"ENSG00000166845",69.7907747049718,-0.598011408578221,0.488662973119726,-1.22377065886616,0.221038755833916,0.719102316179832,57.0581196079384,149.38983514499,107.296703916214,37.1268145847502,46.8174134097205,99.4285669789949,32.3017586677939,23.9686556827235,99.0253439284181,45.4945351281741,"C18orf54"
"ENSG00000228409",28.2598920927449,-0.588269857114787,0.480711295276888,-1.22374877165294,0.221047014947948,0.719102316179832,28.0455164174613,12.9904204473905,24.7607778268187,75.1591612325432,24.785689452205,25.0984732179987,25.3175946315142,33.5561179558128,17.7203247029801,15.1648450427247,"CCT6P1"
"ENSG00000008256",1410.58097878559,0.291332417132019,0.238122113535913,1.22345805186245,0.221156738701795,0.719102316179832,1139.22821861274,1496.49643553938,1429.52223986833,910.059723357902,1542.22067702609,1540.66012522792,1277.22899813466,1169.6703973169,1357.16839784,2243.55457493199,"CYTH3"
"ENSG00000120533",655.767621800734,0.263489133229211,0.215387349067211,1.22332687769415,0.221206259366711,0.719102316179832,703.072083982563,524.812986074574,718.887916238635,393.90644742357,761.47145928163,804.116468868958,746.4325313774,635.648748705826,683.796059126761,585.531516927426,"ENY2"
"ENSG00000075945",87.3413844134235,0.344499460617858,0.281619931037375,1.22327798089027,0.221224720844224,0.719102316179832,60.926466700002,51.9616817895618,107.296703916214,79.6868215477566,77.1110338513043,89.7753080489953,89.0480914625671,77.658444412024,117.78804067275,122.16125173306,"KIFAP3"
"ENSG00000106367",912.983481234009,0.351125087910931,0.287038840748327,1.22326681293559,0.221228937572164,0.719102316179832,947.745037555587,779.425226843427,1069.66560211857,336.85792745188,1064.40766369747,862.036022448955,1050.24366695557,959.704973536247,913.11790822415,1146.63078350824,"AP1S1"
"ENSG00000164615",598.980418462879,0.256913606248906,0.210045235124059,1.22313465524302,0.221278841238812,0.719102316179832,513.523076471446,515.719691761401,554.641423320738,560.524347023425,764.225424776319,492.316205429975,763.8929414681,785.21316016602,479.491139021814,560.256775189551,"CAMLG"
"ENSG00000162599",110.909019424063,-0.417875299325445,0.34168686795957,-1.22297734712734,0.221338252397131,0.719120163756527,146.997189498418,190.95918057664,94.0909557419109,91.4587383673116,85.3729303353726,45.3703169709976,103.016419535127,146.688172778268,103.194832093825,101.94145834276,"NFIA"
"ENSG00000198554",48.0766509303396,-0.604282831921796,0.494487660212721,-1.22203824391056,0.221693164941654,0.719776529495087,55.1239460619066,72.7463545053866,81.7105668285016,32.5991542695368,22.0317239575155,66.6074866169966,15.7143690816295,17.2574320915609,74.0084149359756,42.9670609543866,"WDHD1"
"ENSG00000066651",67.224448087685,-0.33341805353382,0.272851485227411,-1.22197631893383,0.221716582388802,0.719776529495087,78.3340286142883,89.6339010869942,76.7584112631378,63.3872444129882,37.1785341783074,62.7461830449967,50.6351892630283,58.4835198658452,75.0507869773274,80.0366821699359,"TRMT11"
"ENSG00000103479",349.640512587585,-0.367782164850865,0.301031732333991,-1.22173885789161,0.221806396692141,0.719776529495087,495.148427784144,376.722192974323,341.698734010097,402.056235990954,519.122495748959,247.123428607987,180.715244438739,226.264109644909,320.008216694993,387.546039980742,"RBL2"
"ENSG00000125319",22.6535433807022,-0.542257576622688,0.443843566295782,-1.22173129859299,0.221809256254977,0.719776529495087,17.4075619142863,46.7655136106057,26.4114963486066,21.7327695130245,11.0158619787578,31.8557544689983,12.2222870634896,17.2574320915609,25.0169289924425,16.8498278252497,"C17orf53"
"ENSG00000179409",99.0771092715308,-0.327074581413412,0.267714505840712,-1.22172902206509,0.221810117434566,0.719776529495087,81.2352889333361,164.978339681859,96.5670335245927,109.569379628165,99.1427578088198,85.9140044769955,111.746624580476,66.1534896843167,80.2626471840863,95.2015272126606,"GEMIN4"
"ENSG00000007520",637.382086774682,0.267682631229037,0.21913536885305,1.22154005823014,0.221881608238172,0.719833376081854,597.65962572383,693.688451890651,609.115134539739,372.173677910545,681.606459935636,627.461830449967,789.210536099614,824.521755485687,618.126620521599,560.256775189551,"TSR3"
"ENSG00000162076",279.350862465816,0.459445167871537,0.376233648456791,1.22116979636473,0.222021737489519,0.720112819284462,247.574213892072,294.882544155763,292.17717835646,77.8757574216713,370.40835903573,211.406370566989,462.700867403535,377.746013559722,204.304920104947,254.43240016127,"FLYWCH2"
"ENSG00000064012",52.1821444554637,-0.447337798093312,0.366408204021726,-1.22087276753985,0.222134196786459,0.720302402757355,50.2885121968271,45.4664715658666,46.2201186100615,106.852783439037,28.9166376942391,35.7170580409981,56.7463327947731,38.3498490923575,45.8643698194779,67.3993113009986,"CASP8"
"ENSG00000111912",189.030178095716,-0.283475933035324,0.2322625220624,-1.22049795428969,0.222276164573125,0.72058755637136,202.121135560324,226.033315784594,249.258496789974,168.42896372594,209.301377596397,196.92648217199,119.603809121291,150.523157687503,210.559152353057,157.545890166084,"NCOA7"
"ENSG00000181027",93.0900416686822,-0.518256936940584,0.424800890174218,-1.21999964907804,0.222465007925412,0.721018020072403,56.0910328349225,93.5310272212113,57.7751482625769,247.210253210654,77.1110338513043,59.8502053659969,104.762460544197,102.585846322056,68.7965547292168,63.1868543446862,"FKRP"
"ENSG00000176845",2039.66931958727,0.369767645058231,0.303153052891575,1.21973914341704,0.222563777792476,0.721018020072403,2076.33530166515,1896.60138531901,2041.93881145165,927.264832555713,2157.73196508918,2006.9125315469,2974.38085895065,3191.66619071145,1726.16810047853,1397.69321810446,"METRNL"
"ENSG00000168175",602.313960844595,-0.320939938681697,0.263125967045249,-1.21971974976725,0.222571132086532,0.721018020072403,715.64421203177,823.592656364555,560.418938146996,638.400104445096,389.686117498556,487.489575964975,378.017878463643,506.218008019119,753.634985897329,770.03713161391,"MAPK1IP1L"
"ENSG00000103852",206.439672562338,0.246255460947586,0.201977566472457,1.2192218435366,0.222760003401103,0.721108149406163,157.635144001593,194.856306710857,204.689096701701,184.728540860709,271.26560122691,250.019406286987,226.985331179092,190.790499234479,215.771012559816,167.655786861234,"TTC23"
"ENSG00000167526",15467.7162566727,0.446841262901626,0.366506477917063,1.21919062779224,0.222771848323896,0.721108149406163,12495.7281941385,13877.6661639472,12708.8818992451,11722.1125560876,16627.0666741875,9055.72220223253,25791.6447654767,32283.8617121739,10628.0253336226,9486.45306561556,"RPL13"
"ENSG00000185608",251.479369255179,0.305364028332625,0.250485722924844,1.2190875582328,0.222810961628416,0.721108149406163,302.698159953978,229.930441918811,229.44987452852,119.530232321635,269.888618479565,239.400821463988,297.699992046425,274.201421010356,290.821799537144,261.17233129137,"MRPL40"
"ENSG00000111859",122.624732037114,-0.697760066022058,0.572482102620909,-1.21883297805749,0.222907591932419,0.721108149406163,64.7948137920657,27.27988293952,122.978529873199,421.977941377893,39.9324996729969,102.324544657995,107.381522057801,101.627100094747,107.364320259232,130.586165645685,"NEDD9"
"ENSG00000054611",423.823839807044,0.352637743840072,0.289326816114177,1.21882149942476,0.222911949552313,0.721108149406163,363.62462665398,524.812986074574,379.665260011219,186.539604986794,578.332753884782,400.610245594979,602.38414812913,448.693234380583,371.08444672123,382.491091633167,"TBC1D22A"
"ENSG00000113161",66.4201309501744,-0.554916398266657,0.455330802417076,-1.21871043057254,0.22295411763954,0.721108149406163,62.8606402460339,37.6722192974323,40.4426037838038,187.445137049837,50.9483616517546,47.3009687569975,42.7780047222136,52.7310425019916,55.2457181916438,86.7766133000358,"HMGCR"
"ENSG00000089775",127.363195423975,-0.407566759980959,0.334480998381448,-1.21850497323666,0.22303213603856,0.721108149406163,123.787106946036,126.007078339687,95.7416742636988,251.737913525868,129.436378250404,71.4341160819963,114.365686094081,167.780589779064,103.194832093825,90.1465788650857,"ZBTB25"
"ENSG00000156273",483.186651585779,-0.296334516416567,0.24320681949664,-1.21844657575755,0.223054314902573,0.721108149406163,566.712848987321,697.585578024868,462.201186100615,449.143903269174,469.551116844549,586.91814294397,302.0650945691,337.478672012746,512.847044345071,447.362928760379,"BACH1"
"ENSG00000186141",262.193536855779,0.215615525433719,0.176971310530084,1.21836429186111,0.223085568302454,0.721108149406163,180.845226553974,246.817988500419,283.923585747521,244.493657021526,275.396549468944,271.256575932986,304.684156082705,268.448943646503,273.101474834164,272.967210769045,"POLR3C"
"ENSG00000132664",100.896708256942,0.264106827628345,0.216804084682989,1.21818197297584,0.223154828556447,0.721157244598336,94.7745037555587,75.3444385948647,111.423500220684,77.8757574216713,93.6348268194409,117.769758945994,100.397358021522,114.090801049764,125.084644962212,98.5714927777105,"POLR3F"
"ENSG00000174804",216.700290795241,0.498034812755419,0.408898432947624,1.21799149281458,0.223227205591411,0.721216385894536,173.108532369847,106.521447668602,130.406763221245,284.337067795404,225.825170564534,98.4632410859949,258.414069342351,411.302131515534,338.770913439325,139.853570949572,"FZD4"
"ENSG00000150779",475.678145117687,0.292404409965989,0.240166883115861,1.21750512049127,0.223412089408284,0.721638904441338,491.28008069208,368.927940705889,489.438041710115,326.897074758411,419.97973794014,448.876540244977,698.416403627977,581.958959976525,567.050390495363,363.956281025393,"TIMM8B"
"ENSG00000120662",46.2862360659806,-0.415557865535636,0.341549504389058,-1.21668414152426,0.223724415085567,0.722334730532592,40.617644466668,37.6722192974323,42.0933223055917,96.8919307455677,42.6864651676863,49.2316205429974,34.9208201813988,41.2260877742843,39.6101375713672,37.9121126068117,"MTRF1"
"ENSG00000144026",101.71034886715,-0.466433066145335,0.383373587296178,-1.21665415042009,0.223735830533863,0.722334730532592,107.346631804766,70.1482704159085,68.5048186541983,240.871528769355,110.158619787578,96.532589299995,68.9686198582627,115.049547277073,72.9660428946239,66.5568199097362,"ZNF514"
"ENSG00000109475",6850.49538314344,0.409746376975518,0.337057798297602,1.2156561249882,0.224115944366183,0.722874007795736,4569.48500250015,4019.23608642261,6252.9217605326,8048.36897632342,8513.8843268324,4986.87356323774,10730.2950212393,11225.000829333,6446.02870371934,3712.85956129376,"RPL34"
"ENSG00000095139",1154.45779752945,-0.273022000206658,0.224589401505203,-1.2156495292158,0.224118458005545,0.722874007795736,1445.79472565878,1392.57307196026,1264.45038768954,1048.60612900343,904.677665005481,1189.28150017594,721.114936745886,923.272616898507,1296.7108194416,1358.09612271512,"ARCN1"
"ENSG00000214401",34.8323633681828,0.773258482666241,0.636103985192095,1.21561647256891,0.224131056149693,0.722874007795736,11.6050412761909,45.4664715658666,31.3636519139703,9.96085269346958,15.1468102207919,31.8557544689983,63.7304968310529,87.2459066851134,7.29660428946239,44.6520437369116,"KANSL1-AS1"
"ENSG00000225830",111.71323314804,0.316484703690937,0.260372415505702,1.21550780667857,0.224172473129562,0.722874007795736,71.564421203177,142.894624921295,75.1076927413499,101.419591060781,112.912585282267,134.180299126993,90.794132471637,130.389486914016,136.550737417082,121.318760341798,"ERCC6"
"ENSG00000272888",659.297019573675,0.337857399267751,0.277956600205414,1.21550414351762,0.224173869404151,0.722874007795736,459.366217182555,389.712613421714,628.923756801194,797.773747540609,678.852494440947,698.895946531964,926.274755311604,965.457450900101,564.965646412659,482.747567193403,"LINC01578"
"ENSG00000196792",254.014464391967,-0.24562559013934,0.202183255233472,-1.21486613644489,0.22441715123336,0.723089782249756,323.006982187312,322.162427095283,255.036011616232,221.855355445459,249.233877269394,250.019406286987,192.937531502229,197.501722825641,251.211661965776,277.179667725357,"STRN3"
"ENSG00000144152",41.5908006050533,0.598677924656675,0.492843500437054,1.21474245703913,0.224464333904491,0.723089782249756,16.4404751412704,53.2607238343009,31.3636519139703,26.260429828238,90.8808613247515,32.8210803619983,34.9208201813988,69.0297283662435,14.5932085789248,46.3370265194366,"FBLN7"
"ENSG00000136205",561.858075492002,0.43836266302969,0.360942992187243,1.21449279392654,0.224559599917933,0.723089782249756,593.791278631766,374.124108884845,454.772952752569,430.127729945277,596.233529600264,748.127567074961,457.462744376325,448.693234380583,283.525195247681,1231.72241402575,"TNS3"
"ENSG00000204923",35.1969592913178,-0.381972366478328,0.314549318490397,-1.21434809749871,0.22461482615143,0.723089782249756,28.0455164174613,54.5597658790399,47.0454778709554,34.4102183956222,33.0475859362733,39.5783616129979,33.1747791723289,27.8036405919592,23.9745569510907,30.3296900854494,"FBXO48"
"ENSG00000068796",191.581755922896,-0.415382120784602,0.342062655126208,-1.21434513402623,0.224615957320318,0.723089782249756,239.837519707945,281.892123708373,234.402030093883,145.790662149873,141.829222976506,241.331473249987,88.1750709580321,116.96703973169,273.101474834164,152.490941818509,"KIF2A"
"ENSG00000196678",92.0894570901762,-0.392280414378398,0.323041679278238,-1.21433375177735,0.224620302006503,0.723089782249756,109.280805350797,137.698456742339,106.47134465532,76.0646932955859,104.650688798199,110.047151801994,53.2542507766332,46.978565138138,107.364320259232,69.0842940835236,"ERI2"
"ENSG00000169105",109.493272897158,0.427358477147683,0.35204054031002,1.21394677093535,0.224768051104469,0.723359078352891,99.6099376206383,74.0453965501256,64.3780223497285,124.963424699891,100.519740556165,75.2954196539961,154.52462930269,210.924170007966,76.0931590186792,114.578829211698,"CHST14"
"ENSG00000119318",5205.25336496746,0.315190527945432,0.25966599927467,1.21383057013956,0.224812430064687,0.723359078352891,5742.56125816845,4835.03449051873,4499.85869039384,3082.43114259731,8352.77734539307,4528.34376406277,4336.2928460252,6602.88526747666,4338.35243610607,5733.99640893246,"RAD23B"
"ENSG00000133818",3407.13895919669,0.317636165354929,0.261875095303752,1.2129300229428,0.22515657585143,0.723973597537077,4003.73924028585,3070.9353937631,3294.83416948867,1504.99428877695,3374.98471374191,3910.5351925428,4221.05413942659,3346.02433330819,3037.47212849906,4306.81599213381,"RRAS2"
"ENSG00000108557",213.84864222818,-0.286656518177741,0.236369200674204,-1.21274902720025,0.225225789100192,0.723973597537077,245.64004034604,290.985418021546,183.229755918458,239.06046464327,279.527497710978,150.590839307992,214.763044115603,162.028112415211,177.203247029801,195.458002772896,"RAI1"
"ENSG00000125485",72.3321318863463,-0.389241941171869,0.321024960556713,-1.21249743476911,0.225322023948433,0.723973597537077,68.6631608841293,67.5501863264304,61.0765853061527,139.451937708574,60.5872408831677,79.1567232259959,57.6193532993081,47.9373113654469,86.5168794321969,54.7619404320614,"DDX31"
"ENSG00000161813",215.067145341995,-0.309021898763582,0.254872273581932,-1.21245788888936,0.225337153034454,0.723973597537077,236.936259388897,246.817988500419,245.131700485505,244.493657021526,137.698274734472,197.89180806499,122.222870634896,203.254200189495,266.847242586053,249.377451813695,"LARP4"
"ENSG00000102547",160.443929679704,0.339892241455268,0.28034053546899,1.21242631175921,0.225349234033039,0.723973597537077,119.918759853972,163.67929763712,165.071852178791,105.947251375995,119.797499018991,194.99583038599,167.619936870714,130.389486914016,165.737154574931,271.28222798652,"CAB39L"
"ENSG00000162928",204.248819698212,-0.243599229011403,0.200953733856813,-1.21221549028283,0.225429903435886,0.723973597537077,256.277994849215,188.361096487162,211.291970788852,244.493657021526,170.745860670745,220.094303603989,161.50879333897,165.863097324446,237.660825428203,186.190597469009,"PEX13"
"ENSG00000013561",574.48012753659,0.272481009730918,0.224783118308309,1.21219516741994,0.225437680930605,0.723973597537077,544.469853207955,483.243640642925,673.493156889467,341.385587767094,579.709736632127,730.751701000962,481.034297998769,586.75269111307,696.304523622982,627.65608649055,"RNF14"
"ENSG00000108848",483.888264703685,-0.60999135189903,0.503302746358368,-1.21197699856121,0.225521185525272,0.72406741727264,362.657539880965,135.100372652861,390.394930402841,1552.08195605517,247.85689452205,335.933410763983,570.955409965871,473.620636290615,405.482724085838,364.798772416655,"LUC7L3"
"ENSG00000123870",10.7125825678084,-0.59304457054791,0.489438185551018,-1.21168431081905,0.225633247066487,0.724252855866604,8.70378095714315,9.09329431317332,17.3325444787731,18.1106412608538,11.0158619787578,8.68793303699955,11.3492665589546,6.71122359116257,9.38134837216593,6.73993113009986,"ZNF137P"
"ENSG00000104823",215.105328173978,0.410714831349161,0.339085879183019,1.21124133018669,0.22580292694907,0.724532341042577,293.994378996835,183.164928308205,141.136433612866,100.514058997738,276.773532216289,151.556165200992,293.33488952375,267.490197419194,149.059201913303,294.029495550607,"ECH1"
"ENSG00000113231",33.4808046206054,0.58114493930871,0.479855433325951,1.21108337834315,0.225863451054494,0.724532341042577,36.7492973746044,23.3827568053028,10.7296703916214,32.5991542695368,30.2936204415838,26.0637991109986,17.4604100906994,33.5561179558128,48.9914859435332,74.981733822361,"PDE8B"
"ENSG00000090581",288.401856250758,0.40293172194035,0.332726115936943,1.21100118878769,0.225894949089801,0.724532341042577,202.121135560324,170.174507860815,231.100593050307,363.118357280118,236.841032543292,217.198325924989,437.383272772021,517.722962746827,212.643896435761,295.714478333132,"GNPTG"
"ENSG00000153071",3596.67669917904,-0.277594233791921,0.229263732080569,-1.21080744552465,0.225969210980703,0.724532341042577,3703.94234065092,3324.24859248722,3176.80779518083,5869.65883264271,3244.17135274416,2850.60736202885,2826.84039368424,3268.36588889617,3304.31937108511,4397.80506239016,"DAB2"
"ENSG00000179967",40.4156681396782,0.370765760998286,0.306351972010714,1.21026072907185,0.226178861628829,0.724957336588247,28.0455164174613,27.27988293952,37.9665260011219,43.4655390260491,42.6864651676863,54.0582500079972,42.7780047222136,43.1435802289022,55.2457181916438,29.4871986941869,"PPP1R14BP3"
"ENSG00000164944",183.249681321681,-0.261384729498982,0.2160479879738,-1.20984570118135,0.226338106005575,0.725232697737387,164.404751412704,192.258222621379,181.57903739667,275.281747164977,183.138705396848,171.828008953991,167.619936870714,132.306979368633,171.991386823042,192.088037207846,"VIRMA"
"ENSG00000173692",352.121617353432,0.313567422267203,0.259203922873807,1.20973254876186,0.226381535966162,0.725232697737387,231.133738750801,318.265300961066,415.155708229659,265.320894471508,275.396549468944,443.084584886977,366.668611904688,290.500106874608,377.338678969341,538.351999016727,"PSMD1"
"ENSG00000139218",348.789727401229,-0.299863836396369,0.247908807437026,-1.20957314706353,0.226442727329795,0.725232697737387,304.63233350001,432.581000898102,309.509722835233,526.114128627802,285.035428700357,270.291250039986,233.096474710837,349.942372967762,355.448866100953,421.245695631242,"SCAF11"
"ENSG00000166035",24.4263204402243,0.804627658294414,0.665272866787797,1.20947012641516,0.226482281328351,0.725232697737387,13.5392148222227,23.3827568053028,13.2057481743033,17.2051091978111,77.1110338513043,6.75728125099965,32.3017586677939,41.2260877742843,5.21186020675885,14.3223536514622,"LIPC"
"ENSG00000138675",643.630184788539,-0.507224582945683,0.419447461943386,-1.20926845187144,0.226559727012252,0.725306548046665,766.899811001613,1247.08036294948,839.390368329152,278.903875417148,382.801203761832,921.886227814952,343.097058282244,277.077659692283,694.219779540279,684.945501096399,"FGF5"
"ENSG00000083123",142.098734737228,-0.386222344478047,0.3194602428231,-1.20898406970759,0.226668965611365,0.725482120076501,260.146341941279,154.586003323946,140.311074351972,106.852783439037,112.912585282267,111.012477694994,78.5718454081474,114.090801049764,160.525294368173,181.978140512696,"BCKDHB"
"ENSG00000186591",1587.01361217842,0.320532217853932,0.265275497641279,1.20829937443892,0.226932129009833,0.726021519959253,1647.9158612191,1657.57764908702,1469.96484365213,748.875016136304,1781.81567506407,1713.45346007491,1363.65802808362,1528.24148633045,1514.56657608412,2444.06752605246,"UBE2H"
"ENSG00000119685",213.231291746403,-0.368237016352421,0.304775411721879,-1.208224161759,0.22696105036427,0.726021519959253,232.100825523817,319.564343005805,274.019274616793,160.279175158556,236.841032543292,266.429946467986,118.730788616756,140.935695414414,237.660825428203,145.75101068841,"TTLL5"
"ENSG00000087053",780.123554459416,-0.315612971944319,0.261242895054867,-1.20812078689464,0.227000805145841,0.726021519959253,861.674314757172,801.508941603991,860.024349851501,1013.29037854477,777.995252249767,815.700379584958,529.923446252728,500.465530655266,1113.25334016369,527.399610930314,"MTMR2"
"ENSG00000090470",317.733518454594,0.321275960090702,0.265965568459792,1.20796072195064,0.227062370978285,0.726044315928408,281.422250947628,236.425652142506,266.591041268748,320.558350317112,414.471806950761,211.406370566989,466.192949421675,393.085953196665,228.279477056038,358.901332677818,"PDCD7"
"ENSG00000143416",36.4379505323391,0.652898733176382,0.540680480592546,1.20755003483916,0.227220388158427,0.726224659871471,32.8809502825408,31.1770090737371,25.5861370877126,19.0161733238965,60.5872408831677,19.306517859999,66.3495583446578,38.3498490923575,6.25423224811062,64.8718371272112,"SELENBP1"
"ENSG00000099330",101.510215459087,0.342396119089513,0.283583783157502,1.20738963024323,0.227282127187787,0.726224659871471,89.9390698904792,102.624321534385,99.0431113072746,58.8595840977748,112.912585282267,74.3300937609961,158.01671132083,110.255816140528,84.4321353494933,124.688725906847,"OCEL1"
"ENSG00000134899",94.470143529417,0.377636504514893,0.312832441189783,1.20715263122534,0.227373368963029,0.726342184876628,58.9922931539702,62.3540181474742,68.5048186541983,130.396617078147,89.5038785774068,76.260745546996,135.318178202921,115.049547277073,80.2626471840863,128.058691471897,"ERCC5"
"ENSG00000087586",192.076055741004,-0.780616705468905,0.646899889259943,-1.20670403323447,0.227546145280453,0.726549382936924,199.219875241277,441.674295211276,327.6676265749,57.0485199716894,79.8649993459938,195.96115627899,46.2700867403535,27.8036405919592,413.821700416653,131.428657036947,"AURKA"
"ENSG00000166333",59.2776282679963,-0.449348419078684,0.372381887743428,-1.20668709695217,0.227552670076897,0.726549382936924,58.9922931539702,48.0645556553447,54.473711219001,120.435764384678,49.5713789044099,86.8793303699955,41.0319637131436,34.5148641831218,58.3728343156991,40.4395867805992,"ILK"
"ENSG00000072864",319.106185106481,-0.458681174432273,0.38021737433052,-1.20636563555232,0.227676540146054,0.726549382936924,297.862726088899,665.109526906391,383.792056315689,179.295348482452,355.261548814938,406.402200952979,177.223162420599,168.739336006373,340.855657522029,216.520287554458,"NDE1"
"ENSG00000236296",19.4701921092981,-0.430324563114924,0.356763418533812,-1.20619026716199,0.227744135837763,0.726549382936924,21.2759090063499,25.9808408947809,26.4114963486066,19.0161733238965,12.3928447261025,19.306517859999,19.2064510997694,16.2986858642519,14.5932085789248,20.2197933902996,"GUSBP5"
"ENSG00000104936",640.044396149536,0.42969842743991,0.356332638236079,1.2058912974321,0.227859406597693,0.726549382936924,381.999275341283,493.635977000837,491.914119492797,751.591612325432,714.65404587191,347.517321479982,835.480622839967,975.04491317319,351.279377935546,1057.32669603442,"DMPK"
"ENSG00000112365",103.456821973092,-0.277687038710654,0.230298380440542,-1.2057706970386,0.22790591704673,0.726549382936924,124.754193719052,96.1291113106894,97.3923927854867,143.979598023788,81.2419820933385,111.977803587994,78.5718454081474,87.2459066851134,110.491436383288,102.783949734023,"ZBTB24"
"ENSG00000151743",17.6789113336658,0.470350550506216,0.39009027643914,1.20574794839727,0.227914690989652,0.726549382936924,17.4075619142863,14.2894624921295,13.2057481743033,12.6774488825976,19.2777584628261,12.5492366089993,18.3334305952344,23.9686556827235,19.8050687856836,25.2747417378745,"AMN1"
"ENSG00000183775",172.139887238804,0.54917814667081,0.455493943354989,1.20567606810703,0.227942416141876,0.726549382936924,78.3340286142883,144.193666966034,190.657989266504,125.868956762934,111.535602534922,126.457691982993,241.826679756187,428.559563607095,66.7118106465133,207.252882250571,"KCTD16"
"ENSG00000138081",171.77239832868,-0.356160430389303,0.29540370230232,-1.20567354983521,0.227943387515264,0.726549382936924,185.680660419054,198.753432845074,193.134067049185,212.800034815032,179.007757154814,166.036053595991,71.5876813718676,113.132054822455,210.559152353057,187.033088860271,"FBXO11"
"ENSG00000152056",14.6703893562402,0.713166907081988,0.591705548265795,1.20527331401941,0.228097808025292,0.726549382936924,9.67086773015905,15.5885045368685,14.0311074351972,3.62212825217076,6.8849137367236,16.4105401809991,12.2222870634896,28.7623868192681,8.33897633081416,31.1721814767119,"AP1S3"
"ENSG00000130311",589.537366720983,0.312879686193273,0.2596037053312,1.20522041776755,0.228118222233242,0.726549382936924,456.464956863507,685.894199622216,639.653427192815,277.998343354106,587.971633116195,776.12201797196,633.812886292389,677.833582707419,537.863973337513,621.758646751712,"DDA1"
"ENSG00000115271",8.28546803620384,-0.887274402517795,0.73629242617531,-1.20505708190802,0.228181266524393,0.726549382936924,11.6050412761909,5.19616817895618,21.4593407832428,7.24425650434151,9.63887923141304,6.75728125099965,4.36510252267486,4.79373113654469,0,11.7948794776748,"GCA"
"ENSG00000164221",70.4871844006066,0.410021911437336,0.340317755207889,1.20482080397735,0.228272486919691,0.726549382936924,96.7086773015905,32.4760511184761,65.2033816106225,40.748942836921,52.3253443990994,74.3300937609961,96.9052760033818,87.2459066851134,90.6863675976039,68.2418026922611,"CCDC112"
"ENSG00000166860",65.0095528856598,-0.343053877077314,0.284736731877225,-1.20481075559031,0.228276366900643,0.726549382936924,50.2885121968271,77.9425226843427,75.1076927413499,94.1753345564397,67.4721546198913,59.8502053659969,41.0319637131436,45.0610726835201,66.7118106465133,72.4542596485736,"ZBTB39"
"ENSG00000154814",54.1702969776504,0.370634975607226,0.3077458948605,1.20435392249581,0.228452813353972,0.726549382936924,49.3214254238112,48.0645556553447,47.8708371318494,38.9378787108356,57.8332753884782,77.226071439996,50.6351892630283,36.4323566377396,86.5168794321969,48.864500693224,"OXNAD1"
"ENSG00000154146",6.73303333437011,-1.02587244897968,0.851883936618717,-1.20423969144383,0.228496948940904,0.726549382936924,15.4733883682545,16.8875465816076,4.12679630446978,2.71659618912807,0,13.5145625019993,5.23812302720983,2.87623868192681,3.12711612405531,3.36996556504993,"NRGN"
"ENSG00000266714",11.2361414008814,-0.846706304655828,0.703135108503529,-1.20418721013357,0.228517228242522,0.726549382936924,14.5063015952386,5.19616817895618,5.77751482625769,35.3157504586649,15.1468102207919,2.89597767899985,10.4762460544197,13.4224471823251,6.25423224811062,3.36996556504993,"MYO15B"
"ENSG00000174915",158.670876243094,0.391826401583257,0.325419029816375,1.20406726614714,0.228563580606749,0.726549382936924,103.478284712702,144.193666966034,102.34454835085,184.728540860709,194.154567375605,122.596388410994,223.493249160953,272.283928555738,106.321948217881,133.113639819472,"PTDSS2"
"ENSG00000136371",46.1301230037352,0.51939805658658,0.431450432741291,1.20384177919697,0.228650738181863,0.726549382936924,34.8151238285726,37.6722192974323,47.0454778709554,27.1659618912807,35.8015514309627,40.5436875059979,74.2067428854726,98.7508614128206,19.8050687856836,45.4945351281741,"MTHFS"
"ENSG00000100281",287.346890011106,-0.214130669870752,0.177875746680573,-1.20382162192851,0.228658530732313,0.726549382936924,298.829812861915,349.442310034803,336.746578444734,268.037490660636,282.281463205668,299.251026829984,209.524921088393,276.118913464974,292.906543619847,260.329839900107,"HMGXB4"
"ENSG00000086544",151.319225877152,0.264101114654975,0.219391038622761,1.20379171507134,0.228670092701467,0.726549382936924,145.063015952386,167.576423771337,131.232122482139,96.8919307455677,199.662498364984,146.729535735992,178.096182925134,140.935695414414,151.143945996007,155.860907383559,"ITPKC"
"ENSG00000240204",8.04131738880156,1.06266175232375,0.882841252284897,1.20368384414917,0.228711798979666,0.726549382936924,14.5063015952386,1.29904204473905,0,3.62212825217076,11.0158619787578,6.75728125099965,11.3492665589546,16.2986858642519,2.08474408270354,13.4798622601997,"SMKR1"
"ENSG00000136492",33.9273313607205,-0.789041126286008,0.655564534230811,-1.20360557212237,0.228742064788021,0.726549382936924,23.2100825523817,48.0645556553447,38.7918852620159,71.5370329803724,12.3928447261025,53.0929241149972,5.23812302720983,6.71122359116257,62.5423224811062,17.6923192165121,"BRIP1"
"ENSG00000069667",389.861749952769,-0.283957130083124,0.235923902085011,-1.20359627648412,0.228745659365085,0.726549382936924,302.698159953978,563.784247416746,325.191548792218,555.996686708211,338.737755846801,414.124808096979,319.525504659799,337.478672012746,398.186119796376,342.893996243831,"RORA"
"ENSG00000114867",1975.52203332221,-0.241856228045939,0.200972965693832,-1.20342667587634,0.228811250137274,0.726557903524963,1923.53559152864,2746.17488257834,2138.50584497624,1900.7118003266,2120.55343091087,1933.5477636789,1544.37327252236,1359.50215032407,2133.73556864707,1954.58002772896,"EIF4G1"
"ENSG00000096092",182.214937322587,0.388384258378384,0.322800106979437,1.20317264455902,0.22890951840538,0.726557903524963,237.903346161913,111.717615847558,169.198648483261,95.986398682525,172.12284341809,117.769758945994,247.937823287932,241.604049281852,170.94901478169,256.959874335057,"TMEM14A"
"ENSG00000204237",146.61913232288,0.374480164603545,0.311245422418906,1.20316681830434,0.228911772558438,0.726557903524963,149.898449817465,88.3348590422551,135.358918786609,124.057892636848,140.452240229161,118.735084838994,247.064802783397,227.222855872218,101.110088011122,133.956131210735,"OXLD1"
"ENSG00000075413",844.615019173821,-0.270269749115436,0.224675734246573,-1.20293252861399,0.229002431333363,0.726672716320026,911.962826953999,759.939596172342,843.517164633622,1247.82318287283,806.911889944006,877.481236736955,843.337807380782,576.206482612672,967.321254374442,611.648750056563,"MARK3"
"ENSG00000114450",404.929248621045,-0.647919401991679,0.538897678024836,-1.20230505421071,0.22924535944302,0.727108171499582,589.922931539702,743.052049590734,421.758582316811,314.219625875813,274.019566721599,393.85296434398,52.3812302720983,121.760770868235,765.101078352199,373.22368632928,"GNB4"
"ENSG00000204560",147.621288671007,-0.25758141551839,0.214260087129454,-1.2021903797825,0.229289775716203,0.727108171499582,139.26049531429,175.370676039771,144.437870656442,195.594925617221,155.599050449953,140.937580377993,130.080055175711,98.7508614128206,138.635481499785,157.545890166084,"DHX16"
"ENSG00000248866",22.6540271943254,-0.419548039642503,0.349030435804332,-1.20203855195512,0.229348591850938,0.727108171499582,25.1442560984135,31.1770090737371,24.7607778268187,26.260429828238,16.5237929681366,23.1678214319988,14.8413485770945,17.2574320915609,18.7626967443319,28.6447073029244,"USP46-AS1"
"ENSG00000005379",34.0214736248028,-0.736880253636297,0.613089286263291,-1.2019134409076,0.229397066318761,0.727108171499582,31.9138635095249,12.9904204473905,13.2057481743033,120.435764384678,42.6864651676863,21.2371696459989,37.5398816950038,28.7623868192681,14.5932085789248,16.8498278252497,"TSPOAP1"
"ENSG00000062725",286.176712626967,-0.287168140469838,0.238973772814957,-1.20167220480801,0.22949055419614,0.727108171499582,327.842416052392,333.853805497935,264.94032274696,357.685164901862,229.956118806568,228.782236640988,173.731080402459,262.696466282649,320.008216694993,362.271298242868,"APPBP2"
"ENSG00000160218",480.593089789458,-0.311530665219206,0.25929486128839,-1.20145329402698,0.229575413648142,0.727108171499582,460.333303955571,524.812986074574,458.074389796145,731.669906938493,546.662150695854,567.611625083971,283.731663973866,352.818611649689,508.677556179664,371.538703546755,"TRAPPC10"
"ENSG00000184922",72.1219599939142,0.556953043433638,0.463717375272222,1.20106140751504,0.229727381853899,0.727108171499582,95.7415905285746,22.0837147605638,21.4593407832428,85.1200139260128,110.158619787578,54.0582500079972,110.000583571406,99.7096076401295,52.1186020675885,70.7692768660486,"FMNL1"
"ENSG00000007202",895.615083398751,-0.230621084753017,0.192039369910373,-1.20090523552879,0.229787963141169,0.727108171499582,992.231029114319,1032.73842556754,713.935760673271,1191.68019496418,928.086371710341,853.348089411956,768.258043990775,803.42933848489,971.490742539849,700.952837530386,"KIAA0100"
"ENSG00000103356",165.874415090748,-0.264816152109434,0.220518233828506,-1.20088097710495,0.229797374341013,0.727108171499582,219.528697474611,207.846727158247,147.739307700018,163.901303410727,125.305430008369,139.972254484993,143.175362743735,137.100710505178,193.881199691429,180.293157730171,"EARS2"
"ENSG00000123213",443.278060798574,-0.400135481348624,0.333232912437955,-1.20076819069643,0.229841134099845,0.727108171499582,681.796174976213,467.655136106056,611.591212322421,313.31409381277,333.229824857422,506.796093824974,206.905859574788,289.541360647299,632.719829100524,389.231022763267,"NLN"
"ENSG00000154065",68.4673171916222,0.842754147246417,0.701872832454635,1.20072199446598,0.22985905938799,0.727108171499582,53.1897725158748,36.3731772526933,73.456974219562,22.6383015760672,28.9166376942391,15.4452142879992,71.5876813718676,116.96703973169,12.5084644962212,253.589908770007,"ANKRD29"
"ENSG00000183935",37.839658314705,-0.647520265524169,0.53928091826605,-1.20071050836759,0.229863516434628,0.727108171499582,42.5518180126998,67.5501863264304,59.4258667843648,23.5438336391099,53.7023271464441,18.341191966999,8.73020504534971,12.4637009550162,36.4830214473119,55.6044318233239,"HTR7P1"
"ENSG00000198937",153.241918292877,0.340515292699075,0.283605859983583,1.20066381110315,0.229881637396911,0.727108171499582,129.589627584131,142.894624921295,180.753678135776,75.1591612325432,172.12284341809,163.140075916992,206.032839070253,178.326798279462,178.245619071153,106.153915299073,"CCDC167"
"ENSG00000178096",87.0130627575111,0.39214087559943,0.326618307991155,1.20060898610144,0.229902913639779,0.727108171499582,83.1694624793679,79.2415647290818,96.5670335245927,34.4102183956222,97.7657750614751,83.9833526909956,137.06421921199,81.4934293212597,67.754182687865,108.68138947286,"BOLA1"
"ENSG00000167920",150.916378153009,0.327984555723086,0.273215580812446,1.20046065728673,0.229960483446945,0.727117820704576,121.852933400004,136.3994146976,146.913948439124,118.624700258592,150.091119460574,158.313446451992,275.874479433051,149.564411460194,138.635481499785,112.893846429173,"TMEM99"
"ENSG00000196110",9.45037493298763,-0.927503106578305,0.772758476347637,-1.20024967045597,0.230042389926777,0.72718318211074,8.70378095714315,11.6913784026514,4.95215556536373,27.1659618912807,11.0158619787578,10.6185848229995,0,3.83498490923575,11.4660924548695,5.0549483475749,"ZNF699"
"ENSG00000204054",694.651575105126,0.317562659985477,0.264607648681235,1.20012653288052,0.230090202332408,0.72718318211074,451.629522998428,563.784247416746,591.782590060966,813.167792612335,939.102233689099,689.242687601964,950.719329438584,856.160380986882,438.838629409095,652.088336837162,"LINC00963"
"ENSG00000081692",76.3805966175789,0.309005881465144,0.257555422687373,1.19976461082018,0.230230771947585,0.727365423592026,83.1694624793679,66.2511442816913,71.8062556977741,46.1821352151771,82.6189648406832,83.0180267979957,110.873604075941,73.8234595027882,71.9236708532721,74.1392424310985,"JMJD4"
"ENSG00000142949",449.338785313316,-0.536242961153313,0.446981903397089,-1.1996972518973,0.230256940721717,0.727365423592026,427.45235367303,250.715114634636,206.339815223489,1323.88787616841,356.638531562282,364.893187553981,340.477996768639,554.155319384566,337.728541397973,331.099116766156,"PTPRF"
"ENSG00000204311",11.9177552644378,-0.839427157151864,0.699784181562477,-1.19955148925715,0.230313576384929,0.727366471653182,8.70378095714315,3.89712613421714,5.77751482625769,46.1821352151771,9.63887923141304,6.75728125099965,9.60322554988468,14.3811934096341,8.33897633081416,5.89743973883738,"DFNB59"
"ENSG00000154548",5.78147475891684,-1.10629513914381,0.922382299665301,-1.19938895135482,0.230376741707863,0.727366471653182,16.4404751412704,3.89712613421714,4.95215556536373,9.05532063042689,0,6.75728125099965,8.73020504534971,0,2.08474408270354,5.89743973883738,"SRSF12"
"ENSG00000161298",14.7946890169092,-0.529957524125978,0.441898110235911,-1.1992753801166,0.230420884961738,0.727366471653182,21.2759090063499,23.3827568053028,13.2057481743033,15.3940450717257,8.26189648406832,17.3758660739991,12.2222870634896,7.6699698184715,11.4660924548695,17.6923192165121,"ZNF382"
"ENSG00000165152",109.378738154472,0.295028022991919,0.246048842912351,1.19906283443493,0.230503514094238,0.727423367178497,122.82002017302,100.026237444907,94.0909557419109,68.8204367912444,106.027671545543,124.527040196994,121.349850130361,147.646919005576,85.4745073908451,123.003743124323,"TMEM246"
"ENSG00000163644",50.6067355586386,-0.446271145758539,0.372273404282728,-1.19877257044023,0.230616390972946,0.727423367178497,52.2226857428589,51.9616817895618,56.9497890016829,79.6868215477566,35.8015514309627,40.5436875059979,21.8255126133743,30.679879273886,69.8389267705686,66.5568199097362,"PPM1K"
"ENSG00000142733",173.45715790778,-0.314704426656696,0.262536298926596,-1.19870824698678,0.230641410176667,0.727423367178497,169.240185277783,216.940021471421,179.102959613988,220.044291319373,235.464049795947,111.012477694994,114.365686094081,131.348233141324,179.287991112504,177.765683556384,"MAP3K6"
"ENSG00000108256",578.660334966417,-0.307212763167374,0.256295129162401,-1.19866797379793,0.230657075788998,0.727423367178497,547.371113527003,637.829643966871,520.801693624086,910.059723357902,396.571031235279,580.16086169297,343.970078786779,599.216392068086,638.974061348635,611.648750056563,"NUFIP2"
"ENSG00000185345",26.4142147682748,0.630247265826143,0.525894607162237,1.19842884342739,0.2307501091725,0.727445250061725,29.0126031904772,11.6913784026514,19.8086222614549,19.0161733238965,24.785689452205,19.306517859999,32.3017586677939,31.638625501195,8.33897633081416,68.2418026922611,"PRKN"
"ENSG00000155858",74.8166924861898,-0.488975147584588,0.408045047151748,-1.19833619105967,0.230786162632131,0.727445250061725,52.2226857428589,109.11953175808,103.995266872638,95.986398682525,67.4721546198913,84.9486785839956,24.4445741269792,47.9373113654469,115.703296590046,46.3370265194366,"LSM11"
"ENSG00000013619",539.57271837461,-0.414571419643609,0.346039052467637,-1.19804807199437,0.230898302876823,0.727445250061725,430.353613992078,762.53768026182,330.143704357582,1015.10144267085,777.995252249767,452.737843816977,318.652484155264,488.001829700249,384.635283258803,435.568049282704,"MAMLD1"
"ENSG00000120963",510.744469329422,0.214185486535313,0.178797016132751,1.19792539701159,0.230946061564019,0.727445250061725,535.766072250812,442.973337256015,455.598312013463,430.127729945277,450.273358381723,506.796093824974,622.463619733434,650.988688342769,552.457181916438,460.000299629316,"ZNF706"
"ENSG00000230590",23.5827166564357,-0.524441489726134,0.437810247480834,-1.19787394823163,0.230966093215235,0.727445250061725,19.3417354603181,33.7750931632152,16.5071852178791,45.2766031521344,35.8015514309627,19.306517859999,12.2222870634896,16.2986858642519,18.7626967443319,18.5348106077746,"FTX"
"ENSG00000203805",96.4972163380945,-0.664217035233612,0.55453832314827,-1.19778382756789,0.231001184791381,0.727445250061725,52.2226857428589,36.3731772526933,147.739307700018,258.982170030209,44.063447915031,72.3994419749963,35.7938406859338,60.4010123204631,180.330363153856,76.666716604886,"PLPP4"
"ENSG00000077152",66.1402782095088,-0.782375918468374,0.653325140380496,-1.19752917821702,0.231100361738886,0.727445250061725,79.3011153873043,136.3994146976,127.930685438563,9.96085269346958,15.1468102207919,109.081825908994,24.4445741269792,24.9274019100324,97.9829718870663,36.2271298242868,"UBE2T"
"ENSG00000167552",1995.78951540202,-0.374607738523622,0.312878926908963,-1.19729296640237,0.23119238495852,0.727563199195796,1733.98658401752,3111.20569715001,3255.21692496576,1152.74231625334,1759.78395110655,2175.84456282189,1592.38940027179,1115.9806085876,2029.4983645119,2031.24674433385,"TUBA1A"
"ENSG00000182253",19.4828027660325,0.570724394679595,0.476892573067547,1.19675672659041,0.231401389479322,0.727824115641802,16.4404751412704,14.2894624921295,8.25359260893955,21.7327695130245,9.63887923141304,12.5492366089993,21.8255126133743,24.9274019100324,32.3135332819049,32.8571642592368,"SYNM"
"ENSG00000065057",57.5950358088467,0.482747225360694,0.403380886259675,1.19675285023279,0.231402900814661,0.727824115641802,85.1036360253997,41.5693454316495,39.6172445229098,19.9217053869392,67.4721546198913,41.5090133989979,96.9052760033818,49.8548038200648,57.3304622743473,76.666716604886,"NTHL1"
"ENSG00000143164",1693.52040930145,0.25346382186194,0.211809345007955,1.19666024108813,0.231439009855056,0.727824115641802,1454.49850661592,1335.41522199174,1848.80474440246,1433.45725579658,2492.33877269394,1407.44515199393,2012.31226295311,1456.33551928228,1844.99851319263,1649.59814409194,"DCAF6"
"ENSG00000163069",421.550028017547,0.308785947803111,0.258096586192551,1.19639686970808,0.231541722320234,0.727975471613616,344.282891193662,341.648057766369,343.349452531885,446.427307080046,251.987842764084,474.940339355975,434.764211258416,650.02994211546,402.355607961783,525.714628147789,"SGCB"
"ENSG00000155561",143.913751972499,-0.354334411209773,0.296237639954091,-1.19611542700882,0.231651518214371,0.72798542508405,142.161755633338,185.763012397684,173.325444787731,161.184707221599,112.912585282267,155.417468772992,94.2862144897769,68.0709821389346,187.626967443319,158.388381557347,"NUP205"
"ENSG00000110876",81.2640065188328,-0.366920842524877,0.306762064419588,-1.19610892311314,0.23165405593887,0.72798542508405,103.478284712702,68.8492283711694,80.8852075676076,121.34129644772,89.5038785774068,46.3356428639976,62.8574763265179,66.1534896843167,112.576180465991,60.6593801708988,"SELPLG"
"ENSG00000119922",40.9389664651719,0.649192243753952,0.542999945480258,1.19556594647495,0.231865987068747,0.72819573642599,22.2429957793658,70.1482704159085,17.3325444787731,13.5829809456403,26.1626721995497,23.1678214319988,27.0636356405841,86.2871604578044,63.5846945224579,59.8168887796363,"IFIT2"
"ENSG00000152229",50.6544713181503,-0.452561724315505,0.37861021101412,-1.19532361027269,0.231960618584388,0.72819573642599,52.2226857428589,70.1482704159085,50.3469149145313,69.725968854287,30.2936204415838,37.647709826998,25.3175946315142,35.4736104104307,46.9067418608296,88.4615960825607,"PSTPIP2"
"ENSG00000136807",289.533158079122,-0.199946622262818,0.167286119321989,-1.1952373757799,0.23199429949294,0.72819573642599,327.842416052392,348.143267990064,316.112596922385,265.320894471508,242.348963532671,257.742013430987,295.953951037355,263.655212509958,260.593010337942,317.619254505956,"CDK9"
"ENSG00000180769",63.4076220059813,0.487054605842244,0.407510425854553,1.19519544762784,0.232010676772804,0.72819573642599,64.7948137920657,62.3540181474742,55.299070479895,22.6383015760672,48.1943961570652,60.8155312589968,101.270378526057,111.214562367837,33.3559053232566,74.1392424310985,"WDFY3-AS2"
"ENSG00000138399",91.2386958796608,-0.313012036496743,0.261983247431716,-1.19477882484958,0.232173455654601,0.72819573642599,89.9390698904792,75.3444385948647,93.2655964810169,153.940450717257,81.2419820933385,78.1913973329959,69.8416403627977,81.4934293212597,103.194832093825,85.9341219087733,"FASTKD1"
"ENSG00000140983",324.607980822796,-0.385991137452461,0.323076391507479,-1.19473643880762,0.232190020866988,0.72819573642599,272.718469990485,272.7988293952,251.734574572656,713.559265677639,290.543359689736,269.325924146986,339.604976264104,349.942372967762,271.01673075146,214.835304771933,"RHOT2"
"ENSG00000160961",132.788734913728,-0.457279912754354,0.3827712075376,-1.19465598182286,0.232221467182447,0.72819573642599,120.885846626988,92.2319851764723,86.6627223938653,334.141331262752,133.567326492438,115.839107159994,113.492665589546,141.894441641723,99.0253439284181,90.1465788650857,"ZNF333"
"ENSG00000120725",101.411938387302,0.393990759108407,0.329863768867492,1.19440446721712,0.232319790232082,0.72819573642599,74.4656815222247,57.157849968518,69.3301779150922,140.357469771617,64.7181891252018,110.047151801994,157.143690816295,132.306979368633,94.855855763011,113.736337820435,"SIL1"
"ENSG00000139132",26.8745512272438,0.810144724841918,0.678308822580773,1.19435970441833,0.23233729217282,0.72819573642599,7.73669418412724,44.1674295211276,14.0311074351972,9.05532063042689,8.26189648406832,11.5839107159994,44.5240457312835,53.6897887293005,12.5084644962212,63.1868543446862,"FGD4"
"ENSG00000166199",174.191281903636,0.251552831446694,0.210630935717905,1.19428245708216,0.232367497540836,0.72819573642599,195.351528149213,154.586003323946,154.34218178717,120.435764384678,228.579136059223,177.619964311991,202.540757052113,168.739336006373,185.542223360615,154.175924601034,"ALKBH3"
"ENSG00000178878",89.5425405505329,-0.491863626232752,0.411915978128792,-1.19408727106712,0.23244383188296,0.72819573642599,103.478284712702,140.296540831817,147.739307700018,41.6544748999637,75.7340511039596,106.185848229994,41.9049842176786,72.8647132754793,120.915156796805,44.6520437369116,"APOLD1"
"ENSG00000177888",233.212324380071,-0.340212910882465,0.284927400179613,-1.19403367548366,0.232464795430691,0.72819573642599,314.303201230169,306.573922558415,244.306341224611,202.839182121562,167.991895176056,222.024955389988,106.508501553266,272.283928555738,254.338778089832,240.95253790107,"ZBTB41"
"ENSG00000141562",435.895130433147,0.268505898051571,0.224889707779063,1.19394480389186,0.232499559905772,0.72819573642599,331.710763144456,422.18866454019,369.760948880492,429.222197882235,494.336806296754,552.166410795971,506.351892630283,509.094246701046,471.152162691,272.967210769045,"NARF"
"ENSG00000010030",6.3132223562625,0.853691438795571,0.715053413995103,1.19388485123912,0.232523014056189,0.72819573642599,9.67086773015905,1.29904204473905,3.30143704357582,2.71659618912807,4.13094824203416,4.82662946499975,10.4762460544197,10.5462085003983,5.21186020675885,10.9523880864123,"ETV7"
"ENSG00000197766",53.4173511613254,1.31108170598016,1.09884758100952,1.19314246000857,0.232813584954637,0.728206450628181,8.70378095714315,71.4473124606475,29.7129333921824,3.62212825217076,16.5237929681366,12.5492366089993,61.984455821983,285.706375738064,9.38134837216593,34.5421470417618,"CFD"
"ENSG00000160679",384.59380620058,-0.283924991469306,0.237985927462032,-1.19303269103843,0.23285657022691,0.728206450628181,336.546197009535,332.554763453196,387.918852620159,665.566066336376,326.344911120699,380.33840184198,412.938698645041,341.313656921982,326.262448943104,336.154065113731,"CHTOP"
"ENSG00000099219",32.8000870800419,-0.561358156650063,0.470564183485386,-1.19294705451694,0.232890109197848,0.728206450628181,36.7492973746044,16.8875465816076,28.8875741312884,79.6868215477566,27.5396549468944,15.4452142879992,15.7143690816295,38.3498490923575,33.3559053232566,35.3846384330243,"ERMP1"
"ENSG00000132563",98.7250783986756,0.576945443676637,0.483724713020434,1.19271442650536,0.232981233699504,0.728206450628181,145.063015952386,72.7463545053866,37.9665260011219,48.8987314043052,234.087067048602,73.3647678679962,165.00087535711,89.1633991397312,55.2457181916438,65.7143285184737,"REEP2"
"ENSG00000232679",26.0602429205074,0.772503218624294,0.647720148861093,1.19264966511017,0.23300660638164,0.728206450628181,13.5392148222227,24.6817988500419,9.90431113072746,25.3548977651953,17.9007757154814,90.7406339419953,7.85718454081474,12.4637009550162,17.7203247029801,40.4395867805992,"LINC01705"
"ENSG00000101972",389.231930057001,-0.264374382193136,0.221686906745768,-1.19255749504558,0.233042720807603,0.728206450628181,461.300390728587,458.561841792883,480.359089840282,330.519203010581,370.40835903573,370.685142911981,258.414069342351,286.665121965372,444.050489615854,431.355592326391,"STAG2"
"ENSG00000133466",71.5244210261096,-0.663048152222877,0.556096014703286,-1.19232674698569,0.233133150801911,0.728206450628181,83.1694624793679,28.578924984259,32.1890111748642,222.760887508501,90.8808613247515,45.3703169709976,82.0639274262873,69.0297283662435,29.1864171578495,32.0146728679744,"C1QTNF6"
"ENSG00000120616",217.937620134938,-0.255916372935658,0.214704494737433,-1.19194697460165,0.233282037497794,0.728206450628181,210.824916517467,227.332357829333,192.308707788292,335.046863325795,223.071205069845,209.475718780989,226.985331179092,172.574320915609,193.881199691429,187.875580251534,"EPC1"
"ENSG00000162241",73.8016009961119,-0.390716464780518,0.327811756975332,-1.19189277524881,0.233303291412955,0.728206450628181,56.0910328349225,128.605162429166,70.9808964368801,89.6476742412262,56.4562926411335,67.5728125099965,69.8416403627977,98.7508614128206,38.5677655300155,61.5018715621613,"SLC25A45"
"ENSG00000101109",317.330466918398,-0.375466709500995,0.315020227608075,-1.19188127172622,0.233307802619346,0.728206450628181,388.768882752394,502.729271314011,368.935589619598,211.894502751989,264.380687490186,407.367526845979,180.715244438739,179.285544506771,339.813285480677,329.414133983631,"STK4"
"ENSG00000236397",16.5018287850158,0.804335955730299,0.674977986232992,1.19164768649604,0.233399418477758,0.728321957004647,0.967086773015906,19.4856306710857,20.6339815223489,4.52766031521344,31.6706031889286,26.0637991109986,8.73020504534971,9.58746227308938,23.9745569510907,19.3773019990371,"DDX11L2"
"ENSG00000160953",346.933040256487,-0.295454335622379,0.247968966702926,-1.19149722463594,0.233458445528153,0.728335739885141,270.784296444454,358.535604347977,316.112596922385,615.761802869029,296.051290679115,305.042982187984,363.176529886548,338.437418240055,297.076031785254,308.351849202069,"MUM1"
"ENSG00000112667",292.077803949692,0.442626283066101,0.371627499698853,1.19104824972528,0.233634643868025,0.728438788689063,322.039895414296,281.892123708373,278.971430182157,78.7812894847139,289.166376942391,236.504843784988,406.827555113297,504.300515564501,250.169289924425,272.124719377782,"DNPH1"
"ENSG00000132406",161.354045338928,0.311401400776433,0.261486481775454,1.19088909936018,0.233697124392745,0.728438788689063,167.306011731752,92.2319851764723,136.184278047503,167.523431662897,143.206205723851,169.897357167991,217.382105629208,229.140348326836,162.610038450876,128.058691471897,"TMEM128"
"ENSG00000173482",496.315571300821,-0.45594676637006,0.382920374956386,-1.19070907736887,0.233767813142299,0.728438788689063,445.827002360332,315.667216871588,364.808793315128,1243.29552255761,618.265253557779,375.511772376981,412.938698645041,520.599201428753,363.787842431768,302.454409463231,"PTPRM"
"ENSG00000172292",50.5648852334275,-0.571515347061024,0.479998548557615,-1.19066057340885,0.233786861652908,0.728438788689063,52.2226857428589,28.578924984259,32.1890111748642,138.546405645531,26.1626721995497,66.6074866169966,27.9366561451191,57.5247736385363,35.4406494059602,40.4395867805992,"CERS6"
"ENSG00000183291",746.135438377137,0.319751082138172,0.268570727946924,1.19056564571461,0.233824144909753,0.728438788689063,701.137910436531,355.937520258499,609.940493800633,929.981428744842,621.019219052469,754.884848325961,908.814345220905,1035.44592549365,724.44856873948,819.744123698396,"SELENOF"
"ENSG00000249915",775.710842170174,0.217342987504409,0.182595997823442,1.19029436622464,0.233930714315156,0.728438788689063,795.91241419209,681.997073487999,755.203723717969,594.029033356004,822.058700164798,640.011067058967,1021.43399030592,877.252797987678,749.465497731922,819.744123698396,"PDCD6"
"ENSG00000108506",35.8491743412197,-0.488613958892407,0.410528558967073,-1.19020698613954,0.233965048026477,0.728438788689063,37.7163841476203,28.578924984259,28.8875741312884,77.8757574216713,24.785689452205,44.4049910779977,15.7143690816295,34.5148641831218,32.3135332819049,33.6996556504993,"INTS2"
"ENSG00000235587",13.4414282102046,0.624294075968181,0.524545811698627,1.19016120621866,0.233983037470491,0.728438788689063,10.637954503175,3.89712613421714,9.07895186983351,16.2995771347684,23.4087067048602,10.6185848229995,19.2064510997694,20.1336707734877,13.550836537573,7.58242252136235,"GAPDHP65"
"ENSG00000100865",388.48160149126,0.305076104733923,0.256366663598007,1.18999912255478,0.234046736918343,0.728467054907806,409.077704985728,384.516445242758,368.935589619598,199.217053869392,528.761374980372,317.592218796984,466.192949421675,380.622252241648,342.940401604732,486.960024149715,"CINP"
"ENSG00000058091",488.292218159074,-0.328535546742227,0.276114191950014,-1.1898538949483,0.234103822313717,0.72847472659777,427.45235367303,436.478127032319,624.796960496724,736.197567253706,320.83698013132,619.739223305968,302.0650945691,379.663506014339,484.702999228573,550.989369885664,"CDK14"
"ENSG00000185803",157.602797531394,0.290457075766119,0.244218704540643,1.18933181761178,0.234309119537535,0.72894348665083,130.556714357147,133.801330608122,138.660355830184,153.034918654214,151.468102207919,184.37724556299,220.001167142813,212.841662462584,141.762597623841,109.523880864123,"SLC52A2"
"ENSG00000108107",12832.7927519534,0.382459588681202,0.321695277847276,1.18888779232493,0.234483824583411,0.728979044137189,9863.31799798922,9959.75535701426,13259.3965262614,10339.3650958214,17231.5621002718,8600.08838073655,22264.6419271554,18798.1372788463,10623.8558454572,7387.80700998071,"RPL28"
"ENSG00000138756",177.927445509851,-0.319028928595608,0.268385311748283,-1.18869742355656,0.234558754841805,0.728979044137189,170.207272050799,275.396913484678,189.83263000561,172.956624041154,202.416463859674,194.03050449299,123.968911643966,159.151873733284,100.06771596977,191.245545816584,"BMP2K"
"ENSG00000239264",27.9973989783829,-0.424829420207085,0.357399524964273,-1.1886681165834,0.234570291743753,0.728979044137189,29.9796899634931,41.5693454316495,33.0143704357582,28.0714939543234,22.0317239575155,29.9251026829984,18.3334305952344,39.3085953196665,16.6779526616283,21.0622847815621,"TXNDC5"
"ENSG00000113328",1752.77430167565,0.309295638831958,0.260284468957701,1.18829848000736,0.234715836358557,0.728979044137189,1704.97398082704,1328.92001176804,1310.6705062996,1785.70922832018,2931.59626909691,1350.49092430693,1595.88148228993,2147.59154917202,1323.81249251675,2048.0965721591,"CCNG1"
"ENSG00000184470",157.278576446078,0.284498790915836,0.239467684482521,1.18804669419435,0.234815013779585,0.728979044137189,124.754193719052,181.865886263466,133.708200264821,116.813636132507,209.301377596397,174.723986632991,152.77858829362,173.533067142918,111.533808424639,193.773019990371,"TXNRD2"
"ENSG00000169855",174.924312940427,-0.379278326713418,0.319246662405916,-1.18804163481331,0.234817006953561,0.728979044137189,180.845226553974,141.595582876556,141.136433612866,348.629844271435,118.420516271646,163.140075916992,146.667444761875,232.975333236072,151.143945996007,124.688725906847,"ROBO1"
"ENSG00000188612",1711.56498003418,0.24002634384507,0.202037231476596,1.18803025606137,0.234821489725964,0.728979044137189,1678.86263795561,1612.11117752116,1843.0272295762,1041.36187249909,2013.14877661798,1895.9000538519,2089.13806735219,1821.61783188698,1563.55806202765,1556.92409105307,"SUMO2"
"ENSG00000135736",97.8718099442904,0.433577193804562,0.365008780383502,1.18785414791671,0.234890877006621,0.728979044137189,100.577024393654,111.717615847558,77.5837705240318,34.4102183956222,115.666550776956,60.8155312589968,142.3023422392,125.595755777471,76.0931590186792,133.956131210735,"CCDC102A"
"ENSG00000123595",346.321411895961,0.379850741043663,0.319782667055527,1.18784030585906,0.234896331445464,0.728979044137189,309.46776736509,401.403991824365,327.6676265749,134.924277393361,572.824822895403,257.742013430987,429.526088231206,305.840046511551,356.491238142305,367.326246590443,"RAB9A"
"ENSG00000132423",35.6702234126842,-0.4612615510694,0.388358575271353,-1.18772078290561,0.234943432988849,0.728979044137189,47.3872518777794,62.3540181474742,40.4426037838038,20.8272374499818,37.1785341783074,37.647709826998,22.6985331179092,16.2986858642519,36.4830214473119,35.3846384330243,"COQ3"
"ENSG00000079308",707.907537998707,-0.508900218354322,0.428508645244281,-1.18760782075753,0.23498795519995,0.728979044137189,610.231753773036,952.197818793721,511.722741754252,1371.88107550967,604.495426084332,668.970843848965,202.540757052113,391.168460742047,1225.82952062968,540.036981799252,"TNS1"
"ENSG00000251442",39.8301254931783,0.540124280500736,0.454842132472336,1.18749834709648,0.235031108179494,0.728979044137189,23.2100825523817,32.4760511184761,36.315807479334,33.5046863325795,30.2936204415838,58.8848794729969,57.6193532993081,58.4835198658452,9.38134837216593,58.1319059971113,"LINC01094"
"ENSG00000182004",663.860501449653,0.273639121422863,0.230515222256847,1.18707614509712,0.235197586820509,0.729325788287636,670.191133700023,452.066631569188,733.744382934726,502.570294988692,729.800856092701,642.907044737967,955.957452465793,729.605878982102,721.321452615425,500.439886409915,"SNRPE"
"ENSG00000137818",18860.062478793,0.357266109032114,0.301023846596259,1.18683656817159,0.235292091609422,0.729449238910938,13318.7190379751,13984.1876116158,15315.3664451482,21937.4197592722,23397.6908428815,17417.3750873981,30623.8132580777,25935.0441949341,16406.9359308769,10264.0726197508,"RPLP1"
"ENSG00000172738",9.22540588706912,0.736800866215502,0.621434802608568,1.18564467764384,0.23576265057099,0.730738199085589,3.86834709206362,3.89712613421714,5.77751482625769,12.6774488825976,11.0158619787578,9.6532589299995,14.8413485770945,10.5462085003983,3.12711612405531,16.8498278252497,"TMEM217"
"ENSG00000170632",438.351308872398,0.22044723978048,0.18596936630367,1.18539544529345,0.235861131738372,0.730873585965303,447.761175906364,397.506865690148,428.361456403963,321.463882380155,487.451892560031,488.454901857975,425.160985708531,581.000213749216,400.27086387908,406.080850588517,"ARMC10"
"ENSG00000205707",175.781873873139,0.32322015647379,0.272703839381368,1.18524241245381,0.235921615244549,0.730891192222194,194.384441376197,135.100372652861,156.818259569851,124.963424699891,181.761722649503,122.596388410994,265.398233378631,200.377961507568,139.677853541137,236.740080944758,"ETFRF1"
"ENSG00000143799",200.773243741206,-0.43178108185452,0.36436107036616,-1.18503626477057,0.236003108791859,0.730973864829779,267.883036125406,313.06913278211,272.368556095005,97.7974628086104,167.991895176056,178.585290204991,135.318178202921,90.1221453670402,229.321849097389,255.274891552532,"PARP1"
"ENSG00000169981",51.9362173352133,0.339962083089352,0.286948832090178,1.18474809816446,0.236117059128981,0.730976094490599,36.7492973746044,46.7655136106057,56.1244297407889,39.8434107738783,44.063447915031,77.226071439996,54.1272712811682,44.1023264562111,52.1186020675885,68.2418026922611,"ZNF35"
"ENSG00000100030",1153.46129778701,-0.374238930041465,0.315952390679632,-1.18447886796,0.236223556562747,0.730976094490599,1657.58672894926,1548.45811732894,1403.93610278062,737.103099316749,981.788698856785,1191.21215196194,588.415820056571,686.4622987532,1484.33778688492,1255.3121729811,"MAPK1"
"ENSG00000196972",7.66568496598456,0.939283202665446,0.793093953335391,1.1843277819926,0.236283335419052,0.730976094490599,2.90126031904772,2.59808408947809,2.47607778268187,11.771916819555,6.8849137367236,5.7919553579997,11.3492665589546,12.4637009550162,1.04237204135177,19.3773019990371,"SMIM10L2B"
"ENSG00000188211",14.5568498644208,-0.743438302211472,0.627781929413301,-1.18423017194244,0.236321961617439,0.730976094490599,10.637954503175,18.1865886263466,9.07895186983351,38.9378787108356,5.50793098937888,15.4452142879992,3.49208201813988,7.6699698184715,23.9745569510907,12.6373708689372,"NCR3LG1"
"ENSG00000185621",41.8276505378152,-0.438599678262924,0.37040564726285,-1.18410634801062,0.236370967584406,0.730976094490599,41.5847312396839,41.5693454316495,31.3636519139703,84.2144818629701,22.0317239575155,42.4743392919978,27.9366561451191,47.9373113654469,43.7796257367743,35.3846384330243,"LMLN"
"ENSG00000135404",3419.71749294292,0.376668636886771,0.318161037511798,1.18389303678582,0.236455406912089,0.730976094490599,2792.94660046994,1619.90542978959,2668.38649047016,4520.4160587091,2332.60877400196,3742.56848716081,5346.37756977216,5030.54145469,3027.04840808554,3116.37565627992,"CD63"
"ENSG00000153201",229.338075498826,-0.298362845459597,0.252072469813297,-1.18363915615452,0.236555933451251,0.730976094490599,235.002085842865,288.387333932068,202.213018919019,308.786433497557,144.583188471196,208.510392887989,180.715244438739,172.574320915609,272.059102792812,280.549633290407,"RANBP2"
"ENSG00000145147",495.212392034799,-0.377778616900239,0.319205390419846,-1.18349698419363,0.236612241037699,0.730976094490599,821.056670290504,336.451889587413,335.92121918384,805.018004044951,333.229824857422,521.275982219973,555.241040884242,426.642071152477,483.660627187221,333.626590939943,"SLIT2"
"ENSG00000138381",770.467517648631,0.239701010750089,0.202549404274207,1.18341997405032,0.236642745067699,0.730976094490599,690.499955933357,658.614316682696,935.957401853745,494.420506421308,855.106286101071,965.32589299995,771.750126008915,790.965637529874,770.312938558958,771.722114396435,"ASNSD1"
"ENSG00000111358",305.486471116881,-0.299613629875016,0.253227338924191,-1.18318042257164,0.236737650154388,0.730976094490599,459.366217182555,285.78924984259,340.873374749203,290.675792236703,224.448187817189,316.626892903984,197.302634024903,245.439034191088,396.101375713672,298.241952506919,"GTF2H3"
"ENSG00000112701",636.600919670268,-0.215692352699151,0.182335610647063,-1.18294145577879,0.236832350405859,0.730976094490599,847.168013161933,678.099947353782,693.301779150922,558.713282897339,637.543012020605,558.923692046971,615.479455697155,530.186663701843,723.406196698128,523.187153974002,"SENP6"
"ENSG00000165511",20.6902495054975,0.531151049772312,0.449014727167843,1.18292567623014,0.236838604632195,0.730976094490599,19.3417354603181,10.3923363579124,17.3325444787731,18.1106412608538,22.0317239575155,16.4105401809991,22.6985331179092,29.7211330465771,10.4237204135177,40.4395867805992,"C10orf25"
"ENSG00000115368",111.473814098495,-0.305119282140338,0.258032057464179,-1.18248594821477,0.237012937851328,0.730976094490599,102.511197939686,88.3348590422551,119.677092829623,191.97279736505,101.896723303509,113.908455373994,97.7782965079168,91.0808915943491,111.533808424639,96.0440186039231,"WDR75"
"ENSG00000109576",93.182803362869,-0.310237189160641,0.26237811586389,-1.18240497359764,0.237045050684909,0.730976094490599,99.6099376206383,88.3348590422551,94.9163150028048,137.640873582489,100.519740556165,99.4285669789949,55.8733122902382,90.1221453670402,97.9829718870663,67.3993113009986,"AADAT"
"ENSG00000137393",148.360247519695,0.345522680567858,0.292223058457037,1.18239362216057,0.237049552672324,0.730976094490599,97.6757640746064,148.090793100251,129.581403960351,135.829809456403,125.305430008369,176.654638418991,210.397941592928,236.810318145308,122.999900879509,100.256475560235,"RNF144B"
"ENSG00000107968",132.107287128464,-0.450408662998159,0.38096300107123,-1.18228978071796,0.237090739061568,0.730976094490599,115.083325988893,100.026237444907,79.2344890458197,335.046863325795,121.174481766335,97.4979151929949,121.349850130361,129.430740686707,100.06771596977,122.16125173306,"MAP3K8"
"ENSG00000108352",37.3864929865405,-0.527782237087502,0.44660451609403,-1.18176645794683,0.237298380313721,0.730976094490599,26.1113428714294,46.7655136106057,18.983263000561,91.4587383673116,31.6706031889286,24.1331473249987,44.5240457312835,34.5148641831218,31.2711612405531,24.432250346612,"RAPGEFL1"
"ENSG00000248333",134.917039599888,0.279498037514232,0.236540348009203,1.181608295864,0.237361160308442,0.730976094490599,96.7086773015905,111.717615847558,131.232122482139,138.546405645531,147.337153965885,126.457691982993,182.461285447809,152.440650142121,97.9829718870663,164.285821296184,"CDK11B"
"ENSG00000184371",248.647463011818,0.511865688719271,0.433320842080137,1.18126256346702,0.237498434300244,0.730976094490599,131.523801130163,198.753432845074,155.167541048064,306.975369371472,213.432325838432,138.041602698993,406.827555113297,565.660274112273,119.872784755454,250.219943204957,"CSF1"
"ENSG00000105185",1005.62840028695,0.288697223808002,0.244402200990297,1.18123823205448,0.237508097265939,0.730976094490599,970.955120107969,693.688451890651,1108.45748738058,776.946510090627,806.911889944006,1047.37859390495,1343.57855647932,1369.08961259716,1198.72784755453,740.549932919723,"PDCD5"
"ENSG00000145022",560.316902765056,0.200698023361341,0.169921188284386,1.18112417519965,0.237553397453835,0.730976094490599,646.013964374625,416.992496361234,525.753849189449,467.254544530028,590.725598610885,599.467379552969,571.828430470406,642.359972296988,537.863973337513,604.908818926463,"TCTA"
"ENSG00000095906",439.272468263532,0.32468656145276,0.27490771720903,1.18107474300505,0.237573032432586,0.730976094490599,440.991568495253,445.571421345493,440.741845317372,199.217053869392,490.20585805472,471.079035783976,629.447783769714,538.815379747623,357.533610183657,379.121126068117,"NUBP2"
"ENSG00000156535",311.097887246075,-0.378248615524093,0.320283106484213,-1.18098209948122,0.237609834485619,0.730976094490599,251.442560984135,288.387333932068,292.17717835646,612.139674616858,249.233877269394,240.366147356988,182.461285447809,377.746013559722,234.533709304148,382.491091633167,"CD109"
"ENSG00000178665",12.3536164478102,-0.562330719035479,0.476163996670802,-1.18096017961696,0.237618542601937,0.730976094490599,14.5063015952386,15.5885045368685,9.90431113072746,20.8272374499818,17.9007757154814,11.5839107159994,10.4762460544197,7.6699698184715,8.33897633081416,6.73993113009986,"ZNF713"
"ENSG00000095015",47.7782136196667,-0.465206587626552,0.394029821087193,-1.18063801958687,0.237746553295283,0.730976094490599,40.617644466668,54.5597658790399,41.2679630446978,92.3642704303543,44.063447915031,48.2662946499975,14.8413485770945,44.1023264562111,43.7796257367743,53.9194490407989,"MAP3K1"
"ENSG00000139637",288.234632806184,0.287740443702195,0.243754927757312,1.18044975069664,0.23782138472078,0.730976094490599,266.91594935239,242.920862366202,292.17717835646,215.51663100416,364.900428046351,222.990281282988,406.827555113297,378.704759787031,264.762498503349,226.630184249608,"C12orf10"
"ENSG00000167554",31.8556166231926,0.474456046317201,0.402007065122451,1.18021817893345,0.237913450593773,0.730976094490599,27.0784296444454,31.1770090737371,36.315807479334,9.05532063042689,33.0475859362733,24.1331473249987,41.0319637131436,39.3085953196665,30.2287891992013,47.1795179106991,"ZNF610"
"ENSG00000205765",465.224298328507,-0.276767113349751,0.234565744665199,-1.17991275215734,0.238034917452983,0.730976094490599,559.943241576209,626.13826556422,552.165345538056,340.480055704051,469.551116844549,454.668495602976,296.82697154189,387.333475832811,525.355508841292,439.780506239016,"C5orf51"
"ENSG00000124422",1683.43090977019,-0.313512783454505,0.265751245132402,-1.17972272641021,0.23811051193363,0.730976094490599,1872.27999255879,2622.76588832813,1969.30719649298,1163.60870100986,1818.99420924237,1749.17051811591,987.386190629052,1247.32884172893,1756.39688967773,1647.07066991815,"USP22"
"ENSG00000148950",90.2832789355189,0.283230927822067,0.240117953511714,1.1795491494069,0.238179577721579,0.730976094490599,89.9390698904792,68.8492283711694,89.1388001765472,71.5370329803724,68.849137367236,98.4632410859949,97.7782965079168,117.925785958999,117.78804067275,82.5641563437233,"IMMP1L"
"ENSG00000104907",193.86151088525,-0.356592946701052,0.302328357135529,-1.17948891754536,0.238203547110292,0.730976094490599,178.911053007943,144.193666966034,203.038378179913,365.834953469246,170.745860670745,166.036053595991,234.842515719907,174.491813370227,187.626967443319,112.893846429173,"TRMT1"
"ENSG00000036054",363.631018672019,-0.282341314693717,0.239378986245803,-1.17947410138916,0.238209443489992,0.730976094490599,442.925742041285,339.049973676891,425.885378621281,420.166877251808,282.281463205668,339.794714335982,220.874187647348,288.58261441999,415.906444499356,460.842791020578,"TBC1D23"
"ENSG00000106330",252.570029620142,0.377423645653193,0.320002318885414,1.17944034583181,0.238222877560325,0.730976094490599,237.903346161913,258.50936690307,228.624515267626,132.207681204233,287.789394195046,175.689312525991,402.462452590622,364.323566377396,154.271062120062,283.919598855457,"MOSPD3"
"ENSG00000047578",100.678502186591,-0.354449161505938,0.300547594277012,-1.17934453063446,0.2382610131018,0.730976094490599,72.5315079761929,123.408994250209,97.3923927854867,169.334495788983,112.912585282267,111.977803587994,59.365394308378,84.3696680031865,97.9829718870663,77.5092079961484,"KIAA0556"
"ENSG00000132436",48.1855570711083,-0.467223900874846,0.39620374713046,-1.17925159531871,0.238298006534725,0.730976094490599,54.1568592888907,48.0645556553447,62.7273038279406,66.1038406021163,26.1626721995497,69.5034642959964,16.5873895861645,32.5973717285039,60.4575783984026,45.4945351281741,"FIGNL1"
"ENSG00000107798",134.990910924814,0.412797570549475,0.350063636808694,1.17920722732783,0.238315668896615,0.730976094490599,114.116239215877,116.913784026514,75.9330520022439,143.979598023788,93.6348268194409,83.0180267979957,104.762460544197,229.140348326836,202.220176022243,186.190597469009,"LIPA"
"ENSG00000106477",59.6234201146586,-0.33195263471386,0.281508229919424,-1.17919335718489,0.238321190622782,0.730976094490599,68.6631608841293,58.4568920132571,72.6316149586681,72.4425650434151,31.6706031889286,54.0582500079972,50.6351892630283,62.318504775081,78.1779031013827,47.1795179106991,"CEP41"
"ENSG00000267106",76.0369689487986,0.2896636186552,0.245651977146036,1.17916257797103,0.238333444199791,0.730976094490599,62.8606402460339,62.3540181474742,59.4258667843648,83.3089497999274,95.0118095667857,76.260745546996,85.5560094444272,99.7096076401295,58.3728343156991,77.5092079961484,"ZNF561-AS1"
"ENSG00000163888",8.27378733841419,0.999189185438074,0.847415124150163,1.1791023749312,0.238357413043195,0.730976094490599,6.76960741111134,3.89712613421714,9.07895186983351,0.905532063042689,11.0158619787578,3.8613035719998,4.36510252267486,9.58746227308938,2.08474408270354,31.1721814767119,"CAMK2N2"
"ENSG00000159445",214.185084142959,0.239901233493958,0.203488071934203,1.17894494362072,0.238420099755009,0.730976094490599,179.878139780958,197.454390800335,189.83263000561,206.461310373733,194.154567375605,209.475718780989,275.874479433051,289.541360647299,179.287991112504,219.890253119508,"THEM4"
"ENSG00000257702",19.9003421957605,-0.478889255611204,0.406228927370813,-1.17886547053816,0.238451749126301,0.730976094490599,25.1442560984135,27.27988293952,24.7607778268187,18.1106412608538,28.9166376942391,12.5492366089993,19.2064510997694,19.1749245461788,14.5932085789248,9.26740530388731,"LBX2-AS1"
"ENSG00000168874",344.311912910195,-0.466130726920602,0.395421744274994,-1.1788191561778,0.238470194731094,0.730976094490599,272.718469990485,467.655136106056,750.251568152605,160.279175158556,224.448187817189,177.619964311991,309.922279109915,274.201421010356,411.736956333949,394.285971110842,"ATOH8"
"ENSG00000215784",8.32229363073927,-0.758296059813718,0.643402547806432,-1.17857173926183,0.238568750444017,0.731049436794809,10.637954503175,16.8875465816076,12.3803889134093,4.52766031521344,2.75396549468944,10.6185848229995,3.49208201813988,2.87623868192681,11.4660924548695,7.58242252136235,"FAM72D"
"ENSG00000132846",60.0691668460719,-0.401248429957828,0.340529613983912,-1.17830700614715,0.238674235698477,0.731049436794809,93.8074169825428,71.4473124606475,50.3469149145313,65.1983085390736,71.6031028619254,60.8155312589968,21.8255126133743,57.5247736385363,54.203346150292,53.9194490407989,"ZBED3"
"ENSG00000150967",18.3810451913074,-0.45255526621168,0.384151398056967,-1.1780648684365,0.238770746430367,0.731049436794809,19.3417354603181,27.27988293952,14.8564666960912,26.260429828238,20.6547412101708,11.5839107159994,17.4604100906994,17.2574320915609,15.6355806202765,13.4798622601997,"ABCB9"
"ENSG00000177600",8997.85101860783,0.332285796804,0.282117204582506,1.17782890021095,0.238864824632652,0.731049436794809,6500.75728821292,6903.10942574329,8488.81999829433,9257.25428048541,10666.1083609322,7349.99134930162,13963.0899495323,13432.0346445982,7824.04454238638,5593.30034659163,"RPLP2"
"ENSG00000108641",70.9068931770347,0.451029257850937,0.382939848961227,1.17780706049373,0.238873533234476,0.731049436794809,90.9061566634951,67.5501863264304,44.5694000882736,29.8825580804087,93.6348268194409,58.8848794729969,114.365686094081,92.998384048967,39.6101375713672,76.666716604886,"B9D1"
"ENSG00000042429",70.0332756142782,-0.438282617542506,0.372138977149981,-1.17773908258437,0.238900640905012,0.731049436794809,51.255598969843,55.858807923779,59.4258667843648,165.712367536812,53.7023271464441,61.7808571519968,59.365394308378,62.318504775081,50.0338579848849,80.8791735611984,"MED17"
"ENSG00000149196",444.231150514905,0.225738435951874,0.191703068958849,1.17754210810433,0.238979201020923,0.731049436794809,468.069998139698,358.535604347977,435.789689752008,350.440908397521,399.324996729969,494.246857215974,513.336056666563,582.917706203834,459.68607023613,379.96361745938,"HIKESHI"
"ENSG00000165934",281.57626692885,-0.304529007907905,0.258618651819844,-1.17752144234378,0.238987444284724,0.731049436794809,325.90824250636,376.722192974323,290.526459834672,278.903875417148,232.710084301258,254.846035751987,182.461285447809,178.326798279462,379.423423052044,315.934271723431,"CPSF2"
"ENSG00000169756",1041.79900497507,-0.29005284110967,0.246356369114259,-1.17737098558692,0.239047465288709,0.731065362200301,1249.47611073655,935.310272212113,1214.10347277501,1278.61127301628,888.153872037344,1252.02768322094,645.162152851344,786.171906393329,1350.91416559189,818.059140915871,"LIMS1"
"ENSG00000102054",431.098379566309,-0.266890237075639,0.226770819480101,-1.17691613800892,0.239228980151236,0.731316746484018,582.186237355575,485.841724732403,493.564838014585,357.685164901862,345.622669583525,390.95698666498,377.144857959108,289.541360647299,532.652113130754,455.787842673003,"RBBP7"
"ENSG00000243753",39.0627352761421,-0.617488573576735,0.524678147743743,-1.17689020637147,0.239239331552056,0.731316746484018,21.2759090063499,36.3731772526933,33.8397296966522,105.947251375995,30.2936204415838,36.6823839339981,49.7621687584934,47.9373113654469,12.5084644962212,16.0073364339872,"HLA-L"
"ENSG00000005022",1310.98700104682,-0.203338822263162,0.172934463959781,-1.17581433802838,0.239669075562657,0.732462525384774,1343.28352771909,1222.39856409944,1715.09654413764,1410.81895422051,1206.23688667397,1244.30507607694,1404.68999179677,1187.88657563577,1393.65141928732,981.502470820793,"SLC25A5"
"ENSG00000066084",118.218145280568,-0.340195381819957,0.289414345914759,-1.17546136403395,0.239810185721676,0.732725875594499,146.030102725402,114.315699937036,98.2177520463807,182.01194467158,104.650688798199,117.769758945994,64.6035173355879,93.9571302762759,155.313434161414,105.31142390781,"DIP2B"
"ENSG00000186132",64.534496842978,0.378993400960425,0.322614979088479,1.17475450777654,0.240092945205716,0.733322087003188,71.564421203177,53.2607238343009,64.3780223497285,29.8825580804087,59.2102581358229,49.2316205429974,79.4448659126824,77.658444412024,60.4575783984026,100.256475560235,"C2orf76"
"ENSG00000160226",114.223134586076,0.456507205274089,0.388616425901477,1.17469868705402,0.240115284842388,0.733322087003188,106.37954503175,136.3994146976,80.0598483067136,51.6153275934333,129.436378250404,103.289870550995,173.731080402459,159.151873733284,43.7796257367743,158.388381557347,"C21orf2"
"ENSG00000177679",51.0162000259062,0.488821171770753,0.416239846399335,1.17437380394808,0.240245333204381,0.733396706050898,18.3746486873022,36.3731772526933,47.0454778709554,62.4817123499455,49.5713789044099,33.7864062549982,90.794132471637,72.8647132754793,32.3135332819049,66.5568199097362,"SRRM3"
"ENSG00000172830",153.639978076653,0.360896758208154,0.307312804917027,1.17436290461634,0.240249696988556,0.733396706050898,136.359234995243,159.782171502903,135.358918786609,94.1753345564397,184.515688144192,115.839107159994,183.334305952344,221.470378508365,86.5168794321969,219.047761728246,"SSH3"
"ENSG00000188641",244.707556375796,0.359071951038388,0.305865212393791,1.17395485491202,0.240413108740933,0.733727604411401,207.92365619842,232.528526008289,215.418767093322,182.01194467158,177.630774407469,305.042982187984,182.461285447809,272.283928555738,194.923571732781,476.850127454565,"DPYD"
"ENSG00000034152",1429.55724927542,0.334808899762969,0.285311865281113,1.1734839679138,0.240601782271289,0.734135431286246,1493.18197753656,1306.83629700748,1585.51514017729,557.807750834296,1733.621278907,1247.20105375594,1705.0090453568,1267.46251250242,1868.97307014372,1529.96436653267,"MAP2K3"
"ENSG00000109458",77.7696338872227,-0.290573178526494,0.247694287507855,-1.17311215147535,0.240750834201265,0.734196401596885,82.202375706352,96.1291113106894,70.1555371759862,100.514058997738,93.6348268194409,70.4687901889964,54.1272712811682,74.7822057300972,57.3304622743473,78.3516993874109,"GAB1"
"ENSG00000223797",23.7575464478408,0.526415294831517,0.448791201706774,1.17296260004549,0.24081080397423,0.734196401596885,24.1771693253976,11.6913784026514,14.8564666960912,24.4493657021526,22.0317239575155,19.306517859999,50.6351892630283,21.0924170007966,15.6355806202765,33.6996556504993,"ENTPD3-AS1"
"ENSG00000166173",847.952791377341,0.218213943772301,0.186047525486545,1.1728935561042,0.240838493982654,0.734196401596885,779.47193905082,926.21697789894,804.725279371606,579.540520347321,918.447492478928,943.123397460951,893.97299664381,971.209928263954,965.236510291739,697.582871965336,"LARP6"
"ENSG00000125812",120.559442672677,-0.352561882277569,0.300701323598554,-1.17246534886641,0.241010276180007,0.734196401596885,96.7086773015905,106.521447668602,124.629248394987,225.47748369763,129.436378250404,121.631062517994,94.2862144897769,73.8234595027882,130.296505168971,102.783949734023,"GZF1"
"ENSG00000226137",276.056431481475,0.401153558647318,0.342155708046092,1.17242983008566,0.241024528982652,0.734196401596885,280.455164174613,333.853805497935,222.021641180474,90.5532063042689,388.309134751211,249.054080393987,345.716119795849,334.602433330819,186.584595401967,329.414133983631,"BAIAP2-AS1"
"ENSG00000085872",79.6347115176056,-0.284872857087771,0.243017508927355,-1.17223182125914,0.241103995873981,0.734196401596885,68.6631608841293,105.222405623863,75.1076927413499,108.663847565123,70.2261201145807,86.8793303699955,75.9527838945425,58.4835198658452,68.7965547292168,78.3516993874109,"CHERP"
"ENSG00000132467",115.497589421853,0.301690385792322,0.257373367247681,1.17218960539143,0.241120940755815,0.734196401596885,100.577024393654,74.0453965501256,113.899578003366,116.813636132507,82.6189648406832,124.527040196994,135.318178202921,108.33832368591,126.127017003564,172.710735208809,"UTP3"
"ENSG00000197021",239.717880090006,0.214823831137879,0.183277891683317,1.17212081154376,0.241148555478153,0.734196401596885,193.417354603181,218.23906351616,222.847000441368,239.965996706313,243.725946280015,291.528419685985,292.461869019215,225.3053634176,265.804870544701,203.882916685521,"CXorf40B"
"ENSG00000160633",226.147223707489,-0.30438281158269,0.259689745225755,-1.17210177597919,0.241156196988356,0.734196401596885,161.503491093656,257.210324858331,246.782419007293,355.874100775777,201.039481112329,186.30789734899,287.223745992006,194.625484143714,163.652410492228,207.252882250571,"SAFB"
"ENSG00000152763",18.9620122198743,0.499377246013284,0.426117196595503,1.17192464890668,0.241227309874601,0.734196401596885,18.3746486873022,10.3923363579124,20.6339815223489,10.8663847565123,28.9166376942391,15.4452142879992,24.4445741269792,14.3811934096341,16.6779526616283,29.4871986941869,"WDR78"
"ENSG00000214765",122.728708583212,-0.358500331354257,0.306255687059527,-1.1705915889966,0.241762979792871,0.735065501263643,104.445371485718,87.0358169975161,126.279966916775,247.210253210654,95.0118095667857,110.047151801994,122.222870634896,120.802024640926,119.872784755454,94.3590358213981,"SEPT7P2"
"ENSG00000184110",43.6426027199096,-0.438257080403896,0.374463159533913,-1.17036100680608,0.241855720605373,0.735065501263643,37.7163841476203,35.0741352079542,46.2201186100615,86.9310780520981,55.0793098937888,40.5436875059979,29.682697154189,32.5973717285039,48.9914859435332,23.5897589553495,"EIF3C"
"ENSG00000173402",201.505210290507,0.381975972502639,0.326385114232611,1.17032289723363,0.241871050794057,0.735065501263643,156.668057228577,193.557264666118,108.122063177108,224.571951634587,148.71413671323,148.660187521992,221.747208151883,365.282312604705,168.864270698987,278.864650507882,"DAG1"
"ENSG00000182700",197.652607252362,0.271180480590553,0.231720583715166,1.17029085738836,0.241883939866395,0.735065501263643,198.252788468261,126.007078339687,164.246492917897,213.705566878075,232.710084301258,159.278772344992,181.588264943274,253.10900400956,199.093059898188,248.534960422433,"IGIP"
"ENSG00000186376",71.6636954359092,-0.269705926473789,0.230464216751042,-1.1702724625799,0.241891339996202,0.735065501263643,67.6960741111134,79.2415647290818,75.9330520022439,95.986398682525,74.3570683566149,73.3647678679962,70.7146608673327,51.7722962746827,67.754182687865,59.8168887796363,"ZNF75D"
"ENSG00000135940",953.299002408703,0.418356942410364,0.357531290302454,1.1701267938156,0.241949947361087,0.735065501263643,914.864087273047,1031.4393835228,959.067461158776,268.037490660636,1064.40766369747,729.786375107962,1560.96066210853,1267.46251250242,780.736658972475,956.227729082918,"COX5B"
"ENSG00000237975",10.3675661105166,-0.776209866840335,0.663411631368166,-1.17002752158497,0.241989893589126,0.735065501263643,15.4733883682545,3.89712613421714,14.8564666960912,20.8272374499818,9.63887923141304,6.75728125099965,16.5873895861645,0.958746227308938,6.25423224811062,8.42491391262483,"FLG-AS1"
"ENSG00000136937",183.70021422657,-0.255822683560526,0.21867765703501,-1.1698620107292,0.242056503944815,0.735065501263643,213.726176836515,180.566844218727,184.880474440246,234.532804328056,163.860946934022,197.89180806499,139.683280725595,125.595755777471,216.813384601168,179.450666338909,"NCBP1"
"ENSG00000163191",4339.20000469591,0.378382849875946,0.323464785157438,1.16978066002387,0.242089248515674,0.735065501263643,3776.47384862711,5013.00325064798,4707.02386487823,1214.31849654025,4488.96375634379,4551.51158549476,5368.20308238554,4517.61222307972,4690.67418608296,5064.21575287879,"S100A11"
"ENSG00000125618",77.0159051877286,0.731021905409789,0.624961850900384,1.16970644585202,0.24211912326994,0.735065501263643,136.359234995243,5.19616817895618,47.0454778709554,31.6936222064941,77.1110338513043,75.2954196539961,36.6668611904688,200.377961507568,89.6439955562522,70.7692768660486,"PAX8"
"ENSG00000153233",8.98305156455801,0.898180754325318,0.768284562339792,1.16907302105607,0.242374212590331,0.735444542195492,14.5063015952386,1.29904204473905,4.12679630446978,3.62212825217076,8.26189648406832,14.4798883949993,16.5873895861645,0.958746227308938,12.5084644962212,13.4798622601997,"PTPRR"
"ENSG00000124766",292.732778286308,-0.459615875616193,0.393195859579828,-1.16892348792111,0.24243445931418,0.735444542195492,139.26049531429,271.499787350461,414.330348968765,575.012860032107,167.991895176056,151.556165200992,285.477704982936,430.477056061713,253.29640604848,238.425063727283,"SOX4"
"ENSG00000144712",5.25258378833686,0.974741799126477,0.833912957810331,1.16887714718564,0.242453132079483,0.735444542195492,9.67086773015905,0,1.65071852178791,1.81106412608538,6.8849137367236,5.7919553579997,3.49208201813988,9.58746227308938,5.21186020675885,8.42491391262483,"CAND2"
"ENSG00000172123",68.0376173852583,-0.497221557695819,0.425440722435467,-1.168721120182,0.242516009808591,0.735444542195492,60.926466700002,75.3444385948647,61.9019445670466,131.30214914119,83.9959475880279,44.4049910779977,34.0477996768639,23.9686556827235,62.5423224811062,101.94145834276,"SLFN12"
"ENSG00000100280",260.721544574668,-0.287743528102501,0.24621134347958,-1.16868509807862,0.242530528079251,0.735444542195492,292.060205450803,400.104949779626,291.351819095566,187.445137049837,231.333101553913,276.083205397986,207.778880079323,180.24429073408,272.059102792812,268.754753812732,"AP1B1"
"ENSG00000111877",39.9689609497774,-0.411163126987541,0.351849956759822,-1.16857518123331,0.242574832504909,0.735444542195492,40.617644466668,35.0741352079542,36.315807479334,75.1591612325432,37.1785341783074,37.647709826998,31.428738163259,41.2260877742843,44.8219977781261,20.2197933902996,"MCM9"
"ENSG00000172348",606.184122256744,0.604408139982023,0.517367647029479,1.16823721671097,0.242711092263364,0.735690417617383,955.481731739715,298.779670289981,448.995437926312,143.979598023788,1551.8595562575,438.257955421977,529.923446252728,411.302131515534,312.711612405531,970.550082734381,"RCAN2"
"ENSG00000120149",26.0503461248696,0.613698011699028,0.525416562555084,1.16802182389271,0.242797961918877,0.735786507182927,29.9796899634931,32.4760511184761,9.07895186983351,8.1497885673842,39.9324996729969,18.341191966999,55.0002917857032,28.7623868192681,17.7203247029801,21.0622847815621,"MSX2"
"ENSG00000136261",328.181175640625,-0.240437186455467,0.205925127588066,-1.16759518020763,0.242970095275412,0.735939370004038,456.464956863507,318.265300961066,379.665260011219,290.675792236703,324.967928373354,290.563093792985,283.731663973866,242.562795509161,381.508167134748,313.406797549644,"BZW2"
"ENSG00000170142",797.92670470633,0.227021166145637,0.194453802538353,1.16748123812524,0.243016080777864,0.735939370004038,922.600781457174,698.884620069607,756.029082978863,517.964340060418,838.582493132934,761.642129576961,763.8929414681,927.107601807743,965.236510291739,827.326546219758,"UBE2E1"
"ENSG00000148308",277.937688271831,-0.222189885878851,0.190337133438028,-1.16734912344991,0.24306940815509,0.735939370004038,285.290598039692,379.320277063801,311.160441357021,240.871528769355,275.396549468944,257.742013430987,284.604684478401,248.315272873015,283.525195247681,213.150321989408,"GTF3C5"
"ENSG00000112511",545.447550638246,0.189245224225441,0.16211833783666,1.16732768637261,0.243078061891467,0.735939370004038,438.090308176205,511.822565627184,500.167712101737,561.429879086467,678.852494440947,555.062388474971,583.177697029361,614.556331705029,520.143648634533,491.172481106028,"PHF1"
"ENSG00000103429",677.715209297295,0.217146808857658,0.186038694537255,1.16721314024365,0.243124305633785,0.735939370004038,550.27237384605,530.009154253531,642.129504975497,746.158419947176,755.963528292251,775.15669207896,731.591182800306,765.079489392533,756.762102021385,524.029645365265,"BFAR"
"ENSG00000117155",89.0307291333811,-0.58578767095709,0.502035090124623,-1.16682614916753,0.24328058463164,0.736245327259403,138.293408541274,110.418573802819,150.2153854827,46.1821352151771,61.9642236305124,113.908455373994,20.9524921088393,33.5561179558128,144.889713747896,69.9267854747861,"SSX2IP"
"ENSG00000126603",652.998732941509,0.376924650714089,0.323248062507831,1.16605385903886,0.243592670325063,0.737022559919547,408.110618212712,1008.0566267175,452.296874969887,348.629844271435,648.558873999363,770.33006261396,848.575930407992,957.787481081629,491.999603518035,595.641413622576,"GLIS2"
"ENSG00000119559",339.410062123968,0.395078097142067,0.338946727397751,1.16560528604381,0.243774069642741,0.737318833550109,279.488077401597,414.394412271756,319.414033965961,129.491085015105,355.261548814938,308.904285759984,611.987373679015,410.343385288225,313.753984446883,251.06243459622,"C19orf25"
"ENSG00000122512",93.7344323481594,0.45460560584172,0.390053226052606,1.16549633608314,0.24381814245108,0.737318833550109,54.1568592888907,100.026237444907,75.1076927413499,77.8757574216713,85.3729303353726,205.614415208989,47.1431072448884,131.348233141324,82.3473912667898,78.3516993874109,"PMS2"
"ENSG00000041988",106.985400414056,0.307079915981481,0.263497062431651,1.16540166766047,0.243856442587503,0.737318833550109,114.116239215877,105.222405623863,92.440237220123,63.3872444129882,122.55146451368,97.4979151929949,164.127854852575,117.925785958999,94.855855763011,97.729001386448,"THAP3"
"ENSG00000168140",371.024840562904,0.419979889591311,0.360431697392063,1.16521352763954,0.24393257120361,0.737323913634185,324.941155733344,429.982916808624,248.43313752908,231.816208138928,280.904480458323,244.227450928987,613.733414688085,690.297283662435,231.406593180093,414.505764501142,"VASN"
"ENSG00000120253",253.25773478215,-0.302581686728984,0.259699066009577,-1.16512427779708,0.24396869092507,0.737323913634185,234.034999069849,362.432730482194,329.318345096688,218.233227193288,147.337153965885,257.742013430987,205.159818565718,208.04793132604,315.838728529586,254.43240016127,"NUP43"
"ENSG00000158863",270.800527050706,-0.309354436879103,0.265587129715292,-1.1647945335707,0.244102172135608,0.737553665875671,256.277994849215,332.554763453196,207.990533745277,427.411133756149,366.277410793695,244.227450928987,237.461577233512,197.501722825641,225.152360931982,213.150321989408,"FAM160B2"
"ENSG00000071242",4803.4127739342,0.344589315392175,0.296000002043963,1.16415308450233,0.244361979074845,0.737553665875671,3572.41853952075,6034.05029781287,3439.27204014511,3491.73163509261,7585.79795512206,4571.78342924776,7342.97546364364,4968.22294991492,3267.8363496378,3760.03907920446,"RPS6KA2"
"ENSG00000080546",151.417298030654,0.223820013006716,0.192262819541232,1.16413570518098,0.244369020943949,0.737553665875671,139.26049531429,145.492709010773,144.437870656442,120.435764384678,198.28551561764,129.353669661993,146.667444761875,162.986858642519,168.864270698987,158.388381557347,"SESN1"
"ENSG00000145287",7.85509554135899,1.15984618528671,0.99637278241173,1.16406851507855,0.244396246817029,0.737553665875671,0,6.49521022369523,10.7296703916214,0.905532063042689,2.75396549468944,6.75728125099965,7.85718454081474,26.8448943646503,1.04237204135177,15.1648450427247,"PLAC8"
"ENSG00000105072",44.4070764528331,0.328743874578335,0.282454868587076,1.16388106964773,0.244472212200562,0.737553665875671,39.6505576936521,40.2703033869104,43.7440408273796,29.8825580804087,63.3412063778571,44.4049910779977,55.0002917857032,49.8548038200648,41.6948816540708,36.2271298242868,"C19orf44"
"ENSG00000123545",125.216939071601,0.381568201949018,0.327864229627478,1.163799425093,0.244505305198375,0.737553665875671,143.128842406354,100.026237444907,135.358918786609,45.2766031521344,125.305430008369,184.37724556299,156.27067031176,109.297069913219,146.9744578306,106.153915299073,"NDUFAF4"
"ENSG00000213693",15.0404139558968,-0.528585381890943,0.454299281005305,-1.1635179803086,0.244619407353062,0.737553665875671,13.5392148222227,16.8875465816076,13.2057481743033,29.8825580804087,13.7698274734472,11.5839107159994,7.85718454081474,19.1749245461788,13.550836537573,10.9523880864123,"SEC14L1P1"
"ENSG00000141349",212.136703415825,0.30159684685126,0.259225901487373,1.16345181990215,0.244646235250229,0.737553665875671,194.384441376197,140.296540831817,161.770415135215,248.115785273697,173.499826165435,201.75311163699,327.382689200614,274.201421010356,205.347292146299,194.615511381634,"G6PC3"
"ENSG00000085491",439.061059568152,-0.349785314817572,0.300655101712333,-1.16341054193135,0.244662974421433,0.737553665875671,639.244356963513,465.057052016578,563.720375190571,348.629844271435,333.229824857422,588.848794729969,245.318761774327,272.283928555738,535.77922925481,398.498428067155,"SLC25A24"
"ENSG00000102796",58.4364049835059,0.396842474790207,0.34131831999471,1.16267557743856,0.244961154103538,0.737553665875671,56.0910328349225,31.1770090737371,35.4904482184401,73.3480971064578,64.7181891252018,52.1275982219973,79.4448659126824,78.6171906393329,37.5253934886637,75.8242252136235,"DHRS12"
"ENSG00000125386",274.55489280334,-0.246367735197619,0.211944329833832,-1.16241720356839,0.245066038550439,0.737553665875671,235.969172615881,305.274880513676,257.512089398914,412.922620747466,313.952066394596,241.331473249987,260.160110351421,238.727810599926,234.533709304148,245.164994857383,"FAM193A"
"ENSG00000100079",9.60665566887028,-0.75033420045534,0.645643003746647,-1.16215028444694,0.245174424947656,0.737553665875671,12.5721280492068,7.79425226843427,9.07895186983351,20.8272374499818,13.7698274734472,9.6532589299995,8.73020504534971,8.62871604578044,4.16948816540708,0.842491391262483,"LGALS2"
"ENSG00000160352",59.9791092283857,-0.495068075773235,0.426035487330315,-1.16203483159467,0.245221316677877,0.737553665875671,27.0784296444454,107.820489713341,68.5048186541983,87.8366101151408,39.9324996729969,65.6421607239966,35.7938406859338,26.8448943646503,55.2457181916438,85.0916305175108,"ZNF714"
"ENSG00000167528",92.4552130925545,-0.458663270838054,0.394755809413835,-1.16189112332283,0.245279693271878,0.737553665875671,132.490887903179,70.1482704159085,75.9330520022439,162.995771347684,67.4721546198913,108.116500015994,51.5082097675633,48.8960575927558,148.016829871951,58.9743973883738,"ZNF641"
"ENSG00000101574",95.5075234443424,-0.372109821093547,0.320287078638919,-1.16180091521285,0.245316342226157,0.737553665875671,89.9390698904792,118.212826071253,156.818259569851,76.9702253586286,86.7499130827173,121.631062517994,59.365394308378,60.4010123204631,116.745668631398,68.2418026922611,"METTL4"
"ENSG00000119917",62.7978449065004,0.441187407358194,0.379747049043779,1.16179285255573,0.245319618038288,0.737553665875671,49.3214254238112,76.6434806396037,53.6483519581071,28.0714939543234,63.3412063778571,42.4743392919978,45.3970662358185,101.627100094747,60.4575783984026,106.996406690335,"IFIT3"
"ENSG00000104946",349.662584953859,0.313619250094588,0.269948020409792,1.16177643984387,0.245326286525395,0.737553665875671,263.047602260326,393.609739555931,309.509722835233,255.360041778038,453.027323876413,280.909834862985,564.844266434126,375.828521105104,244.957429717666,355.531367112768,"TBC1D17"
"ENSG00000153339",155.266472908697,-0.382532555355214,0.329476586637525,-1.16103107434477,0.245629262652151,0.737553665875671,206.956569425404,196.155348755596,182.404396657564,136.735341519446,118.420516271646,140.937580377993,89.921111967102,70.9472208208614,214.728640518465,195.458002772896,"TRAPPC8"
"ENSG00000181315",29.6592009902921,-0.494625878120814,0.426024883269056,-1.16102579343572,0.245631410171506,0.737553665875671,32.8809502825408,38.9712613421714,49.5215556536373,21.7327695130245,39.9324996729969,19.306517859999,13.9683280725595,13.4224471823251,32.3135332819049,34.5421470417618,"ZNF322"
"ENSG00000165775",568.024604341561,0.214562244910387,0.184805175096792,1.16101859592411,0.245634337112168,0.737553665875671,557.041981257162,510.523523582445,599.210823409011,405.678364243125,633.412063778571,572.43825454897,756.90877743182,538.815379747623,549.330065792383,556.886809624501,"FUNDC2"
"ENSG00000181396",141.4914884832,0.294603719042404,0.25377172711116,1.16090047696038,0.245682374874112,0.737553665875671,160.53640432064,94.8300692659503,94.9163150028048,147.601726275958,148.71413671323,120.665736624994,185.953367465949,190.790499234479,138.635481499785,132.27114842821,"OGFOD3"
"ENSG00000077943",19.3171078546312,1.73673317738597,1.49622201876363,1.16074563507699,0.245745357446103,0.737553665875671,0.967086773015906,3.89712613421714,27.2368556095005,0,0,4.82662946499975,103.889440039662,16.2986858642519,16.6779526616283,19.3773019990371,"ITGA8"
"ENSG00000105419",1048.15781278264,0.278662306999117,0.240074528190212,1.16073249877777,0.245750701210716,0.737553665875671,739.821381357168,1015.85087898593,798.947764545348,1162.70316894681,1326.03438569297,964.36056710695,1417.78529936479,1337.45098709597,966.27888233309,752.344812397397,"MEIS3"
"ENSG00000121892",1131.70422799743,-0.233125058712356,0.200848972704192,-1.1606982877413,0.245764618429443,0.737553665875671,1455.46559338894,1280.8554561127,1325.52697299569,909.15419129486,1277.8399895359,1031.93337961695,832.861561326363,945.323780126613,1226.87189267103,1031.20946290528,"PDS5A"
"ENSG00000204149",66.5206592158983,-0.630560386584936,0.543456632412793,-1.1602772861294,0.24593592921401,0.737553665875671,46.4201651047635,36.3731772526933,31.3636519139703,223.666419571544,31.6706031889286,33.7864062549982,66.3495583446578,84.3696680031865,61.4999504397544,49.7069920844865,"AGAP6"
"ENSG00000169857",541.688159659464,0.331377953399341,0.285611448224235,1.16024044365047,0.245950924859055,0.737553665875671,413.913138850808,416.992496361234,573.624686321299,470.876672782198,523.253443990994,799.289839403959,509.843974648423,427.600817379786,914.160280265502,367.326246590443,"AVEN"
"ENSG00000102543",92.6133093952732,0.26147981010205,0.225385217490646,1.16014622881335,0.24598927514694,0.737553665875671,66.7289873380975,80.5406067738208,89.1388001765472,94.1753345564397,97.7657750614751,130.318995554993,94.2862144897769,94.9158765035849,94.855855763011,83.4066477349858,"CDADC1"
"ENSG00000108306",88.4832928920411,-0.334725387819644,0.288528867312418,-1.16011056688205,0.246003792482155,0.737553665875671,86.0707227984156,144.193666966034,88.3134409156532,86.0255459890555,82.6189648406832,96.532589299995,56.7463327947731,73.8234595027882,111.533808424639,58.9743973883738,"FBXL20"
"ENSG00000149600",610.602484756904,0.209406110394506,0.180508118153805,1.1600924796971,0.246011155681622,0.737553665875671,705.006257528595,509.224481537706,572.799327060405,446.427307080046,574.201805642748,678.624102778965,728.972121286701,634.690002478517,579.558854991584,676.520587183774,"COMMD7"
"ENSG00000116525",48.3129032609882,-0.308028287730334,0.265524051815168,-1.16007678259125,0.246017546017475,0.737553665875671,36.7492973746044,67.5501863264304,52.8229926972131,61.5761802869029,48.1943961570652,42.4743392919978,42.7780047222136,40.2673415469754,46.9067418608296,43.8095523456491,"TRIM62"
"ENSG00000185024",129.796625850804,-0.236094029425008,0.203549926345804,-1.15988265711242,0.246096584663321,0.737553665875671,117.98458630794,151.987919234468,122.978529873199,178.38981641941,123.928447261025,111.012477694994,128.334014166641,114.090801049764,113.618552507343,135.64111399326,"BRF1"
"ENSG00000253352",1000.4335926369,-0.270617522610666,0.233344654453082,-1.15973311342805,0.246157483863152,0.737553665875671,945.810864009556,884.64763246729,905.419109200669,1722.32198390719,1036.86800875057,1049.30924569095,804.924905181243,828.356740394922,945.431441506055,881.245995260557,"TUG1"
"ENSG00000095261",302.280411664889,-0.268170110870345,0.231237567279395,-1.15971688348687,0.246164093874488,0.737553665875671,379.098015022235,346.844225945325,354.079122923507,266.226426534551,279.527497710978,279.944508969985,193.810552006764,223.387870962983,328.347193025807,371.538703546755,"PSMD5"
"ENSG00000185158",39.1676259047109,-0.340399685084781,0.293550414515968,-1.15959531396357,0.24621360977405,0.737553665875671,36.7492973746044,44.1674295211276,40.4426037838038,57.9540520347321,30.2936204415838,43.4396651849978,25.3175946315142,36.4323566377396,40.652509612719,36.2271298242868,"LRRC37B"
"ENSG00000166133",39.5593844894192,-0.368940942414953,0.31820336870707,-1.15945014634521,0.246272746445497,0.737553665875671,49.3214254238112,50.6626397448228,52.8229926972131,30.7880901434514,26.1626721995497,33.7864062549982,34.9208201813988,24.9274019100324,45.8643698194779,46.3370265194366,"RPUSD2"
"ENSG00000204682",103.938255792762,0.451602159616094,0.389552737283817,1.15928375388894,0.246340541684936,0.737553665875671,113.149152442861,101.325279489646,99.0431113072746,27.1659618912807,170.745860670745,78.1913973329959,117.857768112221,118.884532186308,74.0084149359756,139.01107955831,"CASC10"
"ENSG00000071894",390.642857460985,-0.237757036176054,0.205099386924918,-1.15922840989813,0.246363094037831,0.737553665875671,373.295494384139,504.02831335875,382.141337793901,459.104755962643,503.975685528167,334.968084870983,380.636939977247,336.519925785437,337.728541397973,294.029495550607,"CPSF1"
"ENSG00000197885",113.700257524888,0.290930390955335,0.250973964368531,1.15920546454823,0.246372444558149,0.737553665875671,102.511197939686,116.913784026514,113.074218742472,69.725968854287,92.2578440720962,130.318995554993,123.095891139431,104.503338776674,117.78804067275,166.813295469972,"NKIRAS1"
"ENSG00000198920",166.727952155301,-0.254720456482914,0.219772514982462,-1.15901870851885,0.246448559252784,0.737553665875671,141.194668860322,198.753432845074,155.167541048064,243.588124958483,158.353015944643,180.515941990991,159.7627523299,145.729426550959,155.313434161414,128.90118286316,"KIAA0753"
"ENSG00000142856",193.184057301675,0.310748149015155,0.268150159939419,1.15885871216844,0.246513780819079,0.737553665875671,111.214978896829,192.258222621379,192.308707788292,180.200880545495,167.991895176056,179.550616097991,243.572720765257,308.716285193478,156.355806202765,199.670459729208,"ITGB3BP"
"ENSG00000188677",826.979662859368,0.215437903311216,0.185915111683997,1.15879715941219,0.246538875657573,0.737553665875671,940.975430144476,657.315274637957,670.191719845891,747.969484073261,750.455597302872,1040.62131265395,900.95716068009,730.564625209411,979.829718870663,850.916305175108,"PARVB"
"ENSG00000119185",1702.89662901486,0.197994495365326,0.170864512315847,1.15878067763614,0.246545595522519,0.737553665875671,1632.44247285085,1484.80505713673,1663.09891070132,1478.73385894871,1597.29998691987,1997.2592726169,2039.37589859369,2050.75818021382,1717.82912414772,1367.36352801901,"ITGB1BP1"
"ENSG00000241684",16.7827146379227,0.699255455460079,0.603452933118615,1.15875724034741,0.246555151474329,0.737553665875671,11.6050412761909,22.0837147605638,4.12679630446978,11.771916819555,13.7698274734472,23.1678214319988,34.0477996768639,28.7623868192681,4.16948816540708,14.3223536514622,"ADAMTS9-AS2"
"ENSG00000255302",1438.8044518238,0.325662734225241,0.281084752586222,1.15859267081855,0.246622257777074,0.737553665875671,1601.49569611434,1127.56849483349,1551.67541048064,715.370329803724,1558.74446999422,1100.47151801994,1743.42194755634,1418.94441641723,1299.83793556566,2270.51429945239,"EID1"
"ENSG00000143498",25.4257037277206,-0.404808936875036,0.349427801907144,-1.15849092334848,0.246663753612023,0.737553665875671,24.1771693253976,25.9808408947809,30.5382926530763,38.0323466477929,23.4087067048602,21.2371696459989,13.0953075680246,23.9686556827235,30.2287891992013,23.5897589553495,"TAF1A"
"ENSG00000128228",87.5691153215677,0.332606937965955,0.287137157058672,1.15835561434493,0.246718944479246,0.737553665875671,94.7745037555587,50.6626397448228,83.3612853502895,74.2536291695005,55.0793098937888,87.8446562629954,113.492665589546,124.637009550162,89.6439955562522,101.94145834276,"SDF2L1"
"ENSG00000162572",23.3946940907059,0.664455081258864,0.573662388354287,1.1582685125393,0.246754476804172,0.737553665875671,18.3746486873022,14.2894624921295,4.95215556536373,31.6936222064941,27.5396549468944,13.5145625019993,34.9208201813988,54.6485349566095,10.4237204135177,23.5897589553495,"SCNN1D"
"ENSG00000196498",1835.73602171735,-0.37240562504963,0.321587581374862,-1.15802240701432,0.246854892507485,0.737588627825919,1811.35352585879,3616.5330525535,1863.66121109855,1212.50743241416,2583.21963401869,1367.86679038093,1869.13690020937,1311.56483895863,1424.92258052787,1296.59425115296,"NCOR2"
"ENSG00000119397",42.0818256029616,-0.488941431935555,0.422240603435713,-1.15796876936303,0.24687678148121,0.737588627825919,53.1897725158748,76.6434806396037,47.0454778709554,27.1659618912807,24.785689452205,43.4396651849978,41.9049842176786,16.2986858642519,62.5423224811062,27.8022159116619,"CNTRL"
"ENSG00000176248",127.873042418221,-0.3596072962419,0.310602941713113,-1.15777170125468,0.246957214623087,0.737663689009654,101.54411116667,116.913784026514,109.772781698896,260.793234156294,129.436378250404,83.9833526909956,132.699116689316,120.802024640926,107.364320259232,115.42132060296,"ANAPC2"
"ENSG00000176105",803.111457238841,-0.271744454488152,0.234987045284953,-1.15642313029906,0.247508125042433,0.737820660109795,1193.38507790163,759.939596172342,837.739649807364,789.623958973225,732.554821587391,913.198294777953,508.097933639353,638.524987387753,957.939906002276,700.110346139123,"YES1"
"ENSG00000105640",10298.5760027147,0.408196055589761,0.353058703281665,1.15617049458234,0.247611425942094,0.737820660109795,7172.88259545897,7689.02986281041,9871.2967602917,9703.68158756546,12465.8248117117,7920.49895206459,18798.7505241515,17152.9287527842,6989.10453726362,5221.76164304487,"RPL18A"
"ENSG00000123374",181.060633441705,-0.466878497359094,0.403838398622105,-1.15610228980721,0.247639319549787,0.737820660109795,138.293408541274,300.07871233472,276.495352399475,153.940450717257,93.6348268194409,276.083205397986,89.0480914625671,84.3696680031865,229.321849097389,169.340769643759,"CDK2"
"ENSG00000111247",55.8261222998447,-0.729527512671775,0.631039537956936,-1.15607258941921,0.247651466761724,0.737820660109795,59.9593799269861,94.8300692659503,101.519189089956,37.1268145847502,5.50793098937888,99.4285669789949,20.9524921088393,13.4224471823251,83.3897633081416,42.1245695631242,"RAD51AP1"
"ENSG00000182752",363.251071757375,-0.450358975995005,0.389614622464453,-1.155908813551,0.247718457222489,0.737820660109795,189.549007511117,444.272379300754,328.492985835794,769.702253586286,216.186291333121,197.89180806499,331.747791723289,545.526603338786,263.720126461998,345.421470417618,"PAPPA"
"ENSG00000159461",1184.17225508748,0.251329940541985,0.217431414811224,1.15590445272222,0.247720241138049,0.737820660109795,923.56786823019,989.870038091153,924.40237220123,1412.63001834659,1467.86360866947,1224.03323232394,1253.65744451222,1626.99234774327,1032.9906929796,985.714927777105,"AMFR"
"ENSG00000164818",131.180072720523,-0.364036032744612,0.314946172748197,-1.15586746004265,0.247735374360947,0.737820660109795,148.931363044449,235.126610097767,127.105326177669,95.986398682525,93.6348268194409,121.631062517994,69.8416403627977,122.719517095544,137.593109458434,159.230872948609,"DNAAF5"
"ENSG00000104859",188.506264892527,-0.412991860930233,0.357312922112718,-1.15582682677217,0.24775199764787,0.737820660109795,143.128842406354,185.763012397684,137.009637308397,420.166877251808,192.777584628261,121.631062517994,205.159818565718,221.470378508365,128.211761086268,129.743674254422,"CLASRP"
"ENSG00000138111",12.0009353331141,-0.57267797059855,0.495502063907134,-1.15575294698647,0.247782224261148,0.737820660109795,19.3417354603181,10.3923363579124,9.90431113072746,19.9217053869392,11.0158619787578,15.4452142879992,8.73020504534971,12.4637009550162,5.21186020675885,7.58242252136235,"MFSD13A"
"ENSG00000064547",13.8818282238331,-0.819897320807256,0.709576488674109,-1.15547419326039,0.247896294681095,0.737820660109795,9.67086773015905,10.3923363579124,4.95215556536373,49.8042634673479,15.1468102207919,14.4798883949993,6.1111435317448,14.3811934096341,2.08474408270354,11.7948794776748,"LPAR2"
"ENSG00000055147",184.636087457611,-0.258162307257254,0.223454307779953,-1.1553248170605,0.247957436899193,0.737820660109795,256.277994849215,219.538105560899,202.213018919019,141.263001834659,173.499826165435,180.515941990991,130.953075680246,162.028112415211,193.881199691429,186.190597469009,"FAM114A2"
"ENSG00000110057",47.2325658627395,0.398812584870721,0.345196983384004,1.15531885870241,0.247959875975312,0.737820660109795,43.5189047857157,37.6722192974323,27.2368556095005,50.7097955303906,38.5555169256522,45.3703169709976,65.4765378401228,74.7822057300972,29.1864171578495,59.8168887796363,"UNC93B1"
"ENSG00000136235",216.406252908718,0.291927084272831,0.25269151261932,1.15527063511872,0.247979617097105,0.737820660109795,176.976879461911,211.743853292464,182.404396657564,192.878329428093,195.53155012295,222.990281282988,193.810552006764,265.572704964576,161.567666409524,360.586315460343,"GPNMB"
"ENSG00000163918",65.8945379227735,-0.434833003173671,0.376407963268305,-1.15521733227445,0.248001438777946,0.737820660109795,92.8403302095269,81.8396488185599,89.9641594374411,47.9931993412625,31.6706031889286,77.226071439996,49.7621687584934,36.4323566377396,103.194832093825,48.0220093019615,"RFC4"
"ENSG00000166889",647.235495481658,-0.294137738007824,0.254677583345357,-1.15494160948181,0.248114338537666,0.737820660109795,752.393509406375,823.592656364555,743.648694065454,590.406905103833,841.336458627624,736.543656358962,449.60555983551,434.312040970949,673.372338713243,427.143135370079,"PATL1"
"ENSG00000124279",42.6566354345936,-0.3158373812314,0.273532943094661,-1.15465939004685,0.248229935705687,0.737820660109795,54.1568592888907,35.0741352079542,44.5694000882736,58.8595840977748,41.3094824203416,36.6823839339981,41.9049842176786,42.1848340015933,40.652509612719,31.1721814767119,"FASTKD3"
"ENSG00000176896",24.8944203793863,0.484960119399043,0.420058382047802,1.15450646892187,0.248292587983759,0.737820660109795,19.3417354603181,31.1770090737371,18.157903739667,11.771916819555,48.1943961570652,22.2024955389988,26.1906151360491,19.1749245461788,33.3559053232566,19.3773019990371,"TCEANC"
"ENSG00000178163",246.454839441968,-0.310294217024555,0.268780645849819,-1.15445148977703,0.248315115820188,0.737820660109795,275.619730309533,300.07871233472,296.30397466093,242.682592895441,254.741808258773,257.742013430987,178.969203429669,145.729426550959,345.025145687436,167.655786861234,"ZNF518B"
"ENSG00000068097",58.8030044277506,-0.389462760679878,0.337389146518447,-1.15434288476314,0.248359621187221,0.737820660109795,54.1568592888907,63.6530601922132,42.0933223055917,114.097039943379,56.4562926411335,60.8155312589968,37.5398816950038,62.318504775081,39.6101375713672,57.2894146058489,"HEATR6"
"ENSG00000168434",70.7235653703147,-0.401938717267079,0.348237944787414,-1.15420712556883,0.248415261942428,0.737820660109795,58.9922931539702,64.9521022369523,50.3469149145313,156.657046906385,67.4721546198913,58.8848794729969,64.6035173355879,51.7722962746827,59.4152063570509,74.1392424310985,"COG7"
"ENSG00000111364",105.263036086022,-0.321733454803893,0.278793421296627,-1.15402097118203,0.248491571286487,0.737820660109795,114.116239215877,77.9425226843427,96.5670335245927,189.256201175922,85.3729303353726,95.567263406995,91.667152976172,83.4109217758776,112.576180465991,106.153915299073,"DDX55"
"ENSG00000164597",143.616494843506,-0.37871275226062,0.32822620732723,-1.153816312672,0.248575484854528,0.737820660109795,175.042705915879,189.660138531901,158.468978091639,143.979598023788,121.174481766335,165.070727702991,67.2225788491928,69.0297283662435,159.482922326821,187.033088860271,"COG5"
"ENSG00000072571",38.34038848927,-0.768237484626796,0.66584890791466,-1.15377148703721,0.24859386679427,0.737820660109795,39.6505576936521,74.0453965501256,66.8541001324104,23.5438336391099,15.1468102207919,37.647709826998,11.3492665589546,1.91749245461788,67.754182687865,45.4945351281741,"HMMR"
"ENSG00000125834",393.221055139867,-0.336985980718775,0.292086685869119,-1.15371907389772,0.248615361397146,0.737820660109795,304.63233350001,789.81756320134,373.887745184962,330.519203010581,371.785341783074,419.916763454978,290.715828010145,341.313656921982,405.482724085838,304.139392245756,"STK35"
"ENSG00000180530",241.737355121837,-0.410445723551164,0.355767435280655,-1.15369109943235,0.248626834243735,0.737820660109795,309.46776736509,344.246141855847,226.148437484944,256.265573841081,166.614912428711,282.840486648985,110.873604075941,107.379577458601,348.152261811491,265.384788247682,"NRIP1"
"ENSG00000135801",236.532087737083,-0.269520349131689,0.233635172386876,-1.15359492484886,0.248666280047198,0.737820660109795,233.067912296833,258.50936690307,243.480981963717,317.841754127984,249.233877269394,268.360598253986,172.858059897924,178.326798279462,279.355707082274,164.285821296184,"TAF5L"
"ENSG00000144036",151.921099536819,0.396633809724542,0.343824449042618,1.15359396584208,0.248666673403854,0.737820660109795,127.6554540381,153.286961279207,123.803889134093,106.852783439037,137.698274734472,138.041602698993,115.238706598616,178.326798279462,102.152460052473,336.154065113731,"EXOC6B"
"ENSG00000164182",281.820326135909,0.355293008725688,0.307989700932303,1.15358730389424,0.248669405952878,0.737820660109795,282.389337720644,120.810910160731,340.873374749203,220.044291319373,286.412411447702,354.274602730982,345.716119795849,284.747629510755,395.059003672321,187.875580251534,"NDUFAF2"
"ENSG00000008382",82.0741021080513,0.360973381570116,0.313084884077824,1.15295691337301,0.24892806994115,0.738329425463767,93.8074169825428,77.9425226843427,72.6316149586681,36.2212825217076,104.650688798199,58.8848794729969,103.889440039662,111.214562367837,86.5168794321969,74.981733822361,"MPND"
"ENSG00000115525",143.258942046845,0.470344303058081,0.407966402332803,1.1528996024393,0.248951595284589,0.738329425463767,149.898449817465,66.2511442816913,63.5526630888345,185.634072923751,114.289568029612,77.226071439996,204.286798061183,252.150257782251,122.999900879509,196.300494164159,"ST3GAL5"
"ENSG00000025156",40.2024733284585,-0.362542046213289,0.314630843533885,-1.15227751399473,0.249207053980533,0.738714804293294,48.3543386507953,33.7750931632152,44.5694000882736,58.8595840977748,27.5396549468944,41.5090133989979,27.9366561451191,29.7211330465771,37.5253934886637,52.234466258274,"HSF2"
"ENSG00000154493",26.3711053984286,-0.5527018393917,0.479811456181055,-1.1519146370343,0.249356152872512,0.738714804293294,24.1771693253976,29.8779670289981,42.9186815664857,32.5991542695368,45.4404306623758,22.2024955389988,24.4445741269792,5.75247736385363,13.550836537573,22.747267564087,"C10orf90"
"ENSG00000132429",326.149906596037,0.312949391607269,0.271690653162679,1.15185924861348,0.249378916351304,0.738714804293294,287.224771585724,293.583502111024,342.524093270991,215.51663100416,348.376635078214,235.539517891988,249.683864297002,533.062902383769,423.203048788818,332.784099548681,"POPDC3"
"ENSG00000162144",357.374839801165,0.324761451086728,0.281982209313099,1.15170900986214,0.249440668638337,0.738714804293294,326.875329279376,331.255721408457,279.796789443051,303.353241119301,548.039133443198,273.187227718986,522.066261711913,432.394548516331,214.728640518465,342.051504852568,"CYB561A3"
"ENSG00000163728",65.6526554710241,-0.69449002850558,0.60305655456033,-1.15161674846883,0.249478595921821,0.738714804293294,57.0581196079384,12.9904204473905,30.5382926530763,239.965996706313,33.0475859362733,41.5090133989979,65.4765378401228,69.9884745935525,60.4575783984026,45.4945351281741,"TTC14"
"ENSG00000138641",156.951300863269,-0.35005309174343,0.303996222291216,-1.15150474274017,0.24952464522316,0.738714804293294,202.121135560324,197.454390800335,190.657989266504,131.30214914119,110.158619787578,179.550616097991,76.8258043990775,108.33832368591,175.118502947097,197.985476946684,"HERC3"
"ENSG00000132466",370.340720526234,-0.280639440620213,0.243782315707544,-1.15118867341011,0.249654623926433,0.738935579073867,329.776589598424,498.832145179794,329.318345096688,500.759230862607,246.479911774705,275.117879504986,322.144566173404,445.816995698656,339.813285480677,415.348255892404,"ANKRD17"
"ENSG00000106591",222.685444660628,-0.305299192858016,0.265355121639772,-1.15053062089553,0.24992538977691,0.739348538675261,309.46776736509,145.492709010773,217.894844876004,332.330267136667,161.106981439332,197.89180806499,198.175654529438,239.686556827235,247.042173800369,177.765683556384,"MRPL32"
"ENSG00000204389",48.043987328941,0.507115669492138,0.440799407763784,1.15044544198638,0.249960452941947,0.739348538675261,26.1113428714294,59.7559340579961,50.3469149145313,18.1106412608538,30.2936204415838,28.9597767899985,66.3495583446578,68.0709821389346,44.8219977781261,87.6191046912982,"HSPA1A"
"ENSG00000163565",483.331739159082,0.243725534023506,0.211881851156105,1.1502898086535,0.250024526939123,0.739357823861706,464.201651047635,367.62889866115,458.899749057039,449.143903269174,648.558873999363,368.754491125981,588.415820056571,435.270787198258,453.43183798802,599.011379187625,"IFI16"
"ENSG00000167703",55.9507686863553,0.384394086327784,0.334243786485983,1.1500410833932,0.250126950552623,0.739357823861706,49.3214254238112,51.9616817895618,60.2512260452587,28.0714939543234,34.424568683618,81.0873750119958,49.7621687584934,56.5660274112273,82.3473912667898,65.7143285184737,"SLC43A2"
"ENSG00000171490",1768.13442740577,0.332608043340042,0.289215855538756,1.15003391747127,0.250129901871786,0.739357823861706,1438.05803147465,963.889197196372,1558.27828456779,2158.78843829377,2481.32291071519,1500.11643772192,2686.28409245411,2117.87041612544,1400.94802357678,1375.78844193163,"RSL1D1"
"ENSG00000198252",532.992012918474,-0.260556229076044,0.22664630878402,-1.14961602716565,0.250302054057725,0.739587069783618,601.527972815893,750.846301859169,597.560104887223,417.45028106268,487.451892560031,671.866821527965,398.097350067947,421.848340015933,523.270764758588,460.000299629316,"STYX"
"ENSG00000162889",1721.2453768628,0.177051789812734,0.15402404728374,1.14950744987614,0.250346796601764,0.739587069783618,1469.97189498418,1630.2977661475,1690.33576631082,1593.73643095513,1889.22032935696,2080.27729941489,2000.96299639415,1621.23987037941,1759.52400580179,1476.88740888313,"MAPKAPK2"
"ENSG00000171792",361.454734063266,0.255791459887969,0.222535357368396,1.14944188156365,0.250373818705334,0.739587069783618,316.237374776201,354.63847821376,343.349452531885,280.714939543234,407.586893214037,521.275982219973,304.684156082705,434.312040970949,380.465795093396,271.28222798652,"RHNO1"
"ENSG00000187189",202.802383354107,-0.463434399242413,0.40335689818373,-1.14894377988626,0.250579163562782,0.739849741523066,192.450267830165,218.23906351616,165.897211439685,394.811979486612,158.353015944643,169.897357167991,65.4765378401228,118.884532186308,227.237105014686,316.776763114694,"TSPYL4"
"ENSG00000151151",283.06127774944,-0.278146870653326,0.242175346880026,-1.14853503561253,0.25074775820197,0.739849741523066,301.731073180962,407.89920204806,364.808793315128,191.067265302007,319.459997383975,250.019406286987,211.270962097463,239.686556827235,265.804870544701,278.864650507882,"IPMK"
"ENSG00000130066",522.565573969223,0.350603744143099,0.305290144265981,1.14842798147339,0.250791927875729,0.739849741523066,282.389337720644,261.107450992548,689.174982846453,560.524347023425,407.586893214037,485.558924178975,639.051009319599,593.463914704233,624.38085276971,682.418026922611,"SAT1"
"ENSG00000124574",81.4924077598672,-0.425515735399426,0.370532480437112,-1.14838983858433,0.250807666636065,0.739849741523066,82.202375706352,58.4568920132571,55.299070479895,188.350669112879,79.8649993459938,76.260745546996,73.3337223809376,82.4521755485687,69.8389267705686,48.864500693224,"ABCC10"
"ENSG00000115350",389.508756316363,0.330491951313818,0.287802972760204,1.14832709385939,0.250833558261489,0.739849741523066,398.439750482553,261.107450992548,510.072023232464,179.295348482452,384.178186509177,409.298178631979,490.637523548654,517.722962746827,388.80477142421,355.531367112768,"POLE4"
"ENSG00000100360",95.875704780846,-0.353593009991468,0.307931484207758,-1.14828469359406,0.250851055797204,0.739849741523066,117.017499534925,71.4473124606475,73.456974219562,178.38981641941,96.3887923141304,68.5381384029965,87.3020504534971,70.9472208208614,100.06771596977,95.2015272126606,"IFT27"
"ENSG00000022976",103.331555602658,-0.33128712731104,0.288608979908487,-1.14787532742774,0.251020034860598,0.740035504815124,111.214978896829,101.325279489646,82.5359260893955,175.673220230282,107.404654292888,102.324544657995,113.492665589546,78.6171906393329,100.06771596977,60.6593801708988,"ZNF839"
"ENSG00000171155",42.0997445651395,0.641687118656868,0.559108405621734,1.14769714102814,0.251093611841633,0.740035504815124,32.8809502825408,23.3827568053028,16.5071852178791,53.4263917195186,33.0475859362733,15.4452142879992,103.016419535127,66.1534896843167,15.6355806202765,61.5018715621613,"C1GALT1C1"
"ENSG00000004139",27.2237879626681,-0.417325354689007,0.363621979909651,-1.14769012256272,0.251096510224369,0.740035504815124,30.946776736509,46.7655136106057,24.7607778268187,26.260429828238,30.2936204415838,17.3758660739991,24.4445741269792,30.679879273886,14.5932085789248,26.117233129137,"SARM1"
"ENSG00000162496",850.690728634962,0.530643814128176,0.462445875928966,1.14747225945569,0.251186491740162,0.740035504815124,359.756279561917,669.006653040609,760.155879283333,897.382274475305,751.832580050217,430.535348277978,1361.91198707456,2226.20873981135,392.974259589617,657.143285184737,"DHRS3"
"ENSG00000112304",135.050677722815,0.238784812619085,0.208116381883361,1.1473619253717,0.251232070350994,0.740035504815124,152.799710136513,107.820489713341,130.406763221245,95.986398682525,152.845084955264,139.006928591993,166.74691636618,143.811934096341,131.338877210323,129.743674254422,"ACOT13"
"ENSG00000105186",310.334662237048,-0.300413314092039,0.261842137053579,-1.14730698990043,0.251254766147133,0.740035504815124,363.62462665398,426.085790674407,353.253763662613,256.265573841081,308.444135405217,377.44242416298,231.350433701767,178.326798279462,361.703098349064,246.849977639908,"ANKRD27"
"ENSG00000104852",540.997911092761,-0.425922901218924,0.371356105674786,-1.14693927125551,0.251406720627494,0.740035504815124,497.082601330175,349.442310034803,413.504989707872,1295.81638221409,386.932152003866,373.581120590981,617.225496706225,666.328627979712,366.914958555823,443.150471804066,"SNRNP70"
"ENSG00000154556",13.4486421691926,0.867426645815052,0.75648861353602,1.14664864783685,0.251526861956415,0.740035504815124,10.637954503175,6.49521022369523,1.65071852178791,17.2051091978111,5.50793098937888,8.68793303699955,11.3492665589546,6.71122359116257,51.0762300262367,15.1648450427247,"SORBS2"
"ENSG00000140262",756.25065189071,-0.251982182643754,0.219812089134468,-1.14635270351125,0.251649244053812,0.740035504815124,956.448818512731,846.975413169858,806.375997893394,736.197567253706,823.435682912142,782.879299222959,461.827846899,568.5365127942,883.931491066301,695.897889182811,"TCF12"
"ENSG00000073614",288.816893383475,-0.243872192926036,0.212742578398646,-1.14632526672238,0.251660592114732,0.740035504815124,246.607127119056,415.693454316495,255.861370877126,357.685164901862,227.202153311879,267.395272360986,268.890315396771,256.943988918795,323.135332819049,268.754753812732,"KDM5A"
"ENSG00000151893",681.931088384115,-0.218492891248548,0.190653720169344,-1.14601955343162,0.251787061562101,0.740035504815124,729.183426853993,861.264875661987,686.698905063771,701.787348858084,695.376287409083,660.282910811966,467.938990430745,580.041467521908,809.923076130325,626.813595099287,"CACUL1"
"ENSG00000089335",152.33337527294,-0.33698374106645,0.294050213495434,-1.14600746947488,0.251792061441773,0.740035504815124,137.326321768259,137.698456742339,153.516822526276,268.037490660636,88.1268958300621,122.596388410994,138.81026022106,117.925785958999,186.584595401967,172.710735208809,"ZNF302"
"ENSG00000115183",98.398336059494,-0.542516915313532,0.473404949607004,-1.14598910671276,0.251799659383803,0.740035504815124,86.0707227984156,72.7463545053866,60.2512260452587,265.320894471508,103.273706050854,83.9833526909956,41.9049842176786,45.0610726835201,81.305019225438,144.066027905885,"TANC1"
"ENSG00000127022",2668.52528244224,-0.313361475500965,0.273453025944175,-1.14594261452765,0.251818897124423,0.740035504815124,2009.60631432705,2499.35689407792,2682.41759790535,4898.02292899791,2599.74342698683,2865.08725042385,1922.39115098601,2591.49105241606,2813.36213960843,1803.77406869298,"CANX"
"ENSG00000116675",24.555439612463,0.731773589943525,0.638639031969444,1.14583286224594,0.251864314971481,0.740035504815124,12.5721280492068,31.1770090737371,17.3325444787731,9.96085269346958,13.7698274734472,21.2371696459989,13.0953075680246,17.2574320915609,15.6355806202765,93.5165444301356,"DNAJC6"
"ENSG00000134602",8.88775739773535,0.707820868104421,0.617798010282288,1.14571568105407,0.251912813365874,0.740035504815124,5.80252063809543,7.79425226843427,5.77751482625769,6.33872444129882,15.1468102207919,6.75728125099965,6.98416403627977,2.87623868192681,18.7626967443319,12.6373708689372,"STK26"
"ENSG00000162630",121.564045094081,0.484760005597583,0.423184143742523,1.14550607050278,0.251999582225728,0.740127379023242,76.3998550682565,48.0645556553447,94.0909557419109,172.956624041154,151.468102207919,242.296799142987,92.5401734807069,162.986858642519,59.4152063570509,115.42132060296,"B3GALT2"
"ENSG00000100490",25.9264673158854,-0.471545412320678,0.411711763473136,-1.14532897564742,0.252072907363351,0.74017973701123,26.1113428714294,50.6626397448228,25.5861370877126,22.6383015760672,27.5396549468944,17.3758660739991,13.9683280725595,14.3811934096341,28.1440451164978,32.8571642592368,"CDKL1"
"ENSG00000066117",560.109180945266,-0.30274323203412,0.264363319030315,-1.14517866224627,0.252135155459328,0.740199552797942,614.1001008651,657.315274637957,582.703638191132,672.810322840718,572.824822895403,761.642129576961,398.970370572482,338.437418240055,640.016433389987,362.271298242868,"SMARCD1"
"ENSG00000169371",173.603924104284,0.271399095412345,0.237020995500049,1.14504242478506,0.252191583655779,0.740202277996727,186.64774719207,151.987919234468,155.167541048064,123.152360573806,260.249739248152,186.30789734899,210.397941592928,164.904351097137,139.677853541137,157.545890166084,"SNUPN"
"ENSG00000109063",39.2600258191179,-0.54947831291872,0.479999244029287,-1.14474828815604,0.252313442132413,0.740318264646444,57.0581196079384,20.7846727158247,23.1100593050307,92.3642704303543,37.1785341783074,19.306517859999,34.9208201813988,39.3085953196665,50.0338579848849,18.5348106077746,"MYH3"
"ENSG00000189223",651.006895203437,0.67955305331446,0.593662505046666,1.14467908540231,0.252342118248687,0.740318264646444,1067.66379740956,29.8779670289981,415.981067490553,399.339639801826,582.463702126816,659.317584918966,465.31992891714,1439.07808719072,915.202652306854,535.824524842939,"PAX8-AS1"
"ENSG00000105855",162.278397213163,0.666376444604624,0.58233001387427,1.14432783598288,0.252487703397543,0.740496257275559,84.1365492523838,166.277381726598,121.327811351411,108.663847565123,152.845084955264,86.8793303699955,350.954242823058,412.260877742843,19.8050687856836,119.633777559273,"ITGB8"
"ENSG00000154734",1116.16840735482,0.446109045345885,0.389865213937036,1.14426481101218,0.252513832052879,0.740496257275559,588.955844766686,1092.49435962554,812.978871980546,1173.56955370333,839.959475880279,609.120638482968,1758.26329613343,2282.77476722258,642.10117747269,1361.46608828017,"ADAMTS1"
"ENSG00000149179",219.231356869285,0.299138980090294,0.261517359312846,1.14385898081986,0.252682124742762,0.740513211396339,208.890742971436,258.50936690307,195.610144831867,108.663847565123,250.610860016739,210.441044673989,274.128438423981,226.264109644909,180.330363153856,278.864650507882,"C11orf49"
"ENSG00000197329",34.2256629822809,-0.456343398846675,0.398963157126619,-1.14382340999434,0.252696879242472,0.740513211396339,45.4530783317476,20.7846727158247,30.5382926530763,66.1038406021163,28.9166376942391,40.5436875059979,17.4604100906994,25.8861481373413,39.6101375713672,26.9597245203995,"PELI1"
"ENSG00000101442",26.3866990356422,-0.467913279587862,0.409133664368553,-1.1436684886589,0.252761146399535,0.740513211396339,21.2759090063499,25.9808408947809,28.0622148703945,51.6153275934333,11.0158619787578,21.2371696459989,27.0636356405841,17.2574320915609,29.1864171578495,31.1721814767119,"ACTR5"
"ENSG00000137171",86.7032402969093,-0.444888706851539,0.389022113437756,-1.14360775771869,0.252786342969194,0.740513211396339,63.8277270190498,83.1386908632989,62.7273038279406,202.839182121562,77.1110338513043,62.7461830449967,99.5243375169867,67.1122359116257,46.9067418608296,101.098966951498,"KLC4"
"ENSG00000169570",29.5854399422402,0.486415465455794,0.425346221949159,1.143575375436,0.252799778721743,0.740513211396339,32.8809502825408,31.1770090737371,14.8564666960912,17.2051091978111,28.9166376942391,34.7517321479982,18.3334305952344,26.8448943646503,30.2287891992013,60.6593801708988,"DTWD2"
"ENSG00000101247",79.6056878631627,-0.347121471315437,0.303597155387366,-1.14336206764697,0.252888294819494,0.740513211396339,82.202375706352,90.9329431317332,96.5670335245927,95.986398682525,38.5555169256522,90.7406339419953,57.6193532993081,63.2772510023899,113.618552507343,66.5568199097362,"NDUFAF5"
"ENSG00000164684",62.7553280709728,0.793466259849434,0.694175082054501,1.14303477661726,0.253024152396177,0.740577322836418,56.0910328349225,10.3923363579124,47.0454778709554,60.6706482238602,15.1468102207919,22.2024955389988,73.3337223809376,199.419215280259,17.7203247029801,125.53121729811,"ZNF704"
"ENSG00000234851",30.568113017615,0.490332170588955,0.428989409741382,1.14299364845522,0.253041228174669,0.740577322836418,16.4404751412704,14.2894624921295,18.157903739667,48.8987314043052,38.5555169256522,30.8904285759984,45.3970662358185,37.3911028650486,35.4406494059602,20.2197933902996,"RPL23AP42"
"ENSG00000262246",8.35725680975386,-0.913400591238576,0.799369407646476,-1.14265142311092,0.253183345989607,0.740692215437122,4.83543386507953,3.89712613421714,3.30143704357582,34.4102183956222,2.75396549468944,9.6532589299995,4.36510252267486,3.83498490923575,11.4660924548695,5.0549483475749,"CORO7"
"ENSG00000111110",14.777382086155,0.672628335406686,0.588695199378681,1.14257486066914,0.253215148107619,0.740692215437122,11.6050412761909,2.59808408947809,8.25359260893955,20.8272374499818,11.0158619787578,28.9597767899985,25.3175946315142,6.71122359116257,15.6355806202765,16.8498278252497,"PPM1H"
"ENSG00000169189",390.076044872048,0.242017115524963,0.211831552104041,1.14249795708477,0.253247094728445,0.740692215437122,436.156134630173,313.06913278211,382.966697054795,273.470683038892,447.519392887034,341.725366121982,522.939282216448,452.528219289819,373.169190803934,357.216349895293,"NSMCE1"
"ENSG00000169635",63.1119982339866,-0.356609418718251,0.31223930941192,-1.14210289341819,0.253411252904593,0.740781236968069,44.4859915587317,106.521447668602,60.2512260452587,79.6868215477566,68.849137367236,58.8848794729969,62.8574763265179,50.8135500473737,62.5423224811062,36.2271298242868,"HIC2"
"ENSG00000221983",5823.64738295108,0.312166055974552,0.273349181252577,1.14200472283876,0.253452056564014,0.740781236968069,4569.48500250015,4998.71378815585,5820.43350782417,4956.88251309568,6455.29511955205,4237.78067026978,9039.25430395509,9056.31686316023,4819.92831921058,4282.3837417872,"UBA52"
"ENSG00000138175",370.379960325821,0.294558140065063,0.25794968752966,1.14192090281634,0.25348689917267,0.740781236968069,342.348717647631,407.89920204806,387.093493359265,167.523431662897,429.618617171553,367.789165232981,483.653359512374,386.374729605502,387.762399382858,343.736487635093,"ARL3"
"ENSG00000164687",42.4991455373111,-0.623708524089338,0.546274367676942,-1.14174956943649,0.25355813002493,0.740781236968069,103.478284712702,31.1770090737371,55.299070479895,25.3548977651953,17.9007757154814,66.6074866169966,27.9366561451191,11.5049547277073,60.4575783984026,25.2747417378745,"FABP5"
"ENSG00000114423",211.491486209384,-0.364657826340041,0.319396657028561,-1.14170833762807,0.253575273988842,0.740781236968069,127.6554540381,218.23906351616,234.402030093883,396.623043612698,141.829222976506,194.03050449299,131.826096184781,247.356526645706,202.220176022243,220.732744510771,"CBLB"
"ENSG00000132589",709.587874312046,0.301550064906053,0.264172099613107,1.14149096497203,0.253665669711957,0.740781236968069,877.147703125426,719.669292785431,571.148608538617,323.27494650624,943.233181931133,730.751701000962,670.479747482858,755.492027119443,716.109592408666,788.571942221684,"FLOT2"
"ENSG00000172071",38.3198136522758,-0.459182230621147,0.402276890163899,-1.14145813952689,0.253679322319768,0.740781236968069,34.8151238285726,25.9808408947809,28.8875741312884,93.269802493397,30.2936204415838,32.8210803619983,30.555717658724,37.3911028650486,31.2711612405531,37.9121126068117,"EIF2AK3"
"ENSG00000143373",168.400653985407,-0.263639887031562,0.23101604391095,-1.14121894985435,0.253778820430604,0.740781236968069,170.207272050799,250.715114634636,157.643618830745,170.240027852026,216.186291333121,153.486816986992,148.413485770945,128.471994459398,134.465993334378,154.175924601034,"ZNF687"
"ENSG00000103490",57.954592351089,-0.474740437220984,0.416041617930165,-1.14108881602482,0.253832964905457,0.740781236968069,108.313718577781,71.4473124606475,60.2512260452587,38.0323466477929,95.0118095667857,27.9944508969985,61.984455821983,49.8548038200648,31.2711612405531,35.3846384330243,"PYCARD"
"ENSG00000197563",95.3499526264369,-0.301492284735907,0.264257593750344,-1.14090301231131,0.253910285753519,0.740844778187418,133.457974676195,76.6434806396037,85.8373631329713,133.113213267275,106.027671545543,91.7059598349952,66.3495583446578,71.9059670481704,86.5168794321969,101.94145834276,"PIGN"
"ENSG00000155324",729.337939557204,0.44907301916822,0.393715581731106,1.14060260758214,0.254035331647838,0.74090036054636,612.165927319068,545.597658790399,315.287237661491,920.020576051372,630.658098283882,478.801642927975,376.271837454573,1005.72479244708,1455.15136972707,953.700254909131,"GRAMD2B"
"ENSG00000089327",908.762537172251,0.257447637695021,0.225716773190074,1.1405782302152,0.254045480803469,0.74090036054636,675.993654338118,609.250718982613,847.643960938092,1119.23762992076,1096.0782668864,822.457660835957,1093.89469218232,1156.24795013458,863.084050239265,803.736787264409,"FXYD5"
"ENSG00000089057",88.2560825553302,-0.491503624088445,0.431145711318687,-1.13999423207794,0.254288704139691,0.74090036054636,69.6302476571452,75.3444385948647,45.3947593491675,236.343868454142,78.488016598649,66.6074866169966,55.0002917857032,112.173308595146,67.754182687865,75.8242252136235,"SLC23A2"
"ENSG00000090621",5156.07555116055,0.239647145341331,0.210224209494407,1.13995978825506,0.25430305434903,0.74090036054636,3945.71403390489,5436.49095723291,5175.0025658051,4049.53938592691,6773.37813418868,4663.48938908276,6297.09689921075,6316.22014551128,4909.57231476684,3994.25168597543,"PABPC4"
"ENSG00000168894",530.689800225437,0.294966006405698,0.258782722938827,1.139821094144,0.254360843693497,0.74090036054636,470.971258458746,544.29861674566,597.560104887223,256.265573841081,506.729651022857,540.582500079972,749.92461339554,641.40122606968,513.889416386422,485.27504136719,"RNF181"
"ENSG00000165495",20.3514062172367,0.791773375524193,0.694738780189942,1.1396706188011,0.254423552229276,0.74090036054636,6.76960741111134,9.09329431317332,9.07895186983351,31.6936222064941,12.3928447261025,16.4105401809991,71.5876813718676,10.5462085003983,7.29660428946239,28.6447073029244,"PKNOX2"
"ENSG00000167617",335.197228955522,0.354886371889238,0.311420327215711,1.13957356304304,0.254464004591123,0.74090036054636,353.953758923821,350.741352079542,255.861370877126,188.350669112879,491.582840802065,250.019406286987,419.922862681321,514.8467240649,211.601524394409,315.091780332169,"CDC42EP5"
"ENSG00000130770",509.73359633805,0.33394604443508,0.293053976076265,1.13953766779187,0.254478966688393,0.74090036054636,572.515369625416,440.375253166537,559.593578886102,191.067265302007,523.253443990994,455.633821495976,701.908485646117,539.774125974932,524.31313679994,588.901482492476,"ATPIF1"
"ENSG00000104626",166.510435583265,-0.424183607867716,0.372244749800894,-1.13952878608658,0.254482668914299,0.74090036054636,263.047602260326,229.930441918811,203.038378179913,90.5532063042689,110.158619787578,147.694861628992,78.5718454081474,113.132054822455,251.211661965776,177.765683556384,"ERI1"
"ENSG00000181072",24.2863308334469,-2.03245902147758,1.78360425226515,-1.13952353438067,0.254484858038755,0.74090036054636,0,68.8492283711694,108.947422438002,0,1.37698274734472,31.8557544689983,13.0953075680246,8.62871604578044,0,10.1098966951498,"CHRM2"
"ENSG00000124380",263.376007984148,0.345739636990281,0.303449270678544,1.13936552299886,0.254550729731323,0.740930397736067,267.883036125406,223.435231695116,323.54083027043,91.4587383673116,238.218015290637,309.869611652984,296.82697154189,301.046315375007,290.821799537144,290.659529985557,"SNRNP27"
"ENSG00000085377",186.511106889862,-0.244267105256341,0.214451215263743,-1.13903343917137,0.254689207299423,0.741151123015529,170.207272050799,211.743853292464,235.227389354777,205.55577831069,185.892670891537,178.585290204991,159.7627523299,119.843278413617,183.457479277911,214.835304771933,"PREP"
"ENSG00000161277",86.4004915682894,0.290934904523405,0.255451537623946,1.13890449526945,0.254742990487787,0.741151123015529,58.9922931539702,98.7271954001675,93.2655964810169,54.3319237825613,97.7657750614751,83.0180267979957,104.762460544197,104.503338776674,88.6016235149004,80.0366821699359,"THAP8"
"ENSG00000090520",186.175728793357,-0.514010246059818,0.451367656129795,-1.13878395821966,0.254793274276539,0.741151123015529,148.931363044449,101.325279489646,137.83499656929,519.775404186503,83.9959475880279,196.92648217199,196.429613520369,193.666737916405,183.457479277911,99.413984168973,"DNAJB11"
"ENSG00000166965",115.237544622367,-0.281432390509016,0.247269363319729,-1.13816118070848,0.255053184970313,0.741371248971853,163.437664639688,150.688877189729,98.2177520463807,105.041719312952,86.7499130827173,111.977803587994,116.111727103151,97.7921151855117,87.5592514735486,134.798622601997,"RCCD1"
"ENSG00000104381",35.1125034259791,-0.377807710047608,0.332031887549237,-1.13786574186066,0.255176548213517,0.741371248971853,58.0252063809543,45.4664715658666,30.5382926530763,28.977026017366,35.8015514309627,36.6823839339981,20.9524921088393,31.638625501195,34.3982773646084,28.6447073029244,"GDAP1"
"ENSG00000127838",194.884564539274,0.324041939510057,0.284800550257058,1.13778551065853,0.255210056660733,0.741371248971853,232.100825523817,188.361096487162,167.547929961473,89.6476742412262,239.594998037981,194.99583038599,276.747499937586,202.295453962186,151.143945996007,206.410390859308,"PNKD"
"ENSG00000065150",3327.52675385902,-0.211898598204094,0.186250782851305,-1.13770581234692,0.255243345575565,0.741371248971853,3264.8849457017,3172.26067325275,3941.91583002953,4117.45429065511,3413.54023066756,3321.68639781283,2863.50725487471,2745.8491950128,3958.92901305402,2475.23970752918,"IPO5"
"ENSG00000082014",351.719295327214,0.381826944879778,0.33565666323156,1.13755210816824,0.255307554271963,0.741371248971853,310.434854138106,271.499787350461,212.94268931064,395.717511549655,413.094824203416,193.06517859999,550.875938361567,504.300515564501,213.686268477113,451.575385716691,"SMARCD3"
"ENSG00000089289",665.715621728607,0.340720595292768,0.299565493708244,1.13738265070211,0.255378356791456,0.741371248971853,536.733159023828,446.870463390232,570.323249277723,740.72522756892,1102.96318062312,418.951437561978,866.036340498691,901.221453670402,531.609741089403,541.721964581777,"IGBP1"
"ENSG00000110721",43.5967926167279,-0.4492666496535,0.395009958878587,-1.13735524777387,0.255389807532659,0.741371248971853,44.4859915587317,29.8779670289981,30.5382926530763,102.325123123824,39.9324996729969,34.7517321479982,40.1589432086087,29.7211330465771,47.9491139021814,36.2271298242868,"CHKA"
"ENSG00000168495",348.307551581459,-0.232069892401173,0.204069159404252,-1.1372119779327,0.255449680882354,0.741371248971853,364.591713426996,362.432730482194,383.792056315689,418.355813125722,293.297325184425,406.402200952979,278.493540946656,273.242674783047,425.287792871522,277.179667725357,"POLR3D"
"ENSG00000150316",449.972825627632,0.203426208612962,0.17895035127209,1.13677456996805,0.255632536728114,0.741371248971853,437.123221403189,346.844225945325,473.75621575313,391.189851234442,430.995599918897,563.750321511971,501.113769603073,455.404457971746,512.847044345071,386.70354858948,"CWC15"
"ENSG00000173914",102.30104797606,-0.2472644152644,0.217549449995451,-1.13658947549429,0.255709941776347,0.741371248971853,104.445371485718,120.810910160731,111.423500220684,115.908104069464,79.8649993459938,109.081825908994,81.1909069217523,76.699698184715,111.533808424639,112.05135503791,"RBM4B"
"ENSG00000104738",197.790886184866,-0.490997297704819,0.432026329305553,-1.13649855205366,0.255747971206604,0.741371248971853,193.417354603181,337.750931632152,283.923585747521,142.168533897702,95.0118095667857,360.066558088981,92.5401734807069,94.9158765035849,240.787941552259,137.326096775785,"MCM4"
"ENSG00000175538",11.9282857158327,0.829177032383018,0.729685631370215,1.13634830773079,0.255810820665765,0.741371248971853,9.67086773015905,6.49521022369523,3.30143704357582,12.6774488825976,44.063447915031,5.7919553579997,11.3492665589546,14.3811934096341,3.12711612405531,8.42491391262483,"KCNE3"
"ENSG00000065809",282.186549576153,0.508344087804133,0.447362288450748,1.13631412599522,0.255825120898096,0.741371248971853,140.227582087306,331.255721408457,330.969063618476,98.7029948716531,136.321291987127,618.773897412968,376.271837454573,316.38625501195,296.033659743903,176.923192165121,"FAM107B"
"ENSG00000071246",68.1976592522071,-0.396657350244257,0.349087222063703,-1.13627003560696,0.255843567323495,0.741371248971853,115.083325988893,76.6434806396037,33.8397296966522,93.269802493397,61.9642236305124,71.4341160819963,49.7621687584934,42.1848340015933,77.1355310600309,60.6593801708988,"VASH1"
"ENSG00000197785",250.436682797278,-0.295067914107256,0.259692713011654,-1.13621945985837,0.25586472821565,0.741371248971853,354.920845696837,289.686375976807,320.239393226855,162.090239284641,216.186291333121,271.256575932986,257.541048837817,169.698082233682,264.762498503349,197.985476946684,"ATAD3A"
"ENSG00000158050",10.9199936701301,0.91735974814352,0.807506824257099,1.13603962293134,0.255939981831951,0.741371248971853,11.6050412761909,3.89712613421714,7.4282333480456,5.43319237825613,4.13094824203416,29.9251026829984,3.49208201813988,3.83498490923575,34.3982773646084,5.0549483475749,"DUSP2"
"ENSG00000084652",630.036082198907,-0.236678187980734,0.208343680873087,-1.13599887929842,0.255957033335051,0.741371248971853,544.469853207955,932.712188122635,569.497890016829,727.142246623279,537.023271464441,493.281531322974,578.812594506686,610.721346795793,593.109691529157,713.590208399323,"TXLNA"
"ENSG00000001084",160.550973975388,0.296297420087813,0.260836949255059,1.13594880224611,0.255977992022364,0.741371248971853,151.832623363497,114.315699937036,145.263229917336,153.034918654214,134.944309239783,227.816910747988,109.127563066871,176.409305824845,229.321849097389,163.443329904922,"GCLC"
"ENSG00000174652",149.63575607357,-0.460648574696773,0.405552353039218,-1.13585477003071,0.256017350431545,0.741371248971853,86.0707227984156,109.11953175808,114.72493726426,405.678364243125,118.420516271646,119.700410731994,145.79442425734,147.646919005576,139.677853541137,109.523880864123,"ZNF266"
"ENSG00000134590",2562.98726564149,0.36446669363969,0.320887159510796,1.1358095294163,0.256036287978133,0.741371248971853,2458.33457700643,2812.42602686003,2429.8576640718,1044.07846868822,3299.25066263795,1832.1885449139,3884.94124518062,3273.15962003271,1752.22740151232,2843.40844551088,"RTL8C"
"ENSG00000067221",86.7925501992105,0.295442831155866,0.260335961761664,1.13485217008298,0.256437263101577,0.74237112610934,97.6757640746064,70.1482704159085,72.6316149586681,65.1983085390736,83.9959475880279,72.3994419749963,118.730788616756,122.719517095544,88.6016235149004,75.8242252136235,"STOML1"
"ENSG00000236675",10.8470545909381,0.687800281604127,0.606300366600423,1.13442168188134,0.256617708474699,0.742732286876533,6.76960741111134,3.89712613421714,7.4282333480456,13.5829809456403,8.26189648406832,6.75728125099965,15.7143690816295,17.2574320915609,5.21186020675885,23.5897589553495,"MTX1P1"
"ENSG00000052841",223.957271229419,-0.47053030069529,0.414828694748389,-1.13427616423856,0.256678724237875,0.742747699101875,202.121135560324,107.820489713341,151.866104004488,613.045206679901,176.253791660124,214.302348245989,192.937531502229,223.387870962983,205.347292146299,152.490941818509,"TTC17"
"ENSG00000155393",131.760672869355,-0.350039967431983,0.308662248700557,-1.13405500318106,0.256771476683157,0.742763044944007,160.53640432064,100.026237444907,119.677092829623,224.571951634587,97.7657750614751,161.209424130992,112.619645085011,79.5759368666419,160.525294368173,101.098966951498,"HEATR3"
"ENSG00000248049",81.8676419148241,0.266032681698241,0.234639076385835,1.13379529870286,0.256880423504593,0.742763044944007,68.6631608841293,83.1386908632989,80.8852075676076,59.7651161608175,89.5038785774068,95.567263406995,112.619645085011,77.658444412024,75.0507869773274,75.8242252136235,"UBA6-AS1"
"ENSG00000163781",284.543613447502,-0.408089160913892,0.359948854080324,-1.13374207554172,0.256902754744498,0.742763044944007,296.895639315883,461.159925882361,402.77531931625,174.767688167239,289.166376942391,351.378625051982,173.731080402459,123.678263322853,363.787842431768,208.095373641833,"TOPBP1"
"ENSG00000182310",34.4629243383997,-0.629771858041049,0.555554740479843,-1.13359100760639,0.256966146788993,0.742763044944007,29.0126031904772,16.8875465816076,24.7607778268187,104.136187249909,19.2777584628261,24.1331473249987,45.3970662358185,35.4736104104307,35.4406494059602,10.1098966951498,"SPACA6"
"ENSG00000256667",11.8208633814821,-0.7479994847101,0.65995409966378,-1.13341137677783,0.257041538698155,0.742763044944007,6.76960741111134,11.6913784026514,4.12679630446978,39.8434107738783,6.8849137367236,6.75728125099965,11.3492665589546,13.4224471823251,11.4660924548695,5.89743973883738,"KLRA1P"
"ENSG00000158109",850.096919878932,0.367710995535947,0.324452087964168,1.13332910829212,0.257076072296279,0.742763044944007,688.565782387325,993.76716422537,959.89282041967,254.454509714996,842.713441374969,921.886227814952,790.083556604149,918.478885761963,1078.85506279908,1052.27174768684,"TPRG1L"
"ENSG00000197724",364.739375032579,-0.283768887197278,0.250388101389785,-1.13331618244722,0.257081498432537,0.742763044944007,351.052498604774,527.411070164053,326.016908053112,429.222197882235,484.697927065341,401.575571487979,261.033130855956,256.943988918795,296.033659743903,313.406797549644,"PHF2"
"ENSG00000156587",587.852714100461,0.350083243303832,0.308932862526533,1.13320169450657,0.257129562758228,0.742763044944007,679.862001430182,568.980415595702,487.787323188327,282.526003669319,766.979390271009,418.951437561978,842.464786876247,771.790712983695,391.931887548265,667.253181879887,"UBE2L6"
"ENSG00000179526",557.892618828646,0.266387929530432,0.235180247452959,1.13269686725589,0.257341573704505,0.743214501623427,449.695349452396,653.41814850374,529.880645493919,357.685164901862,610.003357073711,490.385553643975,760.40085944996,729.605878982102,498.253835766146,499.597395018652,"SHARPIN"
"ENSG00000188177",143.056978484254,0.34739958820452,0.306869981526517,1.13207419792705,0.25760324150449,0.743414620170775,102.511197939686,176.66971808451,114.72493726426,98.7029948716531,206.547412101708,100.393892871995,194.683572511299,189.83175300717,94.855855763011,151.648450427247,"ZC3H6"
"ENSG00000106004",34.5510719657773,0.386790270337233,0.341795296404971,1.13164304601474,0.257784534987682,0.743414620170775,32.8809502825408,29.8779670289981,33.0143704357582,20.8272374499818,48.1943961570652,25.0984732179987,39.2859227040737,46.019818910829,23.9745569510907,46.3370265194366,"HOXA5"
"ENSG00000114861",715.869649092726,-0.330402047335376,0.291967611118498,-1.1316393831139,0.257786075566406,0.743414620170775,514.490163244462,843.078287035641,690.82570136824,1215.22402860329,779.372234997111,661.248236704966,570.955409965871,679.751075162037,833.897633081416,369.85372076423,"FOXP1"
"ENSG00000185404",67.425208115862,-0.460902404897847,0.40739027870815,-1.13135346861831,0.257906347990083,0.743414620170775,48.3543386507953,46.7655136106057,55.299070479895,172.051091978111,50.9483616517546,46.3356428639976,60.238414812913,55.6072811839184,55.2457181916438,83.4066477349858,"SP140L"
"ENSG00000198018",92.4963500956915,-0.333706040201319,0.294989040963151,-1.13124894101746,0.257950328149023,0.743414620170775,75.4327682952406,80.5406067738208,104.820626133532,161.184707221599,71.6031028619254,109.081825908994,61.111435317448,76.699698184715,83.3897633081416,101.098966951498,"ENTPD7"
"ENSG00000240137",12.1808188196812,0.558750526676535,0.49397330697953,1.13113506090662,0.257998249311474,0.743414620170775,5.80252063809543,11.6913784026514,9.90431113072746,10.8663847565123,11.0158619787578,9.6532589299995,20.0794716043043,20.1336707734877,8.33897633081416,14.3223536514622,"ERICH6-AS1"
"ENSG00000112320",44.8040547318031,-0.606054453429931,0.535799166485068,-1.13112242672147,0.258003566202702,0.743414620170775,77.3669418412724,32.4760511184761,39.6172445229098,76.0646932955859,35.8015514309627,21.2371696459989,79.4448659126824,46.978565138138,32.3135332819049,6.73993113009986,"SOBP"
"ENSG00000165113",8.57885912985811,0.724612629148909,0.640801798873507,1.13079056647896,0.258143251396372,0.743414620170775,9.67086773015905,3.89712613421714,7.4282333480456,3.62212825217076,8.26189648406832,14.4798883949993,19.2064510997694,7.6699698184715,3.12711612405531,8.42491391262483,"GKAP1"
"ENSG00000138735",105.687523440829,-0.653681572251492,0.578105932223518,-1.13072974314118,0.258168858580547,0.743414620170775,35.7822106015885,290.985418021546,160.945055874321,54.3319237825613,39.9324996729969,63.7115089379967,59.365394308378,90.1221453670402,51.0762300262367,210.622847815621,"PDE5A"
"ENSG00000100804",788.059259133233,0.259189774845583,0.229256768209272,1.13056542177628,0.258238048191617,0.743414620170775,644.079790828593,798.910857514513,860.849709112395,516.153275934333,844.090424122313,611.051290268968,1051.98970796464,826.439247940305,702.558755871093,1024.46953177518,"PSMB5"
"ENSG00000103494",91.2228768105806,-0.25012254026162,0.221303014396925,-1.13022654003711,0.258380779272475,0.743414620170775,97.6757640746064,94.8300692659503,110.59814095979,100.514058997738,71.6031028619254,61.7808571519968,90.794132471637,89.1633991397312,100.06771596977,95.2015272126606,"RPGRIP1L"
"ENSG00000197467",23.4472745379082,0.684156234917292,0.605373999346156,1.13013812231154,0.258418028271091,0.743414620170775,8.70378095714315,7.79425226843427,13.2057481743033,38.9378787108356,17.9007757154814,29.9251026829984,25.3175946315142,13.4224471823251,13.550836537573,65.7143285184737,"COL13A1"
"ENSG00000237264",24.089365302698,0.545067341092598,0.482328670612989,1.13007452034704,0.258444825081261,0.743414620170775,9.67086773015905,20.7846727158247,28.8875741312884,16.2995771347684,22.0317239575155,10.6185848229995,43.6510252267486,42.1848340015933,19.8050687856836,26.9597245203995,"FTH1P11"
"ENSG00000136367",7.45379631854012,0.695763751982568,0.615682806694258,1.13006850998208,0.258447357470711,0.743414620170775,5.80252063809543,6.49521022369523,3.30143704357582,6.33872444129882,8.26189648406832,3.8613035719998,12.2222870634896,4.79373113654469,12.5084644962212,10.9523880864123,"ZFHX2"
"ENSG00000147050",119.060775046643,-0.358154246280075,0.316943483945535,-1.13002558633331,0.258465443294393,0.743414620170775,111.214978896829,136.3994146976,132.882841003927,167.523431662897,112.912585282267,110.047151801994,68.0955993537277,69.9884745935525,189.711711526022,91.8315616476107,"KDM6A"
"ENSG00000145996",39.0152213201195,-0.324777159902407,0.28740972851451,-1.13001449735551,0.258470115763385,0.743414620170775,36.7492973746044,61.0549761027352,47.0454778709554,33.5046863325795,34.424568683618,35.7170580409981,37.5398816950038,29.7211330465771,36.4830214473119,37.9121126068117,"CDKAL1"
"ENSG00000167394",185.63758814585,0.470093379290185,0.416013089375181,1.1299966065881,0.258477654368495,0.743414620170775,182.779400100006,227.332357829333,148.564666960912,45.2766031521344,231.333101553913,218.163651817989,308.176238100845,181.203036961389,88.6016235149004,224.945201467083,"ZNF668"
"ENSG00000188636",598.807224344095,-0.28347101812234,0.250882490488751,-1.12989558406449,0.258520224933679,0.743414620170775,714.677125258754,893.740926780463,680.921390237513,393.90644742357,564.562926411335,684.416058136964,437.383272772021,446.775741925965,552.457181916438,619.231172577925,"RTL6"
"ENSG00000144681",625.853723544605,0.370770319795461,0.328149409149097,1.12988263717092,0.258525681064111,0.743414620170775,531.897725158748,393.609739555931,516.674897319616,686.393303786358,626.527150041847,1371.72809395293,641.670070833204,555.114065611875,473.236906773703,461.685282411841,"STAC"
"ENSG00000102384",25.6114302793008,-0.834526902023956,0.738972840661741,-1.12930659437585,0.258768520048522,0.743952522502077,28.0455164174613,61.0549761027352,33.0143704357582,17.2051091978111,12.3928447261025,30.8904285759984,6.98416403627977,0,43.7796257367743,22.747267564087,"CENPI"
"ENSG00000091136",710.860956361125,-0.477882374291951,0.423254929731653,-1.12906511117291,0.258870367713934,0.744060543999747,733.051773946056,420.889622495451,552.165345538056,1715.07772740285,1111.22507710719,355.239928623982,577.066553497616,339.396164467364,704.643499953796,599.853870578888,"LAMB1"
"ENSG00000124486",564.820869523431,-0.279080167842212,0.247226716358438,-1.12884307955452,0.258964036009425,0.744060543999747,574.449543171448,735.2577973223,585.179715973814,632.061380003797,429.618617171553,365.858513446981,418.176821672251,487.043083472941,642.10117747269,778.462045526534,"USP9X"
"ENSG00000121350",52.5713034908222,-0.420742506104889,0.372807261591482,-1.12857915993582,0.259075406103309,0.744168261229881,56.0910328349225,66.2511442816913,52.8229926972131,72.4425650434151,50.9483616517546,47.3009687569975,19.2064510997694,30.679879273886,80.2626471840863,49.7069920844865,"PYROXD1"
"ENSG00000153976",121.029844149452,-0.321232841889952,0.284944311287628,-1.12735306221184,0.259593235953351,0.744738818452858,171.174358823815,164.978339681859,129.581403960351,84.2144818629701,128.059395503059,88.8099821559954,96.9052760033818,89.1633991397312,160.525294368173,96.8865099951856,"HS3ST3A1"
"ENSG00000234814",15.167391596965,0.672387168297327,0.596436618594404,1.1273405209122,0.259598536343455,0.744738818452858,17.4075619142863,15.5885045368685,7.4282333480456,4.52766031521344,27.5396549468944,15.4452142879992,23.5715536224442,25.8861481373413,4.16948816540708,10.1098966951498,"SVILP1"
"ENSG00000172671",36.7615578531287,-0.386317244486886,0.342742134784795,-1.12713671673152,0.259684681593895,0.744738818452858,29.9796899634931,42.8683874763885,66.0287408715164,31.6936222064941,38.5555169256522,39.5783616129979,34.9208201813988,26.8448943646503,34.3982773646084,22.747267564087,"ZFAND4"
"ENSG00000146021",10.9708043943823,0.741730362513222,0.658123495354498,1.12703826523271,0.25972630279046,0.744738818452858,16.4404751412704,1.29904204473905,2.47607778268187,10.8663847565123,11.0158619787578,18.341191966999,10.4762460544197,18.2161783188698,6.25423224811062,14.3223536514622,"KLHL3"
"ENSG00000197019",257.794987838805,0.395740310606481,0.351162186727829,1.12694454461067,0.259765928260126,0.744738818452858,221.462871020642,266.303619171504,295.478615400036,84.2144818629701,260.249739248152,388.06100898598,398.970370572482,198.46046905295,213.686268477113,251.06243459622,"SERTAD1"
"ENSG00000177932",58.6250477929603,-0.410443342694482,0.364232389158566,-1.12687216983275,0.259796531481957,0.744738818452858,72.5315079761929,72.7463545053866,46.2201186100615,84.2144818629701,42.6864651676863,45.3703169709976,31.428738163259,31.638625501195,84.4321353494933,74.981733822361,"ZNF354C"
"ENSG00000145476",89.4754419992049,-0.436964598076528,0.38777493090623,-1.12685107584274,0.259805451413353,0.744738818452858,119.918759853972,54.5597658790399,53.6483519581071,195.594925617221,92.2578440720962,55.0235759009971,67.2225788491928,74.7822057300972,104.237204135177,77.5092079961484,"CYP4V2"
"ENSG00000205726",475.770876976383,-0.223289995871564,0.198184796865508,-1.12667570572072,0.259879617686107,0.744738818452858,525.128117747637,533.906280387748,538.134238102859,484.459653727839,527.384392233028,380.33840184198,329.128730209684,398.838430560518,478.448766980462,561.941757972076,"ITSN1"
"ENSG00000081791",347.703924403455,-0.252300530773198,0.224004279486603,-1.1263201370592,0.26003003721307,0.745009797274052,298.829812861915,380.61931910854,335.92121918384,522.492000375632,417.22577244545,287.667116113985,329.128730209684,346.107388058527,301.245519950661,257.80236572632,"KIAA0141"
"ENSG00000233913",38.4000280393506,0.496750778252223,0.44121227858993,1.1258770491152,0.260217565162591,0.745371814164497,22.2429957793658,11.6913784026514,43.7440408273796,44.3710710890918,61.9642236305124,31.8557544689983,48.0161277494234,59.4422660931542,39.6101375713672,21.0622847815621,"RPL10P9"
"ENSG00000065882",608.653437151464,-0.34123905545744,0.303119853930463,-1.12575620182148,0.260268727559334,0.745371814164497,625.705142141291,730.061629143344,885.610486939214,545.130301951699,498.467754538789,815.700379584958,416.430780663181,348.983626740453,828.685772874657,391.758496937055,"TBC1D1"
"ENSG00000204217",1031.15953242583,-0.227040735212779,0.201712336122292,-1.12556693148966,0.260348871797365,0.745371814164497,969.020946561937,1271.76216179953,945.861712984473,1332.94319679884,1009.32835380368,1139.08455373994,680.082973032743,1018.18849340209,1041.32966931042,903.993262824644,"BMPR2"
"ENSG00000029993",191.365037775917,-0.467668010613846,0.415522597649223,-1.12549356703975,0.260379941680467,0.745371814164497,207.92365619842,345.545183900586,287.225022791096,77.8757574216713,117.043533524301,203.683763422989,80.3178864172174,129.430740686707,248.084545841721,216.520287554458,"HMGB3"
"ENSG00000137522",142.832649076737,0.344102415456174,0.305780446383527,1.12532511324999,0.260451291657617,0.745416067990911,92.8403302095269,83.1386908632989,102.34454835085,212.800034815032,154.222067702609,163.140075916992,185.080346961414,187.914260552552,122.999900879509,123.846234515585,"RNF121"
"ENSG00000156411",978.132691076683,0.251191316661475,0.223272706962396,1.12504264439173,0.260570964005723,0.745578541506683,956.448818512731,710.575998472258,949.163150028048,894.665678286177,1116.73300809657,781.91397332996,1416.91227886026,1226.23642472813,930.83823292713,797.839347525571,"C14orf2"
"ENSG00000214694",7.51521015801743,0.648633067140412,0.576629522766624,1.12486968067178,0.260644261566066,0.745578541506683,9.67086773015905,5.19616817895618,4.95215556536373,2.71659618912807,6.8849137367236,7.7226071439996,8.73020504534971,9.58746227308938,10.4237204135177,9.26740530388731,"ARHGEF33"
"ENSG00000187609",78.958460993116,0.347436849560082,0.308888948232541,1.12479534003438,0.260675769591787,0.745578541506683,73.4985947492088,55.858807923779,56.9497890016829,85.1200139260128,82.6189648406832,59.8502053659969,119.603809121291,120.802024640926,55.2457181916438,80.0366821699359,"EXD3"
"ENSG00000117280",287.710129850201,0.323278349268665,0.2874785927627,1.12453016470522,0.260788181145308,0.745599436610331,246.607127119056,297.480628245242,244.306341224611,211.894502751989,446.142410139689,284.771138434985,320.398525164334,220.511632281056,176.160874988449,428.828118152604,"RAB29"
"ENSG00000087299",16.0353164025233,-0.63374413100664,0.563651949707772,-1.12435365713754,0.260863023771684,0.745599436610331,31.9138635095249,18.1865886263466,23.9354185659247,7.24425650434151,13.7698274734472,18.341191966999,4.36510252267486,7.6699698184715,23.9745569510907,10.9523880864123,"L2HGDH"
"ENSG00000179010",4048.34037069163,0.269793154388174,0.239986860128831,1.12419969261376,0.260928319840829,0.745599436610331,4486.31554002079,3703.56886955102,4293.51887517035,1931.49989047006,4563.3208247004,4021.54767023779,4972.7247938312,3786.088851643,4375.87782959473,4348.94056169694,"MRFAP1"
"ENSG00000107864",13.2652295376147,-0.568799369103326,0.506027324901406,-1.12404872447185,0.26099235612503,0.745599436610331,18.3746486873022,12.9904204473905,19.8086222614549,14.488513008683,11.0158619787578,21.2371696459989,4.36510252267486,6.71122359116257,13.550836537573,10.1098966951498,"CPEB3"
"ENSG00000197299",10.2458697617232,-0.900471230181341,0.801140189131166,-1.12398709039663,0.2610185026268,0.745599436610331,8.70378095714315,29.8779670289981,13.2057481743033,5.43319237825613,0,12.5492366089993,6.1111435317448,1.91749245461788,18.7626967443319,5.89743973883738,"BLM"
"ENSG00000168621",334.354644153867,0.50298382920073,0.447610925989403,1.12370766662795,0.261137062927371,0.745778374360246,370.394234065092,92.2319851764723,151.866104004488,454.57709564743,371.785341783074,677.658776885965,442.62139579923,293.376345556535,309.584496281476,179.450666338909,"GDNF"
"ENSG00000215717",779.050454313021,0.190071562454927,0.169225491732721,1.12318516855091,0.26135886025522,0.746004571434664,752.393509406375,565.083289461485,803.899920110712,749.780548199347,884.02292379531,964.36056710695,731.591182800306,819.728024349142,776.567170807068,743.07740709351,"TMEM167B"
"ENSG00000140525",74.9894693664418,-0.597490002418805,0.531978904799169,-1.12314604400407,0.261375473632387,0.746004571434664,63.8277270190498,141.595582876556,116.375655786048,55.237455845604,33.0475859362733,124.527040196994,44.5240457312835,10.5462085003983,88.6016235149004,71.6117682573111,"FANCI"
"ENSG00000143479",63.7587291889391,-0.42712261022496,0.380342307228184,-1.12299526533794,0.261439505300432,0.746004571434664,74.4656815222247,94.8300692659503,93.2655964810169,38.9378787108356,56.4562926411335,66.6074866169966,31.428738163259,29.7211330465771,80.2626471840863,71.6117682573111,"DYRK3"
"ENSG00000178719",1274.86058181599,0.308153047787805,0.274437455031426,1.12285346674899,0.261499733263349,0.746004571434664,1239.80524300639,1173.03496639936,929.354527766593,1120.14316198381,1456.84774669071,1016.48816532895,2042.86798061183,1858.05018852472,880.804374942245,1031.20946290528,"GRINA"
"ENSG00000132424",305.00561772658,-0.570763978417329,0.508438973205004,-1.12258109330103,0.261615448891259,0.746004571434664,240.80460648096,103.923363579124,168.373289222367,1004.23505791434,185.892670891537,220.094303603989,370.160693922828,308.716285193478,217.85575664252,230.000149814658,"PNISR"
"ENSG00000254505",10.1034819480783,-0.822976088849203,0.733178099978393,-1.12247772931769,0.261659371495288,0.746004571434664,4.83543386507953,2.59808408947809,9.07895186983351,38.0323466477929,4.13094824203416,6.75728125099965,6.98416403627977,14.3811934096341,8.33897633081416,5.89743973883738,"CHMP4A"
"ENSG00000174106",64.0504598051903,-0.452085231286647,0.402757297933052,-1.12247557923033,0.261660285189063,0.746004571434664,58.9922931539702,46.7655136106057,42.9186815664857,156.657046906385,41.3094824203416,76.260745546996,43.6510252267486,67.1122359116257,56.2880902329956,50.549483475749,"LEMD3"
"ENSG00000112167",128.132148958102,0.25636413818309,0.228398469968904,1.12244244989028,0.261674363998974,0.746004571434664,118.951673080956,133.801330608122,112.248859481578,95.0808666194824,125.305430008369,110.047151801994,166.74691636618,174.491813370227,111.533808424639,133.113639819472,"SAYSD1"
"ENSG00000132196",9.6305820029142,0.651910597588725,0.581019142418131,1.12201225397764,0.261857229744091,0.746004571434664,7.73669418412724,1.29904204473905,7.4282333480456,11.771916819555,12.3928447261025,6.75728125099965,16.5873895861645,8.62871604578044,9.38134837216593,14.3223536514622,"HSD17B7"
"ENSG00000166546",26.1216915235102,0.644005260766714,0.574095929856937,1.12177290810474,0.261959008036018,0.746004571434664,12.5721280492068,14.2894624921295,40.4426037838038,9.96085269346958,66.0951718725465,14.4798883949993,11.3492665589546,32.5973717285039,37.5253934886637,21.9047761728246,"BEAN1"
"ENSG00000138600",139.468109928927,-0.401812958257426,0.358257837615475,-1.12157478795677,0.262043276372709,0.746004571434664,139.26049531429,92.2319851764723,101.519189089956,319.652818254069,104.650688798199,153.486816986992,94.2862144897769,126.55450200478,145.932085789248,117.106303385485,"SPPL2A"
"ENSG00000141295",147.105762600152,0.299378148021685,0.26699692670606,1.12127937843747,0.262168960507344,0.746004571434664,162.470577866672,93.5310272212113,134.533559525715,125.868956762934,166.614912428711,110.047151801994,186.826387970484,181.203036961389,109.449064341936,200.512951120471,"SCRN2"
"ENSG00000143224",52.4034814290449,-0.412629049576197,0.368016523316328,-1.12122424791651,0.262192420799942,0.746004571434664,47.3872518777794,49.3635977000837,47.8708371318494,102.325123123824,23.4087067048602,37.647709826998,60.238414812913,56.5660274112273,38.5677655300155,60.6593801708988,"PPOX"
"ENSG00000186088",50.3716512119614,0.502349627230477,0.448072914303148,1.12113366194371,0.262230971987238,0.746004571434664,53.1897725158748,11.6913784026514,28.0622148703945,67.9149047282017,30.2936204415838,48.2662946499975,74.2067428854726,83.4109217758776,51.0762300262367,55.6044318233239,"GSAP"
"ENSG00000059804",358.225145219777,-0.588468967723884,0.524940624995045,-1.1210200538955,0.262279326344522,0.746004571434664,256.277994849215,175.370676039771,152.691463265382,1208.88530416199,183.138705396848,281.875160755985,363.176529886548,496.63054574603,245.999801759018,218.205270336983,"SLC2A3"
"ENSG00000151320",33.7297016621683,0.690062910425111,0.61559886452879,1.12096196108698,0.262304054441005,0.746004571434664,16.4404751412704,49.3635977000837,22.2847000441368,10.8663847565123,78.488016598649,42.4743392919978,8.73020504534971,52.7310425019916,10.4237204135177,45.4945351281741,"AKAP6"
"ENSG00000183020",565.950658419578,-0.219619887017693,0.195929705214542,-1.12091163908612,0.262325476075451,0.746004571434664,623.770968595259,810.602235917165,510.072023232464,529.736256879973,608.626374326366,568.57695097697,510.716995152958,495.671799518721,571.21987866077,430.513100935129,"AP2A2"
"ENSG00000134780",34.8759623747023,-0.377296877247399,0.336631891540455,-1.12079956394166,0.26237318982404,0.746004571434664,36.7492973746044,54.5597658790399,29.7129333921824,40.748942836921,41.3094824203416,38.613035719998,24.4445741269792,27.8036405919592,35.4406494059602,19.3773019990371,"DAGLA"
"ENSG00000170166",6.15515447404324,-1.05235155522185,0.938950461569561,-1.12077430950162,0.262383942223682,0.746004571434664,6.76960741111134,2.59808408947809,8.25359260893955,18.1106412608538,0,6.75728125099965,6.1111435317448,0,10.4237204135177,2.52747417378745,"HOXD4"
"ENSG00000163788",120.652237503588,-0.289928760765719,0.258689611341224,-1.12075919578885,0.262390377225045,0.746004571434664,133.457974676195,113.016657892297,127.930685438563,166.617899599855,123.928447261025,118.735084838994,69.8416403627977,85.3284142304955,126.127017003564,141.538553732097,"SNRK"
"ENSG00000140992",299.899300179611,-0.267356826611696,0.238558056381529,-1.12072017464842,0.262406991852639,0.746004571434664,323.006982187312,442.973337256015,331.79442287937,238.154932580227,297.428273426459,320.488196475983,199.921695538508,224.346617190291,289.779427495792,331.099116766156,"PDPK1"
"ENSG00000083814",41.7140609860637,-0.42984002893018,0.38359798209085,-1.12054820149804,0.262480224148074,0.746004571434664,32.8809502825408,37.6722192974323,37.141166740228,89.6476742412262,34.424568683618,25.0984732179987,51.5082097675633,41.2260877742843,27.101673075146,40.4395867805992,"ZNF671"
"ENSG00000180011",389.210926713093,-0.234918027278422,0.209676073610046,-1.12038547476485,0.262549531985251,0.746004571434664,466.135824593666,463.758009971839,434.964330491114,345.913248082307,419.97973794014,414.124808096979,247.937823287932,311.592523875405,390.889515506914,396.81344528463,"ZADH2"
"ENSG00000237506",15.4992962622514,0.664341470747857,0.592969345185975,1.12036393810459,0.262558705729498,0.746004571434664,13.5392148222227,6.49521022369523,10.7296703916214,14.488513008683,34.424568683618,8.68793303699955,13.0953075680246,20.1336707734877,29.1864171578495,4.21245695631242,"RPSAP15"
"ENSG00000113558",1457.73883619362,0.339918531304672,0.303458782399297,1.12014728529887,0.262651003356232,0.746107866190003,1630.50829930482,1263.96790953109,1509.58208817504,625.722655562498,1312.26455821952,1188.31617428294,1677.07238921168,1458.25301173689,1388.43955908056,2523.26171683114,"SKP1"
"ENSG00000162066",40.5280028231019,-0.345197282327078,0.308234106213791,-1.11991916328574,0.262748211264335,0.746111937842628,48.3543386507953,54.5597658790399,56.1244297407889,27.1659618912807,38.5555169256522,29.9251026829984,41.0319637131436,32.5973717285039,32.3135332819049,44.6520437369116,"AMDHD2"
"ENSG00000013374",343.361237841364,0.227274772373621,0.202946412998022,1.11987577910941,0.262766701046208,0.746111937842628,306.566507046042,319.564343005805,362.332715532446,258.076637967166,313.952066394596,343.656017907982,331.747791723289,321.179986148494,375.253934886637,501.282377801177,"NUB1"
"ENSG00000166750",831.726941483268,-0.309837890192149,0.276702710810494,-1.11975010755984,0.262820265725775,0.746111937842628,835.562971885742,726.164503009127,970.622490811291,1230.61807367501,565.93990915868,968.22187067895,460.954826394465,644.277464751606,1049.66864564123,865.23865882657,"SLFN5"
"ENSG00000227398",55.7899642559771,0.283958785647268,0.253715102356867,1.11920332297705,0.263053408143476,0.746469268916484,52.2226857428589,36.3731772526933,44.5694000882736,63.3872444129882,64.7181891252018,66.6074866169966,53.2542507766332,55.6072811839184,56.2880902329956,64.8718371272112,"KIF9-AS1"
"ENSG00000136802",457.915819872068,0.277123121637221,0.247609907853905,1.11919237820132,0.263058076322072,0.746469268916484,332.677849917471,431.281958853363,354.904482184401,506.192423240863,510.860599264891,670.901495634965,515.082097675633,355.694850331616,562.880902329956,338.681539287518,"LRRC8A"
"ENSG00000198467",13210.8571411059,0.377850636797585,0.337685628117968,1.1189420139183,0.263164877605409,0.74652745326582,10964.8298324543,7859.20437067123,11327.2304965086,14643.3589914633,22827.6199854808,13829.2587431173,11642.6014484784,11385.1114492936,21228.9489941701,6400.40709942108,"TPM2"
"ENSG00000183576",755.330141998829,0.193521680249216,0.172959882181577,1.1188818921954,0.263190528998717,0.74652745326582,714.677125258754,670.305695085348,775.012345979424,621.194995247285,761.47145928163,998.146973361948,703.654526655187,690.297283662435,888.100979231708,730.440036224573,"SETD3"
"ENSG00000087076",10.449105862225,0.808257567574278,0.722496195077662,1.11870148670803,0.263267510738685,0.746533190171514,6.76960741111134,2.59808408947809,17.3325444787731,1.81106412608538,8.26189648406832,7.7226071439996,5.23812302720983,18.2161783188698,10.4237204135177,26.117233129137,"HSD17B14"
"ENSG00000235106",635.106432894956,0.316632545014678,0.283061064030622,1.1186015501603,0.26331016185722,0.746533190171514,580.252063809543,774.229058664471,562.069656668783,298.825580804087,805.534907196661,526.102611684973,781.353351558799,815.893039439906,476.364022897759,730.440036224573,"LINC00094"
"ENSG00000085276",13.7040391499382,0.660445559695737,0.5906528727516,1.11816193599297,0.263497837888326,0.746533190171514,9.67086773015905,9.09329431317332,9.07895186983351,12.6774488825976,12.3928447261025,9.6532589299995,6.98416403627977,9.58746227308938,42.7372536954226,15.1648450427247,"MECOM"
"ENSG00000168385",4329.38990559778,-0.294236663927849,0.26315608568582,-1.11810700923381,0.26352129319916,0.746533190171514,6322.81332197799,4811.65173371343,5623.17264447052,2715.69065706502,3610.44876353786,4007.06778184279,3058.190827386,3254.94344171384,5056.54677259743,4833.37311167287,"SEPT2"
"ENSG00000137312",1763.9808542816,0.251006973841466,0.22450222817268,1.11806005617191,0.263541344653244,0.746533190171514,1758.16375334292,1699.14699451867,1824.86932583653,1051.32272519256,2291.29929158161,1722.14139311191,2293.42486541337,1953.92481125562,1541.66824915927,1503.84713340353,"FLOT1"
"ENSG00000155380",234.513365675916,-0.472279483006863,0.422494596701624,-1.11783555741045,0.26363723211101,0.746533190171514,229.19956520477,107.820489713341,196.435504092761,593.123501292961,123.928447261025,222.024955389988,220.874187647348,319.262493693876,174.076130905746,158.388381557347,"SLC16A1"
"ENSG00000186298",1265.01470105505,-0.272443453520138,0.243787879672963,-1.11754306196689,0.263762198278518,0.746533190171514,2115.01877258579,1179.53017662305,1274.35469882027,1073.05549470559,1226.89162788415,1351.45625019993,901.830181184625,1058.45583494907,1450.98188156166,1018.57209203634,"PPP1CC"
"ENSG00000198242",4811.70537725394,0.347924478624557,0.311447059237817,1.11712237539185,0.263942004644288,0.746533190171514,3725.21824965727,3507.41352079542,4111.93983777368,5195.03744567591,6287.30322437599,3790.8347818108,7641.5484761946,7289.34756622986,3951.63240876456,2616.77826126127,"RPL23A"
"ENSG00000189144",16.9444668733281,-0.517456862959629,0.463313130260561,-1.11686207267344,0.264053303401168,0.746533190171514,14.5063015952386,41.5693454316495,15.6818259569851,11.771916819555,13.7698274734472,15.4452142879992,10.4762460544197,14.3811934096341,16.6779526616283,15.1648450427247,"ZNF573"
"ENSG00000213741",3965.75689582186,0.3831288584042,0.34308551432296,1.11671534474506,0.264116054756842,0.746533190171514,2685.59996866517,2563.00995427014,3566.37736632278,4599.19734819382,4736.82065086584,2989.61429062085,6659.40040859276,6231.8504775081,3723.35293170852,1902.34556147069,"RPS29"
"ENSG00000187531",101.775164574256,-0.336231136901557,0.301089578637052,-1.11671462832948,0.264116361172604,0.746533190171514,81.2352889333361,102.624321534385,85.8373631329713,195.594925617221,70.2261201145807,89.7753080489953,110.000583571406,100.668353867438,100.06771596977,81.7216649524609,"SIRT7"
"ENSG00000103260",509.902738103812,0.383446660012924,0.343392373089327,1.1166429136537,0.264147035262424,0.746533190171514,412.946052077792,589.765088311527,549.689267755374,172.956624041154,554.924047179922,422.812741133978,715.876813718676,703.719730844761,337.728541397973,638.608474576962,"METRN"
"ENSG00000196352",121.08126076383,0.373825198177936,0.334842316568575,1.11642161005471,0.264241707615166,0.746533190171514,84.1365492523838,90.9329431317332,62.7273038279406,173.862156104196,93.6348268194409,114.873781266994,172.858059897924,183.120529416007,99.0253439284181,135.64111399326,"CD55"
"ENSG00000109113",1775.84239019196,0.236821940664475,0.212138461226037,1.11635551279,0.264269988165533,0.746533190171514,1828.76108777308,1718.63262518976,1672.17786257115,1197.11338734243,2154.97799959449,1638.15804042092,2442.71137168885,2041.17071794073,1558.3462018209,1506.37460757732,"RAB34"
"ENSG00000123384",3113.62996362036,-0.375110530264914,0.336024744005037,-1.11631817881629,0.264285962900443,0.746533190171514,2028.94804978737,3664.59760820885,2166.56805984663,6577.78490594209,2988.05256173804,2378.56300035188,3197.8741081116,3705.55416854905,2022.20176022243,2406.15541344565,"LRP1"
"ENSG00000169814",28.0663681408472,0.37073683583582,0.332166458751256,1.11611761533529,0.264371792871714,0.746533190171514,22.2429957793658,23.3827568053028,18.157903739667,31.6936222064941,34.424568683618,20.2718437529989,34.0477996768639,33.5561179558128,29.1864171578495,33.6996556504993,"BTD"
"ENSG00000169926",775.6970516991,-0.333502524185117,0.298829482256505,-1.11602952180886,0.264409498055751,0.746533190171514,876.18061635241,1102.88669598345,895.514798069941,666.471598399419,895.038785774068,1013.59218764995,405.081514104227,426.642071152477,823.473912667898,652.088336837162,"KLF13"
"ENSG00000182899",6885.16798009097,0.337746302875502,0.302675518506546,1.11586924684891,0.264478107347477,0.746533190171514,5171.01297531605,4875.30479390564,6145.62505661639,7584.73656004556,8826.45941047965,5160.63222397773,10279.8164408993,10530.8685607614,6408.50331023068,3868.72046867732,"RPL35A"
"ENSG00000153234",16.0199516353229,-0.580318456022549,0.520108663879608,-1.11576387075313,0.264523222635343,0.746533190171514,12.5721280492068,10.3923363579124,14.0311074351972,42.5600069630064,15.1468102207919,6.75728125099965,13.9683280725595,16.2986858642519,16.6779526616283,11.7948794776748,"NR4A2"
"ENSG00000111684",61.4978117368783,-0.369673488799319,0.331389798906008,-1.11552464807213,0.264625662140316,0.746533190171514,60.926466700002,70.1482704159085,44.5694000882736,109.569379628165,41.3094824203416,64.6768348309966,45.3970662358185,55.6072811839184,42.7372536954226,80.0366821699359,"LPCAT3"
"ENSG00000198468",12.9396567185564,-0.843078246423687,0.755826344848804,-1.11543908487648,0.264662308495845,0.746533190171514,14.5063015952386,15.5885045368685,19.8086222614549,20.8272374499818,1.37698274734472,6.75728125099965,11.3492665589546,0,19.8050687856836,19.3773019990371,"FLVCR1-AS1"
"ENSG00000112308",3074.6632909413,-0.20810086369497,0.18657956012868,-1.1153465232282,0.264701956197646,0.746533190171514,2991.1993889382,3733.44683658002,3426.8916512317,3224.59967649502,3186.33807735568,3257.00956298183,2385.09201838954,2802.41522242403,3539.89545243061,2199.74502258634,"C6orf62"
"ENSG00000203950",601.140460078996,0.323705382935943,0.290271836681906,1.11518012438346,0.26477324149462,0.746533190171514,626.672228914307,609.250718982613,552.99070479895,300.636644930173,808.288872691351,539.617174186972,944.608185906839,673.039851570874,422.160676747467,534.139542060414,"RTL8A"
"ENSG00000090971",81.1354437345474,-0.378397431865782,0.339335533098606,-1.11511290435896,0.264802042317528,0.746533190171514,155.700970455561,55.858807923779,64.3780223497285,100.514058997738,66.0951718725465,69.5034642959964,87.3020504534971,99.7096076401295,58.3728343156991,53.9194490407989,"NAT14"
"ENSG00000198546",199.05713830225,0.263752486899517,0.236563578575485,1.11493277404643,0.264879230875182,0.746533190171514,191.483181057149,162.380255592381,198.086222614549,158.468111032471,210.678360343742,221.059629496989,298.57301255096,231.057840781454,173.033758864394,145.75101068841,"ZNF511"
"ENSG00000153113",2789.03382438247,0.219737744671366,0.197094675346451,1.11488422650238,0.264900036882803,0.746533190171514,2696.23792316834,2976.10532449715,2748.44633877687,1734.09390072675,2810.42178733057,3506.06364337582,2689.77617447225,3305.75699176122,2585.08266255239,2838.35349716331,"CAST"
"ENSG00000079215",39.6655620504432,-0.85299019559209,0.765096505846804,-1.11487921990704,0.264902182622049,0.746533190171514,16.4404751412704,20.7846727158247,8.25359260893955,171.145559915068,31.6706031889286,36.6823839339981,63.7304968310529,25.8861481373413,5.21186020675885,16.8498278252497,"SLC1A3"
"ENSG00000144320",815.705982304231,-0.26349303685683,0.236398872269141,-1.11461207207808,0.265016694882123,0.746533190171514,1222.3976810921,635.231559877393,799.773123806243,968.013775392635,648.558873999363,906.441013526953,543.018753820752,864.789097032662,826.601028791953,742.234915702248,"LNPK"
"ENSG00000166451",281.049692266938,-0.52909175209655,0.474749421428733,-1.11446529098293,0.265079626753816,0.746533190171514,298.829812861915,479.346514508708,420.107863795023,180.200880545495,128.059395503059,533.825218828972,148.413485770945,78.6171906393329,336.686169356622,206.410390859308,"CENPN"
"ENSG00000105726",123.455380026553,-0.456033503406324,0.409231563726876,-1.11436542004048,0.265122451950292,0.746533190171514,87.0378095714315,70.1482704159085,103.169907611744,328.708138884496,104.650688798199,92.6712857279952,103.889440039662,123.678263322853,135.50836537573,85.0916305175108,"ATP13A1"
"ENSG00000164305",282.577545071036,-0.300703546179967,0.269874190885934,-1.11423602676798,0.265177943568563,0.746533190171514,426.485266900014,265.004577126765,361.507356271552,220.949823382416,223.071205069845,290.563093792985,197.302634024903,187.914260552552,342.940401604732,310.036831984594,"CASP3"
"ENSG00000104728",410.614530531589,-0.242704310169251,0.217836231743314,-1.1141595143605,0.265210760455498,0.746533190171514,394.571403390489,442.973337256015,388.744211881053,584.973712725577,345.622669583525,467.217732211976,348.335181309454,336.519925785437,308.542124240124,488.64500693224,"ARHGEF10"
"ENSG00000141219",137.416466314962,-0.248214362740614,0.222827581787946,-1.11393015509555,0.265309151552047,0.746533190171514,198.252788468261,135.100372652861,153.516822526276,119.530232321635,154.222067702609,124.527040196994,110.000583571406,107.379577458601,129.254133127619,142.38104512336,"C17orf80"
"ENSG00000160310",1707.18403282598,0.221217186143807,0.198655830365729,1.1135700660612,0.26546367414414,0.746533190171514,1576.35144001593,1313.33150723118,1810.01285914044,1509.52194909216,2313.33101553913,1698.97357167991,1991.35977084427,1993.23340657528,1452.02425360302,1413.70055453845,"PRMT2"
"ENSG00000221829",130.845631562502,-0.380293266167891,0.341573795338098,-1.11335609276311,0.265555524424603,0.746533190171514,105.412458258734,198.753432845074,198.086222614549,105.947251375995,95.0118095667857,194.03050449299,106.508501553266,88.2046529124223,144.889713747896,71.6117682573111,"FANCG"
"ENSG00000234585",15.38806326735,-0.59454644283041,0.534025656227359,-1.1133293614217,0.26556700067074,0.746533190171514,13.5392148222227,10.3923363579124,10.7296703916214,42.5600069630064,8.26189648406832,14.4798883949993,14.8413485770945,17.2574320915609,8.33897633081416,13.4798622601997,"CCT6P3"
"ENSG00000213625",711.914747814752,0.350064820957463,0.314536625532037,1.11295408083345,0.265728151440452,0.746533190171514,601.527972815893,348.143267990064,515.849538058722,978.880160149147,523.253443990994,684.416058136964,701.908485646117,1188.84532186308,672.329966671891,903.993262824644,"LEPROT"
"ENSG00000169126",15.9433326426984,0.910249905838578,0.817887429226492,1.11292810393166,0.265739308779147,0.746533190171514,17.4075619142863,15.5885045368685,9.07895186983351,0,13.7698274734472,24.1331473249987,18.3334305952344,23.0099094554145,1.04237204135177,37.0696212155493,"ARMC4"
"ENSG00000136732",828.199941997038,0.355121145336865,0.319100861072578,1.1128805611593,0.265759729710005,0.746533190171514,883.917310536538,624.839223519481,525.753849189449,803.206939918865,878.514992805931,695.034642959964,1253.65744451222,1464.00548910075,499.296207807498,653.773319619687,"GYPC"
"ENSG00000088387",119.244808327859,-0.330983082186649,0.297424231073682,-1.11283159745197,0.265780762100999,0.746533190171514,125.721280492068,144.193666966034,125.454607655881,148.507258339001,126.682412755714,135.145625019993,61.111435317448,83.4109217758776,81.305019225438,160.915855731134,"DOCK9"
"ENSG00000253716",31.0786905326694,0.470978224691687,0.423252373668756,1.11275979531844,0.265811606824763,0.746533190171514,30.946776736509,25.9808408947809,18.157903739667,26.260429828238,27.5396549468944,21.2371696459989,64.6035173355879,48.8960575927558,21.8898128683872,25.2747417378745,"MINCR"
"ENSG00000111653",174.564362939893,0.27754075848763,0.249433609154837,1.11268388982555,0.265844216947376,0.746533190171514,148.931363044449,129.904204473905,137.83499656929,201.93365005852,234.087067048602,124.527040196994,191.191490493159,218.594139826438,148.016829871951,210.622847815621,"ING4"
"ENSG00000213339",135.04559805052,-0.387594983005464,0.348344918852567,-1.11267586242448,0.26584766579867,0.746533190171514,127.6554540381,85.736774952777,124.629248394987,290.675792236703,111.535602534922,103.289870550995,178.969203429669,126.55450200478,96.9405998457146,104.468932516548,"QTRT1"
"ENSG00000151693",397.649642707043,-0.547183155139774,0.491798239217478,-1.11261714968809,0.265872891773254,0.746533190171514,490.312993919064,824.891698409294,432.488252708432,214.611098941117,484.697927065341,604.294009017969,89.921111967102,133.265725595942,326.262448943104,375.751160503067,"ASAP2"
"ENSG00000180818",7.42599419875256,-1.10023186665782,0.988907796458864,-1.11257275005576,0.265891969205424,0.746533190171514,24.1771693253976,3.89712613421714,14.8564666960912,0.905532063042689,1.37698274734472,1.9306517859999,6.1111435317448,13.4224471823251,0,7.58242252136235,"HOXC10"
"ENSG00000198700",491.025854337048,-0.195219082111687,0.175493145771868,-1.112402887606,0.265964963630151,0.746533190171514,448.72826267938,591.064130356266,482.00980836207,603.989886049474,477.813013328618,537.686522400972,376.271837454573,434.312040970949,485.745371269925,472.637670498253,"IPO9"
"ENSG00000157510",64.0515995222618,0.507941968256981,0.456630812256319,1.11236901808514,0.265979519915944,0.746533190171514,85.1036360253997,25.9808408947809,33.8397296966522,58.8595840977748,93.6348268194409,129.353669661993,30.555717658724,60.4010123204631,82.3473912667898,40.4395867805992,"AFAP1L1"
"ENSG00000108387",10.7512994967111,-1.15840952410955,1.041438782919,-1.11231648283993,0.266002099355358,0.746533190171514,9.67086773015905,2.59808408947809,0.825359260893955,50.7097955303906,20.6547412101708,7.7226071439996,3.49208201813988,7.6699698184715,4.16948816540708,0,"SEPT4"
"ENSG00000135778",296.770032233085,0.304053461659713,0.273399939940244,1.11211970904664,0.266086683675883,0.746533190171514,362.657539880965,268.901703260983,269.892478312323,139.451937708574,344.24568683618,305.042982187984,302.0650945691,367.199805059323,228.279477056038,379.96361745938,"NTPCR"
"ENSG00000215386",24.3164762184208,-0.606783547770365,0.545628805567405,-1.11208122001434,0.266103230567247,0.746533190171514,42.5518180126998,9.09329431317332,18.157903739667,52.520859656476,20.6547412101708,11.5839107159994,42.7780047222136,14.3811934096341,14.5932085789248,16.8498278252497,"MIR99AHG"
"ENSG00000253320",18.5351630289173,0.54784671498507,0.492751311006753,1.11181178567694,0.266219083417105,0.746554496246174,11.6050412761909,14.2894624921295,10.7296703916214,21.7327695130245,12.3928447261025,13.5145625019993,29.682697154189,37.3911028650486,10.4237204135177,23.5897589553495,"AZIN1-AS1"
"ENSG00000138036",75.8478930585534,0.315378975773095,0.283752795377967,1.11145680645366,0.26637177231531,0.746554496246174,76.3998550682565,55.858807923779,61.0765853061527,70.6315009173297,101.896723303509,42.4743392919978,76.8258043990775,92.039637821658,88.6016235149004,92.6740530388731,"DYNC2LI1"
"ENSG00000135525",7.68960163123835,0.774936990382003,0.697410205080654,1.11116382401141,0.266497839631906,0.746554496246174,4.83543386507953,6.49521022369523,2.47607778268187,8.1497885673842,1.37698274734472,11.5839107159994,9.60322554988468,8.62871604578044,5.21186020675885,18.5348106077746,"MAP7"
"ENSG00000185950",603.993798744148,0.330103049996954,0.297098916784374,1.11108802943409,0.266530459938159,0.746554496246174,405.209357893664,684.595157577477,348.301608097249,656.510745705949,450.273358381723,592.710098301969,696.670362618907,927.107601807743,441.96574553315,836.593951523646,"IRS2"
"ENSG00000214078",566.616356463187,-0.449215293005533,0.404413961801913,-1.11078087166922,0.266662681958143,0.746554496246174,768.833984547645,702.781746203824,680.096030976619,547.846898140827,709.146114882531,97.4979151929949,479.288256989699,443.899503244038,593.109691529157,643.663422924537,"CPNE1"
"ENSG00000135899",82.0817628279411,0.26602114722221,0.239499216976374,1.11073911046837,0.266680662361595,0.746554496246174,57.0581196079384,68.8492283711694,86.6627223938653,79.6868215477566,96.3887923141304,64.6768348309966,103.016419535127,86.2871604578044,81.305019225438,96.8865099951856,"SP110"
"ENSG00000153560",974.34460375331,-0.220525925893349,0.198542751816923,-1.1107226220814,0.266687761713025,0.746554496246174,1069.59797095559,1008.0566267175,1100.20389477164,1080.29975120993,1075.42352567623,1000.07762514795,708.019629177862,700.843492162834,1164.32957018993,836.593951523646,"UBP1"
"ENSG00000126768",207.405909346754,0.274004542196355,0.246728814225353,1.11054942267947,0.266762343475287,0.746554496246174,234.034999069849,162.380255592381,223.672359702262,116.813636132507,196.908532870295,267.395272360986,260.160110351421,208.04793132604,220.982872766575,183.663123295221,"TIMM17B"
"ENSG00000108666",79.6877712233605,-0.258848433008819,0.233084759869286,-1.11053349499976,0.266769202847606,0.746554496246174,93.8074169825428,84.437732908038,78.4091297849257,96.8919307455677,78.488016598649,73.3647678679962,68.0955993537277,52.7310425019916,77.1355310600309,93.5165444301356,"C17orf75"
"ENSG00000076984",270.33130400162,-0.22415424331943,0.201847072904107,-1.11051520388369,0.266777080200842,0.746554496246174,227.265391658738,315.667216871588,283.098226486627,357.685164901862,265.757670237531,281.875160755985,253.175946315142,274.201421010356,187.626967443319,256.959874335057,"MAP2K7"
"ENSG00000120262",6.90088081480234,0.977843504556505,0.880560943537853,1.11047794219421,0.266793128021169,0.746554496246174,8.70378095714315,2.59808408947809,3.30143704357582,2.71659618912807,16.5237929681366,0,11.3492665589546,12.4637009550162,2.08474408270354,9.26740530388731,"CCDC170"
"ENSG00000263072",39.0462901786554,-0.427001876526627,0.384567443694446,-1.11034327925558,0.266851130032656,0.746554496246174,39.6505576936521,25.9808408947809,56.9497890016829,61.5761802869029,28.9166376942391,41.5090133989979,55.8733122902382,20.1336707734877,35.4406494059602,24.432250346612,"ZNF213-AS1"
"ENSG00000113658",673.440265514663,-0.266031167880814,0.239605736984633,-1.11028713764845,0.266875313903432,0.746554496246174,835.562971885742,835.284034767206,827.835338676637,498.042634673479,637.543012020605,680.554754564965,451.35160084458,470.744397608689,740.084149359756,757.399760744972,"SMAD5"
"ENSG00000100239",651.612029581262,0.206062826374696,0.185601617845249,1.11024261947171,0.266894491872367,0.746554496246174,589.922931539702,623.540181474742,551.339986277162,621.194995247285,852.352320606382,606.224660803969,823.258335776478,669.204866661639,652.524897886208,526.557119539052,"PPP6R2"
"ENSG00000196074",12.1786407852986,-0.610806384804304,0.550250197946278,-1.1100520946363,0.266976578705383,0.74662751733984,21.2759090063499,9.09329431317332,16.5071852178791,14.488513008683,5.50793098937888,12.5492366089993,2.61906151360491,9.58746227308938,16.6779526616283,13.4798622601997,"SYCP2"
"ENSG00000176532",145.956435061473,0.479183806011541,0.431734547767898,1.1099037788126,0.267040491980083,0.746649694242844,147.964276271434,106.521447668602,114.72493726426,103.230655186867,126.682412755714,107.151174122994,171.112018888854,326.932463512348,43.7796257367743,211.465339206883,"PRR15"
"ENSG00000142657",619.286235404645,-0.321249752249403,0.289608212944764,-1.10925636045644,0.267319605165116,0.747273438291167,394.571403390489,665.109526906391,1155.50296525154,598.556693671217,512.237582012236,579.19553579997,430.399108735741,510.052992928355,685.880803209464,661.355742141049,"PGD"
"ENSG00000229847",654.585817381615,0.378531754552333,0.341496120647216,1.10845111164052,0.267667041579247,0.747945427187627,387.801795979378,967.786323330589,588.48115301739,276.18727922802,841.336458627624,570.50760276297,799.686782154034,679.751075162037,472.194534732352,962.125168821756,"EMX2OS"
"ENSG00000113300",438.683113788194,-0.281200666631243,0.253690639634308,-1.10843926696149,0.267672154455016,0.747945427187627,463.234564274619,554.690953103573,488.612682449221,456.388159773515,454.404306623758,556.027714367971,266.271253883166,299.128822920389,521.186020675885,326.886659809843,"CNOT6"
"ENSG00000079332",1438.95377600798,-0.200590829394109,0.181014509117317,-1.10814779639628,0.267797991829635,0.748140305201474,1719.48028242228,1415.95582876556,1609.45055874321,1497.75003227261,1105.71714611781,1224.03323232394,1187.30788616756,1489.89163723809,1370.71923437758,1769.23192165121,"SAR1A"
"ENSG00000107779",308.241432578441,-0.248036152596197,0.223923536053801,-1.10768236768377,0.267999016909983,0.748545107545223,310.434854138106,279.294039618895,285.574304269308,486.270717853924,261.626721995497,275.117879504986,246.191782278862,362.406073922779,299.160775867958,276.337176334094,"BMPR1A"
"ENSG00000249700",8.45019235757158,0.623034804837488,0.562569221323699,1.10748114404751,0.268085960270887,0.748631166694476,4.83543386507953,6.49521022369523,3.30143704357582,10.8663847565123,11.0158619787578,7.7226071439996,6.98416403627977,11.5049547277073,12.5084644962212,9.26740530388731,"SRD5A3-AS1"
"ENSG00000137965",57.1580609388981,-0.451162031751673,0.407425237457772,-1.10734925152602,0.268142958021104,0.748633584075249,30.946776736509,51.9616817895618,75.1076927413499,114.097039943379,52.3253443990994,63.7115089379967,74.2067428854726,34.5148641831218,46.9067418608296,27.8022159116619,"IFI44"
"ENSG00000175322",9.7283463028964,-0.726622276238184,0.656289178660354,-1.1071678459203,0.268221366599568,0.748695765244545,5.80252063809543,22.0837147605638,8.25359260893955,15.3940450717257,2.75396549468944,15.4452142879992,6.98416403627977,1.91749245461788,9.38134837216593,9.26740530388731,"ZNF519"
"ENSG00000170425",38.9408524903855,-0.375838878570839,0.33965908195262,-1.10651797210965,0.268502389523341,0.74923838369457,58.0252063809543,55.858807923779,25.5861370877126,41.6544748999637,38.5555169256522,32.8210803619983,36.6668611904688,46.978565138138,22.9321849097389,30.3296900854494,"ADORA2B"
"ENSG00000100162",59.6399105542013,-0.751013134371871,0.679098882620837,-1.10589658382811,0.26877128359561,0.74923838369457,63.8277270190498,119.511868115992,112.248859481578,19.9217053869392,26.1626721995497,113.908455373994,26.1906151360491,3.83498490923575,81.305019225438,29.4871986941869,"CENPM"
"ENSG00000137822",117.683000113205,-0.288817783163311,0.26116221868078,-1.1058942010151,0.268772315068805,0.74923838369457,132.490887903179,166.277381726598,80.0598483067136,150.318322465086,110.158619787578,127.423017875993,81.1909069217523,101.627100094747,100.06771596977,127.216200080635,"TUBGCP4"
"ENSG00000144560",292.500971135555,-0.309651835988918,0.280037314523649,-1.10575205492041,0.268833852253229,0.74923838369457,328.809502825408,361.133688437455,326.842267314006,306.069837308429,318.08301463663,306.008308080984,133.572137193851,195.584230371023,370.042074679878,278.864650507882,"VGLL4"
"ENSG00000172939",417.659029858425,-0.313251779097358,0.283316565565803,-1.10565994781058,0.268873731972427,0.74923838369457,446.794089133348,494.935019045576,493.564838014585,457.293691836558,278.150514963633,457.564473281976,226.985331179092,275.160167237665,574.346994784825,471.795179106991,"OXSR1"
"ENSG00000021776",85.8709081609894,-0.304482038912214,0.275396679756516,-1.10561259918389,0.268894234141286,0.74923838369457,68.6631608841293,101.325279489646,101.519189089956,116.813636132507,56.4562926411335,85.9140044769955,63.7304968310529,63.2772510023899,94.855855763011,106.153915299073,"AQR"
"ENSG00000115365",360.053920183901,-0.365025301895248,0.330229152436376,-1.10536970828333,0.268999423871714,0.74923838369457,537.700245796843,423.487706584929,452.296874969887,249.926849399782,335.983790352112,291.528419685985,170.238998384319,229.140348326836,375.253934886637,534.982033451677,"LANCL1"
"ENSG00000146676",1040.06149159656,-0.299297185345909,0.270799000996398,-1.10523740576831,0.26905673253201,0.74923838369457,1243.67359009845,1283.45354020218,1211.62739499233,948.092070005695,990.050595340854,1179.62824124594,598.019045606455,634.690002478517,1430.13444073463,881.245995260557,"PURB"
"ENSG00000060642",94.1162838777225,0.364943434610884,0.330293812410697,1.10490545356358,0.269200559104055,0.74923838369457,66.7289873380975,62.3540181474742,61.9019445670466,129.491085015105,125.305430008369,83.0180267979957,121.349850130361,141.894441641723,61.4999504397544,87.6191046912982,"PIGV"
"ENSG00000196369",53.2776271541926,-0.524955895900401,0.475130948906281,-1.1048657156702,0.269217780073504,0.74923838369457,45.4530783317476,102.624321534385,81.7105668285016,30.7880901434514,72.9800856092701,54.0582500079972,14.8413485770945,23.9686556827235,62.5423224811062,43.8095523456491,"SRGAP2B"
"ENSG00000109220",328.12759208291,0.328774856435099,0.297585160172832,1.1048093132203,0.269242224158796,0.74923838369457,427.45235367303,287.088291887329,249.258496789974,174.767688167239,274.019566721599,363.927861660981,405.081514104227,491.836814609485,226.194732973334,381.648600241905,"CHIC2"
"ENSG00000128607",315.144910809079,-0.267086726944762,0.241755860008992,-1.10477870912758,0.269255488210452,0.74923838369457,345.249977966678,387.114529332236,344.174811792779,326.897074758411,245.10292902736,349.447973265982,182.461285447809,239.686556827235,364.830214473119,366.48375519918,"KLHDC10"
"ENSG00000143952",325.970117354293,-0.227501408708513,0.205929732921369,-1.10475260410977,0.269266802682498,0.74923838369457,376.196754703187,263.705535082026,321.890111748642,465.443480403942,358.015514309627,304.077656294984,252.302925810607,301.046315375007,296.033659743903,320.989220071006,"VPS54"
"ENSG00000125885",80.1099476101095,-0.640755692821878,0.58004147645474,-1.10467219816457,0.269301654386161,0.74923838369457,83.1694624793679,151.987919234468,145.263229917336,28.0714939543234,33.0475859362733,133.214973233993,40.1589432086087,26.8448943646503,132.381249251675,26.9597245203995,"MCM8"
"ENSG00000181588",421.563371917741,-0.394800652662341,0.357392918833737,-1.10466836878211,0.269303314297152,0.74923838369457,341.381630874615,953.49686083846,446.51936014363,229.0996119498,384.178186509177,324.349500047983,433.018170249346,464.033174017526,255.381150131184,384.176074415692,"MEX3D"
"ENSG00000250722",24.7994244863987,1.10759240278894,1.0026706091784,1.10464233483069,0.269314599342563,0.74923838369457,14.5063015952386,2.59808408947809,40.4426037838038,0.905532063042689,4.13094824203416,6.75728125099965,64.6035173355879,20.1336707734877,2.08474408270354,91.8315616476107,"SELENOP"
"ENSG00000115204",551.806796108723,0.240608209659382,0.217856216338459,1.10443582333026,0.269404128241127,0.749313585236266,632.474749552402,398.805907734887,558.768219625208,399.339639801826,680.229477188292,464.321754532976,674.844850005533,656.741165706622,484.702999228573,567.839197710914,"MPV17"
"ENSG00000177370",356.192211169832,0.281216341098049,0.254650946853585,1.10432081471795,0.269453996760376,0.749313585236266,326.875329279376,357.236562303238,406.90211562072,171.145559915068,384.178186509177,337.864062549982,474.050133962489,421.848340015933,343.982773646084,337.839047896256,"TIMM22"
"ENSG00000198908",43.8401739543808,-0.344798398743018,0.312431103786354,-1.10359818393369,0.269767479337738,0.750028949745135,59.9593799269861,49.3635977000837,48.6961963927434,42.5600069630064,50.9483616517546,33.7864062549982,36.6668611904688,21.0924170007966,48.9914859435332,46.3370265194366,"BHLHB9"
"ENSG00000197302",115.054872930405,0.241442250255775,0.218900879974768,1.10297523830697,0.270037918484127,0.750481277351056,120.885846626988,94.8300692659503,125.454607655881,73.3480971064578,114.289568029612,122.596388410994,122.222870634896,116.96703973169,138.635481499785,121.318760341798,"ZNF720"
"ENSG00000136425",50.4467571130345,0.370913962200423,0.336308881224958,1.10289672056658,0.270072018551209,0.750481277351056,38.6834709206362,32.4760511184761,66.0287408715164,33.5046863325795,61.9642236305124,48.2662946499975,55.8733122902382,82.4521755485687,48.9914859435332,36.2271298242868,"CIB2"
"ENSG00000020181",1321.76684621472,-0.315514121851964,0.286093772144688,-1.10283463875053,0.270098982626158,0.750481277351056,1793.9459639445,1566.64470595529,1127.44075038114,1504.08875671391,2032.42653508081,1364.97081270193,1024.92607232406,952.035003717775,1121.5923164945,729.59754483331,"ADGRA2"
"ENSG00000157240",289.328244393126,0.484048576385345,0.439148571401591,1.1022433133289,0.270355906299097,0.750895366480247,158.602230774609,214.341937381943,189.007270744716,372.173677910545,184.515688144192,162.174750023992,411.192657635971,746.863311073663,194.923571732781,259.487348508845,"FZD1"
"ENSG00000166793",10.3019214989892,0.764729088684991,0.693800179331097,1.10223247480604,0.270360617068167,0.750895366480247,5.80252063809543,9.09329431317332,0.825359260893955,13.5829809456403,12.3928447261025,4.82662946499975,23.5715536224442,11.5049547277073,6.25423224811062,15.1648450427247,"YPEL4"
"ENSG00000125965",38.4173177587241,0.792253441226844,0.71897000910696,1.10192835749979,0.270492819130731,0.751013897760817,70.5973344301611,11.6913784026514,9.07895186983351,15.3940450717257,60.5872408831677,19.306517859999,102.143399030592,14.3811934096341,9.38134837216593,71.6117682573111,"GDF5"
"ENSG00000175215",4869.64821173234,-0.26461450756226,0.24038263710128,-1.1008054107118,0.270981356380363,0.751669172172147,4799.65165447794,7122.64753130419,5233.60307332857,4499.58882125912,6639.81080769624,5157.73624629873,3890.17936820783,3708.43040723097,4244.53895238441,3400.29525513538,"CTDSP2"
"ENSG00000158019",241.784185443422,0.332576409804272,0.302139854080725,1.10073664666368,0.271011291766711,0.751669172172147,288.19185835874,137.698456742339,210.466611527959,200.122585932434,265.757670237531,187.27322324199,368.414652913758,343.2311493766,156.355806202765,260.329839900107,"BABAM2"
"ENSG00000169991",115.890065830701,-0.375402578581011,0.341094534046803,-1.10058221727323,0.271078528520345,0.751669172172147,119.918759853972,94.8300692659503,104.820626133532,217.327695130245,117.043533524301,115.839107159994,67.2225788491928,60.4010123204631,111.533808424639,149.963467644722,"IFFO2"
"ENSG00000004799",39.0794808082524,0.711852028995511,0.646870021661046,1.10045605014683,0.271133468696871,0.751669172172147,24.1771693253976,46.7655136106057,35.4904482184401,7.24425650434151,17.9007757154814,19.306517859999,55.0002917857032,63.2772510023899,10.4237204135177,111.208863646648,"PDK4"
"ENSG00000197982",495.823508517064,0.367593518660245,0.334086981090212,1.10029285625167,0.271204543700865,0.751669172172147,481.609212961921,463.758009971839,521.62705288498,222.760887508501,406.209910466692,361.997209874981,670.479747482858,894.510230079239,356.491238142305,578.791585797326,"C1orf122"
"ENSG00000161016",17923.824743317,0.301557913708082,0.274114515957362,1.10011654309832,0.271281346812194,0.751669172172147,13982.140564264,14880.5266224858,18126.540087753,15929.2145209839,23160.8498103382,16029.2364532642,25570.7705778293,26404.8298463155,14564.0221617669,10590.1167881694,"RPL8"
"ENSG00000206560",629.72574310408,-0.275524673261226,0.250454171702739,-1.1001001556015,0.271288486064932,0.751669172172147,620.869708276211,823.592656364555,651.208456845331,716.275861866767,717.408011366599,776.12201797196,467.06596992621,337.478672012746,637.931689307283,549.304387103139,"ANKRD28"
"ENSG00000070087",2115.33008362806,0.299864647502337,0.27272249696166,1.09952296140972,0.271540024218541,0.751669172172147,3085.97389269375,1767.99622288984,1310.6705062996,1266.83935619672,2512.99351390411,1836.0498484859,2057.70932918893,2473.56526645706,2133.73556864707,2707.76733151762,"PFN2"
"ENSG00000164329",295.429450723416,-0.201755364391086,0.183496199095479,-1.09950704911389,0.271546960974031,0.751669172172147,323.974068960328,300.07871233472,341.698734010097,315.125157938856,308.444135405217,307.938959866984,221.747208151883,225.3053634176,325.220076901752,284.762090246719,"PAPD4"
"ENSG00000111897",769.022481452081,0.349521363475953,0.317891092756211,1.09950033656338,0.271549887258293,0.751669172172147,577.350803490496,432.581000898102,524.928489928555,1106.56018103817,576.955771137438,720.133116177963,771.750126008915,1210.89648509119,649.397781762152,1119.67105898784,"SERINC1"
"ENSG00000130707",1527.32968579096,0.313687832320973,0.285334450585495,1.09936893942283,0.271607173170328,0.751669172172147,1583.12104742704,1100.28861189397,1231.43601725378,1416.25214659877,2375.29523916964,1410.34112967293,2054.21724717079,1731.49568651994,1586.49024693739,784.359485265372,"ASS1"
"ENSG00000162849",129.286609338939,-0.546789143123109,0.497391839673747,-1.09931265354446,0.271631714956663,0.751669172172147,192.450267830165,83.1386908632989,63.5526630888345,297.920048741045,155.599050449953,107.151174122994,48.0161277494234,65.1947434570078,211.601524394409,68.2418026922611,"KIF26B"
"ENSG00000165802",852.128029285336,0.25157123501261,0.228863833648169,1.09921795419782,0.27167300922232,0.751669172172147,699.2037368905,902.834221093637,803.899920110712,653.794149516821,907.43163050017,615.877919733968,953.338390952189,1263.62752759318,729.660428946239,991.612367515943,"NSMF"
"ENSG00000100979",42.0106104474102,0.418616809103217,0.380833705431576,1.09921155384297,0.271675800293741,0.751669172172147,47.3872518777794,20.7846727158247,27.2368556095005,43.4655390260491,70.2261201145807,30.8904285759984,48.0161277494234,61.359758547772,43.7796257367743,26.9597245203995,"PLTP"
"ENSG00000138018",106.943575616576,-0.469440749237095,0.427077004521714,-1.09919462829151,0.271683181295216,0.751669172172147,90.9061566634951,76.6434806396037,85.8373631329713,259.887702093252,41.3094824203416,108.116500015994,74.2067428854726,91.0808915943491,156.355806202765,85.0916305175108,"SELENOI"
"ENSG00000090097",704.405666104357,0.188965258850269,0.17191739519174,1.09916311051314,0.271696926133184,0.751669172172147,594.758365404782,679.398989398521,649.557738323543,674.621386966803,937.725250941754,685.381384029964,804.924905181243,745.904564846354,670.245222589188,601.538853361413,"PCBP4"
"ENSG00000141376",62.4131680069402,0.368610254809468,0.335379598544586,1.09908371412301,0.271731552845362,0.751669172172147,39.6505576936521,66.2511442816913,47.8708371318494,59.7651161608175,50.9483616517546,43.4396651849978,82.9369479308223,61.359758547772,57.3304622743473,114.578829211698,"BCAS3"
"ENSG00000181830",349.559555340629,0.207905806180236,0.189209577298952,1.09881227551047,0.271849956703709,0.751669172172147,344.282891193662,301.377754379459,356.555200706189,276.18727922802,399.324996729969,429.570022384978,371.033714427363,414.178370197461,320.008216694993,283.077107464194,"SLC35C1"
"ENSG00000069869",297.324325958484,-0.303918027354986,0.276592170788749,-1.09879475795831,0.271857599223944,0.751669172172147,266.91594935239,358.535604347977,330.969063618476,385.756658856186,276.773532216289,416.055459882978,145.79442425734,234.89282569069,262.677754420646,294.871986941869,"NEDD4"
"ENSG00000160201",673.431095720457,-0.339210796826056,0.308739627381482,-1.09869536250662,0.271900966044642,0.751669172172147,795.91241419209,522.214901985096,535.658160320177,1226.99594542284,464.043185855171,827.284290300957,650.400275878554,440.064518334803,797.414611634104,474.322653280778,"U2AF1"
"ENSG00000115648",18.8202805299208,0.753816562303804,0.686150948822346,1.09861622081496,0.271935499417456,0.751669172172147,25.1442560984135,3.89712613421714,14.0311074351972,9.96085269346958,16.5237929681366,55.9889017939971,7.85718454081474,4.79373113654469,32.3135332819049,17.6923192165121,"MLPH"
"ENSG00000120156",42.5698727622871,-0.671957052513319,0.611762102231451,-1.09839601057715,0.27203160366566,0.751731801861255,56.0910328349225,96.1291113106894,14.0311074351972,53.4263917195186,16.5237929681366,37.647709826998,19.2064510997694,62.318504775081,63.5846945224579,6.73993113009986,"TEK"
"ENSG00000167371",8.75282224675969,-0.71517133822415,0.651283119622067,-1.09809592276729,0.272162605546134,0.751731801861255,18.3746486873022,6.49521022369523,3.30143704357582,17.2051091978111,11.0158619787578,2.89597767899985,4.36510252267486,6.71122359116257,10.4237204135177,6.73993113009986,"PRRT2"
"ENSG00000100154",375.660472754571,-0.277742696394121,0.25298105970994,-1.09787940928294,0.272257150272674,0.751731801861255,350.085411831758,610.549761027352,297.129333921824,422.883473440936,360.769479804317,294.424397364985,344.843099291314,424.72457869786,250.169289924425,401.025902240942,"TTC28"
"ENSG00000122970",99.1850937114482,-0.319093801308931,0.290676336027901,-1.0977632567871,0.272307879730033,0.751731801861255,147.964276271434,68.8492283711694,118.85173356873,114.097039943379,90.8808613247515,74.3300937609961,90.794132471637,59.4422660931542,101.110088011122,125.53121729811,"IFT81"
"ENSG00000215421",55.6707465188609,-0.344164083169123,0.313576075216711,-1.09754573250294,0.272402900590233,0.751731801861255,50.2885121968271,93.5310272212113,68.5048186541983,43.4655390260491,52.3253443990994,54.0582500079972,41.9049842176786,32.5973717285039,63.5846945224579,56.4469232145864,"ZNF407"
"ENSG00000248275",70.8155758778637,0.434100398341144,0.395543954367957,1.09747701500026,0.272432923086499,0.751731801861255,43.5189047857157,29.8779670289981,61.9019445670466,97.7974628086104,96.3887923141304,80.1220491189958,99.5243375169867,107.379577458601,38.5677655300155,53.0769576495364,"TRIM52-AS1"
"ENSG00000135632",213.544044231972,-0.232509355275266,0.211858506387329,-1.09747472140761,0.272433925190148,0.751731801861255,271.751383217469,275.396913484678,236.052748615671,155.751514843343,181.761722649503,231.678214319988,194.683572511299,195.584230371023,207.432036229002,185.348106077746,"SMYD5"
"ENSG00000151148",445.664516854758,-0.215952437544852,0.196785060724153,-1.09740260134669,0.272465436769686,0.751731801861255,447.761175906364,578.073709908875,507.595945449782,411.111556621381,530.138357727717,453.703169709976,355.319345345733,328.849955966966,416.948816540708,427.143135370079,"UBE3B"
"ENSG00000178726",22.9164834543956,-0.83612363628824,0.762194113462259,-1.09699566228629,0.272643288304259,0.751911401181535,29.0126031904772,37.6722192974323,47.8708371318494,9.96085269346958,5.50793098937888,22.2024955389988,2.61906151360491,4.79373113654469,59.4152063570509,10.1098966951498,"THBD"
"ENSG00000061936",278.306033768524,-0.342135331284505,0.311940797754826,-1.09679571812024,0.272730702415712,0.751925918034901,186.64774719207,275.396913484678,263.289604225172,548.752430203869,294.67430793177,222.990281282988,312.54134062352,283.788883283446,218.898128683872,176.080700773859,"SFSWAP"
"ENSG00000001561",15.1447445832531,0.957250526866946,0.87284718057349,1.09669888174239,0.272773045455396,0.751925918034901,12.5721280492068,7.79425226843427,14.8564666960912,3.62212825217076,2.75396549468944,7.7226071439996,9.60322554988468,16.2986858642519,2.08474408270354,74.1392424310985,"ENPP4"
"ENSG00000159685",104.637280924842,0.33616085358148,0.30654918467733,1.09659679550386,0.272817688938358,0.751925918034901,143.128842406354,77.9425226843427,92.440237220123,47.9931993412625,101.896723303509,115.839107159994,110.873604075941,137.100710505178,132.381249251675,86.7766133000358,"CHCHD6"
"ENSG00000196428",463.812892253274,-0.308410853060307,0.281403864373227,-1.09597234475523,0.27309087720597,0.752523353160336,390.703056298426,680.69803144326,408.552834142508,617.572866995114,568.693874653369,348.482647372982,273.255417919446,338.437418240055,438.838629409095,572.894146058489,"TSC22D2"
"ENSG00000187742",266.230867193574,-0.325232552943684,0.296850879917952,-1.09560919284988,0.273249836977779,0.752805840894989,264.981775806358,184.463970352945,286.399663530202,474.498801034369,282.281463205668,273.187227718986,285.477704982936,199.419215280259,261.635382379294,149.963467644722,"SECISBP2"
"ENSG00000074855",20.7875531219355,-0.525150261137092,0.479551105651388,-1.09508716578552,0.273478450811988,0.753221774530666,19.3417354603181,33.7750931632152,9.90431113072746,38.9378787108356,16.5237929681366,20.2718437529989,12.2222870634896,11.5049547277073,30.2287891992013,15.1648450427247,"ANO8"
"ENSG00000119950",1043.25037571922,0.237342590192072,0.216820997427702,1.09464762641918,0.273671041784253,0.753221774530666,948.712124328603,1040.53267783598,1108.45748738058,670.999258714633,1317.7724892089,954.707308176951,1260.6416085485,1217.60770868235,798.456983675455,1114.61611064027,"MXI1"
"ENSG00000145439",72.582195014746,-0.338077080581823,0.308849304809043,-1.09463442305901,0.273676828474621,0.753221774530666,128.622540811115,48.0645556553447,81.7105668285016,73.3480971064578,53.7023271464441,60.8155312589968,56.7463327947731,66.1534896843167,65.6694386051615,90.9890702563482,"CBR4"
"ENSG00000051180",40.8969808293337,-0.665571055363887,0.608037999555508,-1.09462082279469,0.273682789205227,0.753221774530666,48.3543386507953,81.8396488185599,58.6005075234708,21.7327695130245,12.3928447261025,65.6421607239966,13.0953075680246,8.62871604578044,70.8812988119203,27.8022159116619,"RAD51"
"ENSG00000103404",142.288942029452,-0.394682377879552,0.360565686555268,-1.09461990587686,0.273683191075625,0.753221774530666,137.326321768259,219.538105560899,131.232122482139,176.578752293324,123.928447261025,204.649089315989,69.8416403627977,88.2046529124223,194.923571732781,76.666716604886,"USP31"
"ENSG00000185250",22.1503054883366,0.425819531069435,0.389078260227365,1.09443156968112,0.273765744363071,0.753277664092902,15.4733883682545,16.8875465816076,25.5861370877126,15.3940450717257,20.6547412101708,31.8557544689983,20.9524921088393,35.4736104104307,15.6355806202765,23.5897589553495,"PPIL6"
"ENSG00000135999",263.864355208441,-0.212911991556335,0.194561729149462,-1.09431588877778,0.273816459137916,0.753277664092902,315.270288003185,280.593081663634,311.985800617915,240.871528769355,302.936204415838,276.083205397986,203.413777556648,219.552886053747,273.101474834164,214.835304771933,"EPC2"
"ENSG00000105559",533.364940114379,0.49468539650652,0.4522866536307,1.09374307761564,0.274067675482232,0.753813278594872,524.161030974621,702.781746203824,284.748945008415,201.93365005852,1020.34421578244,255.811361644987,1007.46566223336,552.237826929948,284.567567289033,499.597395018652,"PLEKHA4"
"ENSG00000168216",129.243175561977,0.289780315584448,0.264995974554632,1.09352723591922,0.274162377468254,0.753881049904246,117.017499534925,74.0453965501256,122.153170612305,142.168533897702,130.813360997748,139.972254484993,134.445157698386,159.151873733284,90.6863675976039,181.978140512696,"LMBRD1"
"ENSG00000132326",63.9153959514387,-0.40847003588858,0.373567861941167,-1.09342927350884,0.274205366505623,0.753881049904246,47.3872518777794,142.894624921295,50.3469149145313,60.6706482238602,50.9483616517546,85.9140044769955,45.3970662358185,44.1023264562111,54.203346150292,57.2894146058489,"PER2"
"ENSG00000138382",313.670533603276,0.205710753443008,0.188204446995453,1.09301749627615,0.274386117880921,0.754202955379633,347.18415151271,245.51894645568,311.160441357021,244.493657021526,315.329049141941,334.002758977983,389.367145022597,339.396164467364,339.813285480677,270.439736595257,"METTL5"
"ENSG00000160445",662.258397435352,0.294693847008658,0.269642714085995,1.0929049131091,0.274435550907802,0.754202955379633,594.758365404782,784.621395022384,571.973967799511,381.228998540972,977.657750614751,616.843245626968,907.94132471637,600.175138295395,480.533511063166,706.850277269223,"ZER1"
"ENSG00000122481",39.0110442554699,-0.363915956794134,0.333114439680712,-1.09246527152334,0.274628647030616,0.75442718185395,45.4530783317476,24.6817988500419,39.6172445229098,69.725968854287,33.0475859362733,29.9251026829984,33.1747791723289,44.1023264562111,37.5253934886637,32.8571642592368,"RWDD3"
"ENSG00000260992",7.34492706297768,0.82160805876588,0.752070446401893,1.09246156752559,0.274630274267146,0.75442718185395,6.76960741111134,3.89712613421714,6.60287408715164,2.71659618912807,13.7698274734472,11.5839107159994,9.60322554988468,6.71122359116257,0,11.7948794776748,"DOCK9-AS2"
"ENSG00000115310",3268.49688904803,0.235733542119826,0.215809623560013,1.09232173353137,0.274691710812045,0.754440557475338,3013.44238471756,2527.93581906218,3010.91058374115,3263.53755520585,2314.70799828647,2961.61983972385,3179.54067751637,4551.16834103553,3967.26798938483,3894.83770180646,"RTN4"
"ENSG00000146576",154.300085978393,0.21232535097545,0.194465096013816,1.09184298533638,0.27490212154244,0.754863000825926,162.470577866672,132.502288563383,139.485715091078,128.585552952062,190.023619133571,159.278772344992,191.191490493159,156.275635051357,132.381249251675,150.805959035984,"C7orf26"
"ENSG00000131828",208.88352412786,-0.291229516389504,0.266822241389411,-1.09147391489179,0.275064403791137,0.755065097085865,278.520990628581,210.444811247725,217.06948561511,232.721740201971,137.698274734472,193.06517859999,167.619936870714,129.430740686707,293.948915661199,228.315167032133,"PDHA1"
"ENSG00000141867",936.461545767908,-0.306293571528749,0.280659817230566,-1.09133389507314,0.275125988362855,0.755065097085865,891.654004720665,1756.30484448719,850.120038720774,734.386503127621,1050.63783622402,872.654607271955,938.497042375094,835.067963986085,868.295910446024,566.996706319651,"BRD4"
"ENSG00000136295",951.929930133328,-0.281044254972326,0.257560302545512,-1.09117846265406,0.275194362842933,0.755065097085865,1160.50412761909,996.365248314848,675.969234672149,1426.21299929224,1231.02257612618,933.470138530952,728.099100782166,932.860079171597,773.440054683013,661.355742141049,"TTYH3"
"ENSG00000198918",2812.50749657235,0.340446088702223,0.312033181606035,1.09105732585857,0.275247658772832,0.755065097085865,1798.78139780958,1919.98414212431,2560.26442729305,3421.10013417528,3209.74678406054,2276.23845569388,3899.78259375772,4321.06924648138,3234.48044431454,1483.62734001323,"RPL39"
"ENSG00000138802",216.701435256848,-0.262883391141671,0.240949289572764,-1.09103202423962,0.275258791484702,0.755065097085865,193.417354603181,228.631399874072,237.703467137459,302.447709056258,229.956118806568,208.510392887989,126.587973157571,170.656828460991,240.787941552259,228.315167032133,"SEC24B"
"ENSG00000110455",46.7800151695051,-0.607799408152776,0.557293676055862,-1.09062678129484,0.275437140253161,0.755198532116992,37.7163841476203,20.7846727158247,33.0143704357582,143.979598023788,28.9166376942391,16.4105401809991,38.4129021995387,75.7409519574061,45.8643698194779,26.9597245203995,"ACCS"
"ENSG00000144659",278.86908013284,0.223575832297012,0.205044320304455,1.09037808004163,0.27554663354242,0.755198532116992,239.837519707945,263.705535082026,293.827896878248,215.51663100416,360.769479804317,224.920933068988,356.192365850268,287.623868192681,291.864171578495,254.43240016127,"SLC25A38"
"ENSG00000088756",45.0994174407379,-0.499574746182259,0.458222965498971,-1.0902437978818,0.275605764992442,0.755198532116992,64.7948137920657,29.8779670289981,51.1722741754252,72.4425650434151,37.1785341783074,16.4105401809991,16.5873895861645,62.318504775081,65.6694386051615,34.5421470417618,"ARHGAP28"
"ENSG00000173818",177.811973415854,0.250019113742963,0.229344034651606,1.09014875456763,0.275647622761215,0.755198532116992,152.799710136513,177.968760129249,143.612511395548,164.806835473769,201.039481112329,154.452142879992,217.382105629208,261.73772005534,145.932085789248,158.388381557347,"ENDOV"
"ENSG00000167272",150.482619609011,0.28331036686898,0.259886223305722,1.09013230199472,0.275654869034699,0.755198532116992,153.766796909529,127.306120384426,164.246492917897,86.9310780520981,155.599050449953,188.23854913499,178.969203429669,168.739336006373,178.245619071153,102.783949734023,"POP5"
"ENSG00000132300",182.814976138475,-0.404711251889738,0.371306017364893,-1.08996685473055,0.275727744869837,0.755198532116992,164.404751412704,107.820489713341,144.437870656442,440.088582638747,119.797499018991,139.972254484993,149.28650627548,185.996768097934,187.626967443319,188.718071642796,"PTCD3"
"ENSG00000145217",14.9466210740806,-0.546257364195242,0.501202901573298,-1.08989266119673,0.275760429737553,0.755198532116992,13.5392148222227,25.9808408947809,16.5071852178791,18.1106412608538,5.50793098937888,16.4105401809991,7.85718454081474,21.0924170007966,17.7203247029801,6.73993113009986,"SLC26A1"
"ENSG00000141449",50.9478417819671,0.86293026541767,0.792570723297065,1.0887738343752,0.276253632873306,0.756393903024282,26.1113428714294,71.4473124606475,19.8086222614549,19.9217053869392,16.5237929681366,39.5783616129979,36.6668611904688,141.894441641723,1.04237204135177,136.483605384522,"GREB1L"
"ENSG00000088451",70.2717849956893,-0.319271707667174,0.293296776947576,-1.08856193712705,0.276347109483214,0.75649454006109,87.0378095714315,49.3635977000837,75.9330520022439,105.947251375995,57.8332753884782,73.3647678679962,66.3495583446578,47.9373113654469,87.5592514735486,51.3919748670115,"TGDS"
"ENSG00000128881",176.673182614201,-0.269874237173431,0.248030336065748,-1.08806947349333,0.276564438786461,0.756738543940707,164.404751412704,184.463970352945,163.421133657003,274.376215101935,190.023619133571,193.06517859999,110.873604075941,158.193127505975,145.932085789248,181.978140512696,"TTBK2"
"ENSG00000177599",10.8239826557347,-0.581755995168729,0.534770869517884,-1.08786029368654,0.276656787248731,0.756738543940707,11.6050412761909,7.79425226843427,9.90431113072746,24.4493657021526,11.0158619787578,11.5839107159994,9.60322554988468,3.83498490923575,8.33897633081416,10.1098966951498,"ZNF491"
"ENSG00000134153",195.290101718573,0.338612406037764,0.311275667357911,1.08782163704566,0.276673855639253,0.756738543940707,146.030102725402,102.624321534385,144.437870656442,280.714939543234,134.944309239783,232.643540212988,264.525212874096,262.696466282649,193.881199691429,190.403054425321,"EMC7"
"ENSG00000011332",22.2095216139023,-0.668980439286724,0.614994087315507,-1.08778353009355,0.276690682023621,0.756738543940707,14.5063015952386,53.2607238343009,28.0622148703945,19.0161733238965,4.13094824203416,45.3703169709976,11.3492665589546,9.58746227308938,25.0169289924425,11.7948794776748,"DPF1"
"ENSG00000169155",138.363719368501,-0.323052629548624,0.297030619946683,-1.08760716186975,0.276768567699287,0.756738543940707,102.511197939686,163.67929763712,119.677092829623,243.588124958483,107.404654292888,135.145625019993,82.0639274262873,142.853187869032,137.593109458434,149.12097625346,"ZBTB43"
"ENSG00000221852",566.0801171798,0.837891818213315,0.770412335648869,1.08758878777248,0.276776682712962,0.756738543940707,484.510473280969,736.556839367039,276.495352399475,40.748942836921,626.527150041847,394.81829023698,1093.89469218232,534.021648611078,130.296505168971,1342.9312776724,"KRTAP1-5"
"ENSG00000130826",353.232382948027,-0.263671647547158,0.242550306348755,-1.08708024952165,0.277001345579394,0.757160940522075,457.432043636523,346.844225945325,477.8830120576,287.959196047575,290.543359689736,393.85296434398,372.779755436433,212.841662462584,380.465795093396,311.721814767119,"DKC1"
"ENSG00000184304",308.506627109956,0.206241425288884,0.189737644935604,1.0869821081572,0.277044716933923,0.757160940522075,269.817209671438,285.78924984259,287.225022791096,286.14813192149,366.277410793695,289.597767899985,249.683864297002,384.457237150884,380.465795093396,285.604581637982,"PRKD1"
"ENSG00000174028",37.6978064878935,0.542358926384561,0.499389020196584,1.08604495583636,0.277459103245148,0.757828043846972,39.6505576936521,28.578924984259,30.5382926530763,19.9217053869392,23.4087067048602,23.1678214319988,18.3334305952344,77.658444412024,32.3135332819049,83.4066477349858,"FAM3C2"
"ENSG00000126001",262.950714340537,-0.364786816158211,0.335951695406575,-1.08583115116219,0.277553701665749,0.757828043846972,250.47547421112,345.545183900586,157.643618830745,460.915820088729,329.098876615388,186.30789734899,312.54134062352,147.646919005576,186.584595401967,252.747417378745,"CEP250"
"ENSG00000164338",50.353584545123,-0.388047199193915,0.357388725396248,-1.08578466979806,0.277574270369784,0.757828043846972,54.1568592888907,48.0645556553447,48.6961963927434,84.2144818629701,20.6547412101708,51.1622723289973,36.6668611904688,36.4323566377396,55.2457181916438,68.2418026922611,"UTP15"
"ENSG00000159082",51.1624936413688,-0.348066754886902,0.320587871251399,-1.08571404628703,0.277605524324517,0.757828043846972,53.1897725158748,71.4473124606475,55.299070479895,55.237455845604,44.063447915031,56.954227686997,23.5715536224442,34.5148641831218,58.3728343156991,58.9743973883738,"SYNJ1"
"ENSG00000130023",117.935939140668,-0.366555459749648,0.33766622109743,-1.085555607423,0.277675649085959,0.757828043846972,112.182065669845,94.8300692659503,87.4880816547592,249.926849399782,121.174481766335,104.255196443995,121.349850130361,119.843278413617,100.06771596977,68.2418026922611,"ERMARD"
"ENSG00000186854",19.1827481595132,0.860108871716026,0.792336293002279,1.08553511849993,0.277684718327897,0.757828043846972,15.4733883682545,7.79425226843427,9.90431113072746,18.1106412608538,22.0317239575155,23.1678214319988,5.23812302720983,16.2986858642519,72.9660428946239,0.842491391262483,"TRABD2A"
"ENSG00000104679",271.092764387641,0.254830865129174,0.234878271197502,1.08494865800036,0.277944395441452,0.757828043846972,316.237374776201,254.612240768853,214.593407832428,186.539604986794,337.360773099456,274.152553611986,390.240165527132,239.686556827235,243.915057676314,253.589908770007,"R3HCC1"
"ENSG00000107643",308.219975995121,-0.272583421353923,0.251240931647153,-1.08494829869817,0.277944554586466,0.757828043846972,299.796899634931,270.200745305722,350.777685879931,452.766031521344,315.329049141941,376.477098269981,213.017003106533,221.470378508365,348.152261811491,234.21260677097,"MAPK8"
"ENSG00000125534",4386.72986506867,0.448467978349049,0.413357939473637,1.08493858596286,0.277948856652817,0.757828043846972,3493.11742413345,5033.7879233638,4542.77737196033,1328.41553648362,4027.67453598331,3137.30915224984,6724.87694643288,9099.46044338913,2527.75220027804,3952.12711641231,"PPDPF"
"ENSG00000116663",65.4702289266059,0.359583100392037,0.331501621804323,1.08470992821957,0.278050149229511,0.757828043846972,81.2352889333361,33.7750931632152,58.6005075234708,49.8042634673479,70.2261201145807,40.5436875059979,89.0480914625671,88.2046529124223,57.3304622743473,85.9341219087733,"FBXO6"
"ENSG00000070814",151.088258881629,-0.252767591775478,0.233048194245084,-1.08461510544749,0.278092161925243,0.757828043846972,130.556714357147,211.743853292464,157.643618830745,170.240027852026,119.797499018991,174.723986632991,149.28650627548,99.7096076401295,143.847341706544,153.333433209772,"TCOF1"
"ENSG00000185420",342.623713997687,0.308517232273852,0.284456519321321,1.08458485328421,0.278105566523278,0.757828043846972,378.130928249219,209.145769202986,390.394930402841,220.949823382416,268.51163573222,330.141455405983,563.098225425056,310.633777648096,414.864072458004,340.366522070043,"SMYD3"
"ENSG00000141503",601.987385565778,-0.261793909116458,0.241379128626875,-1.08457558284229,0.278109674302605,0.757828043846972,608.297580227005,869.059127930422,592.60794932186,603.989886049474,802.780941701972,522.241308112973,472.304092953419,371.993536195868,586.855459281046,589.743973883738,"MINK1"
"ENSG00000109472",217.614924326668,0.888243724849732,0.819223225278067,1.08425115089753,0.278253457740456,0.757828043846972,125.721280492068,15.5885045368685,92.440237220123,342.291119830136,137.698274734472,207.545066994989,302.938115073635,623.18504775081,44.8219977781261,283.919598855457,"CPE"
"ENSG00000113273",425.749492010903,0.234709660774265,0.21647350878651,1.08424195685644,0.278257533140529,0.757828043846972,325.90824250636,449.46854747971,327.6676265749,437.371986449619,459.912237613136,473.975013462975,310.79529961445,579.082721294599,423.203048788818,470.110196324466,"ARSB"
"ENSG00000095574",193.797947762959,-0.233910147110727,0.215779825630742,-1.08402231963526,0.278354902793578,0.757828043846972,184.713573646038,193.557264666118,219.545563397792,252.64344558891,205.170429354363,211.406370566989,140.55630123013,139.976949187105,212.643896435761,177.765683556384,"IKZF5"
"ENSG00000148655",20.0223909804612,0.719047438269156,0.663335715981356,1.08398721936053,0.278370465608883,0.757828043846972,11.6050412761909,3.89712613421714,7.4282333480456,34.4102183956222,34.424568683618,13.5145625019993,46.2700867403535,24.9274019100324,5.21186020675885,18.5348106077746,"LRMDA"
"ENSG00000142208",2401.38469818038,0.216591933134758,0.199814570261674,1.08396466209202,0.278380467398814,0.757828043846972,2017.34300851118,2655.24193944661,2412.52511959303,1669.80112425072,2999.0684237168,2919.14550043185,2549.21987324212,2593.40854487068,2231.71854053414,1966.37490720664,"AKT1"
"ENSG00000149925",12603.5438745032,0.185671249628048,0.171304981106321,1.0838636940324,0.27842523917299,0.757828043846972,10996.7436959639,13378.8340187674,12269.7907724495,9930.97013538917,15318.93306421,11748.9814437024,14934.7617710798,14480.9030172742,11124.1944253061,11851.3264008893,"ALDOA"
"ENSG00000211450",391.160711110714,0.314189416819792,0.290022025711456,1.08332950247158,0.278662194672638,0.758311808591906,419.715659488903,380.61931910854,400.299241533568,164.806835473769,513.614564759581,376.477098269981,532.542507766332,447.734488153274,294.991287702551,380.806108850642,"SELENOH"
"ENSG00000240583",26.1547363314425,0.577201286172582,0.532875458711995,1.08318233976796,0.27872749687446,0.758311808591906,21.2759090063499,14.2894624921295,9.07895186983351,36.2212825217076,20.6547412101708,17.3758660739991,19.2064510997694,53.6897887293005,16.6779526616283,53.0769576495364,"AQP1"
"ENSG00000059122",325.442661550484,-0.253609249537215,0.234230648104405,-1.08273298814497,0.278926957271153,0.758311808591906,329.776589598424,539.102448566704,269.892478312323,304.258773182344,308.444135405217,324.349500047983,321.271545668869,337.478672012746,241.830313593611,278.022159116619,"FLYWCH1"
"ENSG00000152465",613.20730729661,0.308628695179035,0.285048890301965,1.08272196693027,0.278931850641392,0.758311808591906,508.687642606366,748.24821776969,586.005075234708,304.258773182344,563.18594366399,748.127567074961,866.036340498691,708.513461981305,410.694584292597,688.315466661449,"NMT2"
"ENSG00000164985",361.564918435077,-0.254887576632237,0.235441063900765,-1.08259609606448,0.278987740886841,0.758311808591906,516.424336790493,370.226982750628,423.409300838599,292.486856362789,227.202153311879,383.23437952098,356.192365850268,303.922554056933,419.033560623411,323.516694244794,"PSIP1"
"ENSG00000129646",49.6868441646008,-0.543149173230522,0.501711100789337,-1.08259349329921,0.278988896669045,0.758311808591906,31.9138635095249,46.7655136106057,24.7607778268187,141.263001834659,34.424568683618,43.4396651849978,51.5082097675633,49.8548038200648,55.2457181916438,17.6923192165121,"QRICH2"
"ENSG00000116786",1592.47341562308,0.258547476525709,0.238828309764952,1.0825662869706,0.279000978088062,0.758311808591906,1260.11406523972,1739.41729790558,1621.83094765662,1077.5831550208,2234.84299894048,1411.30645556593,2249.77384018662,1391.14077582527,1358.21076988136,1580.51385000842,"PLEKHM2"
"ENSG00000111057",76.0774930263464,1.57203255076125,1.45243549282841,1.08234242313918,0.279100402025493,0.758313950578934,14.5063015952386,3.89712613421714,23.9354185659247,96.8919307455677,5.50793098937888,56.954227686997,184.207326456879,16.2986858642519,358.575982225009,0,"KRT18"
"ENSG00000164162",80.1479051807919,0.294713059477496,0.272331587640031,1.08218463392887,0.27917049492551,0.758313950578934,95.7415905285746,54.5597658790399,85.0120038720774,46.1821352151771,97.7657750614751,92.6712857279952,80.3178864172174,79.5759368666419,71.9236708532721,97.729001386448,"ANAPC10"
"ENSG00000138459",235.858790786576,0.202930747658586,0.187520243828521,1.08218048097333,0.279172339907218,0.758313950578934,225.331218112706,176.66971808451,212.117330049746,249.926849399782,240.971980785326,260.637991109987,199.048675033973,295.293838011153,240.787941552259,257.80236572632,"SLC35A5"
"ENSG00000196388",43.1729583296362,-0.378612375735546,0.349942769931279,-1.08192655561907,0.279285163907235,0.758465939937039,45.4530783317476,41.5693454316495,31.3636519139703,81.497885673842,46.8174134097205,32.8210803619983,24.4445741269792,43.1435802289022,45.8643698194779,38.7546039980742,"INCA1"
"ENSG00000100842",141.611252996353,-0.437832629857345,0.404880073255084,-1.0813884376609,0.279524362698453,0.758960998637881,54.1568592888907,284.490207797851,170.024007744155,163.901303410727,115.666550776956,115.839107159994,133.572137193851,190.790499234479,121.957528838157,65.7143285184737,"EFS"
"ENSG00000068912",664.692186687349,0.238399516220054,0.220678430086985,1.08030275603322,0.280007382838451,0.760117741688667,642.145617282561,392.310697511192,557.942860364314,805.923536107993,791.765079723214,621.669875091968,740.321387845656,807.264323394126,629.592712976469,657.985776575999,"ERLEC1"
"ENSG00000250182",166.207168421575,0.536123422552157,0.496404497721214,1.08001322512845,0.280136290977354,0.760312924860598,63.8277270190498,62.3540181474742,190.657989266504,205.55577831069,287.789394195046,111.012477694994,144.04838324827,214.759154917202,327.304820984456,54.7619404320614,"EEF1A1P13"
"ENSG00000128641",1669.69047172957,-0.211171422248128,0.195565608032846,-1.07979835704375,0.280231982974367,0.760333224430302,1744.62453852069,1942.06785688487,1440.25191025995,2147.01652147422,1332.91929942969,1574.44653148292,1190.7999681857,1723.82571670147,1784.54093479423,1816.41143956191,"MYO1B"
"ENSG00000160062",69.9295064692809,-0.289603244735713,0.268244817324705,-1.07962288935914,0.280310144382632,0.760333224430302,76.3998550682565,48.0645556553447,89.9641594374411,98.7029948716531,52.3253443990994,71.4341160819963,58.4923738038431,75.7409519574061,70.8812988119203,57.2894146058489,"ZBTB8A"
"ENSG00000165879",20.7699618302813,0.597318828236292,0.55347331054825,1.07921884732727,0.280490179666792,0.760333224430302,24.1771693253976,16.8875465816076,20.6339815223489,1.81106412608538,31.6706031889286,17.3758660739991,23.5715536224442,35.4736104104307,12.5084644962212,23.5897589553495,"FRAT1"
"ENSG00000102878",18.903845678299,-0.952718173787711,0.882829787220659,-1.07916405583354,0.280514600009703,0.760333224430302,9.67086773015905,9.09329431317332,4.12679630446978,83.3089497999274,26.1626721995497,0.96532589299995,16.5873895861645,25.8861481373413,3.12711612405531,10.1098966951498,"HSF4"
"ENSG00000105227",86.3604130732167,0.35334749327505,0.327427423617359,1.07916279391424,0.280515162458947,0.760333224430302,83.1694624793679,105.222405623863,77.5837705240318,30.7880901434514,111.535602534922,87.8446562629954,98.6513170124517,115.049547277073,81.305019225438,72.4542596485736,"PRX"
"ENSG00000133226",412.509613863036,-0.28235687570014,0.261659429484406,-1.07910070833877,0.280542835526844,0.760333224430302,335.579110236519,478.047472463969,311.985800617915,721.709054245023,340.114738594146,394.81829023698,369.287673418293,463.074427790217,383.592911217451,326.886659809843,"SRRM1"
"ENSG00000174243",272.759793055009,-0.241463768710725,0.223901172285121,-1.07843905525979,0.28083786574635,0.76080793410723,232.100825523817,340.34901572163,293.827896878248,336.85792745188,240.971980785326,250.019406286987,275.874479433051,178.326798279462,239.745569510907,339.524030678781,"DDX23"
"ENSG00000175309",290.55058729835,-0.401233573434237,0.372089946523737,-1.07832414496219,0.280889125556272,0.76080793410723,247.574213892072,252.014156679375,194.784785570973,665.566066336376,283.658445953012,186.30789734899,321.271545668869,362.406073922779,229.321849097389,162.600838513659,"PHYKPL"
"ENSG00000116747",299.841896968184,-0.284229052999812,0.263629503053128,-1.0781382573199,0.28097206077481,0.760851024430025,287.224771585724,453.365673613927,331.79442287937,272.565150975849,195.53155012295,308.904285759984,179.842223934204,281.871390828828,341.89802956338,345.421470417618,"TROVE2"
"ENSG00000179151",195.983587208088,-0.222380853720656,0.206283945388828,-1.07803277323151,0.281019130714726,0.760851024430025,209.857829744451,232.528526008289,184.055115179352,230.910676075886,203.793446607019,201.75311163699,175.477121411529,125.595755777471,214.728640518465,181.135649121434,"EDC3"
"ENSG00000105321",113.957119234668,-0.293480460990515,0.272294268871015,-1.07780623590552,0.281120236075039,0.760970283850781,80.2682021603202,148.090793100251,119.677092829623,163.901303410727,137.698274734472,116.804433052994,101.270378526057,72.8647132754793,106.321948217881,92.6740530388731,"CCDC9"
"ENSG00000183077",190.673825269057,0.228467418690963,0.21207300381934,1.07730552487288,0.281343794874633,0.761145712752586,169.240185277783,198.753432845074,181.57903739667,142.168533897702,238.218015290637,210.441044673989,221.747208151883,225.3053634176,144.889713747896,174.395717991334,"AFMID"
"ENSG00000132383",278.763193866714,-0.317079769635627,0.294334312415212,-1.07727762704176,0.28135625432033,0.761145712752586,270.784296444454,429.982916808624,364.808793315128,200.122585932434,216.186291333121,272.221901825986,176.350141916064,183.120529416007,321.050588736345,353.00389293898,"RPA1"
"ENSG00000027697",92.7860086073457,0.482582525553171,0.448102907480348,1.07694575843459,0.281504498826276,0.76131006063393,84.1365492523838,23.3827568053028,47.8708371318494,143.979598023788,64.7181891252018,112.943129480994,167.619936870714,117.925785958999,66.7118106465133,98.5714927777105,"IFNGR1"
"ENSG00000111696",41.2247013280783,-0.430744138503201,0.400036509083595,-1.07676206726719,0.281586575789437,0.76131006063393,29.0126031904772,77.9425226843427,41.2679630446978,47.9931993412625,17.9007757154814,53.0929241149972,26.1906151360491,26.8448943646503,44.8219977781261,47.1795179106991,"NT5DC3"
"ENSG00000144381",1033.22927258164,-0.208690942567315,0.193833503612684,-1.07665052056387,0.281636425056467,0.76131006063393,1143.0965657048,965.188239241111,1309.84514703871,1077.5831550208,830.320596648866,1042.55196443995,963.814637006608,748.780803528281,1269.60914636646,981.502470820793,"HSPD1"
"ENSG00000197852",168.003000163084,0.433487297473288,0.402644380735122,1.07660088707026,0.281658607764648,0.76131006063393,192.450267830165,120.810910160731,158.468978091639,83.3089497999274,198.28551561764,82.0527009049957,329.128730209684,135.18321805056,269.974358710108,110.366372255385,"FAM212B"
"ENSG00000099284",84.0018918390428,-0.321878482123809,0.299003830911371,-1.07650287002249,0.281702418027176,0.76131006063393,137.326321768259,93.5310272212113,92.440237220123,57.9540520347321,110.158619787578,68.5381384029965,82.9369479308223,57.5247736385363,64.6270665638097,74.981733822361,"H2AFY2"
"ENSG00000160446",204.236183552245,0.302758652430399,0.281318321589193,1.07621377349363,0.281831661197572,0.761505037559161,150.865536590481,229.930441918811,230.275233789413,105.947251375995,247.85689452205,172.793334846991,294.207910028285,243.52154173647,178.245619071153,188.718071642796,"ZDHHC12"
"ENSG00000258405",7.98986822550039,-0.741052368438955,0.688667091128652,-1.07606763556024,0.281897008761658,0.76152732547179,6.76960741111134,14.2894624921295,5.77751482625769,15.3940450717257,4.13094824203416,7.7226071439996,4.36510252267486,0.958746227308938,14.5932085789248,5.89743973883738,"ZNF578"
"ENSG00000241990",35.6045044996663,0.350464808009398,0.325761936953069,1.07583105407397,0.282002821176049,0.761658895509308,35.7822106015885,20.7846727158247,33.8397296966522,31.6936222064941,24.785689452205,33.7864062549982,48.8891482539584,52.7310425019916,37.5253934886637,36.2271298242868,"PRR34-AS1"
"ENSG00000156482",5874.4426610076,0.308756974529639,0.287071788944635,1.07553924286579,0.282133372498434,0.761857215835517,4891.52489791445,4020.53512846735,5051.19867667101,6590.46235482469,7658.77804073133,4827.59479089275,8447.34640188038,8479.15163432025,5403.65666236757,3374.17802200624,"RPL30"
"ENSG00000196417",49.3459979011785,-0.359897025304726,0.334673805182656,-1.07536658002948,0.282210638183258,0.761911595435245,50.2885121968271,74.0453965501256,67.6794593933043,36.2212825217076,34.424568683618,62.7461830449967,37.5398816950038,27.8036405919592,47.9491139021814,54.7619404320614,"ZNF765"
"ENSG00000165669",484.677171043128,0.207654773618255,0.193168378622369,1.07499361489287,0.282377587032749,0.762208030409992,528.9964648397,396.207823645409,515.024178797828,333.23579919971,465.420168602515,563.750321511971,511.590015657493,455.404457971746,591.024947446453,486.117532758453,"FAM204A"
"ENSG00000111641",112.611730378699,-0.469468520462611,0.436818070557032,-1.07474610623124,0.282488415272925,0.762250130735663,77.3669418412724,75.3444385948647,73.456974219562,314.219625875813,79.8649993459938,110.047151801994,132.699116689316,64.2359972296989,96.9405998457146,101.94145834276,"NOP2"
"ENSG00000089472",64.4125433086928,-0.525977310962499,0.489416201112228,-1.07470351362947,0.282507490157186,0.762250130735663,79.3011153873043,23.3827568053028,43.7440408273796,168.42896372594,75.7340511039596,31.8557544689983,77.6988249036124,61.359758547772,35.4406494059602,47.1795179106991,"HEPH"
"ENSG00000260916",84.4970358062053,0.510685089936823,0.475383035426777,1.07426023202186,0.282706063447416,0.762570445664129,59.9593799269861,19.4856306710857,52.8229926972131,136.735341519446,46.8174134097205,66.6074866169966,132.699116689316,150.523157687503,74.0084149359756,105.31142390781,"CCPG1"
"ENSG00000141577",54.5573320850811,-0.290148248611165,0.270110570040067,-1.07418324491383,0.282740560381579,0.762570445664129,57.0581196079384,68.8492283711694,45.3947593491675,74.2536291695005,49.5713789044099,42.4743392919978,56.7463327947731,64.2359972296989,40.652509612719,46.3370265194366,"CEP131"
"ENSG00000123607",81.7429700224454,-0.274837063496158,0.255919306003635,-1.0739207908459,0.282858184119323,0.762589887341859,100.577024393654,68.8492283711694,90.7895186983351,104.136187249909,75.7340511039596,66.6074866169966,52.3812302720983,93.9571302762759,70.8812988119203,93.5165444301356,"TTC21B"
"ENSG00000176681",6.90539858060023,0.697803008811526,0.649776714317698,1.07391199689921,0.2828621258664,0.762589887341859,1.93417354603181,6.49521022369523,9.07895186983351,2.71659618912807,5.50793098937888,5.7919553579997,13.0953075680246,7.6699698184715,8.33897633081416,8.42491391262483,"LRRC37A"
"ENSG00000113657",503.459988177019,-0.317280800638596,0.295653137318357,-1.07315215227008,0.283202854740517,0.763039295337132,553.173634165098,857.36774952777,289.701100573778,584.973712725577,578.332753884782,395.783616129979,320.398525164334,441.023264562111,458.643698194779,555.201826841976,"DPYSL3"
"ENSG00000163344",320.594109385866,0.280076420556957,0.261056001223635,1.07285953682033,0.283334143237062,0.763039295337132,370.394234065092,276.695955529417,345.000171053673,143.979598023788,364.900428046351,382.26905362798,358.811427363873,341.313656921982,329.389565067159,293.187004159344,"PMVK"
"ENSG00000188185",26.784097203013,-0.507678768132464,0.473202334131364,-1.07285770063748,0.283334967211905,0.763039295337132,27.0784296444454,19.4856306710857,18.157903739667,65.1983085390736,31.6706031889286,19.306517859999,17.4604100906994,26.8448943646503,11.4660924548695,31.1721814767119,"LINC00265"
"ENSG00000158545",145.24971230982,-0.275743146526972,0.257072362196336,-1.07262851662123,0.283437824760169,0.763039295337132,123.787106946036,227.332357829333,122.978529873199,175.673220230282,156.976033197298,121.631062517994,138.81026022106,112.173308595146,106.321948217881,166.813295469972,"ZC3H18"
"ENSG00000177283",14.5596352594813,-0.748653143739578,0.697997601160581,-1.07257265998446,0.28346289699337,0.763039295337132,9.67086773015905,1.29904204473905,14.0311074351972,51.6153275934333,9.63887923141304,7.7226071439996,13.9683280725595,11.5049547277073,17.7203247029801,8.42491391262483,"FZD8"
"ENSG00000183726",1244.16303254131,0.317046729277994,0.295596667115843,1.07256530451253,0.28346619873816,0.763039295337132,825.892104155583,918.422725630505,1555.80220678511,1036.83421218388,932.217319952375,1296.43267429893,1808.89848539646,2025.83077830379,904.778931893336,1136.52088681309,"TMEM50A"
"ENSG00000172586",308.332378756916,0.315632982576645,0.294288737538404,1.07252824289769,0.283482835455656,0.763039295337132,346.217064739694,237.724694187245,338.397296966522,153.034918654214,304.313187163183,291.528419685985,505.478872125748,354.736104104307,321.050588736345,230.84264120592,"CHCHD1"
"ENSG00000161544",115.103335083479,0.642371155574046,0.598936275038151,1.07252003651495,0.283486519336844,0.763039295337132,40.617644466668,120.810910160731,172.500085526837,10.8663847565123,57.8332753884782,232.643540212988,176.350141916064,130.389486914016,53.1609741089403,155.860907383559,"CYGB"
"ENSG00000186889",30.6681839921012,0.469162598804353,0.437611539285322,1.07209832622457,0.28367587058021,0.763206694575947,29.9796899634931,22.0837147605638,22.2847000441368,25.3548977651953,39.9324996729969,20.2718437529989,40.1589432086087,49.8548038200648,10.4237204135177,46.3370265194366,"TMEM17"
"ENSG00000107130",1513.49804134554,0.330682534125472,0.308459513212225,1.0720451792257,0.283699740077119,0.763206694575947,1190.48381758258,2017.41229547974,1480.69451404376,555.996686708211,1879.58145012554,1446.05818771393,1548.73837504504,1928.03866311827,1284.20235494538,1803.77406869298,"NCS1"
"ENSG00000198818",298.695964301366,0.273472637185845,0.255149519102615,1.07181325737032,0.283803917247161,0.763206694575947,300.763986407947,203.94960102403,202.213018919019,354.063036649691,324.967928373354,300.216352722984,339.604976264104,364.323566377396,392.974259589617,203.882916685521,"SFT2D1"
"ENSG00000187608",104.731212332269,0.476974918876798,0.445025905080654,1.07179135738256,0.283813755859043,0.763206694575947,147.964276271434,80.5406067738208,75.1076927413499,35.3157504586649,194.154567375605,67.5728125099965,64.6035173355879,71.9059670481704,132.381249251675,177.765683556384,"ISG15"
"ENSG00000140025",67.6183665982833,0.300624958213388,0.280500600603188,1.07174443679238,0.283834835802406,0.763206694575947,59.9593799269861,62.3540181474742,81.7105668285016,33.5046863325795,66.0951718725465,76.260745546996,61.984455821983,76.699698184715,75.0507869773274,82.5641563437233,"EFCAB11"
"ENSG00000050405",1924.98844835868,-0.4238384526451,0.395555204097871,-1.07150265817317,0.283943476126258,0.763344918584138,1398.407473781,1240.58515272579,1545.07253639348,4903.45612137616,1449.96283295399,1542.59077701392,984.767129115447,1853.25645738818,2441.23532084584,1890.55068199301,"LIMA1"
"ENSG00000021762",243.11313839436,-0.252172922408119,0.235397142234266,-1.07126586166096,0.284049905084687,0.763394674506335,211.792003290483,361.133688437455,207.990533745277,296.108984614959,236.841032543292,205.614415208989,288.096766496541,218.594139826438,231.406593180093,173.553226600072,"OSBPL5"
"ENSG00000173581",142.436977224278,0.414230267150626,0.38676208799025,1.07102086790127,0.284160046742251,0.763394674506335,189.549007511117,132.502288563383,88.3134409156532,65.1983085390736,155.599050449953,91.7059598349952,268.017294892236,191.749245461788,87.5592514735486,154.175924601034,"CCDC106"
"ENSG00000008853",200.946053752348,0.266909322878321,0.249241507385214,1.07088632900057,0.284220543587813,0.763394674506335,179.878139780958,255.911282813592,167.547929961473,114.097039943379,274.019566721599,209.475718780989,200.794716043043,179.285544506771,200.13543193954,228.315167032133,"RHOBTB2"
"ENSG00000163964",236.046771201131,0.298405971114263,0.27865613764584,1.07087528606143,0.284225509549776,0.763394674506335,305.599420273026,126.007078339687,182.404396657564,215.51663100416,163.860946934022,296.355049150985,256.668028333282,313.510016330023,255.381150131184,245.164994857383,"PIGX"
"ENSG00000205268",161.859794251861,-0.356347303741901,0.332905123089948,-1.0704170018003,0.284431649790002,0.763394674506335,145.063015952386,142.894624921295,123.803889134093,333.23579919971,154.222067702609,132.249647340993,189.445449484089,184.079275643316,99.0253439284181,114.578829211698,"PDE7A"
"ENSG00000197283",194.192748700803,-0.348242577338729,0.325367694301026,-1.07030471506043,0.284482172767906,0.763394674506335,167.306011731752,242.920862366202,174.150804048625,306.069837308429,307.067152657872,187.27322324199,169.365977879784,163.945604869828,108.406692300584,115.42132060296,"SYNGAP1"
"ENSG00000100650",861.246967123167,-0.340400243114749,0.31808800921585,-1.07014484435896,0.284554116439989,0.763394674506335,959.350078831778,575.475625819397,645.430942019073,1761.25986261803,870.253096321863,705.653227782963,792.702618117754,720.977162936321,571.21987866077,1010.14717812372,"SRSF5"
"ENSG00000166922",152.006461156756,0.523055937494066,0.488779593103375,1.07012638185867,0.284562425572364,0.763394674506335,123.787106946036,48.0645556553447,188.181911483822,121.34129644772,52.3253443990994,158.313446451992,350.954242823058,107.379577458601,258.508266255239,111.208863646648,"SCG5"
"ENSG00000178301",10.889318541726,0.592598342219957,0.553779471639949,1.0700980671332,0.284575169062512,0.763394674506335,9.67086773015905,9.09329431317332,5.77751482625769,9.05532063042689,13.7698274734472,3.8613035719998,14.8413485770945,13.4224471823251,8.33897633081416,21.0622847815621,"AQP11"
"ENSG00000196275",27.3423008560603,-0.526046307674383,0.491655561093429,-1.06994886115896,0.284642327950163,0.763394674506335,20.308822233334,24.6817988500419,18.983263000561,69.725968854287,30.2936204415838,14.4798883949993,25.3175946315142,29.7211330465771,10.4237204135177,29.4871986941869,"GTF2IRD2"
"ENSG00000111647",367.968838344305,-0.320359649246175,0.299419906191731,-1.0699343718351,0.284648850290171,0.763394674506335,400.373924028585,576.774667864136,462.201186100615,232.721740201971,340.114738594146,422.812741133978,235.715536224442,222.429124735674,441.96574553315,344.578979026356,"UHRF1BP1L"
"ENSG00000134046",1490.8029514319,0.160763704977514,0.150276377791815,1.06978693085236,0.284715226301735,0.763407606386096,1316.20509807465,1228.89377432314,1469.96484365213,1552.98748811821,1430.68507449116,1636.22738863492,1485.00787821399,1590.55999110553,1815.81209603478,1381.68588167047,"MBD2"
"ENSG00000172845",741.545471986557,-0.211190484050608,0.197451168706734,-1.06958335792016,0.28480688939479,0.763407606386096,845.233839615901,859.965833617248,902.117672157093,622.100527310327,802.780941701972,769.36473672096,556.987081893312,559.90779674842,807.838332047621,689.157958052711,"SP3"
"ENSG00000158470",545.612282487957,-0.243852329341737,0.227996906498112,-1.06954227181041,0.284825391720568,0.763407606386096,476.773779096841,624.839223519481,480.359089840282,824.93970943189,514.991547506925,454.668495602976,407.700575617832,654.823673252005,558.711414164549,458.315316846791,"B4GALT5"
"ENSG00000148344",16.3277911352367,0.622363536938037,0.582014541016103,1.06932643959632,0.284922600890343,0.763514713296063,7.73669418412724,22.0837147605638,18.157903739667,1.81106412608538,15.1468102207919,11.5839107159994,13.9683280725595,30.679879273886,21.8898128683872,20.2197933902996,"PTGES"
"ENSG00000189180",156.548080528106,-0.246146959837334,0.230250333178915,-1.06904062391113,0.285051364608317,0.76362474758014,186.64774719207,115.614741981775,199.736941136337,188.350669112879,121.174481766335,176.654638418991,139.683280725595,121.760770868235,170.94901478169,144.908519297147,"ZNF33A"
"ENSG00000144136",287.131255477052,-0.554932326552,0.519152530683623,-1.06891962140926,0.285105889679529,0.76362474758014,242.738780026992,157.184087413425,149.390026221806,871.121844647067,151.468102207919,426.674044705978,150.159526780015,170.656828460991,400.27086387908,151.648450427247,"SLC20A1"
"ENSG00000074621",121.769954322461,0.295659851694739,0.276633429914184,1.06877846175879,0.285169506698813,0.76362474758014,111.214978896829,83.1386908632989,113.074218742472,119.530232321635,196.908532870295,143.833558056993,113.492665589546,81.4934293212597,148.016829871951,106.996406690335,"SLC24A1"
"ENSG00000130175",1846.73041782094,0.332229920757014,0.310868418065377,1.06871557691378,0.285197850369483,0.76362474758014,1382.93408541274,1748.51059221876,1669.70178478847,1591.92536682905,3029.36204415838,1198.93475910594,2770.967081394,2482.19398250284,1368.63449029487,1224.13999150439,"PRKCSH"
"ENSG00000111885",163.660042412888,-0.408515413695262,0.382295006851847,-1.06858684098267,0.285255880606638,0.76362474758014,215.660350382547,98.7271954001675,126.279966916775,326.897074758411,185.892670891537,80.1220491189958,110.873604075941,213.800408689893,111.533808424639,166.813295469972,"MAN1A1"
"ENSG00000136770",238.050372551771,0.388758914289943,0.363845329797531,1.06847300886416,0.285307199309578,0.76362474758014,150.865536590481,92.2319851764723,199.736941136337,359.496229027948,217.563274080466,257.742013430987,379.763919472712,303.922554056933,261.635382379294,157.545890166084,"DNAJC1"
"ENSG00000182963",284.21359688302,-0.348118696760349,0.325895259505836,-1.06819196231394,0.285433929686426,0.763810658151658,367.492973746044,345.545183900586,170.849367005049,421.07240931485,203.793446607019,384.19970541398,191.191490493159,278.995152146901,323.135332819049,155.860907383559,"GJC1"
"ENSG00000131652",138.451140246628,-0.403630527682571,0.378019243007578,-1.06775127231943,0.285632723590223,0.764189294788927,156.668057228577,123.408994250209,94.0909557419109,274.376215101935,148.71413671323,97.4979151929949,214.763044115603,115.049547277073,74.0084149359756,85.9341219087733,"THOC6"
"ENSG00000073417",423.816020752587,-0.262175566998922,0.245608932378411,-1.06745127084786,0.285768106859841,0.764205838811403,431.320700765094,370.226982750628,448.170078665418,632.061380003797,406.209910466692,434.396651849978,336.112894245964,301.046315375007,561.838530288604,316.776763114694,"PDE8A"
"ENSG00000096080",115.739989796447,0.285327077616804,0.267314222141663,1.06738457584047,0.285798210564252,0.764205838811403,127.6554540381,115.614741981775,113.074218742472,53.4263917195186,122.55146451368,107.151174122994,142.3023422392,111.214562367837,135.50836537573,128.90118286316,"MRPS18A"
"ENSG00000144182",21.7963363178067,0.431623186150019,0.404487126128674,1.06708757403743,0.285932292414693,0.764205838811403,20.308822233334,11.6913784026514,18.157903739667,21.7327695130245,20.6547412101708,31.8557544689983,31.428738163259,28.7623868192681,11.4660924548695,21.9047761728246,"LIPT1"
"ENSG00000100330",320.881482053969,-0.277760330327524,0.260333315826933,-1.06694116135399,0.2859984062511,0.764205838811403,240.80460648096,404.002075913843,273.193915355899,516.153275934333,369.031376288385,294.424397364985,269.763335901306,284.747629510755,223.067616849279,333.626590939943,"MTMR3"
"ENSG00000101938",7.5655333998997,1.01769561609262,0.953868228341941,1.06691426116753,0.286010554371949,0.764205838811403,7.73669418412724,0,0.825359260893955,9.96085269346958,13.7698274734472,1.9306517859999,6.1111435317448,23.9686556827235,2.08474408270354,9.26740530388731,"CHRDL1"
"ENSG00000169733",484.093342747987,0.317254377538923,0.297369699131905,1.0668685426426,0.286031201651937,0.764205838811403,374.262581157155,404.002075913843,366.459511836916,542.413705762571,592.102581358229,400.610245594979,737.702326332051,743.987072391736,375.253934886637,304.139392245756,"RFNG"
"ENSG00000127081",20.2014988597332,-0.389102407306881,0.364731219387821,-1.06681958281489,0.2860533138773,0.764205838811403,17.4075619142863,27.27988293952,23.1100593050307,26.260429828238,19.2777584628261,21.2371696459989,12.2222870634896,21.0924170007966,19.8050687856836,14.3223536514622,"ZNF484"
"ENSG00000133460",62.1284984946406,0.455333953450581,0.426871176090678,1.06667767456348,0.286117411870815,0.764205838811403,44.4859915587317,35.0741352079542,28.0622148703945,95.0808666194824,107.404654292888,43.4396651849978,82.0639274262873,87.2459066851134,34.3982773646084,64.0293457359487,"SLC2A11"
"ENSG00000132286",336.020742822942,0.189035893233331,0.177313740732274,1.06610966782747,0.286374069803226,0.764205838811403,349.118325058742,305.274880513676,340.873374749203,244.493657021526,363.523445299006,363.927861660981,297.699992046425,344.189895603909,345.025145687436,406.080850588517,"TIMM10B"
"ENSG00000184216",2907.12799575632,0.179565715404479,0.168432440814681,1.06609934841499,0.286378734141915,0.764205838811403,2673.02784061596,2961.81586200502,2949.833998435,2187.76546431114,3134.01273295658,3570.74047820681,3425.73245979523,2663.39701946423,2707.04019139055,2797.91391038271,"IRAK1"
"ENSG00000067992",35.9009258470074,-0.34979262321881,0.328195863556064,-1.0658044846414,0.286512033227714,0.764205838811403,59.9593799269861,40.2703033869104,31.3636519139703,33.5046863325795,30.2936204415838,22.2024955389988,38.4129021995387,36.4323566377396,39.6101375713672,26.9597245203995,"PDK3"
"ENSG00000186834",250.600602350706,0.224575613808215,0.210757616248842,1.06556345533468,0.286621026484558,0.764205838811403,205.989482652388,236.425652142506,216.244126354216,252.64344558891,227.202153311879,234.574191998988,228.731372188162,289.541360647299,239.745569510907,374.908669111805,"HEXIM1"
"ENSG00000078487",49.3813922409514,0.264935529356051,0.248742279056442,1.06510051431962,0.286830446562762,0.764205838811403,37.7163841476203,40.2703033869104,45.3947593491675,52.520859656476,55.0793098937888,50.1969464359974,55.0002917857032,56.5660274112273,43.7796257367743,57.2894146058489,"ZCWPW1"
"ENSG00000128965",304.870002214502,-0.394555051212845,0.370441821550967,-1.06509316243215,0.286833773160526,0.764205838811403,296.895639315883,455.963757703405,427.536097143069,243.588124958483,263.003704742841,377.44242416298,350.081222318523,178.326798279462,360.660726307712,95.2015272126606,"CHAC1"
"ENSG00000104341",156.82944843345,-0.385440713694125,0.361894241048351,-1.06506451326101,0.286846736647274,0.764205838811403,199.219875241277,97.4281533554284,128.756044699457,304.258773182344,88.1268958300621,152.521491093992,100.397358021522,153.39939636943,222.025244807927,122.16125173306,"LAPTM4B"
"ENSG00000162607",346.486782427547,-0.428314991632745,0.402228697341768,-1.0648543837458,0.286941830413131,0.764205838811403,407.143531439696,498.832145179794,548.86390849448,183.823008797666,213.432325838432,518.380004540973,212.143982601998,164.904351097137,494.084347600739,223.260218684558,"USP1"
"ENSG00000164897",263.057539752868,0.265676218637646,0.249533836446863,1.06469015353042,0.28701616734194,0.764205838811403,233.067912296833,261.107450992548,273.193915355899,171.145559915068,326.344911120699,244.227450928987,378.017878463643,318.303747466567,191.796455608726,233.370115379708,"TMUB1"
"ENSG00000109846",1771.49957630351,0.475777954563068,0.446885437751002,1.06465307296087,0.287032953236531,0.764205838811403,995.132289433367,1983.63720231652,2433.15910111538,328.708138884496,1649.62533131897,1385.24265645493,1584.53221573097,1942.41985652791,3560.74289325764,1851.79607799494,"CRYAB"
"ENSG00000198830",2328.99936079501,-0.36433551723194,0.342229579984356,-1.06459388241249,0.287059749405978,0.764205838811403,2837.43259202867,3734.74587862476,3277.5016250099,907.343127168774,1757.02998561186,2963.55049150985,2044.6140216209,1610.69366187902,2246.31174911306,1910.77047538331,"HMGN2"
"ENSG00000105656",92.8177436976401,-0.258784574946275,0.243113138914551,-1.06446149353216,0.28711968932451,0.764205838811403,79.3011153873043,118.212826071253,101.519189089956,113.191507880336,97.7657750614751,76.260745546996,89.921111967102,89.1633991397312,58.3728343156991,104.468932516548,"ELL"
"ENSG00000216937",14.8765674163235,-0.490460414646555,0.460833052037595,-1.06429088034802,0.287196948001037,0.764205838811403,11.6050412761909,28.578924984259,9.90431113072746,22.6383015760672,9.63887923141304,13.5145625019993,12.2222870634896,11.5049547277073,11.4660924548695,17.6923192165121,"CCDC7"
"ENSG00000088727",55.7711532944676,0.27848932262889,0.261671341387032,1.06427139155825,0.287205773992079,0.764205838811403,55.1239460619066,44.1674295211276,58.6005075234708,39.8434107738783,56.4562926411335,55.9889017939971,69.8416403627977,46.019818910829,58.3728343156991,73.296751039836,"KIF9"
"ENSG00000183309",165.965671733479,-0.299846594797564,0.281767953200906,-1.0641614541018,0.287255565377046,0.764205838811403,178.911053007943,252.014156679375,155.992900308958,161.184707221599,188.646636386227,180.515941990991,116.984747607686,100.668353867438,208.474408270354,116.263811994223,"ZNF623"
"ENSG00000205309",36.2033148857476,0.352837942360056,0.331618636091619,1.06398707418414,0.287334555117908,0.764205838811403,42.5518180126998,37.6722192974323,25.5861370877126,19.0161733238965,39.9324996729969,35.7170580409981,40.1589432086087,51.7722962746827,29.1864171578495,40.4395867805992,"NT5M"
"ENSG00000119326",804.701120202528,0.307306812362202,0.288833633331628,1.06395785289092,0.287347793066642,0.764205838811403,923.56786823019,675.501863264304,876.53153506938,341.385587767094,1013.45930204571,770.33006261396,702.781506150652,702.760984617452,1147.6516175283,893.040874738232,"CTNNAL1"
"ENSG00000185565",73.9150426927053,0.539541619913006,0.507118707141043,1.06393554865044,0.287357897701071,0.764205838811403,51.255598969843,15.5885045368685,43.7440408273796,121.34129644772,64.7181891252018,39.5783616129979,89.921111967102,168.739336006373,62.5423224811062,81.7216649524609,"LSAMP"
"ENSG00000078304",1542.20916198305,0.176793374876173,0.166227303070166,1.06356399707421,0.287526259384926,0.764501140633325,1361.65817640639,1512.08494007625,1570.6586734812,1276.80020889019,1784.56964055876,1323.46179930293,1415.16623785119,1757.38183465728,1532.2869007871,1888.02320781922,"PPP2R5C"
"ENSG00000033050",473.072688035517,0.208938068464209,0.19652013021738,1.06318914114851,0.287696185808063,0.764655052880025,391.670143071442,362.432730482194,425.060019360387,550.563494329955,442.011461897655,598.502053659969,425.160985708531,445.816995698656,576.431738867529,513.077257278852,"ABCF2"
"ENSG00000169271",40.8878025456834,0.747724584284929,0.70328846381607,1.06318334901691,0.287698811978103,0.764655052880025,30.946776736509,42.8683874763885,39.6172445229098,2.71659618912807,121.174481766335,21.2371696459989,27.0636356405841,23.9686556827235,12.5084644962212,86.7766133000358,"HSPB3"
"ENSG00000105255",14.7162251014346,-0.547127620843404,0.514881581546423,-1.06262806915744,0.287950652645114,0.765019492894,24.1771693253976,14.2894624921295,11.5550296525154,22.6383015760672,6.8849137367236,11.5839107159994,4.36510252267486,16.2986858642519,21.8898128683872,13.4798622601997,"FSD1"
"ENSG00000165997",282.829019228252,-0.257279703339508,0.242157825005639,-1.0624463749355,0.288033090204289,0.765086103177575,352.986672150805,324.760511184761,293.002537617354,283.431535732362,232.710084301258,320.488196475983,180.715244438739,251.191511554942,378.381051010692,210.622847815621,"ARL5B"
"ENSG00000132434",161.39437733048,-0.263087712566556,0.24776977273077,-1.06182327919569,0.288315919532855,0.765684870332474,131.523801130163,151.987919234468,177.4522410922,256.265573841081,134.944309239783,140.937580377993,137.937239716525,139.976949187105,140.720225582489,202.197933902996,"LANCL2"
"ENSG00000170791",260.967788743884,0.192449049732659,0.181302632304923,1.0614796226951,0.28847198871122,0.765946827282806,250.47547421112,237.724694187245,266.591041268748,207.366842436776,238.218015290637,278.013857183986,343.970078786779,282.830137056137,240.787941552259,263.699805465157,"CHCHD7"
"ENSG00000149636",88.3524619382518,-0.343020753533586,0.323310678609935,-1.06096326607087,0.288706595489972,0.766417170392071,90.9061566634951,120.810910160731,117.201015046942,76.0646932955859,67.4721546198913,113.908455373994,61.984455821983,46.019818910829,120.915156796805,68.2418026922611,"DSN1"
"ENSG00000005059",369.022010904153,-0.27893737788132,0.262988800081459,-1.06064356274838,0.288851917226131,0.766536801299844,421.649833034935,458.561841792883,393.696367446417,376.701338225759,260.249739248152,453.703169709976,365.795591400153,295.293838011153,464.897930442889,199.670459729208,"MCUB"
"ENSG00000160991",748.807202431528,0.193400388737423,0.182348046182293,1.06061124748263,0.28886660893252,0.766536801299844,661.487352742879,878.152422243595,557.942860364314,661.943938084206,895.038785774068,686.346709922964,848.575930407992,754.533280892134,697.346895664334,846.703848218796,"ORAI2"
"ENSG00000123575",258.327133787573,-0.324081376994315,0.305626942893303,-1.06038222260874,0.288970746480537,0.76666060191186,322.039895414296,259.808408947809,231.925952311201,361.307293154033,196.908532870295,279.944508969985,116.111727103151,185.038021870625,347.109889770139,283.077107464194,"FAM199X"
"ENSG00000089006",776.854643076762,-0.193708226359353,0.18272079509642,-1.06013235251705,0.289084391194689,0.766809571472468,895.522351812729,604.054550803656,889.737283243684,968.919307455677,842.713441374969,688.277361708964,708.892649682397,683.586060071273,812.007820213028,674.835604401249,"SNX5"
"ENSG00000154589",57.7648651313035,0.410954565333724,0.387701385476745,1.05997703574978,0.289155046794087,0.7668444738701,50.2885121968271,23.3827568053028,39.6172445229098,78.7812894847139,82.6189648406832,49.2316205429974,95.1592349943119,72.8647132754793,42.7372536954226,42.9670609543866,"LY96"
"ENSG00000255150",14.6932567051934,-0.578469997659975,0.546027684952676,-1.0594151424943,0.28941075644976,0.767079593663031,26.1113428714294,10.3923363579124,7.4282333480456,28.977026017366,15.1468102207919,13.5145625019993,12.2222870634896,5.75247736385363,19.8050687856836,7.58242252136235,"EID3"
"ENSG00000172888",355.88118890428,-0.30231149832797,0.285378331419529,-1.05933585365158,0.289446851936848,0.767079593663031,336.546197009535,419.590580450712,363.983434054234,484.459653727839,446.142410139689,389.02633487898,167.619936870714,283.788883283446,410.694584292597,256.959874335057,"ZNF621"
"ENSG00000132963",1075.46286254002,0.332622155037949,0.31400874023933,1.05927674110101,0.289473764332761,0.767079593663031,1252.3773710556,866.461043840944,1238.86425060183,364.929421406204,1007.95137105633,1185.42019660394,1356.67386404735,959.704973536247,1427.00732461057,1095.23880864123,"POMP"
"ENSG00000138376",43.1523063891089,-0.679913916710385,0.641979794932982,-1.05908927676044,0.289559123083187,0.767153362050152,39.6505576936521,75.3444385948647,50.3469149145313,57.9540520347321,6.8849137367236,81.0873750119958,19.2064510997694,3.83498490923575,50.0338579848849,47.1795179106991,"BARD1"
"ENSG00000185591",396.355700356154,-0.259579605460116,0.245204281074023,-1.05862591111023,0.289770181600868,0.767479931348097,402.308097574617,453.365673613927,360.681997010658,543.319237825613,300.182238921149,494.246857215974,228.731372188162,368.158551286632,410.694584292597,401.868393632204,"SP1"
"ENSG00000118707",152.318291611723,0.245488789339428,0.231906927067502,1.05856600509381,0.289797475764341,0.767479931348097,161.503491093656,107.820489713341,106.47134465532,172.051091978111,169.368877923401,157.348120558992,199.921695538508,134.224471823251,141.762597623841,172.710735208809,"TGIF2"
"ENSG00000147174",30.3039563890466,-0.49330238663722,0.466088268708283,-1.05838833490566,0.289878435395029,0.767541928303257,17.4075619142863,18.1865886263466,35.4904482184401,75.1591612325432,23.4087067048602,18.341191966999,29.682697154189,34.5148641831218,32.3135332819049,18.5348106077746,"GCNA"
"ENSG00000123444",31.9639599805119,-0.353815422324705,0.334418179188677,-1.05800295660687,0.290054094476923,0.76785459667303,34.8151238285726,48.0645556553447,35.4904482184401,28.977026017366,34.424568683618,31.8557544689983,22.6985331179092,17.2574320915609,28.1440451164978,37.9121126068117,"KBTBD4"
"ENSG00000078098",478.064614600817,-0.384271244107674,0.363258888926081,-1.05784402205191,0.29012655921747,0.767894010772653,353.953758923821,314.368174826849,387.918852620159,1167.23082926203,532.892323222407,407.367526845979,488.018462035049,425.683324925168,332.516681191215,370.696212155493,"FAP"
"ENSG00000180694",262.64013311356,-0.263609431113367,0.249235372444436,-1.05767262699493,0.290204718863395,0.767948479262123,300.763986407947,246.817988500419,241.004904181035,377.606870288801,320.83698013132,311.800263438984,170.238998384319,241.604049281852,208.474408270354,207.252882250571,"TMEM64"
"ENSG00000156802",79.3488860425384,-0.453169127609582,0.428567237130448,-1.05740497254027,0.290326803102571,0.768119137666928,73.4985947492088,97.4281533554284,107.296703916214,100.514058997738,44.063447915031,117.769758945994,32.3017586677939,27.8036405919592,113.618552507343,79.1941907786734,"ATAD2"
"ENSG00000188229",948.42192997413,-0.345698053356841,0.326997369220272,-1.05718909660087,0.29042529497447,0.768187458323654,799.780761284154,1657.57764908702,1348.63703230072,545.130301951699,567.316891906025,1015.52283943595,915.798509257185,597.298899613468,979.829718870663,1057.32669603442,"TUBB4B"
"ENSG00000185090",9.18301011438922,0.687198192407104,0.65008122082945,1.05709589877138,0.290467822773201,0.768187458323654,7.73669418412724,6.49521022369523,9.07895186983351,3.62212825217076,5.50793098937888,4.82662946499975,6.98416403627977,26.8448943646503,11.4660924548695,9.26740530388731,"MANEAL"
"ENSG00000071082",10928.141433115,0.346337438593988,0.327754006520878,1.05669932847007,0.290648831581611,0.768242882294846,7493.95540410025,7786.45801616584,9646.79904132855,12664.771433715,13724.3870427848,7851.96081366159,17582.6329613343,16818.3263194534,10006.771596977,5705.35170162954,"RPL31"
"ENSG00000157873",60.5363971478494,0.595698773704751,0.563745627484986,1.05668007814503,0.290657620046284,0.768242882294846,39.6505576936521,22.0837147605638,26.4114963486066,96.8919307455677,79.8649993459938,30.8904285759984,130.080055175711,100.668353867438,15.6355806202765,63.1868543446862,"TNFRSF14"
"ENSG00000138028",58.0832448648459,0.674355160408557,0.638188151234204,1.05667138931428,0.290661586868096,0.768242882294846,71.564421203177,10.3923363579124,33.8397296966522,55.237455845604,26.1626721995497,50.1969464359974,109.127563066871,146.688172778268,9.38134837216593,68.2418026922611,"CGREF1"
"ENSG00000183431",361.148758142127,-0.26609972715558,0.251868588671688,-1.05650223618175,0.290738819743636,0.768294757067737,323.006982187312,296.181586200502,358.205919227976,629.344783814669,261.626721995497,364.893187553981,355.319345345733,295.293838011153,376.296306927989,351.318910156455,"SF3A3"
"ENSG00000131115",60.3511488455474,0.264973568682042,0.250919361313692,1.05601085262918,0.29096325666497,0.768458464895428,65.7619005650816,42.8683874763885,64.3780223497285,41.6544748999637,66.0951718725465,64.6768348309966,73.3337223809376,66.1534896843167,60.4575783984026,58.1319059971113,"ZNF227"
"ENSG00000102890",10.9656896719243,-0.923214541803344,0.874324302464986,-1.05591774036307,0.291005798343951,0.768458464895428,7.73669418412724,5.19616817895618,5.77751482625769,42.5600069630064,4.13094824203416,10.6185848229995,13.9683280725595,16.2986858642519,0,3.36996556504993,"ELMO3"
"ENSG00000173486",254.933419122956,0.294878433210277,0.279301887815099,1.05576956717704,0.291073505203829,0.768458464895428,263.047602260326,129.904204473905,246.782419007293,257.171105904124,209.301377596397,263.533968788986,349.208201813988,384.457237150884,220.982872766575,224.945201467083,"FKBP2"
"ENSG00000101849",746.059504564639,-0.304863792951198,0.288792054836243,-1.0556515937534,0.291127420035397,0.768458464895428,877.147703125426,988.570996046414,953.289946332518,549.657962266912,864.745165332484,847.556134053956,469.685031439815,542.650364656859,926.668744761723,440.622997630279,"TBL1X"
"ENSG00000093000",508.626358479325,-0.239905154494558,0.227266188555135,-1.05561305014079,0.291145036240852,0.768458464895428,453.56369654446,697.585578024868,604.988338235269,485.365185790881,396.571031235279,492.316205429975,440.87535479016,348.024880513144,642.10117747269,524.872136756527,"NUP50"
"ENSG00000233927",4954.1847752547,0.360604860015768,0.34160807327243,1.05560988814274,0.291146481451346,0.768458464895428,3444.76308548266,4180.31729997025,4972.78954688608,4333.87645372231,6032.56141611722,3677.89165232981,8580.91853907423,8319.04101435965,2954.08236519091,3045.60637941388,"RPS28"
"ENSG00000139629",27.3516213383377,0.724340618000042,0.686358040500747,1.05533930581127,0.29127017062505,0.768486091480947,28.0455164174613,9.09329431317332,5.77751482625769,35.3157504586649,56.4562926411335,63.7115089379967,6.98416403627977,9.58746227308938,41.6948816540708,16.8498278252497,"GALNT6"
"ENSG00000182544",96.3723628922399,0.30154324607219,0.285749166660202,1.05527253008849,0.291300700720713,0.768486091480947,67.6960741111134,103.923363579124,60.2512260452587,107.75831550208,70.2261201145807,93.6366116209951,146.667444761875,116.96703973169,93.8134837216593,102.783949734023,"MFSD5"
"ENSG00000137185",41.3009305176311,-0.557319584812824,0.528160445572326,-1.05520886595152,0.291329810191773,0.768486091480947,23.2100825523817,14.2894624921295,37.141166740228,129.491085015105,27.5396549468944,29.9251026829984,35.7938406859338,40.2673415469754,45.8643698194779,29.4871986941869,"ZSCAN9"
"ENSG00000240230",148.518705712607,0.205966268535578,0.195240674104951,1.0549352458436,0.291454941143535,0.768664138823675,113.149152442861,138.997498787078,147.739307700018,143.979598023788,152.845084955264,150.590839307992,180.715244438739,177.368052052154,154.271062120062,125.53121729811,"COX19"
"ENSG00000131386",267.126723107637,0.6158986101974,0.583919785173441,1.05476578433536,0.291532456778222,0.76871656307852,98.6428508476224,379.320277063801,288.05038205199,44.3710710890918,287.789394195046,172.793334846991,385.002042499922,568.5365127942,58.3728343156991,388.388531372005,"GALNT15"
"ENSG00000130772",123.762282088992,0.253725755241262,0.240637061456962,1.05439184515075,0.291703554281044,0.768839626990933,132.490887903179,115.614741981775,119.677092829623,76.0646932955859,136.321291987127,102.324544657995,112.619645085011,132.306979368633,167.821898657635,142.38104512336,"MED18"
"ENSG00000187535",139.263957764833,-0.274105655462198,0.260001943093713,-1.05424464217716,0.291770926151271,0.768839626990933,129.589627584131,205.248643068769,121.327811351411,165.712367536812,177.630774407469,113.908455373994,145.79442425734,116.96703973169,87.5592514735486,128.90118286316,"IFT140"
"ENSG00000176454",116.158830314467,0.352252145836564,0.334148886766506,1.0541772239472,0.291801785623886,0.768839626990933,133.457974676195,72.7463545053866,56.9497890016829,134.924277393361,129.436378250404,87.8446562629954,107.381522057801,183.120529416007,160.525294368173,95.2015272126606,"LPCAT4"
"ENSG00000151532",277.619962240273,-0.327810755343722,0.311003448171544,-1.05404218914932,0.291863601950733,0.768839626990933,288.19185835874,361.133688437455,395.347085968205,220.044291319373,223.071205069845,359.101232195981,146.667444761875,173.533067142918,368.999702638526,240.110046509808,"VTI1A"
"ENSG00000136098",49.8785984155658,-0.443797524789075,0.421046699185666,-1.05403397211618,0.291867363834078,0.768839626990933,48.3543386507953,33.7750931632152,38.7918852620159,115.908104069464,31.6706031889286,50.1969464359974,39.2859227040737,38.3498490923575,72.9660428946239,29.4871986941869,"NEK3"
"ENSG00000175470",398.460801073293,0.177924271172092,0.168867642330282,1.05363152298945,0.292051651071595,0.76905464462604,374.262581157155,378.021235019062,387.093493359265,337.763459514923,455.781289371102,437.292629528977,468.81201093528,449.651980607892,364.830214473119,331.099116766156,"PPP2R2D"
"ENSG00000113805",219.017987346004,-0.347505089834922,0.32983491644191,-1.05357277993376,0.292078556897662,0.76905464462604,315.270288003185,116.913784026514,230.275233789413,341.385587767094,249.233877269394,151.556165200992,130.080055175711,162.986858642519,261.635382379294,230.84264120592,"CNTN3"
"ENSG00000148175",393.916414849134,0.472527610339015,0.448605879850993,1.05332460309251,0.292192246635068,0.76905464462604,283.35642449366,206.547685113508,170.024007744155,618.478399058157,269.888618479565,314.696241117984,472.304092953419,922.313870671198,206.38966418765,475.16514467204,"STOM"
"ENSG00000182473",389.875948608368,-0.238410196233614,0.226348353033578,-1.05328884897275,0.292208628036274,0.76905464462604,455.497870090491,542.999574700921,364.808793315128,353.157504586649,472.305082339239,397.714267915979,271.509376910376,285.706375738064,370.042074679878,385.018565806955,"EXOC7"
"ENSG00000137502",337.359634373153,-0.293397744233799,0.278593271528336,-1.05314009424652,0.292276789346334,0.76905464462604,359.756279561917,566.382331506224,289.701100573778,302.447709056258,316.706031889286,301.181678615984,192.064510997694,334.602433330819,275.186218916867,435.568049282704,"RAB30"
"ENSG00000100626",41.1182638062439,0.591086863818977,0.561282523636793,1.05310042434435,0.292294968404394,0.76905464462604,61.893553473018,23.3827568053028,27.2368556095005,13.5829809456403,63.3412063778571,34.7517321479982,96.9052760033818,40.2673415469754,9.38134837216593,40.4395867805992,"GALNT16"
"ENSG00000225377",46.4685554348081,-0.286432475601292,0.272026568769801,-1.05295771988979,0.29236037017126,0.769075001375561,59.9593799269861,38.9712613421714,50.3469149145313,57.9540520347321,55.0793098937888,50.1969464359974,40.1589432086087,39.3085953196665,36.4830214473119,36.2271298242868,"NRSN2-AS1"
"ENSG00000177335",22.9650318798114,0.446432739426946,0.424083990613273,1.0526988740635,0.292479024866629,0.769235408133746,5.80252063809543,25.9808408947809,23.1100593050307,20.8272374499818,26.1626721995497,26.0637991109986,30.555717658724,30.679879273886,17.7203247029801,22.747267564087,"C8orf31"
"ENSG00000238078",12.5391480457983,-0.529706427323128,0.503310729720411,-1.05244413846965,0.292595827005221,0.769356344309788,16.4404751412704,15.5885045368685,13.2057481743033,16.2995771347684,12.3928447261025,13.5145625019993,8.73020504534971,15.339939636943,2.08474408270354,11.7948794776748,"LINC01352"
"ENSG00000172809",5097.38116669501,0.319455994298137,0.303565265664431,1.05234699233104,0.292640378997042,0.769356344309788,3568.55019242869,3708.76503772998,4687.21524261677,5784.5388187167,6251.50167294503,4274.46305420378,7384.00742735679,7359.33604082341,5416.1651268638,2539.26905326512,"RPL38"
"ENSG00000187325",119.474705352497,-0.360472287963523,0.342751157700599,-1.05170261241949,0.292936012060172,0.769632043394929,163.437664639688,96.1291113106894,83.3612853502895,208.272374499818,75.7340511039596,93.6366116209951,71.5876813718676,133.265725595942,108.406692300584,160.915855731134,"TAF9B"
"ENSG00000148737",416.905984129151,0.270650021445164,0.257378943089763,1.05156240909255,0.293000362056879,0.769632043394929,370.394234065092,337.750931632152,358.205919227976,417.45028106268,373.162324530419,326.280151833983,392.859227040737,748.780803528281,470.109790649648,374.066177720542,"TCF7L2"
"ENSG00000097096",25.7104630142589,-0.507833318756782,0.482994146572504,-1.05142748076875,0.293062299911679,0.769632043394929,20.308822233334,35.0741352079542,20.6339815223489,48.8987314043052,28.9166376942391,27.9944508969985,6.98416403627977,11.5049547277073,28.1440451164978,28.6447073029244,"SYDE2"
"ENSG00000134470",34.3597289566698,0.486596759781962,0.46292365834622,1.05113824063413,0.293195103078042,0.769632043394929,37.7163841476203,19.4856306710857,16.5071852178791,37.1268145847502,35.8015514309627,22.2024955389988,49.7621687584934,57.5247736385363,13.550836537573,53.9194490407989,"IL15RA"
"ENSG00000188015",78.2350631250475,0.527317650914162,0.501751803654002,1.05095317460541,0.293280096407903,0.769632043394929,102.511197939686,81.8396488185599,48.6961963927434,14.488513008683,165.237929681366,47.3009687569975,61.984455821983,64.2359972296989,64.6270665638097,131.428657036947,"S100A3"
"ENSG00000168779",147.902046256087,-0.245627409308572,0.233762812559019,-1.05075485112311,0.293371196700482,0.769632043394929,145.063015952386,150.688877189729,152.691463265382,202.839182121562,198.28551561764,148.660187521992,109.127563066871,129.430740686707,120.915156796805,121.318760341798,"SHOX2"
"ENSG00000114554",576.131693150048,-0.33771199808615,0.321458619663022,-1.05056133955956,0.293460104929359,0.769632043394929,510.621816152398,671.604737130087,358.205919227976,1093.88273215557,575.578788390093,385.16503130698,597.14602510192,709.472208208614,502.423323931553,357.216349895293,"PLXNA1"
"ENSG00000091732",91.3456768283046,-0.235105098615447,0.223843744540723,-1.05030899611615,0.293576070420537,0.769632043394929,82.202375706352,115.614741981775,103.995266872638,100.514058997738,82.6189648406832,64.6768348309966,87.3020504534971,80.5346830939508,90.6863675976039,105.31142390781,"ZC3HC1"
"ENSG00000105127",135.596026466694,-0.386151361250008,0.367665077214887,-1.05028022834031,0.293589292724894,0.769632043394929,88.0048963444474,118.212826071253,98.2177520463807,326.897074758411,99.1427578088198,119.700410731994,125.714952653036,126.55450200478,109.449064341936,144.066027905885,"AKAP8"
"ENSG00000178700",37.1430829441389,0.379555520398111,0.361471861821786,1.05002784583338,0.293705310419379,0.769632043394929,27.0784296444454,23.3827568053028,32.1890111748642,42.5600069630064,53.7023271464441,27.0291250039986,55.0002917857032,51.7722962746827,25.0169289924425,33.6996556504993,"DHFR2"
"ENSG00000134897",312.762459008395,0.215781619348024,0.205512748256499,1.04996707590474,0.293733250336438,0.769632043394929,327.842416052392,196.155348755596,269.892478312323,345.913248082307,297.428273426459,305.042982187984,371.033714427363,336.519925785437,305.415008116068,372.381194938018,"BIVM"
"ENSG00000173273",324.825203440319,-0.291717228714165,0.27795193543664,-1.04952400585339,0.293937012548108,0.769632043394929,296.895639315883,406.600160003321,284.748945008415,471.782204845241,260.249739248152,366.823839339981,153.651608798155,341.313656921982,328.347193025807,337.839047896256,"TNKS"
"ENSG00000171206",2157.07355213713,0.232636323325082,0.221671746985386,1.04946312053208,0.293965020329937,0.769632043394929,1855.83951741752,2453.89042251206,2296.14946380698,1203.45211178373,2433.12851455812,2076.41599584289,2592.87089846886,2536.84251745945,2059.7271537111,2062.41892581056,"TRIM8"
"ENSG00000197696",39.8117915313509,0.318098452179154,0.303191515780603,1.04916673331103,0.294101386612346,0.769632043394929,44.4859915587317,40.2703033869104,32.1890111748642,22.6383015760672,34.424568683618,43.4396651849978,55.0002917857032,46.019818910829,37.5253934886637,42.1245695631242,"NMB"
"ENSG00000258890",141.525988489041,-0.441832809992305,0.421136905926359,-1.04914293612055,0.29411233742031,0.769632043394929,132.490887903179,68.8492283711694,97.3923927854867,373.079209973588,140.452240229161,142.868232163993,136.191198707455,126.55450200478,119.872784755454,77.5092079961484,"CEP95"
"ENSG00000113721",850.626355143861,-0.407190712612019,0.388181093306584,-1.04897100769002,0.294191462245488,0.769632043394929,675.026567565102,674.202821219565,569.497890016829,2071.85736024167,979.034733362096,656.421607239966,706.273588168792,1024.89971699325,746.338381607867,402.710885023467,"PDGFRB"
"ENSG00000126254",265.58287672628,-0.437250033447495,0.416890102010322,-1.04883764651402,0.294252847494386,0.769632043394929,355.887932469853,489.73885086662,340.873374749203,74.2536291695005,227.202153311879,173.758660739991,236.588556728977,158.193127505975,234.533709304148,364.798772416655,"RBM42"
"ENSG00000058804",89.6893864512209,-0.326143856079161,0.310995975752796,-1.04870764095805,0.294312696439485,0.769632043394929,98.6428508476224,105.222405623863,90.7895186983351,114.097039943379,45.4404306623758,99.4285669789949,57.6193532993081,79.5759368666419,134.465993334378,71.6117682573111,"NDC1"
"ENSG00000085662",927.367291975139,0.288650794018189,0.275286458554787,1.04854701365829,0.294386653583075,0.769632043394929,999.00063652543,948.300692659504,927.703809244806,400.245171864869,874.384044563897,865.897326020955,1079.92636410976,912.726408398109,896.439955562522,1369.04851080154,"AKR1B1"
"ENSG00000177981",449.291843004617,0.197905747763781,0.188786154459393,1.04830647316538,0.294497428212801,0.769632043394929,392.637229844458,466.356094061317,490.263400971009,302.447709056258,517.745513001615,485.558924178975,510.716995152958,398.838430560518,456.558954112075,471.795179106991,"ASB8"
"ENSG00000174332",40.4295024499704,0.503841460852206,0.480661284272462,1.04822559531673,0.294534680665361,0.769632043394929,25.1442560984135,35.0741352079542,23.1100593050307,46.1821352151771,53.7023271464441,33.7864062549982,95.1592349943119,29.7211330465771,13.550836537573,48.864500693224,"GLIS1"
"ENSG00000164754",934.088764287824,-0.332531567654895,0.317251169732047,-1.04816498528832,0.294562599801273,0.769632043394929,1066.69671063654,1373.08744128917,1274.35469882027,549.657962266912,531.515340475062,917.059598349952,516.828138684703,1085.30072931372,1064.26185422016,962.125168821756,"RAD21"
"ENSG00000173221",954.589920442932,0.341029529419235,0.325367439834118,1.04813662237716,0.294575665376688,0.769632043394929,850.069273480981,740.453965501256,1273.52933955937,427.411133756149,1014.83628479306,630.357808128967,1395.08676624688,1377.71832864294,754.677357938681,1081.75894638103,"GLRX"
"ENSG00000188766",15.3126609351128,-0.540559015417893,0.515774771437681,-1.04805245497202,0.294614439973091,0.769632043394929,16.4404751412704,18.1865886263466,8.25359260893955,32.5991542695368,9.63887923141304,22.2024955389988,6.1111435317448,12.4637009550162,14.5932085789248,12.6373708689372,"SPRED3"
"ENSG00000169689",335.280811627071,0.329518777682316,0.314436905284902,1.04796470180162,0.294654870117229,0.769632043394929,290.126031904772,323.461469140022,427.536097143069,121.34129644772,300.182238921149,403.506223273979,470.558051944349,382.539744696266,347.109889770139,286.447073029244,"CENPX"
"ENSG00000116455",149.216245574839,-0.277163890775902,0.264505976920067,-1.04785492563618,0.294705452057027,0.769632043394929,198.252788468261,181.865886263466,174.150804048625,113.191507880336,100.519740556165,140.937580377993,127.460993662106,109.297069913219,203.262548063595,143.223536514622,"WDR77"
"ENSG00000205181",51.4132593862399,-0.479859096257164,0.45799943539542,-1.04772857600331,0.294763677812982,0.769632043394929,63.8277270190498,109.11953175808,51.1722741754252,24.4493657021526,37.1785341783074,21.2371696459989,26.1906151360491,51.7722962746827,54.203346150292,74.981733822361,"LINC00654"
"ENSG00000134049",414.289227742574,0.262974868923755,0.250995914896803,1.04772569319257,0.294765006389849,0.769632043394929,377.163841476203,252.014156679375,373.887745184962,476.309865160454,311.198100899907,504.865442038974,571.828430470406,496.63054574603,336.686169356622,442.307980412804,"IER3IP1"
"ENSG00000135698",236.815023284692,0.274947713352546,0.262444332186875,1.04764203159384,0.294803564558891,0.769632043394929,293.994378996835,127.306120384426,242.655622702823,176.578752293324,229.956118806568,245.192776821987,324.763627687009,209.006677553348,231.406593180093,287.289564420507,"MPHOSPH6"
"ENSG00000143543",1269.70991967965,0.26298091561008,0.251022302407591,1.04763964431763,0.294804664862379,0.769632043394929,1167.2737350302,906.731347227854,1033.34979463923,1427.11853135528,1231.02257612618,1223.06790643094,1972.1533197445,1699.85706101875,1081.98217892314,954.542746300393,"JTB"
"ENSG00000105711",37.630538301448,0.491970209744989,0.469599843173899,1.04763708271258,0.294805845517665,0.769632043394929,55.1239460619066,14.2894624921295,14.0311074351972,37.1268145847502,50.9483616517546,44.4049910779977,29.682697154189,20.1336707734877,62.5423224811062,48.0220093019615,"SCN1B"
"ENSG00000114648",183.775117337468,-0.270131763220394,0.257848878739821,-1.04763598174482,0.294806352959629,0.769632043394929,180.845226553974,235.126610097767,192.308707788292,210.988970688947,170.745860670745,181.481267883991,97.7782965079168,136.141964277869,211.601524394409,220.732744510771,"KLHL18"
"ENSG00000134758",213.129208999103,-0.285870642481843,0.272889862536998,-1.04756783496523,0.294837763316352,0.769632043394929,268.850122898422,194.856306710857,236.052748615671,255.360041778038,165.237929681366,316.626892903984,151.03254728455,171.6155746883,233.491337262796,138.168588167047,"RNF138"
"ENSG00000156831",106.052033465105,0.286862153120543,0.273861673090088,1.04747097278624,0.294882413094098,0.769632043394929,73.4985947492088,84.437732908038,94.0909557419109,122.246828510763,115.666550776956,64.6768348309966,110.873604075941,131.348233141324,144.889713747896,118.79128616801,"NSMCE2"
"ENSG00000170889",10061.2199149001,0.327823122086165,0.312970634867657,1.04745648812959,0.294889090358889,0.769632043394929,7118.72573617008,7839.71874000014,9753.27038598387,10189.9523054194,13936.4423858759,6852.84851440664,16906.0420703197,12987.1763951269,9475.16185588759,5552.86075981103,"RPS9"
"ENSG00000139826",109.732349846715,-0.285069263687735,0.272167936419809,-1.0474020835725,0.294914171156386,0.769632043394929,122.82002017302,72.7463545053866,119.677092829623,175.673220230282,86.7499130827173,113.908455373994,101.270378526057,108.33832368591,117.78804067275,78.3516993874109,"ABHD13"
"ENSG00000189091",403.812903260898,-0.225304819429541,0.215118581898402,-1.0473517324317,0.29493738458034,0.769632043394929,306.566507046042,487.140766777142,474.581575014024,499.853698799564,479.189996075962,342.690692014982,371.906734931898,307.757538966169,338.770913439325,429.670609543866,"SF3B3"
"ENSG00000145782",804.267745721477,0.192921354808128,0.184199474436037,1.04735019140958,0.29493809505822,0.769632043394929,820.089583517488,713.174082561736,910.371264766032,518.869872123461,806.911889944006,902.579709954953,851.194991921597,843.696680031865,830.77051695736,845.018865436271,"ATG12"
"ENSG00000106554",563.987737068265,0.238928233344217,0.228161288481863,1.04719005986509,0.29501192888027,0.769674118833365,628.606402460339,457.262799748144,579.402201147557,370.36261378446,532.892323222407,740.404959930962,623.336640237969,455.404457971746,730.70280098759,521.502171191477,"CHCHD3"
"ENSG00000174695",1551.6181479186,0.201012029082791,0.19204479379987,1.0466934567998,0.295240982510956,0.770004458111982,1463.20228757306,1089.89627553606,1479.86915478286,1661.65133568333,1408.65335053365,2001.1205761889,1310.40377730699,1759.2993271119,1581.27838673063,1760.80700773859,"TMEM167A"
"ENSG00000173141",309.579156494133,0.240550579481323,0.229825714445429,1.04666520916414,0.295254015054711,0.770004458111982,326.875329279376,262.406493037287,339.222656227416,188.350669112879,287.789394195046,360.066558088981,417.303801167716,350.901119195071,277.270962999571,285.604581637982,"MRPL57"
"ENSG00000162642",270.164075135074,0.203471866774641,0.194488412567472,1.04619017703202,0.295473237213233,0.770425525848072,227.265391658738,187.062054442423,278.146070921263,297.014516678002,247.85689452205,278.013857183986,321.271545668869,316.38625501195,290.821799537144,257.80236572632,"C1orf52"
"ENSG00000170448",35.8059763414727,-0.430943095414661,0.412039539910971,-1.04587801332798,0.295617356700221,0.770470821023438,29.0126031904772,37.6722192974323,22.2847000441368,80.5923536107993,26.1626721995497,44.4049910779977,34.9208201813988,22.0511632281056,32.3135332819049,28.6447073029244,"NFXL1"
"ENSG00000198740",235.879302720308,-0.301826443998464,0.288627103194814,-1.04573146685653,0.295685030388973,0.770470821023438,164.404751412704,333.853805497935,174.976163309518,391.189851234442,228.579136059223,201.75311163699,241.826679756187,244.480287963779,216.813384601168,160.915855731134,"ZNF652"
"ENSG00000103496",510.085579184548,0.204407008948464,0.195470754250719,1.04571658165437,0.29569190480608,0.770470821023438,520.292683882557,483.243640642925,525.753849189449,340.480055704051,557.678012674612,500.038812573974,685.321096059952,499.506784427957,502.423323931553,486.117532758453,"STX4"
"ENSG00000165804",349.956673771989,0.556672820119565,0.532596935126336,1.04520470060069,0.295928371401725,0.77085872839547,308.500680592074,471.552262240274,253.385293094444,58.8595840977748,331.852842110077,182.446593776991,488.891482539584,673.998597798183,116.745668631398,613.333732839088,"ZNF219"
"ENSG00000141543",206.55587792715,-0.350594517153682,0.335522044478442,-1.04492245121679,0.296058812364128,0.771047916520285,267.883036125406,253.313198724114,303.732208008975,124.963424699891,117.043533524301,149.625513414992,223.493249160953,120.802024640926,219.940500725223,284.762090246719,"EIF4A3"
"ENSG00000157954",1214.0481957867,0.23162487363489,0.221802651283526,1.0442836111044,0.296354193087005,0.771400844655029,1001.90189684448,1473.11367873408,1242.1656876454,680.960111408102,1331.54231668234,1246.23572786294,1281.59410065734,1256.91630400202,1164.32957018993,1461.72256384041,"WIPI2"
"ENSG00000153006",221.732582879086,0.259414956197238,0.248451936912361,1.04412531220775,0.296427416276373,0.771400844655029,179.878139780958,231.22948396355,219.545563397792,163.901303410727,161.106981439332,194.03050449299,226.112310674558,275.160167237665,225.152360931982,341.209013461306,"SREK1IP1"
"ENSG00000186314",60.4182695161608,-0.298275614599168,0.285725564692152,-1.04392344073425,0.296520812080754,0.771400844655029,55.1239460619066,83.1386908632989,61.0765853061527,72.4425650434151,70.2261201145807,54.0582500079972,49.7621687584934,52.7310425019916,71.9236708532721,33.6996556504993,"PRELID2"
"ENSG00000112972",88.1535819637613,-0.428720753428908,0.410739099335329,-1.04377877373417,0.296587754352382,0.771400844655029,112.182065669845,85.736774952777,56.1244297407889,162.995771347684,72.9800856092701,50.1969464359974,42.7780047222136,55.6072811839184,93.8134837216593,149.12097625346,"HMGCS1"
"ENSG00000158552",260.126971654726,0.229331982638801,0.21972313887748,1.04373159700162,0.296609586794205,0.771400844655029,212.759090063499,231.22948396355,277.320711660369,221.855355445459,235.464049795947,341.725366121982,350.954242823058,291.458853101917,226.194732973334,212.307830598146,"ZFAND2B"
"ENSG00000054118",486.43086855264,-0.222026864789571,0.212744998935927,-1.04362906719344,0.296657039231884,0.771400844655029,387.801795979378,613.14784511683,509.24666397157,617.572866995114,516.36853025427,334.002758977983,414.684739654111,445.816995698656,537.863973337513,487.802515540978,"THRAP3"
"ENSG00000065320",59.7939984099929,0.781470091802729,0.748993392637594,1.04336046149989,0.296781378326465,0.771545830640297,20.308822233334,71.4473124606475,58.6005075234708,17.2051091978111,28.9166376942391,24.1331473249987,255.795007828747,61.359758547772,6.25423224811062,53.9194490407989,"NTN1"
"ENSG00000183160",1068.9472652196,-0.428886030550227,0.411112950587138,-1.04323162269081,0.296841030907228,0.771545830640297,1051.22332226829,649.521022369523,705.682168064332,2648.68128439987,1312.26455821952,612.016616161968,1400.32488927409,935.736317853523,764.058706310847,609.963767274038,"TMEM119"
"ENSG00000107331",370.765397872302,0.268800035989778,0.257686169345093,1.04312946508899,0.296888335744611,0.771545830640297,342.348717647631,392.310697511192,275.669993138581,310.597497623642,553.547064432577,298.285700936985,444.3674368083,471.703143835997,243.915057676314,374.908669111805,"ABCA2"
"ENSG00000130158",285.108076079466,-0.21004223087228,0.201382305548928,-1.04300241423767,0.296947174619886,0.771545830640297,245.64004034604,358.535604347977,277.320711660369,359.496229027948,346.999652330869,255.811361644987,272.382397414911,254.067750236869,227.237105014686,253.589908770007,"DOCK6"
"ENSG00000143630",11.5353615869438,-0.843248836405804,0.808573994165318,-1.04288394443885,0.297002046525252,0.771545830640297,2.90126031904772,2.59808408947809,9.07895186983351,47.9931993412625,9.63887923141304,8.68793303699955,7.85718454081474,18.2161783188698,4.16948816540708,4.21245695631242,"HCN3"
"ENSG00000075539",103.803405698227,-0.275078272351587,0.263841502983805,-1.04258908943705,0.297138644571183,0.771638469216183,87.0378095714315,118.212826071253,108.122063177108,150.318322465086,79.8649993459938,106.185848229994,61.111435317448,100.668353867438,113.618552507343,112.893846429173,"FRYL"
"ENSG00000142583",10.0157484171648,0.929661704165373,0.891771346136856,1.0424888713824,0.297185082346122,0.771638469216183,0.967086773015906,6.49521022369523,4.95215556536373,13.5829809456403,12.3928447261025,3.8613035719998,41.9049842176786,10.5462085003983,2.08474408270354,3.36996556504993,"SLC2A5"
"ENSG00000100294",93.2119851355635,0.325440598178075,0.312193496796218,1.04243234249849,0.29721127812578,0.771638469216183,110.247892123813,84.437732908038,94.0909557419109,35.3157504586649,88.1268958300621,81.0873750119958,111.746624580476,120.802024640926,95.8982278043628,110.366372255385,"MCAT"
"ENSG00000168575",297.548464863566,0.205129929344507,0.196821541841867,1.04221279553493,0.297313031974129,0.771671571466643,303.665246726994,233.827568053028,203.038378179913,349.535376334478,290.543359689736,322.418848261983,316.03342264166,334.602433330819,321.050588736345,300.769426680706,"SLC20A2"
"ENSG00000172336",232.762373080267,0.324129017270916,0.311085788422196,1.04192807686547,0.29744502575656,0.771671571466643,192.450267830165,252.014156679375,280.622148703945,84.2144818629701,210.678360343742,278.979183076986,281.985622964796,277.077659692283,274.143846875515,195.458002772896,"POP7"
"ENSG00000164258",502.62660108921,0.253536662900749,0.24334180473594,1.04189521885018,0.297460261046116,0.771671571466643,460.333303955571,444.272379300754,592.60794932186,305.164305245386,548.039133443198,356.205254516982,653.892357896693,593.463914704233,592.067319487805,480.220093019615,"NDUFS4"
"ENSG00000120071",253.546441345662,-0.272622409742065,0.261698237643113,-1.04174339192092,0.297530665474451,0.771671571466643,174.075619142863,400.104949779626,269.067119051429,287.959196047575,298.805256173804,278.979183076986,194.683572511299,196.542976598332,235.5760813455,199.670459729208,"KANSL1"
"ENSG00000162086",101.318684959359,-0.329528859208078,0.316393736445837,-1.04151511629084,0.297636541273363,0.771671571466643,101.54411116667,85.736774952777,74.282333480456,200.122585932434,72.9800856092701,111.977803587994,82.9369479308223,83.4109217758776,112.576180465991,87.6191046912982,"ZNF75A"
"ENSG00000182973",119.196644832134,-0.226471654537508,0.217482457220387,-1.04133297660883,0.297721036961194,0.771671571466643,123.787106946036,129.904204473905,106.47134465532,162.090239284641,104.650688798199,130.318995554993,96.9052760033818,110.255816140528,132.381249251675,95.2015272126606,"CNOT10"
"ENSG00000084207",2261.16077987358,0.228624395114099,0.219567983559422,1.04124650328278,0.297761158065314,0.771671571466643,2146.93263609531,2612.37355197022,2248.27862667513,1193.49125909026,2367.03334268557,2513.70862537187,2643.50608773189,2306.7434229053,2292.17611893254,2287.36412727764,"GSTP1"
"ENSG00000042062",12.4094836672308,0.772526247323612,0.742110350328934,1.04098567953027,0.297882194569934,0.771671571466643,6.76960741111134,5.19616817895618,9.07895186983351,13.5829809456403,22.0317239575155,1.9306517859999,38.4129021995387,15.339939636943,4.16948816540708,7.58242252136235,"RIPOR3"
"ENSG00000155906",190.606846559003,0.218836691114764,0.210248330596853,1.04084865022961,0.297945796839311,0.771671571466643,193.417354603181,146.791751055512,189.83263000561,162.995771347684,221.6942223225,198.85713395799,199.921695538508,260.778973828031,179.287991112504,152.490941818509,"RMND1"
"ENSG00000173698",8.30746413457839,-0.725446987376518,0.696988499758759,-1.04083064157817,0.297954156245052,0.771671571466643,12.5721280492068,6.49521022369523,8.25359260893955,16.2995771347684,1.37698274734472,2.89597767899985,11.3492665589546,6.71122359116257,14.5932085789248,2.52747417378745,"ADGRG2"
"ENSG00000143771",306.588702952804,0.300529347752954,0.288819563938685,1.040543596336,0.298087420448446,0.771671571466643,213.726176836515,187.062054442423,224.497718963156,450.954967395259,272.642583974255,315.661567010984,413.811719149576,418.972101334006,298.118403826606,270.439736595257,"CNIH4"
"ENSG00000032742",46.5035427324435,-0.271955335728546,0.26137811285767,-1.04046713305577,0.298122926159881,0.771671571466643,52.2226857428589,46.7655136106057,51.9976334363192,56.1429879086467,42.6864651676863,48.2662946499975,52.3812302720983,31.638625501195,45.8643698194779,37.0696212155493,"IFT88"
"ENSG00000156521",53.0084517099077,-0.33471040365892,0.321703586217352,-1.04043106138326,0.29813967701565,0.771671571466643,70.5973344301611,67.5501863264304,40.4426037838038,64.2927764760309,35.8015514309627,30.8904285759984,46.2700867403535,75.7409519574061,47.9491139021814,50.549483475749,"TYSND1"
"ENSG00000167380",105.216376981628,0.257111029121326,0.247122491169274,1.04041938030323,0.298145101575532,0.771671571466643,91.873243436511,68.8492283711694,84.1866446111834,131.30214914119,110.158619787578,95.567263406995,134.445157698386,109.297069913219,95.8982278043628,130.586165645685,"ZNF226"
"ENSG00000141905",1959.41753424289,-0.357985909710696,0.344135114894759,-1.0402481299247,0.29822463585953,0.771671571466643,2089.87451648737,4164.72879543338,1903.27845562146,871.121844647067,2159.10894783652,1434.47427699793,1844.69232608239,1799.56666865888,1745.97316926421,1581.35634139968,"NFIC"
"ENSG00000158079",91.621977263922,-0.357610927932555,0.343803912310402,-1.04015956517007,0.298265773790907,0.771671571466643,70.5973344301611,120.810910160731,95.7416742636988,134.924277393361,68.849137367236,123.561714303994,53.2542507766332,77.658444412024,121.957528838157,48.864500693224,"PTPDC1"
"ENSG00000138660",237.793965267564,-0.351634562902494,0.338121196799754,-1.03996604244466,0.298355677417329,0.771671571466643,269.817209671438,229.930441918811,411.02891192519,182.01194467158,132.190343745093,281.875160755985,158.889731825365,184.079275643316,359.61835426636,168.498278252497,"AP1AR"
"ENSG00000198730",165.797306059806,0.303049315030073,0.291420815973904,1.03990277433445,0.29838507340745,0.771671571466643,102.511197939686,142.894624921295,190.657989266504,145.790662149873,151.468102207919,125.492366089993,186.826387970484,204.212946416804,129.254133127619,278.864650507882,"CTR9"
"ENSG00000167985",65.5279157686474,0.31185142396446,0.299888328449671,1.03989183432591,0.298390156612728,0.771671571466643,63.8277270190498,67.5501863264304,64.3780223497285,33.5046863325795,83.9959475880279,56.954227686997,82.0639274262873,85.3284142304955,46.9067418608296,70.7692768660486,"SDHAF2"
"ENSG00000169047",541.804875759404,-0.336545827631723,0.323655354874554,-1.03982777532652,0.29841992237943,0.771671571466643,542.535679661923,1087.29819144658,585.179715973814,262.60429828238,548.039133443198,475.905665248975,507.224913134818,488.001829700249,388.80477142421,532.454559277889,"IRS1"
"ENSG00000162300",81.1475036048351,0.242529167064041,0.233274363468132,1.03967347057909,0.298491630033619,0.771671571466643,85.1036360253997,55.858807923779,82.5359260893955,67.9149047282017,97.7657750614751,92.6712857279952,98.6513170124517,69.9884745935525,75.0507869773274,85.9341219087733,"ZFPL1"
"ENSG00000059378",64.9699907777425,-0.299755519316848,0.288350701781982,-1.03955189796448,0.298548134693818,0.771671571466643,88.9719831174633,46.7655136106057,68.5048186541983,87.8366101151408,56.4562926411335,46.3356428639976,68.9686198582627,54.6485349566095,82.3473912667898,48.864500693224,"PARP12"
"ENSG00000147316",69.0353852220644,-0.273215117737625,0.262854771990284,-1.03941471432645,0.29861190363952,0.771671571466643,88.9719831174633,72.7463545053866,75.1076927413499,71.5370329803724,50.9483616517546,84.9486785839956,54.1272712811682,45.0610726835201,71.9236708532721,74.981733822361,"MCPH1"
"ENSG00000187514",4546.03200329962,-0.260313892450669,0.250443151965542,-1.03941309797317,0.298612655045313,0.771671571466643,5393.4429331097,5051.97451199015,6426.24720532033,3311.53075454711,3821.1271238816,5274.54067935173,4523.99225450022,3629.81321659164,5234.79239166859,2792.85896203513,"PTMA"
"ENSG00000120509",437.83176168063,0.213175641287573,0.205121686376731,1.03926427796644,0.298681843482806,0.771700842024445,485.477560053985,355.937520258499,467.153341665979,288.864728110618,539.77723695913,396.748942022979,418.176821672251,515.805470292209,463.855558401537,446.520437369116,"PDZD11"
"ENSG00000120008",300.290605579926,-0.274001081910156,0.263714307468153,-1.03900726714741,0.298801356494763,0.771860099083992,303.665246726994,214.341937381943,301.256130226294,519.775404186503,298.805256173804,292.493745578985,202.540757052113,257.902735146104,301.245519950661,310.879323375856,"WDR11"
"ENSG00000248690",26.8283750791371,0.448294924584407,0.431577668911083,1.03873521935346,0.298927896648859,0.771883776157834,29.9796899634931,20.7846727158247,16.5071852178791,20.8272374499818,35.8015514309627,21.2371696459989,36.6668611904688,48.8960575927558,11.4660924548695,26.117233129137,"HAS2-AS1"
"ENSG00000184939",307.14359960918,0.235369499965744,0.226594847761702,1.03872397051706,0.298933129696092,0.771883776157834,254.343821303183,236.425652142506,238.528826398353,380.323466477929,345.622669583525,340.760040228982,226.112310674558,393.085953196665,333.559053232566,322.674202853531,"ZFP90"
"ENSG00000076003",110.022158249128,-0.402840236034518,0.387863167927592,-1.03861430871859,0.298984148431534,0.771883776157834,124.754193719052,149.38983514499,148.564666960912,93.269802493397,45.4404306623758,160.244098237992,73.3337223809376,49.8548038200648,154.271062120062,101.098966951498,"MCM6"
"ENSG00000162704",3815.34194252784,0.317534465146621,0.305788365235641,1.03841251416459,0.299078045927147,0.771976756053873,3456.36812675885,3572.36562303238,4752.41862422739,1515.86067353346,3880.33738201742,5560.27714367971,3231.04888728393,3280.82958985119,5248.34322820616,3655.57014668791,"ARPC5"
"ENSG00000112335",3016.95945077378,0.191159700970612,0.184196301431873,1.03780423105463,0.299361206623146,0.77255812939878,2791.0124269239,2922.84460066285,3308.86527692387,2099.928854196,2882.0248901925,3127.65589331984,3100.96883210822,4003.72424524213,3131.28561222072,2801.28387594776,"SNX3"
"ENSG00000246100",11.6017688040756,0.717800022613672,0.692058138964116,1.03719612876468,0.299644461876018,0.77267008388959,10.637954503175,15.5885045368685,2.47607778268187,5.43319237825613,11.0158619787578,6.75728125099965,22.6985331179092,6.71122359116257,5.21186020675885,29.4871986941869,"LINC00900"
"ENSG00000147679",195.63305381475,0.199515118301845,0.192361999353143,1.03718571741173,0.299649313060908,0.77267008388959,207.92365619842,177.968760129249,195.610144831867,137.640873582489,185.892670891537,190.16920092099,206.905859574788,221.470378508365,191.796455608726,240.95253790107,"UTP23"
"ENSG00000145012",1537.53549653212,-0.310791562168861,0.299674444346951,-1.03709731687711,0.299690505527977,0.77267008388959,1439.02511824767,1913.48893190061,1254.54607655881,2352.57229978491,1136.01076655939,1414.20243324493,774.369187522519,1332.65725595942,2276.54053831226,1481.94235723071,"LPP"
"ENSG00000169018",894.848072497874,-0.256453914191032,0.247292645826873,-1.0370462628742,0.299714297153543,0.77267008388959,921.633694684158,837.882118856685,839.390368329152,1367.35341519446,790.388096975869,931.539486744952,623.336640237969,697.008507253598,1215.40580021616,724.542596485735,"FEM1B"
"ENSG00000111445",103.893656689178,-0.350078710458808,0.337605428056143,-1.03694633251154,0.299760869249223,0.77267008388959,82.202375706352,146.791751055512,173.325444787731,75.1591612325432,75.7340511039596,148.660187521992,66.3495583446578,77.658444412024,110.491436383288,82.5641563437233,"RFC5"
"ENSG00000138738",109.603276660672,-0.243855092108593,0.23516875111861,-1.03693662932964,0.299765391630529,0.77267008388959,133.457974676195,109.11953175808,112.248859481578,127.680020889019,126.682412755714,124.527040196994,82.0639274262873,70.9472208208614,107.364320259232,101.94145834276,"PRDM5"
"ENSG00000112096",2010.66080914117,0.324684018372382,0.313147463069995,1.0368406474997,0.299810128524303,0.77267008388959,2610.16720036993,2104.44811247725,1219.05562834037,1052.2282572556,2266.51360212941,1403.58384842193,2663.5855593362,1958.71854239216,1717.82912414772,3110.47821654109,"SOD2"
"ENSG00000166266",437.738081538552,-0.239975259922385,0.231546839972533,-1.03640049655116,0.300015338817894,0.773049569902289,564.778675441289,531.30819629827,521.62705288498,310.597497623642,413.094824203416,394.81829023698,308.176238100845,374.869774877795,532.652113130754,425.458152587554,"CUL5"
"ENSG00000118363",218.046810072122,0.274955554428065,0.26548083222287,1.0356889125511,0.30034729660218,0.773354324856017,187.614833965086,145.492709010773,181.57903739667,259.887702093252,148.71413671323,314.696241117984,217.382105629208,288.58261441999,193.881199691429,242.637520683595,"SPCS2"
"ENSG00000146410",14.5072238333951,-0.715681415268738,0.691177674528348,-1.03545215889259,0.300457797723135,0.773354324856017,11.6050412761909,32.4760511184761,24.7607778268187,7.24425650434151,2.75396549468944,20.2718437529989,4.36510252267486,6.71122359116257,28.1440451164978,6.73993113009986,"MTFR2"
"ENSG00000125447",200.683792389957,-0.346892489651562,0.335052817768258,-1.035336732764,0.300511680913605,0.773354324856017,140.227582087306,246.817988500419,117.201015046942,416.544748999637,206.547412101708,197.89180806499,179.842223934204,170.656828460991,162.610038450876,168.498278252497,"GGA3"
"ENSG00000182247",284.310049071202,0.250832496834647,0.242301602748696,1.03520774930572,0.300571900551299,0.773354324856017,309.46776736509,233.827568053028,299.605411704506,178.38981641941,227.202153311879,292.493745578985,300.31905356003,411.302131515534,254.338778089832,336.154065113731,"UBE2E2"
"ENSG00000196981",49.015221331149,0.314701243749457,0.304008433137211,1.03517274340682,0.300588245449491,0.773354324856017,49.3214254238112,44.1674295211276,40.4426037838038,37.1268145847502,63.3412063778571,59.8502053659969,51.5082097675633,27.8036405919592,50.0338579848849,66.5568199097362,"WDR5B"
"ENSG00000010361",78.780365660721,0.367406994652612,0.355060908967251,1.03477174021007,0.3007755234743,0.773354324856017,75.4327682952406,88.3348590422551,66.0287408715164,38.9378787108356,121.174481766335,71.4341160819963,130.080055175711,86.2871604578044,46.9067418608296,63.1868543446862,"FUZ"
"ENSG00000008300",14.012114981895,-0.607345470955348,0.587056109775195,-1.03456119584195,0.300873883817179,0.773354324856017,9.67086773015905,11.6913784026514,15.6818259569851,33.5046863325795,11.0158619787578,4.82662946499975,15.7143690816295,22.0511632281056,4.16948816540708,11.7948794776748,"CELSR3"
"ENSG00000096070",504.150323450425,-0.246223325638675,0.238013755803386,-1.03449199735359,0.300906216062055,0.773354324856017,478.707952642873,568.980415595702,578.576841886663,598.556693671217,637.543012020605,602.363357231969,316.906443146195,367.199805059323,485.745371269925,406.923341979779,"BRPF3"
"ENSG00000187147",525.190783107638,0.228333903092506,0.220733080950868,1.03443444955734,0.300933106409974,0.773354324856017,488.378820373032,429.982916808624,530.706004754813,455.482627710473,509.483616517546,702.757250103964,674.844850005533,639.483733615062,409.652212251245,411.135798936092,"RNF220"
"ENSG00000185596",121.909504950388,0.412302832993999,0.398633215880738,1.03429121450168,0.301000042778185,0.773354324856017,85.1036360253997,62.3540181474742,84.1866446111834,174.767688167239,123.928447261025,139.972254484993,156.27067031176,243.52154173647,74.0084149359756,74.981733822361,"WASH3P"
"ENSG00000261740",5.93442492145604,0.739762869957724,0.715287539707383,1.03421747044602,0.301034508594993,0.773354324856017,3.86834709206362,2.59808408947809,6.60287408715164,3.62212825217076,6.8849137367236,9.6532589299995,1.74604100906994,3.83498490923575,10.4237204135177,10.1098966951498,"BOLA2-SMG1P6"
"ENSG00000213024",319.243189768593,-0.232422141064882,0.224736945271089,-1.03419640586697,0.301044354046412,0.773354324856017,315.270288003185,471.552262240274,355.729841445295,260.793234156294,291.920342437081,346.551995586982,302.938115073635,215.717901144511,338.770913439325,293.187004159344,"NUP62"
"ENSG00000143387",375.026198787107,0.392337274737289,0.379415722261879,1.03405644973903,0.301109774104806,0.773354324856017,344.282891193662,201.351516934552,288.875741312884,428.316665819192,505.352668275512,215.267674138989,641.670070833204,371.034789968559,176.160874988449,577.949094406063,"CTSK"
"ENSG00000232630",7.42595599542343,-0.658938185634558,0.637342737729838,-1.03388357099924,0.301190596337026,0.773354324856017,5.80252063809543,6.49521022369523,8.25359260893955,17.2051091978111,6.8849137367236,6.75728125099965,1.74604100906994,4.79373113654469,10.4237204135177,5.89743973883738,"PRPS1P2"
"ENSG00000138071",3097.85599457797,-0.335856239783037,0.32489168264532,-1.03374834667493,0.301253824890209,0.773354324856017,4820.92756348429,3282.67924705557,3363.33898814287,2688.52469517374,2094.39075871132,2839.02345131285,1436.99175046456,2149.50904162664,4782.40292572192,3520.77152408592,"ACTR2"
"ENSG00000165030",294.727945679976,0.316136260392102,0.305840617807682,1.03366342462365,0.301293537489917,0.773354324856017,268.850122898422,259.808408947809,244.306341224611,254.454509714996,406.209910466692,160.244098237992,385.002042499922,437.188279652876,345.025145687436,186.190597469009,"NFIL3"
"ENSG00000174917",457.82957685594,0.243369981754775,0.235450496729446,1.03363545685966,0.301306616983457,0.773354324856017,463.234564274619,420.889622495451,496.040915797267,268.943022723679,564.562926411335,451.772517923977,625.955701751574,480.331859881778,440.923373491799,365.641263807918,"C19orf70"
"ENSG00000102349",7.00498464750434,0.725969992199441,0.70244563188518,1.03348922570865,0.301375010065963,0.773354324856017,5.80252063809543,1.29904204473905,8.25359260893955,4.52766031521344,6.8849137367236,9.6532589299995,15.7143690816295,3.83498490923575,3.12711612405531,10.9523880864123,"KLF8"
"ENSG00000138663",249.881439325976,-0.234846544513505,0.227280065337723,-1.03329143347675,0.301467534985327,0.773354324856017,302.698159953978,294.882544155763,321.890111748642,179.295348482452,238.218015290637,223.955607175988,204.286798061183,189.83175300717,252.254034007128,291.502021376819,"COPS4"
"ENSG00000225630",54.4278441887964,1.10968015471652,1.07400712029122,1.03321489564765,0.301503343571897,0.773354324856017,1.93417354603181,10.3923363579124,7.4282333480456,108.663847565123,16.5237929681366,33.7864062549982,44.5240457312835,71.9059670481704,25.0169289924425,224.102710075821,"MTND2P28"
"ENSG00000233452",67.4320965281421,0.345052537429379,0.333975233966193,1.03316803863459,0.301525267245354,0.773354324856017,46.4201651047635,50.6626397448228,75.9330520022439,58.8595840977748,74.3570683566149,100.393892871995,63.7304968310529,59.4422660931542,37.5253934886637,106.996406690335,"STXBP5-AS1"
"ENSG00000184508",50.6046445297752,0.368591139546109,0.356807468335273,1.03302529306859,0.30159206223508,0.773376914829699,64.7948137920657,55.858807923779,29.7129333921824,22.6383015760672,59.2102581358229,44.4049910779977,70.7146608673327,66.1534896843167,52.1186020675885,40.4395867805992,"HDDC3"
"ENSG00000158156",66.5710016290841,0.275472913376028,0.266714300988027,1.03283893047938,0.301679281780818,0.773430883055304,54.1568592888907,55.858807923779,69.3301779150922,57.0485199716894,71.6031028619254,65.6421607239966,97.7782965079168,77.658444412024,45.8643698194779,70.7692768660486,"XKR8"
"ENSG00000155545",96.31832949838,-0.35611411623482,0.344829562326702,-1.03272501879472,0.301732601850169,0.773430883055304,81.2352889333361,89.6339010869942,85.0120038720774,187.445137049837,68.849137367236,95.567263406995,45.3970662358185,92.998384048967,112.576180465991,104.468932516548,"MIER3"
"ENSG00000111224",118.989466773818,-0.211675312576516,0.204990839645392,-1.03260864213585,0.301787082208878,0.773430883055304,134.425061449211,149.38983514499,136.184278047503,98.7029948716531,121.174481766335,127.423017875993,96.0322554988468,105.462085003983,107.364320259232,113.736337820435,"PARP11"
"ENSG00000176890",335.689513369382,-0.493599409630771,0.478153106323683,-1.03230409486586,0.301929683403352,0.773647682526513,439.057394949221,604.054550803656,479.533730579388,103.230655186867,184.515688144192,594.640750087969,192.937531502229,125.595755777471,328.347193025807,304.981883637019,"TYMS"
"ENSG00000129173",15.6147385945356,-0.810193394458225,0.785032487800258,-1.03205078394713,0.302048327849883,0.773727636106825,15.4733883682545,33.7750931632152,30.5382926530763,4.52766031521344,6.8849137367236,34.7517321479982,3.49208201813988,0.958746227308938,15.6355806202765,10.1098966951498,"E2F8"
"ENSG00000088298",98.4523990688999,0.285976679449796,0.277124720619512,1.03194214796318,0.302099219709971,0.773727636106825,89.9390698904792,63.6530601922132,67.6794593933043,125.868956762934,130.813360997748,79.1567232259959,124.841932148501,117.925785958999,88.6016235149004,96.0440186039231,"EDEM2"
"ENSG00000129515",1194.89184577176,-0.27495117691376,0.266460175170266,-1.03186593170281,0.302134927558247,0.773727636106825,1585.05522097307,1047.02788805967,1819.91717027117,881.988229403579,1182.82817996911,1294.50202251293,786.591474586009,815.893039439906,1322.7701204754,1212.34511202671,"SNX6"
"ENSG00000197355",124.763846428196,-0.251460970700474,0.24385789514893,-1.03117830385151,0.30245721295769,0.774404271302882,100.577024393654,166.277381726598,122.153170612305,162.995771347684,145.96017121854,116.804433052994,91.667152976172,127.513248232089,90.6863675976039,123.003743124323,"UAP1L1"
"ENSG00000138758",6266.72928534697,-0.190025176897666,0.184323926047463,-1.03093060663614,0.30257336256719,0.774552962871136,6542.3420194526,7635.76913897611,7040.31449542544,5853.35925550794,6244.6167592083,6528.49901435866,4301.3720258438,5228.04317751564,6239.63903953169,7053.33792764951,"SEPT11"
"ENSG00000088970",185.130447004908,0.26989421947836,0.261866472462732,1.03065587946456,0.302702221697483,0.774734126037099,130.556714357147,141.595582876556,173.325444787731,212.800034815032,236.841032543292,166.036053595991,274.128438423981,213.800408689893,165.737154574931,136.483605384522,"KIZ"
"ENSG00000234912",25.8039957017113,-0.495375342322459,0.480960226779059,-1.0299715334882,0.303023368736852,0.774767901257629,23.2100825523817,18.1865886263466,16.5071852178791,67.009372665159,17.9007757154814,30.8904285759984,29.682697154189,23.0099094554145,15.6355806202765,16.0073364339872,"SNHG20"
"ENSG00000186187",183.534172888501,0.187706803848715,0.182253327911715,1.02992250401947,0.303046385775134,0.774767901257629,174.075619142863,184.463970352945,182.404396657564,137.640873582489,177.630774407469,169.897357167991,220.874187647348,210.924170007966,184.499851319263,192.930528599109,"ZNRF1"
"ENSG00000188342",262.935872473805,0.429384081338209,0.416915961821838,1.02990559407198,0.30305432447273,0.774767901257629,302.698159953978,181.865886263466,283.098226486627,103.230655186867,173.499826165435,464.321754532976,292.461869019215,144.77068032365,189.711711526022,493.699955279815,"GTF2F2"
"ENSG00000111335",10.8426753158129,-0.739604412587238,0.718143203897689,-1.02988430242474,0.303064320439539,0.774767901257629,23.2100825523817,20.7846727158247,9.90431113072746,3.62212825217076,6.8849137367236,7.7226071439996,2.61906151360491,3.83498490923575,6.25423224811062,23.5897589553495,"OAS2"
"ENSG00000164430",33.2788513093777,-0.336744942484099,0.32698190080963,-1.02985804917732,0.303076646071834,0.774767901257629,31.9138635095249,48.0645556553447,42.9186815664857,29.8825580804087,22.0317239575155,45.3703169709976,24.4445741269792,27.8036405919592,29.1864171578495,31.1721814767119,"MB21D1"
"ENSG00000140937",1042.60788532667,-0.386045166306234,0.374891726779228,-1.02975109539714,0.30312686322672,0.774767901257629,1231.10146204925,622.241139430003,677.619953193937,2322.6897417045,853.729303353726,606.224660803969,891.353935130206,1267.46251250242,1234.1684969605,719.487648138161,"CDH11"
"ENSG00000141034",441.016259273323,0.209189307517764,0.203177531144292,1.02958878543121,0.303203081895612,0.774767901257629,414.880225623823,487.140766777142,433.313611969326,277.998343354106,568.693874653369,444.049910779977,398.970370572482,448.693234380583,450.304721863964,486.117532758453,"GID4"
"ENSG00000139266",28.412040548461,0.677778228816568,0.658301201587096,1.02958680188114,0.30320401342396,0.774767901257629,21.2759090063499,18.1865886263466,9.90431113072746,34.4102183956222,22.0317239575155,10.6185848229995,80.3178864172174,46.978565138138,4.16948816540708,36.2271298242868,"MARCH9"
"ENSG00000100764",406.08821757343,0.194004143005429,0.188442467416566,1.02951391830679,0.303238242825585,0.774767901257629,347.18415151271,315.667216871588,423.409300838599,408.394960432253,393.81706574059,482.662946499975,405.954534608762,361.44732769547,385.677655300155,536.667016234202,"PSMC1"
"ENSG00000155085",25.2172170189572,0.478760617335136,0.465123161618219,1.02932009592786,0.303329283021954,0.774852068121778,30.946776736509,16.8875465816076,18.157903739667,15.3940450717257,44.063447915031,11.5839107159994,27.9366561451191,19.1749245461788,20.8474408270354,47.1795179106991,"AK9"
"ENSG00000091073",52.2956523633685,-0.27507947795978,0.267318869195977,-1.02903127933746,0.303464976594548,0.774989441883357,52.2226857428589,67.5501863264304,58.6005075234708,56.1429879086467,39.9324996729969,37.647709826998,66.3495583446578,48.8960575927558,41.6948816540708,53.9194490407989,"DTX2"
"ENSG00000204634",71.4034673043178,-0.51273999187812,0.498368021235729,-1.02883806751235,0.30355577506978,0.774989441883357,64.7948137920657,148.090793100251,81.7105668285016,53.4263917195186,118.420516271646,25.0984732179987,75.0797633900075,77.658444412024,16.6779526616283,53.0769576495364,"TBC1D8"
"ENSG00000131016",307.494001070275,0.4418239760646,0.429441193023862,1.02883464195306,0.303557385049011,0.774989441883357,138.293408541274,481.944598598186,251.734574572656,141.263001834659,421.356720687484,270.291250039986,213.890023611068,631.81376379659,173.033758864394,351.318910156455,"AKAP12"
"ENSG00000178585",317.700933399186,0.210359703675374,0.204543983660147,1.02843261342211,0.303746373921264,0.775202056049266,284.323511266676,324.760511184761,290.526459834672,261.698766219337,411.717841456071,256.776687537987,350.954242823058,417.054608879388,287.694683413088,291.502021376819,"CTNNBIP1"
"ENSG00000197818",118.01579225302,-0.407184895340238,0.395936266985376,-1.02841019955183,0.303756912717512,0.775202056049266,83.1694624793679,107.820489713341,71.8062556977741,290.675792236703,107.404654292888,88.8099821559954,112.619645085011,145.729426550959,97.9829718870663,74.1392424310985,"SLC9A8"
"ENSG00000070367",1124.85543509559,-0.334948635718536,0.32575707192615,-1.02821600690981,0.30384823048688,0.775209728608578,1442.89346533973,1362.69510493126,1446.8547843471,885.61035765575,897.792751268757,1428.68232163993,481.034297998769,741.110833709809,1607.33768776443,954.542746300393,"EXOC5"
"ENSG00000226419",39.4504802073267,-0.459675754380744,0.447116011845374,-1.02809056755434,0.303907227184793,0.775209728608578,52.2226857428589,10.3923363579124,44.5694000882736,80.5923536107993,41.3094824203416,33.7864062549982,32.3017586677939,42.1848340015933,34.3982773646084,22.747267564087,"SLC16A1-AS1"
"ENSG00000163946",596.575122270424,-0.270294295976238,0.262923748092498,-1.028033024545,0.303934293386388,0.775209728608578,749.492249087327,910.628473362071,628.0983975403,371.268145847502,636.166029273261,553.131736688971,395.478288554342,493.754307064103,611.872388273489,615.861207012875,"FAM208A"
"ENSG00000206190",339.678559771164,-0.425438334714237,0.414171672615957,-1.02720287948985,0.304324942508844,0.775846825393414,243.705866800008,310.471048692632,240.179544920141,809.545664360164,346.999652330869,284.771138434985,260.160110351421,285.706375738064,488.87248739398,126.373708689372,"ATP10A"
"ENSG00000143514",152.94427710491,-0.264205686905593,0.25725428162952,-1.0270215338382,0.304410324379654,0.775846825393414,144.09592917937,161.081213547642,138.660355830184,235.438336391099,173.499826165435,129.353669661993,133.572137193851,93.9571302762759,178.245619071153,141.538553732097,"TP53BP2"
"ENSG00000004866",124.073455318686,0.342856404976291,0.333902078867647,1.02681722180051,0.304506538426576,0.775846825393414,79.3011153873043,153.286961279207,80.0598483067136,115.002572006422,217.563274080466,104.255196443995,127.460993662106,180.24429073408,91.7287396389557,91.8315616476107,"ST7"
"ENSG00000143127",13.4636073638715,-0.840089628344389,0.818421120252761,-1.02647598840672,0.304667276104118,0.775846825393414,10.637954503175,6.49521022369523,10.7296703916214,45.2766031521344,1.37698274734472,9.6532589299995,3.49208201813988,4.79373113654469,35.4406494059602,6.73993113009986,"ITGA10"
"ENSG00000132819",129.565800157581,0.302704988057121,0.294973812647652,1.02620970092251,0.304792749697231,0.775846825393414,147.964276271434,141.595582876556,104.820626133532,60.6706482238602,161.106981439332,138.041602698993,166.74691636618,145.729426550959,139.677853541137,89.3040874738232,"RBM38"
"ENSG00000204130",150.846583341212,-0.223286548607033,0.217598730937674,-1.02613902041087,0.304826059829546,0.775846825393414,177.943966234927,174.071633995032,147.739307700018,161.184707221599,121.174481766335,151.556165200992,101.270378526057,132.306979368633,162.610038450876,178.608174947646,"RUFY2"
"ENSG00000109270",456.030298044198,0.206093728142592,0.200890144601688,1.02590263226313,0.304937481788624,0.775846825393414,492.247167465096,370.226982750628,520.801693624086,286.14813192149,491.582840802065,457.564473281976,500.240749098539,476.496874972542,498.253835766146,466.740230759416,"LAMTOR3"
"ENSG00000116584",1087.13457832128,-0.284475619837894,0.277293571837158,-1.02590052107286,0.304938477023535,0.775846825393414,959.350078831778,1139.25987323614,974.749287115761,1797.48114513974,1126.37188732798,1308.98191090793,751.67065440461,1109.26938499644,1097.61775954341,606.593801708988,"ARHGEF2"
"ENSG00000070061",209.744745552528,-0.213941136512345,0.208564686207972,-1.02577833478009,0.304996080461421,0.775846825393414,212.759090063499,196.155348755596,208.815893006171,296.108984614959,202.416463859674,215.267674138989,157.143690816295,166.821843551755,217.85575664252,224.102710075821,"ELP1"
"ENSG00000143811",157.763272822407,-0.186714084021452,0.182036366386025,-1.02569661067343,0.305034612458434,0.775846825393414,167.306011731752,158.483129458164,167.547929961473,187.445137049837,126.682412755714,142.868232163993,134.445157698386,150.523157687503,177.203247029801,165.128312687447,"PYCR2"
"ENSG00000204438",127.954575309407,0.270305684749743,0.263542634918387,1.02566207108557,0.305050898456632,0.775846825393414,116.050412761909,118.212826071253,147.739307700018,73.3480971064578,147.337153965885,126.457691982993,190.318469988624,115.049547277073,135.50836537573,109.523880864123,"GPANK1"
"ENSG00000095059",262.975356543128,0.206582465672565,0.201425093044953,1.02560441973564,0.305078083325662,0.775846825393414,224.36413133969,218.23906351616,263.289604225172,256.265573841081,282.281463205668,213.337022352989,332.620812227824,319.262493693876,300.20314790931,219.890253119508,"DHPS"
"ENSG00000120910",233.167486657959,0.180394217939664,0.175904008108133,1.02552647821857,0.305114838358586,0.775846825393414,228.232478431754,216.940021471421,241.830263441929,177.484284356367,205.170429354363,238.435495570988,275.874479433051,249.274019100324,235.5760813455,262.857314073895,"PPP3CC"
"ENSG00000163558",374.526820122588,-0.242986379963077,0.23704486891823,-1.02506492155667,0.305332555746445,0.77623601439803,503.852208741287,410.497286137538,389.569571141947,347.724312208393,355.261548814938,360.066558088981,219.128146638278,291.458853101917,434.669141243688,433.040575108916,"PRKCI"
"ENSG00000187607",100.458366318249,-0.312025783840501,0.304468820734649,-1.02482015428581,0.305448054863884,0.77623601439803,81.2352889333361,142.894624921295,94.9163150028048,136.735341519446,79.8649993459938,69.5034642959964,103.016419535127,144.77068032365,61.4999504397544,90.1465788650857,"ZNF286A"
"ENSG00000111639",943.139183189598,0.248082670728086,0.242098193735001,1.02471921372382,0.305495694449357,0.77623601439803,994.165202660351,928.815061988418,1021.79476498672,446.427307080046,983.16568160413,1015.52283943595,1178.57768112221,921.355124443889,1017.35511235933,924.213056214944,"MRPL51"
"ENSG00000189184",481.77243411957,-0.30605586992821,0.298676001743235,-1.02470860779541,0.305500700275569,0.77623601439803,556.074894484146,446.870463390232,425.885378621281,747.063952010218,509.483616517546,283.805812541985,251.429905306072,533.062902383769,614.999504397544,449.047911542903,"PCDH18"
"ENSG00000206535",28.0354042674745,0.387657766022061,0.378436052762002,1.02436795646914,0.30566151111315,0.77637640247063,24.1771693253976,18.1865886263466,21.4593407832428,30.7880901434514,22.0317239575155,38.613035719998,39.2859227040737,44.1023264562111,19.8050687856836,21.9047761728246,"LNP1"
"ENSG00000205090",30.1684826375373,0.649714153826497,0.634345234697227,1.02422800438724,0.305727594379812,0.77637640247063,26.1113428714294,29.8779670289981,28.8875741312884,5.43319237825613,19.2777584628261,7.7226071439996,55.8733122902382,81.4934293212597,16.6779526616283,30.3296900854494,"TMEM240"
"ENSG00000139946",51.7424483813378,-0.355156117493124,0.346757084333883,-1.02422166276826,0.3057305890212,0.77637640247063,48.3543386507953,63.6530601922132,39.6172445229098,86.0255459890555,67.4721546198913,42.4743392919978,53.2542507766332,52.7310425019916,38.5677655300155,25.2747417378745,"PELI2"
"ENSG00000138750",195.593390252412,-0.201177036398348,0.196472154934232,-1.02394681050702,0.305860398536256,0.776516683152533,203.08822233334,211.743853292464,237.703467137459,196.500457680264,152.845084955264,214.302348245989,178.096182925134,144.77068032365,218.898128683872,197.985476946684,"NUP54"
"ENSG00000162191",795.461741965787,0.25970775298407,0.253655988334892,1.02385815800724,0.305902275870391,0.776516683152533,740.788468130184,648.221980324784,779.139142283894,676.432451092889,1018.96723303509,619.739223305968,1262.38764955757,958.746227308938,619.168992562951,631.0260520556,"UBXN1"
"ENSG00000050327",35.4760209606609,-0.432315384771553,0.422343925002889,-1.02360980986905,0.30601960986906,0.776666705389848,31.9138635095249,23.3827568053028,44.5694000882736,67.9149047282017,28.9166376942391,13.5145625019993,49.7621687584934,26.8448943646503,29.1864171578495,38.7546039980742,"ARHGEF5"
"ENSG00000105732",51.8819869893215,0.308288280344272,0.301216216083515,1.02347836498549,0.306081724093843,0.776676551415445,37.7163841476203,62.3540181474742,45.3947593491675,37.1268145847502,56.4562926411335,56.954227686997,76.8258043990775,40.2673415469754,41.6948816540708,64.0293457359487,"ZNF574"
"ENSG00000241553",860.92673978685,0.241019354120215,0.235547347797458,1.02323102498892,0.306198627163392,0.77667779364707,957.415905285746,718.370250740692,907.895186983351,520.680936249546,915.693526984239,897.753080489954,942.862144897769,867.665335714589,1219.57528838157,661.355742141049,"ARPC4"
"ENSG00000168487",497.405616964585,-0.427356105062184,0.417713006630124,-1.02308546365328,0.306267439277015,0.77667779364707,341.381630874615,410.497286137538,300.4307709654,1298.53297840322,497.090771791444,375.511772376981,470.558051944349,667.287374207021,361.703098349064,251.06243459622,"BMP1"
"ENSG00000116350",600.465139437512,-0.242532470830024,0.237185445227757,-1.02254364974686,0.30652366439767,0.77667779364707,554.140720938114,530.009154253531,510.072023232464,1053.13378931865,509.483616517546,580.16086169297,583.177697029361,533.062902383769,578.516482950232,572.894146058489,"SRSF4"
"ENSG00000105323",2621.92929251892,-0.25451885145958,0.24896321336977,-1.02231509633336,0.306631790447664,0.77667779364707,2918.667880962,3921.80793306718,2977.89621330539,1796.57561307669,3111.98100899907,2969.34244686785,2171.20199477847,2139.92157935355,2343.25234895878,1868.64590582019,"HNRNPUL1"
"ENSG00000145241",30.7501407902919,-0.403713861523941,0.394916955313265,-1.02227533179399,0.306650605184548,0.77667779364707,22.2429957793658,35.0741352079542,26.4114963486066,60.6706482238602,20.6547412101708,36.6823839339981,27.0636356405841,17.2574320915609,26.0593010337942,35.3846384330243,"CENPC"
"ENSG00000175595",53.7502057452812,-0.268898183020977,0.263074653240558,-1.02213641530526,0.306716340031215,0.77667779364707,49.3214254238112,67.5501863264304,51.9976334363192,71.5370329803724,35.8015514309627,53.0929241149972,43.6510252267486,51.7722962746827,52.1186020675885,60.6593801708988,"ERCC4"
"ENSG00000092445",97.1249477187952,0.343497370669196,0.3360590437708,1.02213398816748,0.306717488628168,0.77667779364707,66.7289873380975,98.7271954001675,95.7416742636988,73.3480971064578,97.7657750614751,166.036053595991,66.3495583446578,76.699698184715,157.398178244117,72.4542596485736,"TYRO3"
"ENSG00000183578",98.7467468850425,0.487340099747888,0.476796405496393,1.022113619419,0.306727127864636,0.77667779364707,77.3669418412724,120.810910160731,101.519189089956,19.0161733238965,88.1268958300621,51.1622723289973,73.3337223809376,172.574320915609,178.245619071153,105.31142390781,"TNFAIP8L3"
"ENSG00000164294",1104.99976817146,0.198994606525416,0.1947503866371,1.02179312689235,0.306878823066601,0.77667779364707,898.423612131776,801.508941603991,1001.16078346437,1357.39256250099,1133.2568010647,1224.03323232394,1289.45128519815,1275.13248232089,1118.46520037045,951.172780735343,"GPX8"
"ENSG00000116138",108.185519460206,-0.275412462212143,0.269596930208426,-1.02157121002536,0.306983889648183,0.77667779364707,105.412458258734,105.222405623863,94.0909557419109,178.38981641941,78.488016598649,116.804433052994,78.5718454081474,124.637009550162,108.406692300584,91.8315616476107,"DNAJC16"
"ENSG00000144455",118.369144100915,0.418126102402868,0.409358531076656,1.0214178297522,0.307056521488936,0.77667779364707,112.182065669845,61.0549761027352,66.8541001324104,153.940450717257,82.6189648406832,72.3994419749963,152.77858829362,232.016587008763,77.1355310600309,172.710735208809,"SUMF1"
"ENSG00000106246",14.9793917346155,-0.598779467803376,0.586431171490401,-1.0210566847625,0.307227583373834,0.77667779364707,12.5721280492068,9.09329431317332,8.25359260893955,45.2766031521344,6.8849137367236,8.68793303699955,13.0953075680246,17.2574320915609,17.7203247029801,10.9523880864123,"PTCD1"
"ENSG00000170802",95.8851941865118,-0.337122239689606,0.330210949120479,-1.02092992551439,0.307287639801779,0.77667779364707,137.326321768259,115.614741981775,125.454607655881,59.7651161608175,90.8808613247515,94.6019375139951,50.6351892630283,61.359758547772,127.169389044916,96.0440186039231,"FOXN2"
"ENSG00000185630",863.519971975742,-0.277940580344934,0.272312209614369,-1.02066881517555,0.307411374042097,0.77667779364707,1113.11687574131,1121.0732846098,1039.95266872638,585.87924478862,899.169734016102,903.545035847953,489.764503044119,604.96886943194,855.787445949803,1021.94205760139,"PBX1"
"ENSG00000124875",91.3210896945931,-0.725279940169483,0.710650922276231,-1.02058537804524,0.307450919950303,0.77667779364707,112.182065669845,62.3540181474742,297.129333921824,7.24425650434151,11.0158619787578,136.110950912993,103.889440039662,51.7722962746827,53.1609741089403,78.3516993874109,"CXCL6"
"ENSG00000137693",1804.4404680364,-0.236802091963527,0.232041900914894,-1.02051435981978,0.307484582440622,0.77667779364707,1793.9459639445,2352.56514302241,2132.72833014998,1659.84027155725,1721.2284341809,1752.06649579491,1031.0372158558,1446.74805700919,2112.88812782004,2041.356641029,"YAP1"
"ENSG00000116251",6195.93932952975,0.290033151463818,0.284213987689273,1.02047458614495,0.307503436145118,0.77667779364707,4883.78820373032,3859.45391491971,5463.05294785709,7655.36806096289,7976.86105536796,5724.3825454897,8738.93525039506,8271.10370299421,5677.80050924309,3708.64710433745,"RPL22"
"ENSG00000036448",12.3229585237413,0.803936037696408,0.787813373984813,1.02046507998467,0.307507942413252,0.77667779364707,0.967086773015906,16.8875465816076,15.6818259569851,0.905532063042689,4.13094824203416,22.2024955389988,22.6985331179092,7.6699698184715,13.550836537573,18.5348106077746,"MYOM2"
"ENSG00000163626",103.190895599341,-0.289374875626909,0.283591837577111,-1.02039211741496,0.3075425307989,0.77667779364707,156.668057228577,135.100372652861,88.3134409156532,84.2144818629701,78.488016598649,82.0527009049957,87.3020504534971,140.935695414414,80.2626471840863,98.5714927777105,"COX18"
"ENSG00000126934",1914.42066696872,0.270514798402177,0.265145428433812,1.02025066017574,0.307609596868991,0.77667779364707,1658.55381572228,1978.44103413757,2088.15893006171,1089.35507184035,2482.69989346253,1593.75304934292,2770.967081394,2370.02067390769,1564.60043406901,1547.65668574918,"MAP2K2"
"ENSG00000153207",115.238595809626,-0.281334068296583,0.27575485052692,-1.0202325281278,0.307618194125738,0.77667779364707,127.6554540381,150.688877189729,116.375655786048,122.246828510763,64.7181891252018,107.151174122994,96.9052760033818,78.6171906393329,153.22869007871,134.798622601997,"AHCTF1"
"ENSG00000074842",582.827572847114,0.286315891270725,0.280692892601578,1.02003256518906,0.307713016508275,0.77667779364707,590.890018312718,306.573922558415,519.976334363192,642.022232697267,422.733703434829,602.363357231969,705.400567664257,951.076257490466,551.414809875086,535.824524842939,"MYDGF"
"ENSG00000143515",1851.38315239611,-0.276448858979053,0.271032886845218,-1.01998271204973,0.307736659868548,0.77667779364707,1454.49850661592,3029.36604833145,1779.47456648737,2007.56458376564,2357.39446345416,2060.00545566189,1234.45099341245,1437.1605947361,1834.57479277911,1319.34151871705,"ATP8B2"
"ENSG00000163638",8.3235029099693,-0.791364441014322,0.775963992930003,-1.01984685916439,0.307801095588516,0.77667779364707,4.83543386507953,23.3827568053028,2.47607778268187,14.488513008683,2.75396549468944,5.7919553579997,13.0953075680246,8.62871604578044,1.04237204135177,6.73993113009986,"ADAMTS9"
"ENSG00000118816",6420.34389407485,0.183031259500113,0.179471553170497,1.01983437634952,0.307807016699473,0.77667779364707,5925.34065826845,6006.77041487335,5882.33545239122,5939.384801497,6306.58098283882,6858.64046976464,8159.24963538384,8051.55081694046,6163.54588051301,4910.03982827775,"CCNI"
"ENSG00000171812",68.5841190965918,0.504268588173371,0.494690190938741,1.01936241593239,0.308030942180621,0.77667779364707,88.0048963444474,19.4856306710857,25.5861370877126,86.0255459890555,66.0951718725465,63.7115089379967,49.7621687584934,66.1534896843167,54.203346150292,166.813295469972,"COL8A2"
"ENSG00000140945",235.472148165546,-0.542339329916938,0.532149086340385,-1.01914922685789,0.308132126811684,0.77667779364707,188.581920738102,131.203246518644,86.6627223938653,753.402676451517,194.154567375605,258.707339323987,191.191490493159,197.501722825641,71.9236708532721,281.392124681669,"CDH13"
"ENSG00000079257",17.9959694299155,0.908555962951539,0.891568723952516,1.01905320200524,0.308177709684258,0.77667779364707,27.0784296444454,14.2894624921295,3.30143704357582,2.71659618912807,4.13094824203416,34.7517321479982,11.3492665589546,57.5247736385363,23.9745569510907,0.842491391262483,"LXN"
"ENSG00000156931",145.074932095213,-0.245148185531681,0.240572752236283,-1.01901891736644,0.308193985638315,0.77667779364707,161.503491093656,128.605162429166,119.677092829623,230.005144012843,141.829222976506,128.388343768993,112.619645085011,134.224471823251,135.50836537573,158.388381557347,"VPS8"
"ENSG00000204231",388.272654721203,-0.23591560849076,0.231517860962486,-1.0189952840355,0.308205205425756,0.77667779364707,366.525886973028,346.844225945325,345.000171053673,648.360957138565,408.963875961382,338.829388442982,413.811719149576,351.85986542238,335.64379731527,326.886659809843,"RXRB"
"ENSG00000250571",53.8376480225046,-0.43987203410485,0.431683407743154,-1.0189690551335,0.30821765776192,0.77667779364707,55.1239460619066,44.1674295211276,38.7918852620159,117.71916819555,38.5555169256522,31.8557544689983,77.6988249036124,65.1947434570078,22.9321849097389,46.3370265194366,"GLI4"
"ENSG00000103932",110.153925449165,-0.29923369118592,0.293676247663936,-1.01892370787965,0.308239187440951,0.77667779364707,65.7619005650816,161.081213547642,102.34454835085,167.523431662897,112.912585282267,94.6019375139951,107.381522057801,76.699698184715,114.660924548695,98.5714927777105,"RPAP1"
"ENSG00000144891",11.0299886163721,-0.842867693765222,0.827255105324074,-1.01887276166767,0.308263376544132,0.77667779364707,8.70378095714315,0,12.3803889134093,38.9378787108356,2.75396549468944,15.4452142879992,11.3492665589546,11.5049547277073,4.16948816540708,5.0549483475749,"AGTR1"
"ENSG00000160255",25.3758637266985,0.690570833253307,0.677880580635847,1.0187204840793,0.30833568495553,0.77667779364707,35.7822106015885,2.59808408947809,16.5071852178791,19.0161733238965,17.9007757154814,7.7226071439996,36.6668611904688,75.7409519574061,29.1864171578495,12.6373708689372,"ITGB2"
"ENSG00000171425",187.732303545644,0.383605763489795,0.376564843032642,1.01869776371169,0.308346474594096,0.77667779364707,153.766796909529,174.071633995032,189.007270744716,117.71916819555,322.213962878664,111.977803587994,299.446033055495,278.995152146901,110.491436383288,119.633777559273,"ZNF581"
"ENSG00000004779",304.40657745273,0.282826305674125,0.277672726488073,1.01855990414051,0.30841194785728,0.77667779364707,322.039895414296,326.059553229501,302.906848748082,127.680020889019,256.118791006118,286.701790220985,378.017878463643,327.891209739657,336.686169356622,379.96361745938,"NDUFAB1"
"ENSG00000228109",20.0128897843131,0.654957649549748,0.643040110165314,1.01853311977906,0.308424669546354,0.77667779364707,15.4733883682545,10.3923363579124,8.25359260893955,25.3548977651953,23.4087067048602,2.89597767899985,38.4129021995387,46.978565138138,10.4237204135177,18.5348106077746,"MELTF-AS1"
"ENSG00000163138",126.832157495207,-0.220773911579454,0.216763784454116,-1.01849998668106,0.308440407156291,0.77667779364707,173.108532369847,142.894624921295,137.83499656929,101.419591060781,111.535602534922,104.255196443995,138.81026022106,112.173308595146,115.703296590046,130.586165645685,"PACRGL"
"ENSG00000147027",1449.45711356787,0.266546685836448,0.261718367693743,1.01844852612085,0.308464851025467,0.77667779364707,1567.64765905878,1063.91543464128,1148.07473190349,1389.08618470749,1294.36378250404,1265.54224572293,1218.73662433082,2132.25160953508,1152.86347773506,2262.08938553977,"TMEM47"
"ENSG00000168661",16.3519380303733,-0.425465330447748,0.417785054469235,-1.01838331911674,0.308495826323209,0.77667779364707,28.0455164174613,15.5885045368685,17.3325444787731,16.2995771347684,9.63887923141304,19.306517859999,13.0953075680246,15.339939636943,18.7626967443319,10.1098966951498,"ZNF30"
"ENSG00000171681",83.6339381064225,-0.37435837030226,0.367625156091769,-1.01831543380239,0.30852807608474,0.77667779364707,77.3669418412724,157.184087413425,94.9163150028048,58.8595840977748,83.9959475880279,77.226071439996,45.3970662358185,41.2260877742843,94.855855763011,105.31142390781,"ATF7IP"
"ENSG00000123684",835.955096807542,-0.243371933456997,0.239070504045773,-1.01799230494114,0.308681613025048,0.776917658598804,732.08468717304,910.628473362071,839.390368329152,1204.35764384678,844.090424122313,955.672634069951,501.986790107608,806.305577166817,929.795860885778,635.238509011912,"LPGAT1"
"ENSG00000168497",41.1937025982478,0.726431882485446,0.714255556653911,1.01704757592447,0.309130797367439,0.777901404620667,26.1113428714294,77.9425226843427,9.90431113072746,5.43319237825613,6.8849137367236,58.8848794729969,43.6510252267486,36.4323566377396,31.2711612405531,115.42132060296,"CAVIN2"
"ENSG00000143797",934.897569864778,-0.431394585599912,0.424243446676439,-1.01685621541003,0.309221834932796,0.777961228553232,801.714934830186,446.870463390232,772.536268196742,2404.18762737834,645.804908504674,852.382763518956,548.256876847962,766.99698184715,1431.17681277598,679.048061357561,"MBOAT2"
"ENSG00000203865",8.81164023029009,0.559005870885246,0.549958730275402,1.01645058094689,0.309414869446141,0.777961228553232,10.637954503175,5.19616817895618,4.12679630446978,7.24425650434151,16.5237929681366,8.68793303699955,11.3492665589546,8.62871604578044,7.29660428946239,8.42491391262483,"ATP1A1-AS1"
"ENSG00000111875",109.918437271701,-0.314114114295773,0.309037227706614,-1.0164280744648,0.30942558222757,0.777961228553232,165.37183818572,120.810910160731,137.009637308397,75.1591612325432,82.6189648406832,120.665736624994,79.4448659126824,62.318504775081,134.465993334378,121.318760341798,"ASF1A"
"ENSG00000158234",68.931456044279,0.396527840965628,0.390197816290338,1.01622260405112,0.309523394700208,0.777961228553232,68.6631608841293,53.2607238343009,90.7895186983351,19.0161733238965,49.5713789044099,69.5034642959964,65.4765378401228,80.5346830939508,103.194832093825,89.3040874738232,"FAIM"
"ENSG00000091651",67.0518176773918,-0.620564582549838,0.610808882088568,-1.01597177242726,0.30964282868524,0.777961228553232,69.6302476571452,102.624321534385,123.803889134093,43.4655390260491,19.2777584628261,127.423017875993,29.682697154189,11.5049547277073,113.618552507343,29.4871986941869,"ORC6"
"ENSG00000136942",6948.50134603061,0.28671587039679,0.282210074351449,1.01596610629757,0.309645526975929,0.777961228553232,5509.49334587161,5644.33768439115,6976.7618323366,6423.84445522484,7673.92485095212,5845.0482821147,10877.8354865057,10231.739737841,6392.8677296104,3909.16005545792,"RPL35"
"ENSG00000141068",67.0618192124369,-0.396757308261354,0.390554658858443,-1.01588164233155,0.309685751746691,0.777961228553232,46.4201651047635,54.5597658790399,64.3780223497285,147.601726275958,72.9800856092701,79.1567232259959,67.2225788491928,48.8960575927558,31.2711612405531,58.1319059971113,"KSR1"
"ENSG00000177830",471.756368479076,0.245878141020235,0.242051315055312,1.01580997799598,0.309719883580936,0.777961228553232,410.044791758744,344.246141855847,387.918852620159,555.091154645168,490.20585805472,471.079035783976,675.717870510068,624.143793978119,364.830214473119,394.285971110842,"CHID1"
"ENSG00000130726",843.706300855499,-0.23533852520178,0.231676599156174,-1.01580619734122,0.309721684276154,0.777961228553232,773.669418412724,1118.47520052032,983.828238985594,833.995030062317,977.657750614751,506.796093824974,1020.56096980138,710.430954435923,734.872289152998,776.777062744009,"TRIM28"
"ENSG00000133997",85.5489618840841,-0.236289924424653,0.232661408558957,-1.01559569284898,0.309821956771772,0.777961228553232,98.6428508476224,88.3348590422551,89.1388001765472,100.514058997738,71.6031028619254,68.5381384029965,80.3178864172174,61.359758547772,91.7287396389557,105.31142390781,"MED6"
"ENSG00000100216",759.714363662952,0.211335261309356,0.208099589459578,1.01554867002949,0.309844358726608,0.777961228553232,753.36059617939,776.827142753949,733.744382934726,512.531147682162,845.467406869658,751.988870646961,969.925780538353,922.313870671198,750.507869773274,580.476568579851,"TOMM22"
"ENSG00000198816",606.439945587213,0.426627261844018,0.420104181332784,1.01552729251716,0.309854543456157,0.777961228553232,533.83189870478,744.351091635473,448.995437926312,284.337067795404,670.590597956878,334.002758977983,1145.40290194988,979.838644309735,235.5760813455,687.472975270186,"ZNF358"
"ENSG00000171992",830.691683107162,0.442694411150103,0.436138950740044,1.01503066946655,0.310091208123125,0.778095474721952,800.74784805717,409.198244092799,443.217923100054,1079.39421914689,2011.77179387064,1078.26902248094,519.447200198308,932.860079171597,412.779328375301,619.231172577925,"SYNPO"
"ENSG00000165233",241.374914108938,0.207799696106278,0.20475523669699,1.01486877433955,0.310168384695149,0.778095474721952,224.36413133969,249.416072589897,246.782419007293,163.901303410727,217.563274080466,250.019406286987,309.922279109915,291.458853101917,234.533709304148,225.787692858345,"CARD19"
"ENSG00000189241",291.209761329601,0.310602109821515,0.306052362574258,1.01486591120875,0.310169749684321,0.778095474721952,225.331218112706,302.676796424198,237.703467137459,253.548977651953,194.154567375605,227.816910747988,231.350433701767,369.117297513941,316.881100570938,553.516844059451,"TSPYL1"
"ENSG00000136319",69.7847808054788,-0.397729970719195,0.391996922648449,-1.01462523744322,0.310284504372485,0.778095474721952,114.116239215877,113.016657892297,65.2033816106225,34.4102183956222,64.7181891252018,59.8502053659969,41.9049842176786,36.4323566377396,90.6863675976039,77.5092079961484,"TTC5"
"ENSG00000196230",6839.46787877688,-0.276284767863234,0.272309049624045,-1.01460002245492,0.310296528651351,0.778095474721952,4594.62925859857,10623.5658418759,9291.06919988325,6043.52098874691,7639.50028226851,6529.46434025166,5589.07727003289,6994.0537282187,6920.3079825344,4169.48989535803,"TUBB"
"ENSG00000179071",10.1568834133489,-0.663080921856587,0.653668843702795,-1.01439884774143,0.310392473913927,0.778095474721952,11.6050412761909,24.6817988500419,9.90431113072746,6.33872444129882,8.26189648406832,7.7226071439996,1.74604100906994,3.83498490923575,11.4660924548695,16.0073364339872,"CCDC89"
"ENSG00000162244",9699.32897754373,0.325886209427777,0.32128481179816,1.01432186477744,0.310429194199093,0.778095474721952,7207.69771928754,7512.3601447259,8898.19819169773,10057.7446242151,12242.7536066419,7253.45876000162,15308.4145470207,15899.8474336914,7165.26541225206,5447.54933590322,"RPL29"
"ENSG00000155189",178.915491903856,-0.301768598647404,0.297545714757868,-1.01419238685044,0.310490960647279,0.778095474721952,201.154048787308,219.538105560899,187.356552222928,199.217053869392,126.682412755714,268.360598253986,120.476829625826,125.595755777471,226.194732973334,114.578829211698,"AGPAT5"
"ENSG00000010278",13.5348458611483,0.996084544144041,0.982146494216968,1.01419141646296,0.310491423593779,0.778095474721952,22.2429957793658,5.19616817895618,6.60287408715164,0,1.37698274734472,6.75728125099965,13.9683280725595,4.79373113654469,14.5932085789248,59.8168887796363,"CD9"
"ENSG00000136636",760.595388751189,-0.209675478352266,0.206804199265888,-1.01388404634224,0.310638084771586,0.77817057411695,931.304562414317,801.508941603991,937.608120375533,639.305636508138,885.399906542655,752.954196539961,558.733122902382,585.793944885761,835.982377164119,677.363078575036,"KCTD3"
"ENSG00000248124",41.1392466153742,-0.624893132462187,0.616765655501119,-1.01317757707255,0.310975348769211,0.778756357580099,20.308822233334,12.9904204473905,24.7607778268187,150.318322465086,23.4087067048602,38.613035719998,47.1431072448884,49.8548038200648,22.9321849097389,21.0622847815621,"RRN3P1"
"ENSG00000197566",13.5936006375761,0.486671835308503,0.480495941425499,1.01285316555366,0.311130301701184,0.778756357580099,13.5392148222227,6.49521022369523,9.07895186983351,14.488513008683,17.9007757154814,9.6532589299995,17.4604100906994,12.4637009550162,10.4237204135177,24.432250346612,"ZNF624"
"ENSG00000139197",344.625949347451,-0.185815558912371,0.183528233425234,-1.01246307145472,0.311316694898106,0.778756357580099,364.591713426996,339.049973676891,317.763315444173,464.537948340899,337.360773099456,306.008308080984,396.351309058877,287.623868192681,322.092960777697,310.879323375856,"PEX5"
"ENSG00000197536",33.3046259274284,0.4164374883502,0.411323451046477,1.01243312845575,0.311331005184541,0.778756357580099,35.7822106015885,35.0741352079542,18.157903739667,22.6383015760672,35.8015514309627,21.2371696459989,59.365394308378,44.1023264562111,18.7626967443319,42.1245695631242,"C5orf56"
"ENSG00000175029",687.285586725861,-0.22725573678985,0.22449643808588,-1.01229105783368,0.311398909148758,0.778756357580099,827.826277701615,852.171581348814,793.995608979985,538.7915775104,659.574735978121,865.897326020955,534.288548775402,481.290606109087,705.685871995148,613.333732839088,"CTBP2"
"ENSG00000184232",382.440112971561,0.321143111041485,0.317251097572944,1.0122679275133,0.311409965423194,0.778756357580099,552.206547392082,163.67929763712,318.588674705067,295.203452551917,476.436030581273,261.603317002986,483.653359512374,378.704759787031,468.025046566945,426.300643978816,"OAF"
"ENSG00000028528",769.340433536694,-0.255199572579138,0.252156720071633,-1.01206730681872,0.311505872813201,0.778756357580099,876.18061635241,1014.55183694119,939.258838897321,579.540520347321,758.717493786941,780.94864743696,540.399692307147,508.135500473737,679.626570961354,1016.04461786255,"SNX1"
"ENSG00000128039",121.30417538958,0.280179730779872,0.27687906411264,1.01192096873706,0.311575842503498,0.778756357580099,123.787106946036,75.3444385948647,98.2177520463807,131.30214914119,150.091119460574,167.966705381991,106.508501553266,115.049547277073,160.525294368173,84.2491391262483,"SRD5A3"
"ENSG00000161011",1507.00552081059,0.314410616769301,0.310769720272072,1.01171573760159,0.311673988613971,0.778756357580099,1408.07834151116,1678.36232180285,1470.79020291303,703.598412984169,1272.33205854652,1360.14418323693,2286.44070137709,1193.63905299963,1264.3972861597,2432.27264657479,"SQSTM1"
"ENSG00000188786",232.829992176458,-0.256798831616732,0.253838713049176,-1.011661414967,0.31169997032174,0.778756357580099,261.113428714294,344.246141855847,197.260863353655,230.005144012843,265.757670237531,276.083205397986,148.413485770945,171.6155746883,232.448965221445,201.355442511733,"MTF1"
"ENSG00000185721",428.127780016031,0.163653104379484,0.161775849624734,1.01160404818831,0.311727409548493,0.778756357580099,423.584006580967,396.207823645409,441.567204578266,335.952395388838,419.97973794014,507.761419717974,463.57388790807,413.219623970152,482.618255145869,396.81344528463,"DRG1"
"ENSG00000143575",918.918766157626,0.229845054489998,0.227215426379096,1.01157328158923,0.311742126242411,0.778756357580099,836.530058658758,857.36774952777,1011.0650945951,624.817123499455,1142.89568029612,1076.33837069494,1054.60876947825,918.478885761963,1062.17711013745,604.908818926463,"HAX1"
"ENSG00000172780",23.4647259008159,-0.616790513468119,0.609736888510557,-1.01156830936503,0.311744504666626,0.778756357580099,31.9138635095249,58.4568920132571,23.1100593050307,5.43319237825613,31.6706031889286,19.306517859999,12.2222870634896,13.4224471823251,6.25423224811062,32.8571642592368,"RAB43"
"ENSG00000119013",367.699322615542,0.267323343659141,0.26431552781116,1.01137964111639,0.311834761473846,0.778756357580099,451.629522998428,253.313198724114,417.631786012341,187.445137049837,389.686117498556,332.072107191983,448.732539330975,394.044699423973,432.584397160984,369.85372076423,"NDUFB3"
"ENSG00000163249",483.317669386593,0.260749588569903,0.257856255839682,1.01122071954702,0.31191080116273,0.778756357580099,396.505576936521,449.46854747971,505.119867667101,376.701338225759,481.943961570652,471.079035783976,272.382397414911,643.318718524297,645.228293596745,591.428956666263,"CCNYL1"
"ENSG00000143643",36.116464766007,-0.512972117833784,0.507362828831927,-1.0110557744539,0.311989735869936,0.778756357580099,26.1113428714294,23.3827568053028,23.1100593050307,103.230655186867,28.9166376942391,21.2371696459989,26.1906151360491,56.5660274112273,22.9321849097389,29.4871986941869,"TTC13"
"ENSG00000158062",52.8178297742075,-0.365817106283319,0.361903593254357,-1.01081368934133,0.312105609882292,0.778756357580099,51.255598969843,48.0645556553447,38.7918852620159,105.947251375995,37.1785341783074,39.5783616129979,49.7621687584934,73.8234595027882,45.8643698194779,37.9121126068117,"UBXN11"
"ENSG00000128394",34.0105615661083,0.346320005315961,0.342621990399723,1.01079327953213,0.312115380331406,0.778756357580099,35.7822106015885,24.6817988500419,31.3636519139703,24.4493657021526,56.4562926411335,20.2718437529989,40.1589432086087,35.4736104104307,34.3982773646084,37.0696212155493,"APOBEC3F"
"ENSG00000102804",1056.18616755306,0.27850510363293,0.275532627073979,1.01078811097806,0.31211785461947,0.778756357580099,963.218425923842,1273.06120384427,912.02198328782,598.556693671217,1525.69688405795,903.545035847953,1347.07063849746,790.965637529874,882.889119024949,1364.83605384522,"TSC22D1"
"ENSG00000115159",148.869070827284,-0.373602283961617,0.369644372573556,-1.01070734923003,0.312156518529145,0.778756357580099,198.252788468261,201.351516934552,159.294337352533,131.30214914119,93.6348268194409,160.244098237992,75.0797633900075,74.7822057300972,261.635382379294,133.113639819472,"GPD2"
"ENSG00000143412",18.4294077936562,0.450073138537254,0.445370887111622,1.01055805747908,0.312227998827795,0.778789006988274,18.3746486873022,11.6913784026514,8.25359260893955,21.7327695130245,33.0475859362733,20.2718437529989,15.7143690816295,15.339939636943,14.5932085789248,25.2747417378745,"ANXA9"
"ENSG00000125651",587.139925377165,0.263757679191072,0.261107987823862,1.01014787555637,0.312424447829483,0.779133294820833,508.687642606366,596.260298535222,481.184449101176,509.814551493034,907.43163050017,445.980562565977,794.448659126824,718.100924254395,468.025046566945,441.465489021541,"GTF2F1"
"ENSG00000160613",584.267073281561,-0.471110505539127,0.466506147512007,-1.0098698764243,0.312557636629986,0.779319723263063,516.424336790493,329.956679363718,357.380559967083,1601.88621952252,397.948013982624,774.19136618596,305.55717658724,420.889593788624,835.982377164119,302.454409463231,"PCSK7"
"ENSG00000151445",184.976505495934,-0.196609873940006,0.194750664318334,-1.00954661504329,0.312712557504844,0.779345747397098,198.252788468261,227.332357829333,210.466611527959,164.806835473769,205.170429354363,172.793334846991,145.79442425734,147.646919005576,198.050687856836,179.450666338909,"VIPAS39"
"ENSG00000169891",8.53541709686774,-0.839149573702302,0.831219046071943,-1.00954083964731,0.31271532578488,0.779345747397098,16.4404751412704,6.49521022369523,10.7296703916214,12.6774488825976,9.63887923141304,0,2.61906151360491,10.5462085003983,1.04237204135177,15.1648450427247,"REPS2"
"ENSG00000168393",374.93790296337,-0.344494187237221,0.34125826860456,-1.00948231568393,0.312743378576087,0.779345747397098,475.806692323825,535.205322432487,526.579208450343,182.01194467158,224.448187817189,495.212183108974,394.605268049807,219.552886053747,382.550539176099,313.406797549644,"DTYMK"
"ENSG00000198843",523.750828386988,0.229385172839305,0.227268342973867,1.00931423108797,0.312823957216757,0.77940091862505,554.140720938114,361.133688437455,472.930856492236,510.720083556077,335.983790352112,553.131736688971,618.09851721076,642.359972296988,568.092762536714,620.91615536045,"SELENOT"
"ENSG00000177105",562.636548711386,0.251442847988937,0.249219879937571,1.00891970597178,0.31301314364534,0.779621331948712,607.330493453989,555.989995148312,568.672530755935,287.959196047575,666.459649714844,548.305107223972,740.321387845656,652.906180797387,545.160577626976,453.260368499216,"RHOG"
"ENSG00000119487",2025.08245687934,0.189943580796776,0.188272724559626,1.0088746590408,0.313034749768236,0.779621331948712,1941.91024021594,1770.59430697932,2169.04413762931,1587.39770651383,2168.74782706793,2820.68225934585,2054.21724717079,1696.98082233682,2143.11691701924,1898.13310451437,"MAPKAP1"
"ENSG00000138442",171.871827932557,-0.211729770027662,0.20989027412914,-1.00876408354867,0.313087789901575,0.779621331948712,154.733883682545,184.463970352945,233.576670832989,175.673220230282,145.96017121854,187.27322324199,146.667444761875,137.100710505178,199.093059898188,154.175924601034,"WDR12"
"ENSG00000135631",1151.50712866878,0.186440813268899,0.184916198917267,1.00824489341961,0.313336910758851,0.779872679195919,995.132289433367,1330.21905381278,1101.02925403254,828.56183768406,1397.63748855489,1165.14835285094,1090.40261016418,1131.32054822455,1087.1940391299,1388.42581280057,"RAB11FIP5"
"ENSG00000142864",2164.80627728649,-0.246940319681303,0.244936826194846,-1.00817963357157,0.313368233350835,0.779872679195919,3181.71548322233,2121.33565905886,2452.14236411594,1806.53646577016,1688.18084824463,2515.63927715787,1543.50025201783,1548.37515710393,2654.92158932296,2135.71567685039,"SERBP1"
"ENSG00000100116",105.464425039767,-0.330272301454284,0.327595054459166,-1.00817242799815,0.313371691916673,0.779872679195919,190.516094284133,102.624321534385,77.5837705240318,109.569379628165,119.797499018991,115.839107159994,88.1750709580321,65.1947434570078,122.999900879509,62.3443629534237,"GCAT"
"ENSG00000018510",319.614447660877,-0.286292955981107,0.284002104575035,-1.00806631841514,0.31342262581466,0.779872679195919,385.867622433346,363.731772526933,325.191548792218,358.590696964905,246.479911774705,401.575571487979,141.429321734665,256.943988918795,387.762399382858,328.571642592368,"AGPS"
"ENSG00000157827",143.21783829843,-0.448860830705123,0.445440345098212,-1.00767888594859,0.313608644403751,0.780189981423768,278.520990628581,129.904204473905,111.423500220684,162.090239284641,150.091119460574,68.5381384029965,34.9208201813988,120.802024640926,211.601524394409,164.285821296184,"FMNL2"
"ENSG00000123728",543.137573956839,-0.181182491929083,0.179848310714466,-1.00741836945433,0.313733767460331,0.780355698735255,685.664522068277,514.420649716662,595.084027104542,541.508173699528,568.693874653369,606.224660803969,403.335473095157,484.166844791014,550.372437833734,481.90507580214,"RAP2C"
"ENSG00000162194",117.27330142631,0.230696847535506,0.229169705427753,1.00666380447146,0.314096361613641,0.781111910281771,117.98458630794,79.2415647290818,126.279966916775,100.514058997738,110.158619787578,153.486816986992,144.04838324827,108.33832368591,128.211761086268,104.468932516548,"LBHD1"
"ENSG00000198056",27.0477912534621,-0.554213589476727,0.550656428987119,-1.00645985464321,0.314194413747234,0.781210085038565,30.946776736509,44.1674295211276,37.9665260011219,20.8272374499818,15.1468102207919,38.613035719998,16.5873895861645,4.79373113654469,47.9491139021814,13.4798622601997,"PRIM1"
"ENSG00000156928",267.472966663374,0.26918157256079,0.267569018850169,1.00602668319954,0.314402734606299,0.781367606409093,285.290598039692,228.631399874072,297.954693182718,141.263001834659,205.170429354363,271.256575932986,323.017586677939,371.034789968559,233.491337262796,317.619254505956,"MALSU1"
"ENSG00000198642",258.291577005787,-0.282253743544459,0.280568054985171,-1.00600812718817,0.314411660593543,0.781367606409093,352.986672150805,261.107450992548,242.655622702823,300.636644930173,145.96017121854,215.267674138989,185.953367465949,221.470378508365,271.01673075146,385.861057198217,"KLHL9"
"ENSG00000232838",16.451582132513,0.448990182594022,0.446328869910779,1.00596267206236,0.314433526550019,0.781367606409093,21.2759090063499,7.79425226843427,15.6818259569851,9.05532063042689,16.5237929681366,17.3758660739991,24.4445741269792,14.3811934096341,13.550836537573,24.432250346612,"PET117"
"ENSG00000236552",344.136316545819,0.359568063981271,0.357508968136561,1.00575956417385,0.314531242779553,0.781464825810526,236.936259388897,192.258222621379,283.923585747521,462.726884214814,458.535254865792,194.03050449299,572.701450974941,441.023264562111,387.762399382858,211.465339206883,"RPL13AP5"
"ENSG00000114107",40.3629250437035,0.480279890863595,0.477737858591758,1.00532097723913,0.314742317263651,0.781530106337091,62.8606402460339,16.8875465816076,40.4426037838038,9.96085269346958,50.9483616517546,44.4049910779977,31.428738163259,35.4736104104307,39.6101375713672,71.6117682573111,"CEP70"
"ENSG00000005238",749.98017966436,0.240858259121352,0.239597497817849,1.00526199695316,0.31477070923517,0.781530106337091,571.5482828524,854.769665438292,833.612853502895,445.521775017003,855.106286101071,1057.03185283495,738.575346836586,707.554715753996,771.35531060031,664.725707706099,"FAM214B"
"ENSG00000230734",16.2829313293651,0.842029519820356,0.837804401195073,1.00504308478119,0.314876104050062,0.781530106337091,2.90126031904772,3.89712613421714,10.7296703916214,26.260429828238,20.6547412101708,3.8613035719998,17.4604100906994,20.1336707734877,55.2457181916438,1.68498278252497,"RPL10P3"
"ENSG00000187118",125.87607093667,0.32656822577221,0.324939982874813,1.00501090349975,0.314891599617009,0.781530106337091,151.832623363497,103.923363579124,140.311074351972,40.748942836921,137.698274734472,137.076276805993,144.04838324827,156.275635051357,122.999900879509,123.846234515585,"CMC1"
"ENSG00000163029",157.322890133006,-0.281690357915308,0.280288858239813,-1.00500019759721,0.314896754713309,0.781530106337091,235.002085842865,123.408994250209,167.547929961473,177.484284356367,134.944309239783,163.140075916992,107.381522057801,108.33832368591,222.025244807927,133.956131210735,"SMC6"
"ENSG00000183762",231.063034028711,0.368440608956858,0.366616858571266,1.00497454043084,0.314909109354092,0.781530106337091,176.009792688895,294.882544155763,197.260863353655,119.530232321635,318.08301463663,166.036053595991,349.208201813988,288.58261441999,101.110088011122,299.926935289444,"KREMEN1"
"ENSG00000138380",75.8190499029514,-0.264916478124615,0.263780726654273,-1.00430566510581,0.315231303873939,0.782184167398461,67.6960741111134,70.1482704159085,85.8373631329713,112.285975817293,96.3887923141304,67.5728125099965,64.6035173355879,54.6485349566095,61.4999504397544,77.5092079961484,"CARF"
"ENSG00000162129",57.8585717954322,-0.288152296411561,0.28698806625171,-1.0040567197621,0.315351275118206,0.782199083346105,58.9922931539702,89.6339010869942,69.3301779150922,42.5600069630064,48.1943961570652,59.8502053659969,45.3970662358185,41.2260877742843,63.5846945224579,59.8168887796363,"CLPB"
"ENSG00000175054",70.6638002473904,-0.3249223991735,0.323643073270348,-1.00395289134485,0.315401320765013,0.782199083346105,83.1694624793679,57.157849968518,64.3780223497285,116.813636132507,41.3094824203416,72.3994419749963,59.365394308378,46.019818910829,96.9405998457146,69.0842940835236,"ATR"
"ENSG00000177051",71.9516939777976,-0.29269501843665,0.291675727391819,-1.00349460359265,0.315622279338478,0.782199083346105,66.7289873380975,87.0358169975161,86.6627223938653,82.4034177368847,92.2578440720962,40.5436875059979,69.8416403627977,88.2046529124223,51.0762300262367,54.7619404320614,"FBXO46"
"ENSG00000261373",13.3738940037537,-0.831226496352506,0.828575983131972,-1.00319887768231,0.315764914400312,0.782199083346105,23.2100825523817,0,5.77751482625769,43.4655390260491,5.50793098937888,4.82662946499975,16.5873895861645,10.5462085003983,18.7626967443319,5.0549483475749,"VPS9D1-AS1"
"ENSG00000143727",1229.28579487376,0.174398851461537,0.173919545523018,1.00275590611209,0.315978648435418,0.782199083346105,1140.19530538575,893.740926780463,1309.01978777781,1220.65722098154,1221.38369689477,1279.05680822493,1475.4046526641,1436.20184850879,1253.97356574618,1063.22413577325,"ACP1"
"ENSG00000185340",363.342770791571,-0.305294249051333,0.304481369967369,-1.00266971698154,0.316020245775722,0.782199083346105,378.130928249219,669.006653040609,410.203552664296,184.728540860709,380.047238267143,337.864062549982,343.970078786779,307.757538966169,351.279377935546,270.439736595257,"GAS2L1"
"ENSG00000167550",7.78565922306749,-0.76002929077221,0.758099612216461,-1.00254541556895,0.316080243524683,0.782199083346105,2.90126031904772,18.1865886263466,15.6818259569851,4.52766031521344,6.8849137367236,9.6532589299995,6.1111435317448,0.958746227308938,10.4237204135177,2.52747417378745,"RHEBL1"
"ENSG00000047410",234.767893240499,-0.329695707348169,0.328880310356559,-1.00247931227846,0.316112153276207,0.782199083346105,264.014689033342,276.695955529417,203.863737440807,326.897074758411,88.1268958300621,224.920933068988,211.270962097463,160.110619960593,252.254034007128,339.524030678781,"TPR"
"ENSG00000130997",14.363894531574,-0.461263693318076,0.460124576761217,-1.00247566988244,0.316113911615534,0.782199083346105,11.6050412761909,19.4856306710857,9.90431113072746,28.0714939543234,11.0158619787578,13.5145625019993,12.2222870634896,10.5462085003983,10.4237204135177,16.8498278252497,"POLN"
"ENSG00000134363",888.314244473733,0.392559667625977,0.391600015928902,1.00245059156803,0.316126018157783,0.782199083346105,494.181341011128,1076.90585508867,755.203723717969,666.471598399419,775.241286755077,1120.74336177294,1629.05626146226,1358.54340409677,325.220076901752,681.575535531349,"FST"
"ENSG00000197857",74.9655345805668,-0.269523421334524,0.268885885857245,-1.00237102618922,0.316164430314519,0.782199083346105,62.8606402460339,66.2511442816913,88.3134409156532,115.908104069464,61.9642236305124,73.3647678679962,65.4765378401228,60.4010123204631,92.7711116803075,62.3443629534237,"ZNF44"
"ENSG00000123570",15.7413408473734,0.513548776860812,0.512357612500557,1.00232486905863,0.316186715216351,0.782199083346105,22.2429957793658,9.09329431317332,9.90431113072746,9.05532063042689,11.0158619787578,14.4798883949993,13.9683280725595,12.4637009550162,19.8050687856836,35.3846384330243,"RAB9B"
"ENSG00000214194",320.716504770377,0.279457666102791,0.27881407976813,1.00230829926235,0.316194715451354,0.782199083346105,402.308097574617,175.370676039771,335.92121918384,222.760887508501,312.575083647251,314.696241117984,284.604684478401,304.881300284242,350.237005894195,503.809851974965,"SMIM30"
"ENSG00000182185",11.6727323539204,-0.489121028036533,0.488008541656765,-1.00227964530291,0.316208550479918,0.782199083346105,14.5063015952386,15.5885045368685,15.6818259569851,10.8663847565123,8.26189648406832,11.5839107159994,8.73020504534971,3.83498490923575,12.5084644962212,15.1648450427247,"RAD51B"
"ENSG00000177337",53.5983357065849,0.26515544938519,0.264575793799805,1.00219088669095,0.316251408437811,0.782199083346105,49.3214254238112,55.858807923779,42.9186815664857,43.4655390260491,71.6031028619254,58.8848794729969,55.0002917857032,54.6485349566095,38.5677655300155,65.7143285184737,"DLGAP1-AS1"
"ENSG00000248508",30.7474328390238,0.444513829248513,0.443666717294368,1.00190934302963,0.316387379756156,0.782199083346105,25.1442560984135,16.8875465816076,22.2847000441368,36.2212825217076,55.0793098937888,18.341191966999,27.0636356405841,40.2673415469754,15.6355806202765,50.549483475749,"SRP14-AS1"
"ENSG00000181938",36.6089249908785,-0.527689080654867,0.526729555021436,-1.00182166659206,0.316429730864635,0.782199083346105,38.6834709206362,67.5501863264304,53.6483519581071,19.9217053869392,15.1468102207919,54.0582500079972,15.7143690816295,12.4637009550162,59.4152063570509,29.4871986941869,"GINS3"
"ENSG00000169519",80.291228110477,-0.269365655076664,0.268876760776043,-1.00181828395734,0.31643136488249,0.782199083346105,110.247892123813,76.6434806396037,85.8373631329713,85.1200139260128,53.7023271464441,59.8502053659969,66.3495583446578,71.9059670481704,111.533808424639,81.7216649524609,"METTL15"
"ENSG00000177732",523.590467064757,-0.310348857811131,0.309826294679209,-1.00168663260961,0.316494964774768,0.782199083346105,622.803881822243,932.712188122635,544.73711219001,269.848554786721,634.789046525916,486.524250071975,471.431072448884,506.218008019119,391.931887548265,374.908669111805,"SOX12"
"ENSG00000084731",455.688830774221,0.258952842149615,0.258534247364193,1.00161910767989,0.316527588874479,0.782199083346105,348.151238285726,491.037892911359,508.421304710676,282.526003669319,600.364477842298,632.288459914967,371.033714427363,393.085953196665,544.118205585624,385.861057198217,"KIF3C"
"ENSG00000089157",40556.7790574477,0.266949564374077,0.266553515238081,1.0014858147177,0.316591994720782,0.782213307445547,32001.8684058693,32447.4721934919,36162.2906568078,43980.7867699204,49926.6404532248,39605.3907380019,60007.9373997158,52959.2241040911,35366.6409910242,23109.5388623299,"RPLP0"
"ENSG00000131797",9.29921430354547,-0.504185582796792,0.503514229299507,-1.00133333569981,0.316665681623872,0.782250453013072,6.76960741111134,11.6913784026514,13.2057481743033,13.5829809456403,6.8849137367236,10.6185848229995,7.85718454081474,9.58746227308938,5.21186020675885,7.58242252136235,"CLUHP3"
"ENSG00000227057",293.613502594509,-0.186783625839354,0.186581328567984,-1.0010842310585,0.316786087963691,0.782373548583241,241.771693253976,355.937520258499,336.746578444734,333.23579919971,268.51163573222,269.325924146986,334.366853236894,260.778973828031,239.745569510907,295.714478333132,"WDR46"
"ENSG00000233266",7.45091314646868,0.62609235940844,0.625474683133346,1.00098753201648,0.316832836162412,0.782373548583241,2.90126031904772,2.59808408947809,7.4282333480456,9.05532063042689,12.3928447261025,6.75728125099965,9.60322554988468,12.4637009550162,6.25423224811062,5.0549483475749,"HMGB1P31"
"ENSG00000116704",89.2863389589779,-0.360901621389447,0.36062862528677,-1.00075700064702,0.316944302534176,0.782419280405881,85.1036360253997,67.5501863264304,59.4258667843648,199.217053869392,79.8649993459938,81.0873750119958,59.365394308378,98.7508614128206,91.7287396389557,70.7692768660486,"SLC35D1"
"ENSG00000070756",23422.6194595955,0.251048172829048,0.250887522620474,1.00064032761333,0.317000726002557,0.782419280405881,19908.4483093054,15175.4091666415,22128.7071438278,26885.2469517374,34274.4775641574,19230.257114452,30275.4780767683,27846.7841721881,19175.4760727072,19325.9100241701,"PABPC1"
"ENSG00000100580",239.6631014558,-0.25040543610545,0.250297434682642,-1.0004314923281,0.317101735891877,0.782419280405881,263.047602260326,333.853805497935,274.844633877687,188.350669112879,247.85689452205,253.880709858987,141.429321734665,199.419215280259,282.48282320633,211.465339206883,"TMED8"
"ENSG00000081019",90.6823316507534,-0.230476703742866,0.230396816765704,-1.00034673646226,0.317142736808146,0.782419280405881,87.0378095714315,102.624321534385,94.0909557419109,115.002572006422,68.849137367236,64.6768348309966,89.921111967102,83.4109217758776,95.8982278043628,105.31142390781,"RSBN1"
"ENSG00000146242",241.421495304956,-0.394033321748059,0.393898327015924,-1.00034271466233,0.31714468245289,0.782419280405881,186.64774719207,166.277381726598,156.818259569851,617.572866995114,147.337153965885,206.579741101989,270.636356405841,262.696466282649,194.923571732781,204.725408076783,"TPBG"
"ENSG00000163412",255.13665830097,0.291987957726817,0.292051337933771,0.999782982651603,0.317415542948945,0.782678437844939,248.541300665088,200.052474889813,160.945055874321,289.77026017366,344.24568683618,174.723986632991,281.985622964796,294.335091783844,175.118502947097,381.648600241905,"EIF4E3"
"ENSG00000002919",246.28625909803,0.190382775082586,0.190427393878577,0.999765691295346,0.317423912841297,0.782678437844939,215.660350382547,223.435231695116,255.861370877126,212.800034815032,258.872756500807,317.592218796984,262.779171865026,201.336707734877,288.73705545444,225.787692858345,"SNX11"
"ENSG00000091039",1106.24564603948,-0.242790313298922,0.242848153075053,-0.999761827399557,0.31742578318237,0.782678437844939,1326.84305257782,1535.46769688155,1248.76856173255,767.8911894602,1009.32835380368,1079.23434837394,760.40085944996,881.087782896914,1380.10058274974,1073.3340324684,"OSBPL8"
"ENSG00000183255",2383.75550530237,0.312465224090394,0.312628849349835,0.999476614970817,0.317563861855837,0.782863537750058,1930.30519893975,1286.05162429166,1696.93864039797,3412.95034560789,2076.48998299584,2453.85842000587,2956.92044885995,4031.52788583408,2192.10840296277,1800.40410312793,"PTTG1IP"
"ENSG00000203880",329.379436821564,-0.285505791286332,0.285687404517245,-0.999364293881912,0.317618250188616,0.782863537750058,321.072808641281,288.387333932068,265.765682007854,600.367757797303,397.948013982624,311.800263438984,217.382105629208,268.448943646503,263.720126461998,358.901332677818,"PCMTD2"
"ENSG00000170088",91.6146765420251,0.312660645868864,0.312913228888542,0.999192801721501,0.317701302228093,0.782923552811543,71.564421203177,50.6626397448228,64.3780223497285,133.113213267275,71.6031028619254,105.220522336995,96.9052760033818,121.760770868235,81.305019225438,119.633777559273,"TMEM192"
"ENSG00000119720",51.6608715268131,-0.407563506872341,0.407990318035519,-0.998953869382899,0.317817038639753,0.783064076175575,33.8480370555567,40.2703033869104,40.4426037838038,127.680020889019,44.063447915031,36.6823839339981,49.7621687584934,51.7722962746827,36.4830214473119,55.6044318233239,"NRDE2"
"ENSG00000198959",630.817396884097,0.978668119042531,0.98019489416009,0.998442375973743,0.318064893758583,0.783452264314204,153.766796909529,209.145769202986,1146.4240133817,85.1200139260128,48.1943961570652,1190.24682606894,282.858643469331,287.623868192681,992.338183366885,1912.45545816584,"TGM2"
"ENSG00000102805",71.4670871731966,0.333916540480171,0.334456253396299,0.998386297428597,0.318092075523837,0.783452264314204,50.2885121968271,41.5693454316495,43.7440408273796,111.380443754251,53.7023271464441,83.0180267979957,73.3337223809376,91.0808915943491,86.5168794321969,80.0366821699359,"CLN5"
"ENSG00000104361",317.913640386714,0.247221482576748,0.247785869852511,0.997722278206992,0.31841404719497,0.783858263503755,328.809502825408,203.94960102403,238.528826398353,371.268145847502,363.523445299006,387.09568309298,240.080638747117,352.818611649689,275.186218916867,417.875730066192,"NIPAL2"
"ENSG00000182841",26.8650355798377,-0.472430878930319,0.473557515235332,-0.99762090924805,0.318463218059431,0.783858263503755,15.4733883682545,22.0837147605638,20.6339815223489,70.6315009173297,24.785689452205,22.2024955389988,33.1747791723289,23.0099094554145,19.8050687856836,16.8498278252497,"RRP7BP"
"ENSG00000065615",232.755881838158,-0.208126476759323,0.208657431329196,-0.99745537665977,0.318543523354311,0.783858263503755,295.928552542867,272.7988293952,255.861370877126,187.445137049837,261.626721995497,232.643540212988,191.191490493159,204.212946416804,248.084545841721,177.765683556384,"CYB5R4"
"ENSG00000102984",48.7146280891092,0.314939974807325,0.315989832083354,0.996677559942015,0.318921045333962,0.783858263503755,27.0784296444454,50.6626397448228,33.0143704357582,59.7651161608175,53.7023271464441,45.3703169709976,64.6035173355879,55.6072811839184,37.5253934886637,59.8168887796363,"ZNF821"
"ENSG00000145494",509.235260501568,0.298922042285688,0.299994737891795,0.996424285260315,0.319044038202566,0.783858263503755,591.857105085734,422.18866454019,581.878278930238,193.783861491135,473.682065086584,591.744772408969,673.098808996463,550.32033447533,585.813087239694,427.985626761341,"NDUFS6"
"ENSG00000139178",237.71419857421,-0.440889958233647,0.442513135505579,-0.99633191166161,0.319088903526429,0.783858263503755,216.627437155563,189.660138531901,148.564666960912,574.107327969065,263.003704742841,105.220522336995,268.890315396771,308.716285193478,91.7287396389557,210.622847815621,"C1RL"
"ENSG00000181350",7.67426538614062,0.723615299402395,0.726426401797272,0.996130230966383,0.319186873026226,0.783858263503755,4.83543386507953,11.6913784026514,1.65071852178791,4.52766031521344,6.8849137367236,10.6185848229995,11.3492665589546,11.5049547277073,1.04237204135177,12.6373708689372,"LRRC75A"
"ENSG00000082212",224.591286034545,-0.298578429827748,0.299874208380861,-0.995678926306767,0.319406172512767,0.783858263503755,287.224771585724,284.490207797851,222.021641180474,218.233227193288,184.515688144192,258.707339323987,107.381522057801,163.945604869828,327.304820984456,192.088037207846,"ME2"
"ENSG00000179348",105.595312225395,0.462438745558048,0.464460891858207,0.995646250662638,0.31942205419882,0.783858263503755,133.457974676195,79.2415647290818,99.0431113072746,32.5991542695368,93.6348268194409,80.1220491189958,70.7146608673327,57.5247736385363,229.321849097389,180.293157730171,"GATA2"
"ENSG00000155760",174.764489265321,0.340894602648431,0.342385759370548,0.995644805073497,0.319422756825608,0.783858263503755,116.050412761909,172.772591950293,83.3612853502895,230.910676075886,166.614912428711,154.452142879992,146.667444761875,332.684940876201,186.584595401967,157.545890166084,"FZD7"
"ENSG00000175203",1233.47512741041,0.166246043096024,0.166979931292954,0.995604931734925,0.319442137610435,0.783858263503755,1066.69671063654,1154.84837777301,1167.88335416495,1207.0742400359,1484.38740163761,1085.02630373194,1478.89673468224,1411.27444659876,1048.62627359988,1230.03743124323,"DCTN2"
"ENSG00000007944",24.700868499683,-0.430969039857956,0.432895781481748,-0.995549179025962,0.319469237992095,0.783858263503755,25.1442560984135,33.7750931632152,42.9186815664857,15.3940450717257,19.2777584628261,19.306517859999,23.5715536224442,10.5462085003983,20.8474408270354,36.2271298242868,"MYLIP"
"ENSG00000196083",98.8435971693517,0.438963318207188,0.440995913315138,0.995390898086401,0.319546183686155,0.783858263503755,58.9922931539702,62.3540181474742,46.2201186100615,158.468111032471,56.4562926411335,145.764209842992,99.5243375169867,162.986858642519,51.0762300262367,146.593502079672,"IL1RAP"
"ENSG00000048544",603.478417426458,0.255402500312701,0.25672547902203,0.994846718314172,0.319810820290873,0.783858263503755,705.006257528595,489.73885086662,666.890282802316,300.636644930173,585.217667621506,739.439634037962,565.717286938661,634.690002478517,788.033263261938,559.414283798289,"MRPS10"
"ENSG00000003056",179.688692671701,-0.290532241203051,0.292046153301144,-0.99481618887638,0.31982567111304,0.783858263503755,177.943966234927,164.978339681859,147.739307700018,316.030690001898,143.206205723851,225.886258961988,125.714952653036,153.39939636943,210.559152353057,131.428657036947,"M6PR"
"ENSG00000007968",11.0077363229876,-0.834460653669142,0.838809183728663,-0.994815829220906,0.319825846067508,0.783858263503755,11.6050412761909,29.8779670289981,14.8564666960912,3.62212825217076,5.50793098937888,17.3758660739991,6.98416403627977,0,17.7203247029801,2.52747417378745,"E2F2"
"ENSG00000183718",33.94585737345,-0.510536316859416,0.513272642408192,-0.994668865389089,0.319897341887978,0.783858263503755,33.8480370555567,16.8875465816076,20.6339815223489,93.269802493397,44.063447915031,25.0984732179987,18.3334305952344,16.2986858642519,36.4830214473119,34.5421470417618,"TRIM52"
"ENSG00000184058",38.0050817009198,-0.822820479599119,0.827243311948739,-0.994653529033434,0.31990480340983,0.783858263503755,13.5392148222227,180.566844218727,5.77751482625769,6.33872444129882,27.5396549468944,53.0929241149972,39.2859227040737,16.2986858642519,29.1864171578495,8.42491391262483,"TBX1"
"ENSG00000125122",36.8274048282839,0.360109388981592,0.362102020153766,0.994497044862305,0.319980943391375,0.783858263503755,46.4201651047635,27.27988293952,25.5861370877126,26.260429828238,56.4562926411335,32.8210803619983,48.0161277494234,51.7722962746827,25.0169289924425,28.6447073029244,"LRRC29"
"ENSG00000048991",508.256729766279,-0.261973475735057,0.263434763632118,-0.994452942060821,0.320002404485004,0.783858263503755,604.429233134941,622.241139430003,598.385464148117,432.844326134405,464.043185855171,658.352259025966,344.843099291314,316.38625501195,640.016433389987,401.025902240942,"R3HDM1"
"ENSG00000105514",93.7998806386535,-0.451506662882747,0.454028735112822,-0.994445126409347,0.320006207798003,0.783858263503755,132.490887903179,210.444811247725,66.8541001324104,38.0323466477929,128.059395503059,64.6768348309966,58.4923738038431,86.2871604578044,44.8219977781261,107.838898081598,"RAB3D"
"ENSG00000204138",314.463678513548,-0.23053721956318,0.231843908610801,-0.994363927629366,0.320045723127608,0.783858263503755,310.434854138106,378.021235019062,290.526459834672,400.245171864869,388.309134751211,328.210803619983,267.144274387701,228.181602099527,342.940401604732,210.622847815621,"PHACTR4"
"ENSG00000145919",791.204655292363,0.226648810218601,0.227960821402405,0.994244575994539,0.320103811309024,0.783858263503755,628.606402460339,663.810484861652,698.253934716286,881.082697340536,794.519045217903,758.746151897961,1227.46682937617,924.231363125816,614.999504397544,720.330139529423,"BOD1"
"ENSG00000185189",354.894244137029,-0.35935434479749,0.361498203213682,-0.994069518473029,0.320189023894887,0.783858263503755,328.809502825408,313.06913278211,254.210652355338,738.914163442834,483.320944317997,243.262125035987,290.715828010145,451.56947306251,242.872685634962,202.197933902996,"NRBP2"
"ENSG00000090530",38.1203051122845,-0.534089689916944,0.537282327476584,-0.994057802767056,0.320194727267572,0.783858263503755,55.1239460619066,32.4760511184761,33.8397296966522,65.1983085390736,38.5555169256522,17.3758660739991,11.3492665589546,26.8448943646503,84.4321353494933,16.0073364339872,"P3H2"
"ENSG00000177963",1537.28818707545,0.186337202247892,0.187485446975088,0.993875552765712,0.320283457719786,0.783858263503755,1374.2303044556,1661.47477522124,1614.40271430858,1029.58995567954,1830.01007122113,1681.59770560591,1786.19995227855,1392.09952205258,1532.2869007871,1470.9899691443,"RIC8A"
"ENSG00000120832",45.1029707269391,-0.439655059183755,0.442399389137605,-0.993796713962017,0.320321846253957,0.783858263503755,40.617644466668,28.578924984259,30.5382926530763,114.097039943379,39.9324996729969,36.6823839339981,58.4923738038431,23.9686556827235,42.7372536954226,35.3846384330243,"MTERF2"
"ENSG00000010810",1117.01517532453,0.245528078888755,0.247077454390362,0.993729191093418,0.3203547271749,0.783858263503755,1136.32695829369,1280.8554561127,1009.41437607331,594.934565419047,1268.20111030449,1182.52421892494,1473.65861165503,1332.65725595942,901.651815769281,989.927384733418,"FYN"
"ENSG00000144713",11724.8931032625,0.303146532602265,0.305102832830285,0.993588062720125,0.320423458140828,0.783858263503755,8961.02603876538,9033.53837911533,11032.5772403695,12101.5304905025,13959.8510925808,9033.51970669353,18480.9710605008,18096.3350404562,10208.9917729992,6340.59021064145,"RPL32"
"ENSG00000167157",892.465473627648,-0.341061198373824,0.343302217506988,-0.993472168197929,0.320479907169762,0.783858263503755,884.884397309553,1426.34816512347,1421.26864725939,354.063036649691,709.146114882531,671.866821527965,941.116103888699,840.820441349939,1016.31274031798,658.828267967262,"PRRX2"
"ENSG00000177191",11.5409135504999,0.601047397844949,0.605078680868963,0.99333758872776,0.320545465278254,0.783858263503755,4.83543386507953,9.09329431317332,16.5071852178791,4.52766031521344,20.6547412101708,4.82662946499975,13.0953075680246,21.0924170007966,7.29660428946239,13.4798622601997,"B3GNT8"
"ENSG00000128626",260.783776115122,0.300681487634516,0.302701365853862,0.9933271585556,0.320550546525845,0.783858263503755,294.961465769851,233.827568053028,293.002537617354,94.1753345564397,265.757670237531,274.152553611986,363.176529886548,274.201421010356,262.677754420646,251.904925987482,"MRPS12"
"ENSG00000095321",964.740710110322,0.26497755999668,0.2667652008828,0.993298822784213,0.320564351076725,0.783858263503755,860.707227984156,1178.23113457831,847.643960938092,556.902218771254,1226.89162788415,820.527009049957,1234.45099341245,1295.26615309438,680.668943002706,946.117832387769,"CRAT"
"ENSG00000116685",308.006036306622,0.276829737872318,0.278754183439933,0.993096263008985,0.320663044962507,0.783858263503755,302.698159953978,262.406493037287,192.308707788292,335.952395388838,367.65439354104,240.366147356988,471.431072448884,414.178370197461,225.152360931982,267.91226242147,"KIAA2013"
"ENSG00000145365",72.7262699918043,-0.303937542883357,0.306055760699953,-0.993078980732948,0.320671466383725,0.783858263503755,93.8074169825428,76.6434806396037,99.0431113072746,58.8595840977748,49.5713789044099,85.9140044769955,61.111435317448,42.1848340015933,96.9405998457146,63.1868543446862,"TIFA"
"ENSG00000158864",396.623729595554,-0.17874013576428,0.180046037698005,-0.992746844360357,0.320833340061905,0.783858263503755,482.576299734937,366.329856616411,493.564838014585,362.212825217076,400.701979477313,355.239928623982,400.716411581552,305.840046511551,392.974259589617,406.080850588517,"NDUFS2"
"ENSG00000140199",93.3588640116886,-0.533447556797641,0.537401905704395,-0.992641728909443,0.320884581418532,0.783858263503755,73.4985947492088,213.042895337204,74.282333480456,97.7974628086104,107.404654292888,153.486816986992,10.4762460544197,63.2772510023899,77.1355310600309,63.1868543446862,"SLC12A6"
"ENSG00000164823",216.187791841065,0.295332041155656,0.297524860686643,0.992629793940828,0.320890399778328,0.783858263503755,191.483181057149,120.810910160731,231.100593050307,216.422163067203,228.579136059223,305.042982187984,137.06421921199,170.656828460991,323.135332819049,237.58257233602,"OSGIN2"
"ENSG00000173442",488.196604522304,-0.287176716595889,0.289335931136648,-0.992537343936937,0.320935471975089,0.783858263503755,520.292683882557,792.415647290818,420.933223055917,456.388159773515,596.233529600264,473.975013462975,342.224037777709,302.005061602315,633.762201141876,343.736487635093,"EHBP1L1"
"ENSG00000106263",1111.18874213196,-0.190446272092836,0.191903675817366,-0.992405545551318,0.320999734859311,0.783858263503755,1285.25832133814,1202.91293342836,1126.61539112025,1187.15253464897,944.610164678478,1062.82380819294,1045.8785644329,765.079489392533,1073.64320259232,1417.91301149476,"EIF3B"
"ENSG00000175048",46.7045570097453,0.326187700774413,0.328802776208136,0.992046674715217,0.32117475741516,0.783858263503755,30.946776736509,59.7559340579961,46.2201186100615,26.260429828238,42.6864651676863,50.1969464359974,55.0002917857032,69.9884745935525,35.4406494059602,50.549483475749,"ZDHHC14"
"ENSG00000122376",265.867876564261,-0.22341876992016,0.225239276491598,-0.991917455073581,0.321237793544503,0.783858263503755,325.90824250636,252.014156679375,293.002537617354,292.486856362789,218.94025682781,358.135906302981,232.223454206302,177.368052052154,271.01673075146,237.58257233602,"FAM35A"
"ENSG00000167967",132.900691011422,-0.277188198788311,0.279452585347053,-0.991897063482417,0.321247741740818,0.783858263503755,100.577024393654,155.885045368685,121.327811351411,216.422163067203,121.174481766335,86.8793303699955,144.921403752805,150.523157687503,99.0253439284181,132.27114842821,"E4F1"
"ENSG00000169738",262.297330021121,0.323950350586625,0.32661860886079,0.991830660587677,0.321280138303852,0.783858263503755,278.520990628581,263.705535082026,266.591041268748,103.230655186867,269.888618479565,177.619964311991,349.208201813988,392.127206969356,209.516780311706,312.564306158381,"DCXR"
"ENSG00000122729",329.837175036878,0.267880288826644,0.270104807004341,0.991764240694682,0.321312545294515,0.783858263503755,308.500680592074,309.172006647893,307.859004313445,250.832381462825,287.789394195046,275.117879504986,342.224037777709,311.592523875405,283.525195247681,621.758646751712,"ACO1"
"ENSG00000130766",604.237323285561,-0.296300910935711,0.298777660524461,-0.991710392321827,0.321338820070258,0.783858263503755,552.206547392082,694.98749393539,690.000342107346,782.379702468883,553.547064432577,874.585259057955,550.002917857032,439.105772107494,645.228293596745,260.329839900107,"SESN2"
"ENSG00000087302",1032.64563178231,0.177176939616566,0.178677102369611,0.991604057077543,0.321390709411965,0.783858263503755,1149.86617311591,717.071208695953,959.067461158776,1002.42399378826,1164.92740425363,995.250995682948,1208.2603782764,1116.93935481491,1089.2787832126,923.370564823681,"C14orf166"
"ENSG00000196584",38.712879379667,-0.687876211884754,0.693711958145169,-0.991587652206517,0.321398715127932,0.783858263503755,28.0455164174613,96.1291113106894,58.6005075234708,18.1106412608538,5.50793098937888,81.0873750119958,10.4762460544197,12.4637009550162,57.3304622743473,19.3773019990371,"XRCC2"
"ENSG00000103037",53.0184707506795,-0.360202182106106,0.363267476943446,-0.991561879243548,0.321411292815105,0.783858263503755,61.893553473018,27.27988293952,50.3469149145313,104.136187249909,48.1943961570652,48.2662946499975,55.0002917857032,40.2673415469754,59.4152063570509,35.3846384330243,"SETD6"
"ENSG00000264538",52.7243717685177,-0.33205211969669,0.334919875360059,-0.991437487368328,0.321472002892428,0.783858263503755,49.3214254238112,36.3731772526933,59.4258667843648,95.0808666194824,44.063447915031,41.5090133989979,71.5876813718676,46.019818910829,37.5253934886637,46.3370265194366,"SUZ12P1"
"ENSG00000137288",306.346416500678,0.268186670182956,0.270512603472709,0.991401756295663,0.321489443005589,0.783858263503755,309.46776736509,226.033315784594,349.952326619037,205.55577831069,275.396549468944,360.066558088981,396.351309058877,321.179986148494,427.372536954226,192.088037207846,"UQCC2"
"ENSG00000148803",114.455873013981,0.357421074488897,0.360745227670967,0.990785316264525,0.32179042080112,0.784244248030828,104.445371485718,90.9329431317332,131.232122482139,65.1983085390736,74.3570683566149,143.833558056993,187.699408475019,136.141964277869,154.271062120062,56.4469232145864,"FUOM"
"ENSG00000110841",383.060211153201,-0.284300267266237,0.286964134527481,-0.990717072481443,0.321823752238674,0.784244248030828,372.328407611124,444.272379300754,335.095859922946,565.052007338638,318.08301463663,465.287080425976,185.080346961414,303.922554056933,363.787842431768,477.692618845828,"PPFIBP1"
"ENSG00000115944",1980.12009118969,0.218431452942644,0.220478319489608,0.99071624569843,0.321824156067536,0.784244248030828,1887.75338092705,1386.07786173656,1935.46746679632,2002.13139138739,2481.32291071519,1924.8598306419,2651.36327227271,2277.98103608604,1848.12562931669,1406.11813201708,"COX7A2L"
"ENSG00000168517",13.9781282073791,0.498614207421115,0.503467518259081,0.99036023047773,0.321998076712439,0.784524725815455,10.637954503175,14.2894624921295,8.25359260893955,11.771916819555,22.0317239575155,9.6532589299995,24.4445741269792,21.0924170007966,8.33897633081416,9.26740530388731,"HEXIM2"
"ENSG00000105971",1872.42658118138,0.245610894482012,0.248052612334648,0.990156451771842,0.322097654336988,0.784624002902723,1862.60912482863,1445.83379579456,2249.10398593603,1181.71934227071,1444.45490196461,2442.27450928987,1654.37385609377,1917.49245461788,1909.62557975644,2616.77826126127,"CAV2"
"ENSG00000027847",280.680065460753,0.29246163093391,0.295435564110958,0.989933733313396,0.3222065099617,0.784745840642657,238.870432934929,190.95918057664,212.94268931064,345.913248082307,351.130600572904,215.267674138989,433.018170249346,388.29222206012,214.728640518465,215.677796163196,"B4GALT7"
"ENSG00000150540",87.6025471159063,0.522107213625938,0.527558038988139,0.989667818591759,0.322336509580909,0.784790458249504,70.5973344301611,25.9808408947809,114.72493726426,66.1038406021163,44.063447915031,49.2316205429974,90.794132471637,249.274019100324,48.9914859435332,116.263811994223,"HNMT"
"ENSG00000086827",85.8436962510105,-0.252754722447713,0.255396664305637,-0.989655534988653,0.322342515580024,0.784790458249504,80.2682021603202,88.3348590422551,108.947422438002,102.325123123824,64.7181891252018,102.324544657995,60.238414812913,64.2359972296989,101.110088011122,85.9341219087733,"ZW10"
"ENSG00000134463",28.3618461779677,0.598431988533379,0.604791006844428,0.989485593801687,0.322425614866421,0.784849502732881,31.9138635095249,9.09329431317332,16.5071852178791,28.977026017366,33.0475859362733,14.4798883949993,68.9686198582627,4.79373113654469,39.6101375713672,36.2271298242868,"ECHDC3"
"ENSG00000152284",291.131783342611,0.287983865222952,0.291198519153354,0.988960610308914,0.322682414024692,0.785331269315203,303.665246726994,226.033315784594,206.339815223489,291.581324299746,367.65439354104,159.278772344992,299.446033055495,382.539744696266,434.669141243688,240.110046509808,"TCF7L1"
"ENSG00000051108",876.279687277227,-0.269996944835532,0.273214203722715,-0.988224408382339,0.323042756719954,0.785673081634538,1056.05875613337,566.382331506224,765.93339410959,1515.86067353346,717.408011366599,971.11784835795,817.147192244733,911.7676621708,793.245123468697,647.87587988085,"HERPUD1"
"ENSG00000100234",3589.97136833319,0.449497104043831,0.454937254676696,0.98804197594956,0.323132090966803,0.785673081634538,2081.17073553023,3177.45684143171,3294.83416948867,3223.69414443197,983.16568160413,5836.3603490777,2055.96328817986,8429.29683050018,3564.91238142305,3252.85926166445,"TIMP3"
"ENSG00000065665",46.6767628056382,-0.575453734639636,0.58242055432505,-0.988038163087346,0.323133958236301,0.785673081634538,25.1442560984135,22.0837147605638,22.2847000441368,162.995771347684,22.0317239575155,49.2316205429974,28.809676649654,62.318504775081,36.4830214473119,35.3846384330243,"SEC61A2"
"ENSG00000214022",555.635623567823,0.218244314059582,0.220916478333096,0.987904187620241,0.323199574384522,0.785673081634538,587.021671220655,588.466046266788,463.026545361509,386.662190919228,645.804908504674,528.998589363973,728.099100782166,615.515077932338,400.27086387908,612.491241447825,"REPIN1"
"ENSG00000084754",1691.76650869711,0.250102870258811,0.253172147454765,0.987876718561614,0.32321302876991,0.785673081634538,1334.57974676195,1438.03954352612,1427.87152134654,1875.35690256141,2601.12040973418,1188.31617428294,2005.32809891683,2170.60145862744,1371.76160641893,1504.68962479479,"HADHA"
"ENSG00000171649",46.5300033963017,-0.369206512929099,0.373754581839873,-0.987831402926527,0.323235225232714,0.785673081634538,35.7822106015885,67.5501863264304,53.6483519581071,58.8595840977748,30.2936204415838,72.3994419749963,31.428738163259,22.0511632281056,42.7372536954226,50.549483475749,"ZIK1"
"ENSG00000174669",7.39679495594448,0.582174489797136,0.589530509429239,0.98752224097914,0.323386685167956,0.785754822387508,6.76960741111134,3.89712613421714,4.95215556536373,7.24425650434151,4.13094824203416,12.5492366089993,11.3492665589546,6.71122359116257,6.25423224811062,10.1098966951498,"SLC29A2"
"ENSG00000048471",285.975986801177,-0.332854456488787,0.337122461615462,-0.987339896884287,0.323476038105914,0.785828765067137,284.323511266676,485.841724732403,325.191548792218,210.083438625904,356.638531562282,307.938959866984,134.445157698386,158.193127505975,266.847242586053,330.256625374893,"SNX29"
"ENSG00000125503",1029.71541463733,0.205286140063169,0.207969732678864,0.987096234720663,0.32359546346704,0.78591921234607,837.497145431774,1065.21447668602,1052.33305763979,817.695452927548,1221.38369689477,992.355018003949,1347.943659002,1230.07140963737,973.575486622553,759.084743527497,"PPP1R12C"
"ENSG00000213442",129.775231185721,0.344641495928254,0.349291074951718,0.986688526112194,0.323795356639517,0.78591921234607,80.2682021603202,84.437732908038,122.153170612305,159.373643095513,136.321291987127,97.4979151929949,208.651900583858,204.212946416804,132.381249251675,72.4542596485736,"RPL18AP3"
"ENSG00000102098",8.23063582782104,-0.641480503169001,0.650135051254304,-0.986688076471795,0.323795577135592,0.78591921234607,8.70378095714315,12.9904204473905,9.90431113072746,10.8663847565123,0,14.4798883949993,7.85718454081474,5.75247736385363,4.16948816540708,7.58242252136235,"SCML2"
"ENSG00000091656",217.258362359399,-0.352844621850623,0.35769994526133,-0.986426267392465,0.323923980507748,0.78591921234607,154.733883682545,423.487706584929,185.70583370114,236.343868454142,185.892670891537,102.324544657995,249.683864297002,301.046315375007,148.016829871951,185.348106077746,"ZFHX4"
"ENSG00000198836",508.662334456413,-0.268327206333841,0.272059017965413,-0.986283080562887,0.323994220030444,0.78591921234607,721.446732669865,593.662214445744,600.861541930799,349.535376334478,435.126548160931,587.88346883697,302.0650945691,371.034789968559,585.813087239694,539.194490407989,"OPA1"
"ENSG00000120438",1548.37439629114,-0.166379480508918,0.168705499651341,-0.986212547028815,0.324028823519943,0.78591921234607,1671.12594377148,1567.94374800003,1772.04633313932,1614.56366840511,1426.55412624913,1710.55748239591,1269.37181359385,1315.39982386786,1838.74428094452,1297.43674254422,"TCP1"
"ENSG00000246695",157.273453523416,0.34495661985308,0.349783172830065,0.986201300257148,0.32403434136681,0.78591921234607,128.622540811115,140.296540831817,97.3923927854867,175.673220230282,128.059395503059,94.6019375139951,262.779171865026,260.778973828031,104.237204135177,180.293157730171,"RASSF8-AS1"
"ENSG00000167182",168.436333685748,-0.282827662246685,0.286813381296251,-0.986103441089281,0.324082355229765,0.78591921234607,155.700970455561,283.191165753112,205.514455962595,110.474911691208,191.400601880916,188.23854913499,145.79442425734,115.049547277073,140.720225582489,148.278484862197,"SP2"
"ENSG00000204103",30.5682880176957,-0.468082520131146,0.474726635452884,-0.986004334230373,0.324130985985441,0.78591921234607,42.5518180126998,31.1770090737371,34.6650889575461,38.9378787108356,12.3928447261025,21.2371696459989,45.3970662358185,14.3811934096341,13.550836537573,51.3919748670115,"MAFB"
"ENSG00000242732",40.3360857293052,0.326008963212908,0.33069754883272,0.985822133740146,0.324220402363956,0.78591921234607,29.9796899634931,41.5693454316495,22.2847000441368,46.1821352151771,59.2102581358229,36.6823839339981,39.2859227040737,31.638625501195,55.2457181916438,41.2820781718617,"RTL5"
"ENSG00000186806",16.7669846172465,-0.45456636988068,0.461166291011471,-0.985688630631881,0.324285930300972,0.785935208508824,18.3746486873022,16.8875465816076,28.0622148703945,16.2995771347684,19.2777584628261,21.2371696459989,11.3492665589546,19.1749245461788,5.21186020675885,11.7948794776748,"VSIG10L"
"ENSG00000069493",19.134645677005,-0.598247708415079,0.607019345371222,-0.985549658304912,0.324354151880155,0.785957725949424,13.5392148222227,10.3923363579124,14.8564666960912,57.0485199716894,11.0158619787578,18.341191966999,9.60322554988468,28.7623868192681,21.8898128683872,5.89743973883738,"CLEC2D"
"ENSG00000101246",369.461446548455,0.252522207523617,0.2562747918617,0.985357185110473,0.324448652492895,0.786037250546423,426.485266900014,322.162427095283,389.569571141947,187.445137049837,380.047238267143,368.754491125981,450.478580340045,490.878068382176,372.126818762582,306.666866419544,"ARFRP1"
"ENSG00000260565",28.2016017325623,-0.508561333514212,0.516265586924214,-0.985076957277161,0.324586270980116,0.786037250546423,25.1442560984135,16.8875465816076,18.983263000561,76.0646932955859,15.1468102207919,20.2718437529989,30.555717658724,19.1749245461788,43.7796257367743,16.0073364339872,"ERVK13-1"
"ENSG00000114473",80.1974438780922,0.269448861213171,0.273627709477086,0.984727978493474,0.324757705835114,0.786037250546423,80.2682021603202,54.5597658790399,87.4880816547592,61.5761802869029,133.567326492438,81.0873750119958,76.8258043990775,69.0297283662435,79.2202751427345,78.3516993874109,"IQCG"
"ENSG00000001460",97.4105778222161,0.343037729289402,0.348358334400323,0.98472663178827,0.324758367514425,0.786037250546423,75.4327682952406,127.306120384426,80.0598483067136,53.4263917195186,123.928447261025,155.417468772992,82.0639274262873,51.7722962746827,126.127017003564,98.5714927777105,"STPG1"
"ENSG00000138074",73.3315008180302,-0.351847000445935,0.357331744573855,-0.984650834382317,0.324795610617175,0.786037250546423,74.4656815222247,50.6626397448228,53.6483519581071,157.562578969428,77.1110338513043,67.5728125099965,64.6035173355879,81.4934293212597,57.3304622743473,48.864500693224,"SLC5A6"
"ENSG00000074657",1184.22958179564,-0.224197394781596,0.227723760654774,-0.984514721419323,0.324862496784231,0.786037250546423,1008.67150425559,1380.88169355761,1431.99831765101,1361.9202228162,1414.16128152303,1201.83073678494,673.098808996463,1115.02186236029,1226.87189267103,1027.83949734023,"ZNF532"
"ENSG00000165732",633.300535088962,-0.263568596384331,0.267743032006524,-0.984408798276061,0.324914553818823,0.786037250546423,668.256960153991,459.860883837622,683.397468020195,1003.3295258513,402.078962224658,670.901495634965,534.288548775402,489.919322154867,806.79596000627,614.17622423035,"DDX21"
"ENSG00000198752",1131.07719871493,-0.323548274130108,0.328681876017131,-0.984381244414112,0.324928096341645,0.786037250546423,1263.01532555877,1997.92666480865,1219.05562834037,664.660534273334,1477.50248790088,1173.83628588794,907.068304211835,535.939141065696,1054.88050584799,1016.88710925382,"CDC42BPB"
"ENSG00000130255",4697.12640966143,0.29056717009777,0.295187506204377,0.9843477924726,0.324944538221374,0.786037250546423,3769.704241216,3772.41809792219,4255.55234916923,4772.15397223497,5284.85978430903,3677.89165232981,7499.2461339554,6725.6047845722,4782.40292572192,2431.43015518353,"RPL36"
"ENSG00000125630",71.7407341109026,-0.324796156785217,0.329982457998063,-0.984283100246265,0.324976336470944,0.786037250546423,90.9061566634951,62.3540181474742,85.0120038720774,87.8366101151408,61.9642236305124,101.359218764995,30.555717658724,57.5247736385363,57.3304622743473,82.5641563437233,"POLR1B"
"ENSG00000183172",308.354172009772,0.223329104410735,0.226978141018138,0.983923400768751,0.325153176925872,0.786140909189741,322.039895414296,257.210324858331,302.906848748082,238.154932580227,363.523445299006,270.291250039986,419.922862681321,397.879684333209,264.762498503349,246.849977639908,"SMDT1"
"ENSG00000124357",399.05548984626,-0.261152055797986,0.265446083731254,-0.983823351722094,0.32520237555547,0.786140909189741,266.91594935239,388.413571376975,569.497890016829,546.941366077784,338.737755846801,426.674044705978,381.509960481782,244.480287963779,444.050489615854,383.33358302443,"NAGK"
"ENSG00000269190",220.213092029487,-0.175241068799804,0.178132220450763,-0.983769631099625,0.325228794407252,0.786140909189741,274.652643536517,258.50936690307,206.339815223489,207.366842436776,202.416463859674,235.539517891988,227.858351683627,208.04793132604,187.626967443319,193.773019990371,"FBXO17"
"ENSG00000165891",95.7665046377917,-0.990587939269542,1.00698527705684,-0.983716407616977,0.325254970151383,0.786140909189741,55.1239460619066,231.22948396355,218.720204136898,40.748942836921,19.2777584628261,231.678214319988,15.7143690816295,4.79373113654469,112.576180465991,27.8022159116619,"E2F7"
"ENSG00000159884",54.3253411803779,0.596368106488674,0.606454706174752,0.983367925776848,0.325426390234531,0.786393120461481,61.893553473018,33.7750931632152,65.2033816106225,5.43319237825613,35.8015514309627,33.7864062549982,86.4290299489622,128.471994459398,20.8474408270354,71.6117682573111,"CCDC107"
"ENSG00000124783",961.228671366376,-0.311431124388978,0.316744768716705,-0.983224208092671,0.325497102844681,0.786393120461481,961.28425237781,692.389409845911,970.622490811291,1726.84964422241,725.669907850667,1308.01658501493,605.87623014727,912.726408398109,1117.4228283291,591.428956666263,"SSR1"
"ENSG00000167693",573.072496465041,0.258093855721449,0.262553641435365,0.983013811236689,0.325600641258454,0.786393120461481,527.062291293669,561.186163327268,307.859004313445,655.605213642907,528.761374980372,595.606075980969,570.955409965871,559.90779674842,922.499256596316,501.282377801177,"NXN"
"ENSG00000165490",44.4636059082676,-0.803569589049975,0.817495081519589,-0.982965655959998,0.325624341967376,0.786393120461481,51.255598969843,77.9425226843427,97.3923927854867,12.6774488825976,1.37698274734472,59.8502053659969,18.3334305952344,3.83498490923575,100.06771596977,21.9047761728246,"DDIAS"
"ENSG00000105612",87.1770904496384,0.342032805232604,0.348039729814128,0.982740692895229,0.325735077492108,0.786393120461481,80.2682021603202,38.9712613421714,51.9976334363192,128.585552952062,101.896723303509,75.2954196539961,110.000583571406,113.132054822455,64.6270665638097,106.996406690335,"DNASE2"
"ENSG00000139405",227.2094443605,0.25801422177918,0.26256564796187,0.98266556871388,0.325772061974183,0.786393120461481,272.718469990485,188.361096487162,238.528826398353,113.191507880336,286.412411447702,236.504843784988,282.858643469331,241.604049281852,210.559152353057,201.355442511733,"RITA1"
"ENSG00000087111",300.876963215488,0.273109405585279,0.278011098326751,0.982368715598143,0.32591823282324,0.786603595939838,234.034999069849,211.743853292464,241.004904181035,382.134530604015,363.523445299006,427.639370598978,355.319345345733,362.406073922779,222.025244807927,208.937865033096,"PIGS"
"ENSG00000236287",153.335593099972,-0.268149668266954,0.273039506421697,-0.982091096563915,0.326054971364771,0.786630031954303,142.161755633338,132.502288563383,127.105326177669,280.714939543234,128.059395503059,167.966705381991,152.77858829362,137.100710505178,142.804969665192,122.16125173306,"ZBED5"
"ENSG00000148384",185.172651805709,-0.182642089172482,0.185976382294933,-0.982071416373917,0.326064666065272,0.786630031954303,191.483181057149,235.126610097767,154.34218178717,217.327695130245,195.53155012295,171.828008953991,171.985039393389,184.079275643316,165.737154574931,164.285821296184,"INPP5E"
"ENSG00000057019",624.518085109576,-0.226186715373601,0.230338698982446,-0.981974441866749,0.326112439621143,0.786630031954303,779.47193905082,570.279457640441,713.110401412377,673.715854903761,421.356720687484,764.53810725596,413.811719149576,617.432570386956,579.558854991584,711.905225616798,"DCBLD2"
"ENSG00000186666",18.9295745738893,-0.374593103386129,0.381545379335546,-0.981778639380918,0.326208913694518,0.786630031954303,21.2759090063499,31.1770090737371,22.2847000441368,13.5829809456403,16.5237929681366,19.306517859999,20.0794716043043,13.4224471823251,15.6355806202765,16.0073364339872,"BCDIN3D"
"ENSG00000137055",176.24245392616,-0.241950725628793,0.246453618500148,-0.981729248291187,0.326233252165887,0.786630031954303,176.976879461911,197.454390800335,202.213018919019,200.122585932434,154.222067702609,194.03050449299,104.762460544197,126.55450200478,224.10998889063,181.978140512696,"PLAA"
"ENSG00000092201",275.09687713781,-0.24838936851789,0.253118321135302,-0.981317225097727,0.326436331022043,0.786630031954303,213.726176836515,328.657637318979,321.064752487749,353.157504586649,191.400601880916,260.637991109987,210.397941592928,209.965423780657,288.73705545444,373.22368632928,"SUPT16H"
"ENSG00000164040",1604.28970283045,0.270793728964728,0.275985365487377,0.981188725302586,0.326499683071448,0.786630031954303,1409.04542828417,1109.38190620715,985.478957507382,2205.87610557199,1376.98274734472,1624.64347791892,1917.1530279588,2461.10156550204,1319.64300435134,1633.59080765795,"PGRMC2"
"ENSG00000127561",6.15756883648183,0.856035380046513,0.872478051987864,0.981154056650609,0.326516776530445,0.786630031954303,6.76960741111134,0,2.47607778268187,7.24425650434151,2.75396549468944,5.7919553579997,14.8413485770945,10.5462085003983,1.04237204135177,10.1098966951498,"SYNGR3"
"ENSG00000119522",456.7286869877,0.229852676450536,0.234302643907784,0.981007608864202,0.326588989365812,0.786630031954303,485.477560053985,480.645556553447,390.394930402841,298.825580804087,667.836632462189,498.108160787974,539.526671802612,423.765832470551,364.830214473119,417.875730066192,"DENND1A"
"ENSG00000136100",422.717342861632,-0.26416189891121,0.269326987422426,-0.980822239313454,0.326680409250115,0.786630031954303,499.016774876207,326.059553229501,486.961963927433,566.863071464723,335.983790352112,525.137285791973,256.668028333282,286.665121965372,488.87248739398,454.945351281741,"VPS36"
"ENSG00000180611",65.7481686418338,-0.239080693390953,0.243804259479563,-0.980625580132632,0.326777415085726,0.786630031954303,77.3669418412724,61.0549761027352,75.1076927413499,75.1591612325432,61.9642236305124,67.5728125099965,48.8891482539584,51.7722962746827,81.305019225438,57.2894146058489,"MB21D2"
"ENSG00000198346",36.9650267703884,0.299022761626884,0.304963444564843,0.980520016271341,0.326829494160441,0.786630031954303,30.946776736509,33.7750931632152,31.3636519139703,34.4102183956222,23.4087067048602,32.8210803619983,42.7780047222136,45.0610726835201,52.1186020675885,42.9670609543866,"ZNF813"
"ENSG00000100380",2470.07193159561,0.203938435419015,0.207992580166832,0.980508224165664,0.326835312034858,0.786630031954303,2342.28416424452,1968.04869777965,2306.05377493771,2437.69231371092,3271.71100769105,1956.7155851109,2913.2694236332,3122.63646234521,1953.40520549322,2428.90268100974,"ST13"
"ENSG00000179598",9.17655729932428,0.53034228196203,0.540914324718738,0.980455236118575,0.326861455592468,0.786630031954303,5.80252063809543,6.49521022369523,5.77751482625769,10.8663847565123,9.63887923141304,8.68793303699955,16.5873895861645,10.5462085003983,11.4660924548695,5.89743973883738,"PLD6"
"ENSG00000168610",654.614299665544,-0.298657507434778,0.304627155516197,-0.98040342768752,0.326887018457346,0.786630031954303,541.568592888907,650.820064414262,544.73711219001,1212.50743241416,513.614564759581,437.292629528977,489.764503044119,633.731256251208,578.516482950232,943.590358213981,"STAT3"
"ENSG00000033800",93.2812409453255,-0.242176477912628,0.247029100231349,-0.980356070138388,0.326910386342742,0.786630031954303,88.0048963444474,136.3994146976,101.519189089956,86.0255459890555,97.7657750614751,87.8446562629954,67.2225788491928,70.9472208208614,87.5592514735486,109.523880864123,"PIAS1"
"ENSG00000173546",38.5921757743859,-0.539328279208701,0.550159519584625,-0.980312545742911,0.326931863771665,0.786630031954303,31.9138635095249,77.9425226843427,27.2368556095005,53.4263917195186,12.3928447261025,50.1969464359974,15.7143690816295,10.5462085003983,63.5846945224579,42.9670609543866,"CSPG4"
"ENSG00000138375",179.892287588128,0.252418332398008,0.25756181957542,0.980030086812203,0.327071267452747,0.786649476955569,152.799710136513,219.538105560899,179.928318874882,94.1753345564397,218.94025682781,208.510392887989,192.937531502229,162.986858642519,154.271062120062,214.835304771933,"SMARCAL1"
"ENSG00000111371",1172.92865367608,-0.304133410160022,0.310332023993425,-0.980025864705686,0.327073351507526,0.786649476955569,943.876690463524,1153.54933572827,1181.08910233925,2016.61990439607,972.149819625372,1542.59077701392,612.86039418355,910.808915943491,1501.01573954655,894.725857520757,"SLC38A1"
"ENSG00000119699",35.1484467923973,0.448226873134037,0.45740345773907,0.979937657991496,0.32711689279415,0.786649476955569,34.8151238285726,20.7846727158247,21.4593407832428,38.0323466477929,50.9483616517546,11.5839107159994,57.6193532993081,57.5247736385363,25.0169289924425,33.6996556504993,"TGFB3"
"ENSG00000103222",347.245149596714,-0.287483329916948,0.293553227442554,-0.979322668060963,0.327420573522284,0.787153960543139,281.422250947628,357.236562303238,289.701100573778,629.344783814669,329.098876615388,233.608866105988,367.541632409223,449.651980607892,258.508266255239,276.337176334094,"ABCC1"
"ENSG00000100583",12.7024403998446,-0.61789350376794,0.630971142160652,-0.9792737931755,0.327444715685187,0.787153960543139,22.2429957793658,31.1770090737371,8.25359260893955,2.71659618912807,17.9007757154814,10.6185848229995,6.1111435317448,7.6699698184715,9.38134837216593,10.9523880864123,"SAMD15"
"ENSG00000230417",73.6757729167762,-0.509239967667359,0.520259316235753,-0.978819507456162,0.327669169242268,0.787217454269563,55.1239460619066,67.5501863264304,219.545563397792,16.2995771347684,52.3253443990994,61.7808571519968,64.6035173355879,62.318504775081,52.1186020675885,85.0916305175108,"LINC00595"
"ENSG00000230417",73.6757729167762,-0.509239967667359,0.520259316235753,-0.978819507456162,0.327669169242268,0.787217454269563,55.1239460619066,67.5501863264304,219.545563397792,16.2995771347684,52.3253443990994,61.7808571519968,64.6035173355879,62.318504775081,52.1186020675885,85.0916305175108,"LINC00856"
"ENSG00000128016",422.035845305665,-0.234441514591193,0.239521814449746,-0.978789823923872,0.327683838760984,0.787217454269563,506.753469060334,524.812986074574,433.313611969326,390.284319171399,453.027323876413,594.640750087969,355.319345345733,327.891209739657,293.948915661199,340.366522070043,"ZFP36"
"ENSG00000178694",41.6294639720978,-0.282266235716374,0.288483202997407,-0.978449465284504,0.327852073511086,0.787354497720725,57.0581196079384,40.2703033869104,48.6961963927434,39.8434107738783,44.063447915031,47.3009687569975,26.1906151360491,37.3911028650486,33.3559053232566,42.1245695631242,"NSUN3"
"ENSG00000214087",381.98948570308,0.173681520897446,0.177517999480246,0.978388227706301,0.327882348379764,0.787354497720725,329.776589598424,323.461469140022,419.282504534129,345.913248082307,377.293272772453,440.188607207977,466.192949421675,432.394548516331,345.025145687436,340.366522070043,"ARL16"
"ENSG00000105556",142.394192748397,-0.216054451863422,0.220988856021308,-0.977671253443611,0.328236943809065,0.788008720157144,138.293408541274,211.743853292464,159.294337352533,113.191507880336,148.71413671323,124.527040196994,136.191198707455,123.678263322853,125.084644962212,143.223536514622,"MIER2"
"ENSG00000171970",16.9185491605579,0.402425038245508,0.411646554426542,0.977598461393949,0.32827295862586,0.788008720157144,15.4733883682545,10.3923363579124,20.6339815223489,9.96085269346958,15.1468102207919,23.1678214319988,16.5873895861645,23.0099094554145,14.5932085789248,20.2197933902996,"ZNF57"
"ENSG00000167562",33.01666512069,-0.330604838002849,0.338278376281088,-0.977315906613368,0.328412780574712,0.788078683794675,24.1771693253976,44.1674295211276,38.7918852620159,43.4655390260491,37.1785341783074,19.306517859999,28.809676649654,25.8861481373413,27.101673075146,41.2820781718617,"ZNF701"
"ENSG00000115364",261.197520442273,-0.29258646845156,0.299382221467887,-0.977300746240018,0.328420283761776,0.788078683794675,379.098015022235,322.162427095283,311.985800617915,161.184707221599,207.924394849053,334.002758977983,169.365977879784,171.6155746883,300.20314790931,254.43240016127,"MRPL19"
"ENSG00000168273",96.2809239738919,0.286709709561534,0.293420832991578,0.977127992714012,0.328505790959714,0.788142064045639,102.511197939686,72.7463545053866,108.947422438002,56.1429879086467,75.7340511039596,74.3300937609961,126.587973157571,138.059456732487,94.855855763011,112.893846429173,"SMIM4"
"ENSG00000127452",230.833478355608,-0.18755765703652,0.191975361842331,-0.976988167838754,0.328575010150646,0.788166350787619,197.285701695245,266.303619171504,241.830263441929,290.675792236703,246.479911774705,193.06517859999,221.747208151883,247.356526645706,180.330363153856,223.260218684558,"FBXL12"
"ENSG00000197405",7.83602073151551,0.889549449578538,0.910867739780197,0.976595624951211,0.328769385920095,0.788242272074986,0,2.59808408947809,0.825359260893955,17.2051091978111,5.50793098937888,6.75728125099965,9.60322554988468,17.2574320915609,13.550836537573,5.0549483475749,"C5AR1"
"ENSG00000146463",723.572126514863,-0.175459106532693,0.179742750931189,-0.976167915666679,0.328981259905474,0.788242272074986,735.953034265104,917.123683585766,744.474053326348,709.937137425468,884.02292379531,555.062388474971,623.336640237969,692.214776117053,682.753687085409,690.842940835236,"ZMYM4"
"ENSG00000225439",36.7587194237549,-0.298748320620377,0.306183957906046,-0.975715131071792,0.329205651838259,0.788242272074986,56.0910328349225,36.3731772526933,35.4904482184401,37.1268145847502,41.3094824203416,34.7517321479982,35.7938406859338,36.4323566377396,32.3135332819049,21.9047761728246,"BOLA3-AS1"
"ENSG00000101665",188.845577728395,-0.327850574456642,0.336016012165986,-0.975699260113501,0.329213518999556,0.788242272074986,142.161755633338,189.660138531901,256.68673013802,271.659618912807,117.043533524301,309.869611652984,127.460993662106,127.513248232089,211.601524394409,134.798622601997,"SMAD7"
"ENSG00000144791",204.728775922318,-0.269517703701111,0.276230945363416,-0.975696996390205,0.329214641126748,0.788242272074986,252.409647757151,245.51894645568,157.643618830745,256.265573841081,229.956118806568,229.747562533988,142.3023422392,114.090801049764,244.957429717666,174.395717991334,"LIMD1"
"ENSG00000102900",106.488067639315,-0.250826926313495,0.257160905096869,-0.97536958900892,0.329376963002996,0.788242272074986,98.6428508476224,138.997498787078,122.978529873199,111.380443754251,67.4721546198913,131.284321447993,80.3178864172174,83.4109217758776,125.084644962212,105.31142390781,"NUP93"
"ENSG00000166557",703.60183073009,0.295191961952226,0.302703645593812,0.975184693838589,0.329468653148925,0.788242272074986,588.955844766686,416.992496361234,515.024178797828,955.336326510037,702.261201145807,655.456281346966,893.97299664381,1172.54663599883,653.56726992756,481.90507580214,"TMED3"
"ENSG00000151773",40.6083496468319,-0.313787002062317,0.321790127890839,-0.975129361857748,0.329496095681391,0.788242272074986,48.3543386507953,33.7750931632152,66.8541001324104,34.4102183956222,42.6864651676863,28.9597767899985,44.5240457312835,31.638625501195,30.2287891992013,44.6520437369116,"CCDC122"
"ENSG00000086504",352.416174674425,0.284899698317686,0.292183484129517,0.975071192564047,0.329524947008376,0.788242272074986,446.794089133348,332.554763453196,321.064752487749,146.696194212916,307.067152657872,347.517321479982,487.145441530514,318.303747466567,407.567468168542,409.450816153567,"MRPL28"
"ENSG00000128655",18.4439445841065,0.737209347653186,0.756204040804312,0.974881523866332,0.329619031954057,0.788242272074986,14.5063015952386,2.59808408947809,0.825359260893955,34.4102183956222,30.2936204415838,20.2718437529989,6.1111435317448,33.5561179558128,25.0169289924425,16.8498278252497,"PDE11A"
"ENSG00000076344",73.0167078552165,0.582327925763964,0.597385297147141,0.974794539713173,0.329662186165278,0.788242272074986,47.3872518777794,38.9712613421714,11.5550296525154,126.774488825976,129.436378250404,42.4743392919978,112.619645085011,150.523157687503,33.3559053232566,37.0696212155493,"RGS11"
"ENSG00000155363",129.046288812552,-0.402419356515724,0.412852704177668,-0.974728644002163,0.329694880503601,0.788242272074986,112.182065669845,109.11953175808,62.7273038279406,319.652818254069,180.384739902158,84.9486785839956,107.381522057801,111.214562367837,100.06771596977,102.783949734023,"MOV10"
"ENSG00000101868",46.7695513510718,-0.405987606648633,0.416545709469812,-0.974653195120849,0.32973231725244,0.788242272074986,54.1568592888907,61.0549761027352,65.2033816106225,38.9378787108356,35.8015514309627,77.226071439996,22.6985331179092,18.2161783188698,57.3304622743473,37.0696212155493,"POLA1"
"ENSG00000115541",271.894398638176,0.284719703028334,0.292154548655665,0.974551669102736,0.32978269748055,0.788242272074986,342.348717647631,200.052474889813,299.605411704506,119.530232321635,263.003704742841,248.088754500987,383.256001490852,304.881300284242,283.525195247681,274.652193551569,"HSPE1"
"ENSG00000176463",82.0086752476324,0.29507876885612,0.302855960282932,0.974320494073994,0.329897431999931,0.788242272074986,85.1036360253997,80.5406067738208,51.1722741754252,72.4425650434151,83.9959475880279,92.6712857279952,92.5401734807069,139.018202959796,59.4152063570509,63.1868543446862,"SLCO3A1"
"ENSG00000177879",2458.50231785435,0.202594049264107,0.207936892904753,0.974305456015959,0.329904896436494,0.788242272074986,2430.28906058897,1845.93874557418,2712.95589055843,2028.39182121562,2419.35868708467,2295.54497355388,3151.60402137125,3331.64313989856,2030.54073655325,2338.75610214465,"AP3S1"
"ENSG00000100263",87.5124309048736,0.295521872113988,0.303333230576112,0.974248260082522,0.329933287764635,0.788242272074986,80.2682021603202,53.2607238343009,61.9019445670466,112.285975817293,78.488016598649,81.0873750119958,124.841932148501,129.430740686707,80.2626471840863,73.296751039836,"RHBDD3"
"ENSG00000163697",578.460834480073,-0.248896757267902,0.25549860289933,-0.974160932558878,0.329976639079724,0.788242272074986,644.079790828593,536.504364477226,582.703638191132,793.246087225396,509.483616517546,849.486785839956,410.319637131436,375.828521105104,537.863973337513,545.091930146827,"APBB2"
"ENSG00000108733",57.9032990007479,0.299825368391754,0.30785012685748,0.973932905119636,0.330089854334529,0.788242272074986,50.2885121968271,48.0645556553447,71.8062556977741,32.5991542695368,78.488016598649,47.3009687569975,53.2542507766332,83.4109217758776,53.1609741089403,60.6593801708988,"PEX12"
"ENSG00000115207",252.713892643344,-0.204477419372375,0.209978080280554,-0.973803642261943,0.330154044301949,0.788242272074986,311.401940911122,274.097871439939,280.622148703945,230.910676075886,297.428273426459,250.019406286987,198.175654529438,170.656828460991,254.338778089832,259.487348508845,"GTF3C2"
"ENSG00000063177",7991.31191600411,0.323119769546279,0.331871485243982,0.973629202607542,0.330240681189092,0.788242272074986,6327.64875584307,6344.5213465055,7444.74053326348,7663.51784953028,10729.4495673101,5658.74038476571,13427.0553597479,12065.821270683,6296.96950180604,3954.6545905861,"RPL18"
"ENSG00000058056",167.286281881637,-0.327201975175601,0.336083057036942,-0.973574740899941,0.330267733057885,0.788242272074986,204.055309106356,253.313198724114,188.181911483822,116.813636132507,132.190343745093,171.828008953991,92.5401734807069,94.9158765035849,256.423522172535,162.600838513659,"USP13"
"ENSG00000188603",9.01829643508908,0.572668948148496,0.588228807422364,0.973547947537538,0.330281042210794,0.788242272074986,5.80252063809543,9.09329431317332,3.30143704357582,9.96085269346958,9.63887923141304,9.6532589299995,14.8413485770945,15.339939636943,8.33897633081416,4.21245695631242,"CLN3"
"ENSG00000131778",450.030107174186,-0.217658557765015,0.22363204703823,-0.973288760030917,0.330409807175694,0.788242272074986,602.495059588909,396.207823645409,405.251397098932,560.524347023425,410.340858708727,509.692071503974,339.604976264104,351.85986542238,540.991089461568,383.33358302443,"CHD1L"
"ENSG00000137955",387.416425035301,-0.340037494751951,0.349393935717528,-0.973220940579973,0.330443505401403,0.788242272074986,343.315804420646,219.538105560899,366.459511836916,843.050350692743,286.412411447702,383.23437952098,392.859227040737,313.510016330023,472.194534732352,253.589908770007,"RABGGTB"
"ENSG00000005882",175.820084274176,0.373120321285768,0.383410735867837,0.973160859570671,0.330473360397223,0.788242272074986,146.997189498418,229.930441918811,171.674726265943,49.8042634673479,199.662498364984,197.89180806499,199.921695538508,166.821843551755,107.364320259232,288.132055811769,"PDK2"
"ENSG00000100345",3549.68118618243,-0.340683856562608,0.350087854705793,-0.973138176555458,0.33048463232166,0.788242272074986,3435.0922177525,4112.76711364382,3029.89384674171,5671.34731083636,3266.20307670168,3971.35072380179,1471.03955014143,1854.21520361549,5428.67359136002,3256.2292272295,"MYH9"
"ENSG00000175182",82.3538635999874,0.301159113782071,0.309503941286889,0.97303805738266,0.330534387751993,0.788242272074986,103.478284712702,66.2511442816913,47.0454778709554,72.4425650434151,96.3887923141304,48.2662946499975,106.508501553266,107.379577458601,90.6863675976039,85.0916305175108,"FAM131A"
"ENSG00000137486",46.2271819600725,0.389140227090408,0.399928032778191,0.97302563260484,0.330540562733278,0.788242272074986,62.8606402460339,25.9808408947809,24.7607778268187,41.6544748999637,85.3729303353726,32.8210803619983,34.0477996768639,40.2673415469754,47.9491139021814,66.5568199097362,"ARRB1"
"ENSG00000115084",287.387417636301,-0.345457020002654,0.355094449649358,-0.972859531721151,0.330623120260503,0.788242272074986,351.052498604774,193.557264666118,189.83263000561,583.162648599492,187.269653638882,278.013857183986,177.223162420599,311.592523875405,367.957330597175,234.21260677097,"SLC35F5"
"ENSG00000161010",77.1991425172408,-0.386894670356292,0.397696249537242,-0.972839625232779,0.330633015326251,0.788242272074986,69.6302476571452,48.0645556553447,50.3469149145313,191.067265302007,71.6031028619254,55.9889017939971,83.8099684353572,73.8234595027882,59.4152063570509,68.2418026922611,"MRNIP"
"ENSG00000123739",322.382636545443,0.24401965326554,0.250838930079015,0.972814120952731,0.33064569320784,0.788242272074986,305.599420273026,211.743853292464,275.669993138581,367.646017595332,319.459997383975,337.864062549982,293.33488952375,446.775741925965,229.321849097389,436.410540673966,"PLA2G12A"
"ENSG00000153914",317.923574682472,-0.346040124336342,0.355732150518565,-0.972754708372312,0.33067522773184,0.788242272074986,299.796899634931,176.66971808451,289.701100573778,691.826496164614,177.630774407469,263.533968788986,330.874771218754,317.345001239258,368.999702638526,262.857314073895,"SREK1"
"ENSG00000182359",14.4238810694808,0.551106116122151,0.566983519948022,0.971996710191284,0.331052185202812,0.788999820237652,11.6050412761909,11.6913784026514,18.157903739667,3.62212825217076,20.6547412101708,15.4452142879992,20.0794716043043,14.3811934096341,4.16948816540708,24.432250346612,"KBTBD3"
"ENSG00000182173",50.5812549468964,-0.24905588728776,0.256273245259227,-0.971837255332031,0.33113151852184,0.789047893965657,69.6302476571452,48.0645556553447,59.4258667843648,46.1821352151771,45.4404306623758,52.1275982219973,50.6351892630283,51.7722962746827,43.7796257367743,38.7546039980742,"TSEN54"
"ENSG00000170430",211.910908196498,0.315084717005191,0.324377605443005,0.97135163376916,0.331373204774361,0.789204986762658,293.027292223819,129.904204473905,200.562300397231,115.002572006422,323.590945626009,139.972254484993,230.477413197232,266.531451191885,178.245619071153,241.795029292333,"MGMT"
"ENSG00000116679",446.257188118643,-0.283604861156602,0.291970368380029,-0.97134809511718,0.331374966324577,0.789204986762658,440.024481722237,305.274880513676,452.296874969887,800.490343729737,388.309134751211,586.91814294397,321.271545668869,383.498490923575,457.601326153427,326.886659809843,"IVNS1ABP"
"ENSG00000223547",97.1419719019873,0.208756929114257,0.21500652902519,0.970932976132085,0.331581655659236,0.789403932402288,78.3340286142883,92.2319851764723,106.47134465532,78.7812894847139,86.7499130827173,89.7753080489953,118.730788616756,116.008293504381,99.0253439284181,105.31142390781,"ZNF844"
"ENSG00000050748",754.967674667936,0.17493429953465,0.180187230552265,0.97084737358183,0.331624287860115,0.789403932402288,613.133014092084,735.2577973223,803.074560849818,651.077553327693,822.058700164798,927.678183172952,591.034881570175,768.914474301768,872.465398611431,764.982183266335,"MAPK9"
"ENSG00000157326",115.367416981051,0.31422983112182,0.323710657510708,0.970712035056881,0.331691697043595,0.789403932402288,130.556714357147,90.9329431317332,124.629248394987,56.1429879086467,165.237929681366,83.9833526909956,178.096182925134,113.132054822455,89.6439955562522,121.318760341798,"DHRS4"
"ENSG00000140575",747.254119327361,-0.225554764213884,0.232361829813918,-0.970704888985058,0.331695256593119,0.789403932402288,886.818570855585,761.238638217081,625.622319757618,999.707397599129,614.134305315745,677.658776885965,460.954826394465,717.142178027086,894.355211479818,834.908968741121,"IQGAP1"
"ENSG00000167992",12.9155539661364,0.631779172943986,0.651056465455898,0.970390751747755,0.331851756757948,0.789635482583543,9.67086773015905,5.19616817895618,5.77751482625769,18.1106412608538,12.3928447261025,2.89597767899985,23.5715536224442,29.7211330465771,8.33897633081416,13.4798622601997,"VWCE"
"ENSG00000092068",43.2439422519149,0.562326663696723,0.579683602173608,0.970057910191348,0.332017627295705,0.789794548041096,61.893553473018,22.0837147605638,33.8397296966522,16.2995771347684,95.0118095667857,17.3758660739991,33.1747791723289,13.4224471823251,50.0338579848849,89.3040874738232,"SLC7A8"
"ENSG00000153187",945.999884526084,-0.184177080560748,0.189880353939978,-0.969963857445558,0.332064507890851,0.789794548041096,950.646297874635,1128.86753687823,923.577012940336,1075.77209089471,753.209562797562,912.232968884953,807.543966694848,778.501936574858,895.39758352117,1234.24988819954,"HNRNPU"
"ENSG00000099625",21.2102703000963,-0.387092582618976,0.399144271807707,-0.969806182776593,0.332143110431622,0.789794548041096,24.1771693253976,37.6722192974323,21.4593407832428,16.2995771347684,17.9007757154814,10.6185848229995,22.6985331179092,22.0511632281056,15.6355806202765,23.5897589553495,"CBARP"
"ENSG00000125901",236.998316444616,0.29456719216447,0.303817131035355,0.969554255089688,0.332268724074944,0.789794548041096,301.731073180962,198.753432845074,230.275233789413,104.136187249909,227.202153311879,184.37724556299,349.208201813988,291.458853101917,215.771012559816,267.069771030207,"MRPS26"
"ENSG00000161243",58.7767640276511,0.410982755080288,0.423910938537427,0.969502595281585,0.332294485958984,0.789794548041096,40.617644466668,75.3444385948647,47.0454778709554,33.5046863325795,97.7657750614751,66.6074866169966,43.6510252267486,114.090801049764,35.4406494059602,33.6996556504993,"FBXO27"
"ENSG00000106089",69.017724302301,-0.299000949482129,0.30841366607682,-0.969480222084755,0.332305643499223,0.789794548041096,52.2226857428589,81.8396488185599,85.0120038720774,92.3642704303543,45.4404306623758,88.8099821559954,84.6829889398922,43.1435802289022,63.5846945224579,53.0769576495364,"STX1A"
"ENSG00000143507",94.7051868764216,0.400381671918358,0.413142462695646,0.969112855904409,0.332488884068178,0.789794548041096,72.5315079761929,144.193666966034,69.3301779150922,32.5991542695368,155.599050449953,110.047151801994,75.9527838945425,66.1534896843167,69.8389267705686,150.805959035984,"DUSP10"
"ENSG00000167523",46.1891623726112,-0.276593435530678,0.28541359948211,-0.96909690369542,0.332496842435174,0.789794548041096,41.5847312396839,61.0549761027352,51.9976334363192,52.520859656476,37.1785341783074,54.0582500079972,51.5082097675633,38.3498490923575,28.1440451164978,45.4945351281741,"SPATA33"
"ENSG00000118473",39.1339985695013,0.565622724148798,0.583804549523023,0.968856314345137,0.33261688451568,0.789794548041096,19.3417354603181,28.578924984259,14.0311074351972,59.7651161608175,37.1785341783074,34.7517321479982,14.8413485770945,55.6072811839184,17.7203247029801,109.523880864123,"SGIP1"
"ENSG00000213949",101.505314131624,0.468354561696398,0.483430500208411,0.968814672418241,0.332637664600314,0.789794548041096,76.3998550682565,29.8779670289981,47.0454778709554,176.578752293324,56.4562926411335,128.388343768993,97.7782965079168,144.77068032365,65.6694386051615,192.088037207846,"ITGA1"
"ENSG00000151503",108.877682304418,-0.294896990995883,0.30447725424622,-0.968535372949105,0.332777061822281,0.789794548041096,98.6428508476224,179.267802173988,120.502452090517,92.3642704303543,89.5038785774068,144.798883949993,70.7146608673327,67.1122359116257,114.660924548695,111.208863646648,"NCAPD3"
"ENSG00000119537",430.035116830875,0.224440451776218,0.231743175148839,0.968487860028973,0.3328007790798,0.789794548041096,327.842416052392,340.34901572163,333.445141401158,560.524347023425,377.293272772453,556.027714367971,419.049842176786,558.949050521111,432.584397160984,394.285971110842,"KDSR"
"ENSG00000205084",43.1044336353695,0.314625244569766,0.324869627102681,0.968466173263785,0.332811604931576,0.789794548041096,42.5518180126998,27.27988293952,27.2368556095005,53.4263917195186,30.2936204415838,52.1275982219973,44.5240457312835,61.359758547772,41.6948816540708,50.549483475749,"TMEM231"
"ENSG00000139372",140.284228164978,-0.336132443652028,0.347132648408501,-0.968311235468903,0.332888955197809,0.789794548041096,120.885846626988,74.0453965501256,140.311074351972,305.164305245386,111.535602534922,141.902906270993,123.095891139431,109.297069913219,137.593109458434,139.01107955831,"TDG"
"ENSG00000149948",132.626681917021,-0.444960558435534,0.459606609988384,-0.968133505405371,0.332977698439031,0.789794548041096,179.878139780958,193.557264666118,208.815893006171,48.8987314043052,86.7499130827173,111.012477694994,114.365686094081,43.1435802289022,234.533709304148,105.31142390781,"HMGA2"
"ENSG00000164008",100.044011325307,0.276447093179878,0.28561421185334,0.967903842690542,0.33309239503499,0.789794548041096,102.511197939686,110.418573802819,82.5359260893955,60.6706482238602,93.6348268194409,77.226071439996,130.080055175711,156.275635051357,96.9405998457146,90.1465788650857,"C1orf50"
"ENSG00000080839",58.595590017733,-0.47838216101806,0.494302865549818,-0.967791599763338,0.333148459913048,0.789794548041096,58.9922931539702,102.624321534385,69.3301779150922,51.6153275934333,26.1626721995497,101.359218764995,18.3334305952344,24.9274019100324,89.6439955562522,42.9670609543866,"RBL1"
"ENSG00000071655",1164.76698095575,0.248431370638889,0.256706754217788,0.967763280697015,0.333162606131765,0.789794548041096,1110.21561542226,1387.3769037813,1024.2708427694,666.471598399419,1232.39955887352,1009.73088407795,1708.50112737494,1464.00548910075,922.499256596316,1122.19853316163,"MBD3"
"ENSG00000164068",146.598415957781,-0.202829677106425,0.209642270863053,-0.967503720845122,0.333292282084903,0.789794548041096,136.359234995243,194.856306710857,148.564666960912,156.657046906385,176.253791660124,147.694861628992,130.080055175711,108.33832368591,132.381249251675,134.798622601997,"RNF123"
"ENSG00000172465",119.957773017165,0.318727708148873,0.329433298993813,0.967503009326509,0.333292637603957,0.789794548041096,97.6757640746064,110.418573802819,148.564666960912,61.5761802869029,106.027671545543,82.0527009049957,131.826096184781,134.224471823251,111.533808424639,215.677796163196,"TCEAL1"
"ENSG00000123737",133.001913051575,-0.345262515128876,0.356875938130299,-0.967458094646934,0.333315080273086,0.789794548041096,88.9719831174633,96.1291113106894,170.024007744155,254.454509714996,74.3570683566149,170.862683060991,95.1592349943119,102.585846322056,155.313434161414,122.16125173306,"EXOSC9"
"ENSG00000152104",1717.38216300523,-0.238233945764837,0.246248415316799,-0.967453721309631,0.333317265565359,0.789794548041096,1451.59724629687,2937.13406315498,1394.85715091078,1777.5594397528,1962.20041496623,1633.33141095592,1323.49908487502,1384.42955223411,1603.16819959902,1706.04506730653,"PTPN14"
"ENSG00000171492",242.160230999828,0.247158519644046,0.255523280699948,0.967264192002433,0.333411979453139,0.789794548041096,243.705866800008,240.322778276723,186.531192962034,201.028117995477,196.908532870295,349.447973265982,177.223162420599,286.665121965372,332.516681191215,207.252882250571,"LRRC8D"
"ENSG00000123144",1396.28651057288,0.273327251261793,0.282621358996043,0.967114630800497,0.333486732252042,0.789794548041096,1466.10354789211,1343.20947426017,1332.95520634374,822.223113242762,1331.54231668234,1023.24544657995,2038.50287808916,2211.82754640172,1088.23641117125,1305.01916506559,"TRIR"
"ENSG00000159263",9.29404934482995,0.657352441824522,0.679932257869699,0.966791079870336,0.333648484571203,0.789794548041096,8.70378095714315,2.59808408947809,2.47607778268187,13.5829809456403,15.1468102207919,6.75728125099965,12.2222870634896,18.2161783188698,3.12711612405531,10.1098966951498,"SIM2"
"ENSG00000253953",8.74517497078911,-0.593470270993035,0.613887947053304,-0.966740386159601,0.333673832385629,0.789794548041096,10.637954503175,15.5885045368685,9.90431113072746,8.1497885673842,1.37698274734472,6.75728125099965,3.49208201813988,14.3811934096341,10.4237204135177,6.73993113009986,"PCDHGB4"
"ENSG00000141258",420.275243471436,-0.276712260381675,0.28625526284765,-0.966662613043194,0.333712722830086,0.789794548041096,364.591713426996,450.767589524449,293.002537617354,768.796721523243,508.106633770202,351.378625051982,398.097350067947,426.642071152477,304.372636074717,336.996556504993,"SGSM2"
"ENSG00000187566",16.5710877004817,0.413300790538238,0.42768674264069,0.966363343381589,0.333862399887681,0.789794548041096,20.308822233334,15.5885045368685,10.7296703916214,9.05532063042689,16.5237929681366,23.1678214319988,13.0953075680246,18.2161783188698,14.5932085789248,24.432250346612,"NHLRC1"
"ENSG00000124155",271.806649065231,0.346684193623748,0.358801673107254,0.966227918118198,0.333930145856067,0.789794548041096,212.759090063499,141.595582876556,160.119696613427,420.166877251808,224.448187817189,228.782236640988,430.399108735741,423.765832470551,202.220176022243,273.809702160307,"PIGT"
"ENSG00000059691",81.7229891777545,-0.256342322275378,0.265307517290429,-0.966208288756339,0.333939966104639,0.789794548041096,104.445371485718,94.8300692659503,109.772781698896,53.4263917195186,72.9800856092701,62.7461830449967,72.4607018764026,70.9472208208614,85.4745073908451,90.1465788650857,"GATB"
"ENSG00000077380",412.663778473239,0.231647235280747,0.239757254579044,0.966174040020038,0.333957100633033,0.789794548041096,273.685556763501,355.937520258499,452.296874969887,412.922620747466,338.737755846801,374.546446483981,453.09764185365,402.673415469754,414.864072458004,647.87587988085,"DYNC1I2"
"ENSG00000131469",8049.12547477374,0.272742602117273,0.282293872563802,0.966165505613765,0.333961370456238,0.789794548041096,6343.12214421132,6319.83954765546,7654.38178553054,8304.6345501645,9850.93457450412,6332.53785807967,12242.3665350939,11249.9282312431,7671.85822434902,4521.65129690575,"RPL27"
"ENSG00000131100",512.727164305015,0.336425797575276,0.348302683648447,0.965900675961606,0.334093884082276,0.789794548041096,470.971258458746,540.401490611443,553.816064059844,207.366842436776,408.963875961382,417.020785775978,494.129605566794,428.559563607095,568.092762536714,1037.94939403538,"ATP6V1E1"
"ENSG00000105655",24.575703226006,-0.501211868093468,0.519053959682563,-0.965625748043599,0.33423148647348,0.789794548041096,19.3417354603181,16.8875465816076,13.2057481743033,69.725968854287,20.6547412101708,10.6185848229995,26.1906151360491,23.0099094554145,20.8474408270354,25.2747417378745,"ISYNA1"
"ENSG00000135392",89.6008936885061,-0.24687032981511,0.255688519386514,-0.965511984689177,0.334288436119937,0.789794548041096,88.9719831174633,136.3994146976,103.995266872638,67.009372665159,95.0118095667857,94.6019375139951,66.3495583446578,84.3696680031865,75.0507869773274,84.2491391262483,"DNAJC14"
"ENSG00000136928",499.683139375162,0.432792605143246,0.448256797692989,0.965501487920917,0.334293691090715,0.789794548041096,499.983861649223,277.994997574156,742.82333480456,130.396617078147,614.134305315745,528.033263470973,360.557468372943,338.437418240055,1084.06692300584,420.403204239979,"GABBR2"
"ENSG00000139921",141.374564657895,-0.29310241418366,0.303585545779244,-0.96546893703824,0.334309987296152,0.789794548041096,166.338924958736,123.408994250209,99.8684705681686,246.304721147611,82.6189648406832,137.076276805993,127.460993662106,177.368052052154,130.296505168971,123.003743124323,"TMX1"
"ENSG00000119669",279.937277817244,-0.372615148680692,0.385951579210935,-0.965445327215635,0.334321807588534,0.789794548041096,288.19185835874,635.231559877393,245.957059746399,128.585552952062,304.313187163183,190.16920092099,310.79529961445,295.293838011153,161.567666409524,239.267555118545,"IRF2BPL"
"ENSG00000204792",32.1509482327117,-0.566375080628935,0.586720137105635,-0.965324086919764,0.334382510965095,0.789794548041096,27.0784296444454,44.1674295211276,33.0143704357582,55.237455845604,34.424568683618,43.4396651849978,0.873020504534971,25.8861481373413,31.2711612405531,26.117233129137,"LINC01291"
"ENSG00000122482",233.638660456532,-0.220266194970638,0.228184679502003,-0.965297913301425,0.334395616674317,0.789794548041096,277.553903855565,322.162427095283,231.925952311201,191.067265302007,174.876808912779,231.678214319988,192.937531502229,198.46046905295,294.991287702551,220.732744510771,"ZNF644"
"ENSG00000116199",1152.59777211531,0.189799655565415,0.19662701188417,0.965277627659943,0.334405774371153,0.789794548041096,872.312269260347,1189.92251298097,1095.25173920628,1094.78826421861,1090.57033589702,1324.42712519593,863.417278985086,1514.81903914812,1270.65151840781,1209.81763785293,"FAM20B"
"ENSG00000102178",492.173722347669,0.197603435942559,0.204755436474537,0.965070521910819,0.334509490504273,0.789899623735037,524.161030974621,489.73885086662,497.691634319055,297.920048741045,537.023271464441,578.23020990697,543.018753820752,482.249352336396,542.03346150292,429.670609543866,"UBL4A"
"ENSG00000120784",72.481341880615,-0.253737778537851,0.262981827138387,-0.964849097364925,0.334620400254654,0.789986913529469,74.4656815222247,79.2415647290818,85.0120038720774,82.4034177368847,52.3253443990994,56.954227686997,68.9686198582627,54.6485349566095,104.237204135177,66.5568199097362,"ZFP30"
"ENSG00000242802",148.266773624443,-0.285111401012782,0.295525658361671,-0.964760226213104,0.33466492175463,0.789986913529469,118.951673080956,181.865886263466,134.533559525715,230.005144012843,123.928447261025,110.047151801994,138.81026022106,132.306979368633,94.855855763011,217.362778945721,"AP5Z1"
"ENSG00000178234",507.891457986469,0.227889011999771,0.236305024973515,0.964384959758317,0.334852959896235,0.790179511274756,479.675039415889,381.918361153279,396.997804489992,583.162648599492,634.789046525916,409.298178631979,505.478872125748,622.226301523501,384.635283258803,680.733044140086,"GALNT11"
"ENSG00000164300",10.1690773740829,-0.702655493062363,0.728622942839443,-0.964360922158332,0.334865006952457,0.790179511274756,9.67086773015905,16.8875465816076,7.4282333480456,19.0161733238965,5.50793098937888,16.4105401809991,0,4.79373113654469,13.550836537573,8.42491391262483,"SERINC5"
"ENSG00000008838",183.093875631566,-0.193393555831132,0.200574113564746,-0.964199977723966,0.334945675554661,0.790187539754048,163.437664639688,192.258222621379,187.356552222928,249.021317336739,151.468102207919,213.337022352989,171.112018888854,162.986858642519,182.41510723656,157.545890166084,"MED24"
"ENSG00000170275",2284.89736598895,0.227257288291142,0.235715288004044,0.964117729551949,0.334986904833875,0.790187539754048,1878.08251319689,2068.07493522456,2032.85985958181,2310.91782488494,3370.85376549987,1862.1136475969,2413.9016950392,3185.9137133476,1765.7782380499,1960.4774674678,"CRTAP"
"ENSG00000151632",152.552536977056,0.473541814618078,0.49133007808331,0.963795696093706,0.335148364896637,0.790241608705909,205.022395879372,119.511868115992,146.08858917823,24.4493657021526,137.698274734472,106.185848229994,168.492957375249,85.3284142304955,216.813384601168,315.934271723431,"AKR1C2"
"ENSG00000091986",10731.5377224916,0.376721370847402,0.390993889887845,0.963496823327502,0.335298257572221,0.790241608705909,6871.15152227801,4890.89329844251,5386.29453659395,19258.8559167919,14879.675567807,9720.8317425095,15291.8271574346,14525.9640899577,7336.21442703375,9153.66896606688,"CCDC80"
"ENSG00000178093",26.1745428889228,0.376668145401172,0.391020676812514,0.963294699583819,0.335399652498476,0.790241608705909,20.308822233334,32.4760511184761,25.5861370877126,10.8663847565123,35.8015514309627,24.1331473249987,37.5398816950038,31.638625501195,19.8050687856836,23.5897589553495,"TSSK6"
"ENSG00000146433",348.869242818363,-0.3758851973685,0.39026653210032,-0.963149966628133,0.335472269594411,0.790241608705909,350.085411831758,168.875465816076,278.146070921263,820.412049116676,256.118791006118,371.650468804981,208.651900583858,372.952282423177,406.52509612719,255.274891552532,"TMEM181"
"ENSG00000175087",52.274361837918,-0.279894395119907,0.290671675634862,-0.962922839002406,0.335586247107803,0.790241608705909,76.3998550682565,41.5693454316495,62.7273038279406,52.520859656476,45.4404306623758,66.6074866169966,41.0319637131436,37.3911028650486,55.2457181916438,43.8095523456491,"PDIK1L"
"ENSG00000130779",1273.41066885977,0.131225415519596,0.136279690131952,0.962912488225783,0.335591441943447,0.790241608705909,1175.01042921433,1295.14491860483,1190.16805420908,1158.1755086316,1488.51834987964,1189.28150017594,1279.84805964827,1229.11266341006,1265.43965820105,1463.40754662293,"CLIP1"
"ENSG00000177989",17.5154716886347,0.621850400406112,0.645812410474044,0.962896330762143,0.335599551135862,0.790241608705909,10.637954503175,15.5885045368685,11.5550296525154,15.3940450717257,15.1468102207919,6.75728125099965,34.9208201813988,46.019818910829,3.12711612405531,16.0073364339872,"ODF3B"
"ENSG00000163468",1182.51370428359,-0.129440222895986,0.134440545217036,-0.96280644121922,0.335644667673491,0.790241608705909,1128.59026410956,1339.31234812596,1374.22316938844,1144.59252768596,1163.55042150629,1129.43129480994,1111.35510227302,1205.14400772734,1193.51598734778,1035.42191986159,"CCT3"
"ENSG00000176293",59.1424978901657,-0.248150314511818,0.257739127550962,-0.962796440221333,0.335649687524315,0.790241608705909,58.0252063809543,71.4473124606475,80.8852075676076,50.7097955303906,64.7181891252018,42.4743392919978,57.6193532993081,63.2772510023899,50.0338579848849,52.234466258274,"ZNF135"
"ENSG00000087995",153.730068301825,0.194242969283509,0.201753712363442,0.962772714355793,0.335661596559869,0.790241608705909,135.392148222227,140.296540831817,166.722570700579,123.152360573806,163.860946934022,193.06517859999,144.921403752805,188.873006779861,138.635481499785,142.38104512336,"METTL2A"
"ENSG00000130309",504.417840331138,-0.28442331694337,0.295482068963097,-0.96257386426684,0.335761418693166,0.790337105737867,526.095204520653,520.915859940357,437.440408273796,775.135445964542,549.416116190543,435.361977742977,520.320220702843,512.929231610282,561.838530288604,204.725408076783,"COLGALT1"
"ENSG00000156973",225.314048910437,0.267951499865747,0.278437372952546,0.962340281494518,0.335878700933246,0.790473660551739,193.417354603181,210.444811247725,301.256130226294,97.7974628086104,225.825170564534,237.470169677988,265.398233378631,255.026496464178,227.237105014686,239.267555118545,"PDE6D"
"ENSG00000085224",436.083166138226,0.246536461091714,0.256258858515424,0.962060248453324,0.336019340671472,0.790665128181972,398.439750482553,326.059553229501,363.15807479334,481.743057538711,319.459997383975,327.245477726983,597.14602510192,485.125591018323,422.160676747467,640.293457359487,"ATRX"
"ENSG00000025708",71.9791541208547,-0.405183524831067,0.421362595076438,-0.961602974648387,0.336249076704932,0.79088637336931,91.873243436511,96.1291113106894,78.4091297849257,71.5370329803724,60.5872408831677,50.1969464359974,136.191198707455,73.8234595027882,23.9745569510907,37.0696212155493,"TYMP"
"ENSG00000066557",72.1343465171889,-0.336112522900777,0.349559096573434,-0.961532759969721,0.336284361765204,0.79088637336931,85.1036360253997,62.3540181474742,112.248859481578,69.725968854287,46.8174134097205,86.8793303699955,30.555717658724,55.6072811839184,84.4321353494933,87.6191046912982,"LRRC40"
"ENSG00000267530",6.19953908933198,0.807087398357925,0.839490882107966,0.961401029551773,0.336350566825427,0.79088637336931,4.83543386507953,6.49521022369523,2.47607778268187,3.62212825217076,5.50793098937888,2.89597767899985,13.0953075680246,9.58746227308938,0,13.4798622601997,"LINC01836"
"ENSG00000198736",216.516489138087,0.309867954093862,0.322434493897908,0.961026068730644,0.336539060499477,0.79091330217074,176.009792688895,298.779670289981,204.689096701701,78.7812894847139,234.087067048602,286.701790220985,235.715536224442,232.975333236072,248.084545841721,169.340769643759,"MSRB1"
"ENSG00000186567",107.541278297534,-0.60909000516432,0.633832050139534,-0.960964351724139,0.336570092292968,0.79091330217074,67.6960741111134,36.3731772526933,49.5215556536373,388.473255045314,70.2261201145807,77.226071439996,163.25483434804,147.646919005576,39.6101375713672,35.3846384330243,"CEACAM19"
"ENSG00000156345",35.2935849570672,-0.300178607318698,0.31237711235425,-0.960949427620939,0.336577596525101,0.79091330217074,41.5847312396839,35.0741352079542,30.5382926530763,51.6153275934333,35.8015514309627,24.1331473249987,27.9366561451191,26.8448943646503,40.652509612719,38.7546039980742,"CDK20"
"ENSG00000090776",81.5271582885337,0.332742022372042,0.34627932460734,0.960906409152066,0.336599227946399,0.79091330217074,106.37954503175,61.0549761027352,48.6961963927434,66.1038406021163,95.0118095667857,55.9889017939971,116.984747607686,134.224471823251,58.3728343156991,72.4542596485736,"EFNB1"
"ENSG00000119777",385.936391341292,-0.279355789988487,0.290770667843023,-0.960742677591199,0.336681566957677,0.790967422672985,344.282891193662,329.956679363718,300.4307709654,750.686080262389,399.324996729969,391.92231255798,417.303801167716,344.189895603909,311.669240364179,269.597245203995,"TMEM214"
"ENSG00000011007",672.150542037644,0.175194588994762,0.182399435225721,0.960499624233797,0.336803820016171,0.791055672822122,600.560886042877,594.961256490483,557.11750110342,742.536291695005,651.312839494052,891.961125131954,601.511127624595,610.721346795793,772.397682641661,698.425363356598,"ELOA"
"ENSG00000067334",175.549448745853,0.284473138238908,0.296192848444078,0.96043216348155,0.33683775706357,0.791055672822122,174.075619142863,151.987919234468,201.387659658125,94.1753345564397,115.666550776956,188.23854913499,234.842515719907,148.605665232885,184.499851319263,262.014822682632,"DNTTIP2"
"ENSG00000228794",121.796029563847,0.208716973545703,0.217343036258656,0.960311299310794,0.336898564924693,0.791059183169124,95.7415905285746,145.492709010773,94.9163150028048,110.474911691208,137.698274734472,152.521491093992,130.080055175711,111.214562367837,130.296505168971,109.523880864123,"LINC01128"
"ENSG00000133740",18.5942745650501,-0.448618299091927,0.46728876030618,-0.96004513097636,0.337032501516106,0.791234372948479,18.3746486873022,9.09329431317332,18.157903739667,42.5600069630064,16.5237929681366,15.4452142879992,13.9683280725595,20.1336707734877,11.4660924548695,20.2197933902996,"E2F5"
"ENSG00000148154",804.988863576288,-0.328240710949935,0.341969795232318,-0.959852932996447,0.337129237317099,0.79126560265824,862.641401530188,635.231559877393,558.768219625208,1610.94154015294,665.0826669675,766.46875904196,889.607894121136,1077.63075949525,458.643698194779,524.872136756527,"UGCG"
"ENSG00000205730",583.242548355628,-0.222794629808897,0.232130220723741,-0.959782957661709,0.33716446126616,0.79126560265824,598.626712496845,717.071208695953,581.878278930238,654.699681579864,527.384392233028,751.023544753961,377.144857959108,418.013355106697,681.711315044057,524.872136756527,"ITPRIPL2"
"ENSG00000062598",204.404126388037,-0.266880161409729,0.278124484905348,-0.959570896825405,0.337271222186172,0.791328399421235,148.931363044449,193.557264666118,232.751311572095,334.141331262752,174.876808912779,194.03050449299,125.714952653036,173.533067142918,227.237105014686,239.267555118545,"ELMO2"
"ENSG00000143256",455.685724883931,0.317110915884814,0.330498033268871,0.959494108779866,0.337309886084556,0.791328399421235,495.148427784144,374.124108884845,548.86390849448,170.240027852026,388.309134751211,626.496504556967,578.812594506686,376.787267332413,640.016433389987,358.058841286555,"PFDN2"
"ENSG00000181544",17.3868890247195,-0.556200606448825,0.580215553047355,-0.958610301856954,0.337755100814182,0.791755268197165,13.5392148222227,35.0741352079542,20.6339815223489,17.2051091978111,5.50793098937888,24.1331473249987,5.23812302720983,8.62871604578044,31.2711612405531,12.6373708689372,"FANCB"
"ENSG00000248593",40.9891873641043,-0.295733222170002,0.308502996174753,-0.958607293403667,0.337756616956746,0.791755268197165,45.4530783317476,29.8779670289981,39.6172445229098,68.8204367912444,38.5555169256522,29.9251026829984,39.2859227040737,38.3498490923575,43.7796257367743,36.2271298242868,"DSTNP2"
"ENSG00000127955",213.293661106034,0.303923459021025,0.317063230779178,0.958557882205824,0.337781518889822,0.791755268197165,285.290598039692,189.660138531901,167.547929961473,105.947251375995,169.368877923401,177.619964311991,167.619936870714,270.366436101121,318.965844653642,280.549633290407,"GNAI1"
"ENSG00000261971",25.4835056818064,-0.514482432434288,0.536755855602869,-0.958503623321324,0.337808865287109,0.791755268197165,24.1771693253976,20.7846727158247,12.3803889134093,67.009372665159,16.5237929681366,18.341191966999,25.3175946315142,42.1848340015933,10.4237204135177,17.6923192165121,"MMP25-AS1"
"ENSG00000114268",219.42650186751,-0.218453723974304,0.227933449153189,-0.958410118330135,0.33785599500133,0.791755268197165,153.766796909529,302.676796424198,218.720204136898,284.337067795404,198.28551561764,193.06517859999,246.191782278862,197.501722825641,208.474408270354,191.245545816584,"PFKFB4"
"ENSG00000161328",13.0727654552027,0.500803321109116,0.522621089165648,0.958253180920496,0.337935106318051,0.791755268197165,10.637954503175,9.09329431317332,4.95215556536373,17.2051091978111,17.9007757154814,13.5145625019993,22.6985331179092,12.4637009550162,6.25423224811062,16.0073364339872,"LRRC56"
"ENSG00000106460",303.230974271034,0.254940872728148,0.26605729456853,0.958217940017734,0.337952872706289,0.791755268197165,340.414544101599,188.361096487162,223.672359702262,334.141331262752,269.888618479565,301.181678615984,231.350433701767,402.673415469754,299.160775867958,441.465489021541,"TMEM106B"
"ENSG00000187068",6.58773066556983,-0.964702115287829,1.0068922845535,-0.958098626920772,0.338013027798901,0.791755268197165,4.83543386507953,1.29904204473905,4.95215556536373,26.260429828238,0,13.5145625019993,1.74604100906994,1.91749245461788,2.08474408270354,9.26740530388731,"C3orf70"
"ENSG00000108439",113.583349924164,-0.399983688852647,0.417512739386011,-0.958015531312549,0.338054926876614,0.791755268197165,127.6554540381,232.528526008289,137.83499656929,34.4102183956222,96.3887923141304,123.561714303994,71.5876813718676,83.4109217758776,88.6016235149004,139.853570949572,"PNPO"
"ENSG00000099814",554.373502941902,-0.211325704507534,0.220600888505876,-0.957954910965399,0.338085495417474,0.791755268197165,536.733159023828,818.396488185599,521.62705288498,538.7915775104,678.852494440947,543.478477758972,568.336348452266,419.930847561315,417.99118858206,499.597395018652,"CEP170B"
"ENSG00000144535",60.7589946163103,-0.242083099867038,0.252767045513668,-0.957732046814416,0.338197892612242,0.791879440619641,66.7289873380975,68.8492283711694,55.299070479895,76.9702253586286,56.4562926411335,71.4341160819963,49.7621687584934,43.1435802289022,66.7118106465133,52.234466258274,"DIS3L2"
"ENSG00000135823",564.298054911376,0.210540389321583,0.219876642417458,0.957538677172681,0.338295434265851,0.791968791785791,592.82419185875,605.353592848395,525.753849189449,339.574523641008,619.642236305124,569.54227686997,448.732539330975,612.638839250411,603.533411942675,725.385087876998,"STX6"
"ENSG00000187720",136.530507935966,-0.544431928388669,0.568771665077669,-0.957206488678237,0.338463042627592,0.792197152389883,97.6757640746064,85.736774952777,33.0143704357582,456.388159773515,99.1427578088198,103.289870550995,58.4923738038431,189.83175300717,149.059201913303,92.6740530388731,"THSD4"
"ENSG00000134954",959.271845461785,-0.366936237970432,0.383433775396741,-0.956974219578755,0.338580267524464,0.792197152389883,1401.30873410005,730.061629143344,877.356894330274,1425.30746722919,830.320596648866,1370.76276805993,380.636939977247,452.528219289819,1360.29551396406,764.139691875072,"ETS1"
"ENSG00000153989",542.223584727751,-0.223816236650915,0.233936356093889,-0.956739860310927,0.338698573729375,0.792197152389883,608.297580227005,429.982916808624,571.973967799511,762.457997081944,425.487668929518,677.658776885965,419.922862681321,518.681708974135,598.321551735916,409.450816153567,"NUS1"
"ENSG00000167202",574.540429863449,-0.250069188077544,0.261387113130429,-0.956700523918952,0.338718433616582,0.792197152389883,591.857105085734,693.688451890651,472.105497231342,782.379702468883,823.435682912142,368.754491125981,541.272712811682,423.765832470551,461.770814318834,586.374008318688,"TBC1D2B"
"ENSG00000112029",99.8744401401572,-0.458796402238744,0.479588285121609,-0.956646391232027,0.338745764977462,0.792197152389883,109.280805350797,161.081213547642,167.547929961473,39.8434107738783,60.5872408831677,168.932031274991,59.365394308378,39.3085953196665,135.50836537573,57.2894146058489,"FBXO5"
"ENSG00000102466",133.471168054343,0.576496946992585,0.602778475543572,0.956399357944415,0.338870508989969,0.792197152389883,43.5189047857157,49.3635977000837,39.6172445229098,279.809407480191,52.3253443990994,108.116500015994,168.492957375249,318.303747466567,72.9660428946239,202.197933902996,"FGF14"
"ENSG00000163661",1798.61345955445,0.403571168582196,0.422004079011217,0.956320539668216,0.338910315934108,0.792197152389883,1346.18478803814,1680.96040589233,1093.60102068449,1907.0505247679,1242.03843810494,1324.42712519593,4002.79901329284,3314.385707807,832.855261040064,1241.8323107209,"PTX3"
"ENSG00000171067",671.08644064162,0.213978632697522,0.223756913372259,0.95629953717466,0.338920923689496,0.792197152389883,620.869708276211,561.186163327268,519.976334363192,747.063952010218,702.261201145807,610.085964375968,951.592349943119,748.780803528281,771.35531060031,477.692618845828,"C11orf24"
"ENSG00000122644",156.711723431695,0.275647422650562,0.288247774729289,0.956286385591143,0.338927566284522,0.792197152389883,146.030102725402,135.100372652861,168.373289222367,107.75831550208,88.1268958300621,239.400821463988,193.810552006764,158.193127505975,136.550737417082,193.773019990371,"ARL4A"
"ENSG00000141854",10.0323879042539,0.638556437367837,0.668073045392195,0.955818292284146,0.339164045012591,0.792610702777929,12.5721280492068,9.09329431317332,2.47607778268187,6.33872444129882,6.8849137367236,5.7919553579997,20.9524921088393,21.0924170007966,4.16948816540708,10.9523880864123,"MISP3"
"ENSG00000115738",2009.27859291562,0.289883639247373,0.303361304925352,0.955572231991501,0.339288396051889,0.792610702777929,1478.67567594132,2210.96956014586,2207.01066363044,1194.39679115331,2172.87877530997,1661.32586185291,2753.5066713033,2881.03241306336,1083.02455096449,2449.9649657913,"ID2"
"ENSG00000234171",76.5331258689997,0.29462548888303,0.308337269347561,0.955529928336119,0.339309777918579,0.792610702777929,97.6757640746064,67.5501863264304,59.4258667843648,45.2766031521344,70.2261201145807,56.954227686997,108.254542562336,67.1122359116257,109.449064341936,83.4066477349858,"RNASEH1-AS1"
"ENSG00000128805",383.490531856374,0.340131944637081,0.355985489028188,0.955465756667817,0.3393422143557,0.792610702777929,433.254874311126,276.695955529417,403.600678577144,209.177906562861,403.455944972003,719.167790284963,426.907026717601,170.656828460991,342.940401604732,449.047911542903,"ARHGAP22"
"ENSG00000105281",1949.80740815374,0.415311186303034,0.43476112713959,0.955262925725391,0.339444751074963,0.792711371929046,1083.13718577781,1709.53933087658,1989.11581875443,1716.88879152894,1199.35197293725,2818.75160755985,2873.98350092913,3617.34951563662,2005.5238075608,484.432549975928,"SLC1A5"
"ENSG00000100938",403.820474730034,0.229889968448857,0.240751201900827,0.954886067582565,0.339635316169045,0.792794354598961,347.18415151271,265.004577126765,347.476248836355,502.570294988692,534.269305969751,313.730915224984,498.494708089469,422.807086243242,349.194633852843,457.472825455528,"GMPR2"
"ENSG00000204435",202.025084300968,0.184553479307332,0.193282098400871,0.954840002432939,0.339658614544385,0.792794354598961,206.956569425404,163.67929763712,182.404396657564,193.783861491135,190.023619133571,194.03050449299,268.890315396771,237.769064372617,203.262548063595,179.450666338909,"CSNK2B"
"ENSG00000175155",220.206259901651,0.282540727719791,0.296025493964412,0.954447280658056,0.339857283085762,0.793119262382294,199.219875241277,239.023736231984,232.751311572095,108.663847565123,326.344911120699,231.678214319988,166.74691636618,223.387870962983,170.94901478169,303.296900854494,"YPEL2"
"ENSG00000067596",104.849612532375,-0.260157726428924,0.272617306368271,-0.954296445426266,0.339933606814428,0.793158592386989,87.0378095714315,124.708036294948,98.2177520463807,155.751514843343,96.3887923141304,103.289870550995,75.0797633900075,69.0297283662435,108.406692300584,130.586165645685,"DHX8"
"ENSG00000186918",1931.62352183398,0.25135102788239,0.263423485488419,0.954170913866525,0.339997135077118,0.793168058513822,1669.19177022545,2166.80213062473,1592.94337352533,1505.89982083999,2897.17170041329,1873.6975583129,2467.15594581583,2284.6922596772,1134.10078099073,1724.5798779143,"ZNF395"
"ENSG00000112110",625.76261413183,0.258984220879662,0.271573764789868,0.953642267617613,0.34026475271727,0.79365355141487,608.297580227005,598.8583826247,762.631957066014,268.943022723679,695.376287409083,785.775276901959,612.86039418355,576.206482612672,750.507869773274,598.168887796363,"MRPL18"
"ENSG00000108591",219.436058671303,-0.203065623389647,0.21306402565114,-0.95307325001986,0.340552958428173,0.794186886965648,213.726176836515,218.23906351616,194.784785570973,325.991542695368,212.055343091087,173.758660739991,240.080638747117,209.006677553348,183.457479277911,223.260218684558,"DRG2"
"ENSG00000167113",244.839459535318,-0.2238030460286,0.23487797403349,-0.95284816275148,0.340667007610545,0.7943139651227,256.277994849215,253.313198724114,264.114963486066,297.920048741045,245.10292902736,188.23854913499,323.017586677939,270.366436101121,164.69478253358,185.348106077746,"COQ4"
"ENSG00000198538",98.767693369473,-0.31892416356325,0.334838413612569,-0.952471850891837,0.340857735226566,0.794619754364046,95.7415905285746,163.67929763712,141.96179287376,47.9931993412625,66.0951718725465,112.943129480994,86.4290299489622,80.5346830939508,102.152460052473,90.1465788650857,"ZNF28"
"ENSG00000126804",264.63563972359,-0.222414265921481,0.233723411981059,-0.951613122691812,0.341293223841597,0.795495932606673,243.705866800008,233.827568053028,250.909215311762,428.316665819192,260.249739248152,253.880709858987,195.556593015834,284.747629510755,266.847242586053,228.315167032133,"ZBTB1"
"ENSG00000141076",334.043114597471,0.217013441179602,0.22811145293559,0.951348292191529,0.341427599712303,0.795630669162497,276.586817082549,292.284460066285,363.15807479334,285.242599858447,318.08301463663,510.657397396974,323.017586677939,254.067750236869,392.974259589617,324.359185636056,"UTP4"
"ENSG00000131844",130.673167892709,-0.268461743684637,0.2822434793643,-0.951170756147479,0.341517701045327,0.795630669162497,218.561610701595,110.418573802819,113.899578003366,139.451937708574,90.8808613247515,117.769758945994,98.6513170124517,114.090801049764,130.296505168971,172.710735208809,"MCCC2"
"ENSG00000203760",70.8759861901151,-0.560998978855567,0.590051168462569,-0.950763270780905,0.341724561521557,0.795717729587604,87.0378095714315,123.408994250209,120.502452090517,20.8272374499818,19.2777584628261,106.185848229994,52.3812302720983,16.2986858642519,119.872784755454,42.9670609543866,"CENPW"
"ENSG00000187790",14.375520493986,-0.487313153544368,0.51261794480505,-0.950636157947405,0.341789106919391,0.795717729587604,15.4733883682545,25.9808408947809,14.0311074351972,14.488513008683,5.50793098937888,14.4798883949993,6.98416403627977,7.6699698184715,23.9745569510907,15.1648450427247,"FANCM"
"ENSG00000178573",83.6213399249531,0.643263492761483,0.67678944357328,0.950463248015825,0.341876919704871,0.795717729587604,91.873243436511,42.8683874763885,87.4880816547592,28.0714939543234,28.9166376942391,27.0291250039986,230.477413197232,138.059456732487,11.4660924548695,149.963467644722,"MAF"
"ENSG00000087191",957.852388797088,0.183181782140315,0.192753985592884,0.95033978974221,0.341939627160948,0.795717729587604,1046.38788840321,846.975413169858,1010.2397353342,640.211168571181,885.399906542655,1093.71423676894,1201.27621424012,971.209928263954,967.321254374442,915.788142302319,"PSMC5"
"ENSG00000168077",300.014855161016,-0.347280314456294,0.365552429191703,-0.950015064115942,0.342104598321568,0.795717729587604,452.596609771444,455.963757703405,245.957059746399,221.855355445459,464.043185855171,137.076276805993,213.890023611068,183.120529416007,358.575982225009,267.069771030207,"SCARA3"
"ENSG00000130363",175.928330744247,0.257174491554295,0.270710598524584,0.949997868409794,0.342113335717653,0.795717729587604,203.08822233334,154.586003323946,146.08858917823,126.774488825976,139.075257481817,250.984732179987,123.095891139431,172.574320915609,197.008315815484,246.007486248645,"RSPH3"
"ENSG00000166206",15.8552539351147,-0.930006504613603,0.979077554642859,-0.949880323783793,0.34217306572689,0.795717729587604,3.86834709206362,46.7655136106057,33.0143704357582,4.52766031521344,49.5713789044099,0.96532589299995,2.61906151360491,6.71122359116257,2.08474408270354,8.42491391262483,"GABRB3"
"ENSG00000207652",22.2402551011428,-0.445016151401505,0.468636903365694,-0.949596901578711,0.342317113443127,0.795717729587604,29.0126031904772,15.5885045368685,28.8875741312884,31.6936222064941,22.0317239575155,17.3758660739991,14.8413485770945,6.71122359116257,38.5677655300155,17.6923192165121,"MIR621"
"ENSG00000143450",10.9789243018574,0.554578152776497,0.584047440905459,0.949542989036514,0.342344518573932,0.795717729587604,4.83543386507953,11.6913784026514,13.2057481743033,4.52766031521344,15.1468102207919,8.68793303699955,9.60322554988468,24.9274019100324,10.4237204135177,6.73993113009986,"OAZ3"
"ENSG00000116830",51.4891629970259,-0.319853727343511,0.336859649397475,-0.949516298302924,0.342358086679014,0.795717729587604,37.7163841476203,75.3444385948647,46.2201186100615,75.1591612325432,37.1785341783074,62.7461830449967,28.809676649654,40.2673415469754,58.3728343156991,53.0769576495364,"TTF2"
"ENSG00000126882",13.5953465618319,0.419665694338146,0.441999622237841,0.949470708172512,0.342381262996186,0.795717729587604,10.637954503175,9.09329431317332,9.07895186983351,16.2995771347684,16.5237929681366,15.4452142879992,14.8413485770945,11.5049547277073,11.4660924548695,21.0622847815621,"FAM78A"
"ENSG00000119698",7.57231811019798,0.95650760378707,1.00741436273621,0.949467904337924,0.342382688393571,0.795717729587604,7.73669418412724,5.19616817895618,6.60287408715164,0,0,10.6185848229995,11.3492665589546,9.58746227308938,1.04237204135177,23.5897589553495,"PPP4R4"
"ENSG00000159784",43.2811789007566,0.402764716398879,0.424238017395684,0.949383836157295,0.342425428256789,0.795717729587604,42.5518180126998,38.9712613421714,35.4904482184401,28.0714939543234,70.2261201145807,19.306517859999,44.5240457312835,58.4835198658452,21.8898128683872,73.296751039836,"FAM131B"
"ENSG00000148516",1085.98809100401,0.215696890293152,0.227214075234559,0.949311305078625,0.342462305453464,0.795717729587604,1084.10427255083,1260.07078339687,764.282675587802,853.011203386213,1459.6017121854,821.492334942957,1168.10143506779,1364.29588146062,1004.84664786311,1080.0739635985,"ZEB1"
"ENSG00000122035",14.2196872992871,0.625872387818888,0.659546417253899,0.948943654981529,0.342649269965355,0.795750216770514,14.5063015952386,16.8875465816076,6.60287408715164,5.43319237825613,13.7698274734472,7.7226071439996,19.2064510997694,23.9686556827235,2.08474408270354,32.0146728679744,"RASL11A"
"ENSG00000114993",54.9558036441131,-0.288848062766913,0.304402616422843,-0.948901379893782,0.342670772689805,0.795750216770514,72.5315079761929,50.6626397448228,48.6961963927434,74.2536291695005,68.849137367236,38.613035719998,47.1431072448884,48.8960575927558,33.3559053232566,66.5568199097362,"RTKN"
"ENSG00000166938",288.321454162917,0.22052784071067,0.232428679809028,0.948797888848585,0.34272341582909,0.795750216770514,267.883036125406,270.200745305722,206.339815223489,304.258773182344,426.864651676863,313.730915224984,240.080638747117,327.891209739657,220.982872766575,304.981883637019,"DIS3L"
"ENSG00000125977",2778.3674675658,0.255884721430651,0.269722211862976,0.948697252863422,0.342774611632796,0.795750216770514,3115.95358265725,2048.58930455348,3368.29114370823,1420.77980691398,2935.72721733894,2966.44646918885,3495.57410015802,2793.78650637825,3561.785265299,2076.74127946202,"EIF2S2"
"ENSG00000164674",45.8563492518987,-0.473643884897939,0.499438306366129,-0.948353137636021,0.342949707771747,0.7958421465642,51.255598969843,37.6722192974323,106.47134465532,24.4493657021526,34.424568683618,41.5090133989979,20.9524921088393,30.679879273886,87.5592514735486,23.5897589553495,"SYTL3"
"ENSG00000111203",107.519970737911,-0.27273910829515,0.287642353063336,-0.948188281004278,0.343033612014035,0.7958421465642,82.202375706352,94.8300692659503,104.820626133532,197.405989743306,100.519740556165,92.6712857279952,119.603809121291,81.4934293212597,93.8134837216593,107.838898081598,"ITFG2"
"ENSG00000035664",155.70894772109,-0.244302302768337,0.25765825040138,-0.948164098715112,0.343045920760649,0.7958421465642,122.82002017302,129.904204473905,180.753678135776,252.64344558891,162.483964186677,131.284321447993,150.159526780015,156.275635051357,111.533808424639,159.230872948609,"DAPK2"
"ENSG00000189164",37.7280803398262,-0.275016225196112,0.290103826906562,-0.947992407162181,0.343133319602409,0.7958421465642,35.7822106015885,38.9712613421714,43.7440408273796,49.8042634673479,34.424568683618,45.3703169709976,39.2859227040737,24.9274019100324,31.2711612405531,33.6996556504993,"ZNF527"
"ENSG00000253661",16.8143509781223,0.524875546292584,0.5537038344715,0.947935545350825,0.34316226799733,0.7958421465642,9.67086773015905,15.5885045368685,17.3325444787731,10.8663847565123,13.7698274734472,4.82662946499975,39.2859227040737,26.8448943646503,15.6355806202765,14.3223536514622,"ZFHX4-AS1"
"ENSG00000229320",50.055355361228,0.273206151852778,0.288238988041007,0.947845930592532,0.343207894111933,0.7958421465642,38.6834709206362,46.7655136106057,51.1722741754252,41.6544748999637,39.9324996729969,83.0180267979957,48.8891482539584,49.8548038200648,50.0338579848849,50.549483475749,"KRT8P12"
"ENSG00000152939",17.6696830699577,0.664666579410465,0.701309850151036,0.947750240877581,0.343256617485381,0.7958421465642,17.4075619142863,1.29904204473905,20.6339815223489,12.6774488825976,4.13094824203416,13.5145625019993,27.0636356405841,49.8548038200648,20.8474408270354,9.26740530388731,"MARVELD2"
"ENSG00000165516",599.043343329614,0.172548811445656,0.182141215119038,0.947335348196106,0.3434679240223,0.796018925834513,655.684832104784,483.243640642925,583.528997452026,503.475827051735,647.181891252018,673.797473313965,632.066845283319,663.452389297785,459.68607023613,688.315466661449,"KLHDC2"
"ENSG00000164403",49.6965674747418,-0.345202971832006,0.364413861771556,-0.947282768426649,0.343494709044444,0.796018925834513,43.5189047857157,48.0645556553447,38.7918852620159,97.7974628086104,28.9166376942391,35.7170580409981,56.7463327947731,64.2359972296989,42.7372536954226,40.4395867805992,"SHROOM1"
"ENSG00000105953",256.923319837498,0.271309337313267,0.286455905120043,0.947124260536961,0.343575463712374,0.796018925834513,174.075619142863,316.966258916327,264.114963486066,160.279175158556,258.872756500807,248.088754500987,245.318761774327,244.480287963779,214.728640518465,442.307980412804,"OGDH"
"ENSG00000174306",1185.24250000676,0.208760819160686,0.220429662071668,0.947063191036475,0.343606579892726,0.796018925834513,1087.00553286988,1378.28360946813,1067.18952433588,804.112471981908,1604.1849006566,1252.99300911393,1123.57738933651,1098.72317649604,952.728045795517,1483.62734001323,"ZHX3"
"ENSG00000134480",160.279703356474,0.20660914700186,0.218217732089843,0.946802741570044,0.34373930451616,0.796139423659301,179.878139780958,131.203246518644,160.119696613427,115.002572006422,183.138705396848,209.475718780989,166.74691636618,132.306979368633,169.906642740338,155.018415992297,"CCNH"
"ENSG00000170852",432.048776757611,-0.192947992592052,0.20385041545034,-0.946517534270398,0.343884683239384,0.796139423659301,403.275184347633,416.992496361234,503.469149145313,544.224769888656,377.293272772453,498.108160787974,347.462160804919,310.633777648096,482.618255145869,436.410540673966,"KBTBD2"
"ENSG00000141556",168.88858622376,-0.247013902160161,0.261001132474919,-0.946409311782959,0.343939857763037,0.796139423659301,178.911053007943,262.406493037287,145.263229917336,160.279175158556,199.662498364984,123.561714303994,155.397649807225,119.843278413617,139.677853541137,203.882916685521,"TBCD"
"ENSG00000162458",821.382138613731,0.184002913894479,0.194429062467758,0.946375565252709,0.343957063741838,0.796139423659301,767.866897774629,606.652634893134,792.344890458197,869.310780520981,849.598355111692,909.336991205953,845.083848389852,661.534896843167,1118.46520037045,793.626890569259,"FBLIM1"
"ENSG00000169592",253.196743503566,-0.158578156290931,0.167617294676375,-0.946072758166771,0.344111477306463,0.796358627943137,258.212168395247,284.490207797851,236.878107876565,300.636644930173,258.872756500807,252.915383965987,263.652192369561,235.851571917999,240.787941552259,199.670459729208,"INO80E"
"ENSG00000088038",249.70729103383,-0.266783630201056,0.282103188631161,-0.945695195774144,0.34430407359547,0.796527914925027,248.541300665088,361.133688437455,243.480981963717,258.076637967166,363.523445299006,207.545066994989,267.144274387701,162.028112415211,148.016829871951,237.58257233602,"CNOT3"
"ENSG00000113734",95.3442233132799,-0.221838151586445,0.234710389243706,-0.945156932768343,0.344578762918238,0.796859572493679,103.478284712702,111.717615847558,103.169907611744,97.7974628086104,119.797499018991,103.289870550995,80.3178864172174,64.2359972296989,93.8134837216593,75.8242252136235,"BNIP1"
"ENSG00000146109",177.37485606415,0.219633104400884,0.232410449709374,0.945022500819274,0.344647388781353,0.796859572493679,185.680660419054,184.463970352945,177.4522410922,98.7029948716531,187.269653638882,194.03050449299,192.937531502229,149.564411460194,215.771012559816,187.875580251534,"ABT1"
"ENSG00000196214",123.292959463205,0.20529977208138,0.217246944415497,0.945006488508914,0.344655563450737,0.796859572493679,104.445371485718,110.418573802819,95.7416742636988,141.263001834659,132.190343745093,139.006928591993,163.25483434804,117.925785958999,107.364320259232,121.318760341798,"ZNF766"
"ENSG00000145592",10304.6191469769,0.337315901905258,0.356968428746311,0.944946036516246,0.344686426761343,0.796859572493679,6789.91623334467,7517.55631290486,9314.17925918828,11971.1338734243,12425.8923120388,7219.67235374663,16988.9790182505,17215.2472575593,8940.42499867413,4663.18985063784,"RPL37"
"ENSG00000143384",2030.9691510969,-0.277715945547281,0.293941102053107,-0.944801334714684,0.344760310339802,0.796892245927547,2394.50684998738,1914.78797394535,1800.10854800972,2968.33410265393,1304.00266173545,2910.45756739485,1143.65686094081,1492.76787592002,2298.43035118065,2082.63871920086,"MCL1"
"ENSG00000134291",522.589185582186,0.183267566831907,0.194075596164044,0.94431020929081,0.345011150364468,0.79730110697549,555.10780771113,504.02831335875,500.167712101737,374.890274099673,444.765427392344,660.282910811966,481.034297998769,637.566241160444,512.847044345071,555.201826841976,"TMEM106C"
"ENSG00000114353",3896.64179134341,0.210947065840206,0.223408587671675,0.944220936351008,0.345056758601074,0.79730110697549,4802.55291479699,3834.77211606966,3506.95149953842,2097.21225800687,4466.93203238627,4154.76264347178,4022.87848489715,3882.9222206012,4353.98801672634,3843.44572693945,"GNAI2"
"ENSG00000135074",162.343277299087,-0.917003470621772,0.971309286785556,-0.944090088602464,0.345123613745399,0.797317449596811,143.128842406354,31.1770090737371,71.8062556977741,658.321809832035,117.043533524301,142.868232163993,16.5873895861645,69.0297283662435,343.982773646084,29.4871986941869,"ADAM19"
"ENSG00000101346",496.132241792623,0.225255928621375,0.238674286907076,0.943779623437502,0.345282275379253,0.797466721818923,411.01187853176,378.021235019062,396.997804489992,615.761802869029,397.948013982624,640.976392951967,423.414944699461,691.256029889744,470.109790649648,535.824524842939,"POFUT1"
"ENSG00000111424",624.848764718709,-0.228544066562811,0.242171118174102,-0.943729658127546,0.345307814238905,0.797466721818923,563.811588668273,550.793826969355,647.081660540861,978.880160149147,464.043185855171,566.646299190971,675.717870510068,607.845108113867,443.008117574502,750.659829614872,"VDR"
"ENSG00000165661",70.18793129021,-0.492998609969383,0.522610093091253,-0.943339243705154,0.345507408939437,0.79762212200638,60.926466700002,38.9712613421714,28.8875741312884,210.988970688947,30.2936204415838,61.7808571519968,68.0955993537277,99.7096076401295,54.203346150292,48.0220093019615,"QSOX2"
"ENSG00000217094",7.38195570982149,0.749504382668471,0.794532352772912,0.943327707238989,0.345513307938073,0.79762212200638,2.90126031904772,0,14.0311074351972,3.62212825217076,5.50793098937888,3.8613035719998,11.3492665589546,15.339939636943,6.25423224811062,10.9523880864123,"PPIAP31"
"ENSG00000180817",775.04827134594,-0.216653234911959,0.229716943716486,-0.943131278898393,0.345613758470812,0.79762212200638,1102.47892123813,589.765088311527,831.136775720213,859.349927827512,651.312839494052,662.213562597966,548.256876847962,777.543190347549,771.35531060031,957.070220474181,"PPA1"
"ENSG00000232977",20.1125194737152,0.548026520984326,0.581195893931202,0.942929099649143,0.345717169368981,0.79762212200638,11.6050412761909,6.49521022369523,16.5071852178791,28.0714939543234,22.0317239575155,39.5783616129979,17.4604100906994,7.6699698184715,10.4237204135177,41.2820781718617,"LINC00327"
"ENSG00000145741",5515.9248854501,0.273282326430753,0.289840746182146,0.942870628200125,0.345747080095268,0.79762212200638,4641.04942370333,3938.69547964879,4579.91853870056,6449.19935299003,7877.71829755914,3956.87083540679,7521.94466707331,7960.46992534611,4585.39460990643,3647.98772416655,"BTF3"
"ENSG00000105325",315.261830608742,-0.259808679518561,0.275577376584613,-0.94277942093258,0.345793739929586,0.79762212200638,337.513283782551,513.121607671923,373.062385924068,176.578752293324,331.852842110077,253.880709858987,309.922279109915,242.562795509161,311.669240364179,302.454409463231,"FZR1"
"ENSG00000136542",376.415052825046,-0.285587905825486,0.30305898811253,-0.942350885562395,0.346013023863344,0.797856463650443,341.381630874615,411.796328182278,282.272867225733,651.983085390736,415.848789698105,240.366147356988,281.112602460261,355.694850331616,268.931986668757,514.762240061377,"GALNT5"
"ENSG00000159579",447.65309864512,-0.171520819391831,0.182076057018021,-0.942028414943404,0.346178092275406,0.797856463650443,471.938345231762,459.860883837622,502.643789884419,483.554121664796,532.892323222407,480.732294713975,394.605268049807,326.932463512348,445.092861657206,378.278634676855,"RSPRY1"
"ENSG00000150630",555.46735089418,0.272338111620074,0.289137517226614,0.941898215881222,0.346244753652446,0.797856463650443,420.682746261919,728.762587098605,581.878278930238,245.399189084569,575.578788390093,620.704549198968,621.590599228899,766.038235619841,500.338579848849,493.699955279815,"VEGFC"
"ENSG00000176407",1246.20134066918,0.174459723396258,0.185224988302986,0.94188006161934,0.346254049208294,0.797856463650443,1010.60567780162,1013.25279489646,1431.99831765101,1170.8529575142,1164.92740425363,1479.84459396892,1253.65744451222,1350.87343427829,1535.41401691116,1050.58676490432,"KCMF1"
"ENSG00000148429",211.182504028781,-0.195858574939523,0.20795581212159,-0.941827847663164,0.346280785290064,0.797856463650443,231.133738750801,245.51894645568,262.464244964278,174.767688167239,217.563274080466,211.406370566989,154.52462930269,179.285544506771,243.915057676314,191.245545816584,"USP6NL"
"ENSG00000186446",58.635160915667,0.292001201206755,0.310058079040163,0.94176291780783,0.346314034363972,0.797856463650443,53.1897725158748,64.9521022369523,56.9497890016829,31.6936222064941,74.3570683566149,78.1913973329959,55.8733122902382,64.2359972296989,69.8389267705686,37.0696212155493,"ZNF501"
"ENSG00000105011",111.636647617158,-0.678250541097712,0.720249351770187,-0.941688513055579,0.346352137812856,0.797856463650443,123.787106946036,218.23906351616,215.418767093322,19.0161733238965,24.785689452205,252.915383965987,40.1589432086087,15.339939636943,155.313434161414,51.3919748670115,"ASF1B"
"ENSG00000149506",13.6142613513207,0.77920502735833,0.827530068086574,0.941603281147255,0.34639578924206,0.797856463650443,8.70378095714315,15.5885045368685,6.60287408715164,7.24425650434151,37.1785341783074,6.75728125099965,30.555717658724,17.2574320915609,6.25423224811062,0,"ZP1"
"ENSG00000184983",680.388251534103,0.274670703748979,0.29189541470692,0.940990128347046,0.346709918035973,0.798354657604588,640.211443736529,563.784247416746,926.053090723018,287.053663984532,665.0826669675,754.884848325961,947.227247420444,697.967253480907,719.236708532721,602.381344752675,"NDUFA6"
"ENSG00000017427",39.6302936351765,-0.812547171935027,0.864113696720251,-0.940324375159259,0.347051200210212,0.798972925696184,2.90126031904772,29.8779670289981,9.90431113072746,171.145559915068,5.50793098937888,11.5839107159994,30.555717658724,81.4934293212597,36.4830214473119,16.8498278252497,"IGF1"
"ENSG00000173531",27.5978672214426,-0.707157155269915,0.752258039012735,-0.940045992991965,0.347193969422859,0.798972925696184,11.6050412761909,12.9904204473905,4.95215556536373,114.097039943379,24.785689452205,10.6185848229995,29.682697154189,43.1435802289022,11.4660924548695,12.6373708689372,"MST1"
"ENSG00000186416",36.052820321834,-0.295938121276082,0.314824575831596,-0.940009592625903,0.347212640233069,0.798972925696184,45.4530783317476,25.9808408947809,37.9665260011219,52.520859656476,30.2936204415838,28.9597767899985,33.1747791723289,25.8861481373413,36.4830214473119,43.8095523456491,"NKRF"
"ENSG00000257727",63.4983587487085,-0.40405738298718,0.429890022614949,-0.939908724862621,0.347264381591006,0.798972925696184,56.0910328349225,38.9712613421714,54.473711219001,147.601726275958,61.9642236305124,52.1275982219973,93.4131939852419,60.4010123204631,39.6101375713672,30.3296900854494,"CNPY2"
"ENSG00000185361",67.2369225357421,-0.337868713607662,0.359491800501751,-0.939850959426866,0.347294015289842,0.798972925696184,77.3669418412724,100.026237444907,98.2177520463807,31.6936222064941,85.3729303353726,48.2662946499975,45.3970662358185,46.019818910829,66.7118106465133,73.296751039836,"TNFAIP8L1"
"ENSG00000171634",387.00189397473,-0.205133999921423,0.218306723000137,-0.939659562941146,0.347392213284058,0.798972925696184,341.381630874615,530.009154253531,324.366189531324,487.176249916967,371.785341783074,292.493745578985,417.303801167716,302.963807829624,402.355607961783,400.183410849679,"BPTF"
"ENSG00000163877",66.0142186882326,-0.338669996161589,0.360510649381583,-0.939417453388799,0.347516455456219,0.798972925696184,37.7163841476203,81.8396488185599,65.2033816106225,117.71916819555,44.063447915031,46.3356428639976,48.0161277494234,75.7409519574061,54.203346150292,89.3040874738232,"SNIP1"
"ENSG00000136840",401.718091424527,0.234648855570049,0.249794384476023,0.93936801686818,0.34754182802768,0.798972925696184,336.546197009535,416.992496361234,440.741845317372,258.982170030209,411.717841456071,328.210803619983,553.494999875172,536.897887293005,429.457281036929,304.139392245756,"ST6GALNAC4"
"ENSG00000158941",297.034016383371,-0.188714752618089,0.200920794368116,-0.939249484910633,0.34760266762147,0.798972925696184,275.619730309533,303.975838468937,280.622148703945,421.977941377893,298.805256173804,293.459071471985,308.176238100845,215.717901144511,272.059102792812,299.926935289444,"CCAR2"
"ENSG00000116260",732.582052879139,0.382043532034342,0.40676859685645,0.939215895688147,0.347619909390644,0.798972925696184,597.65962572383,402.703033869104,378.839900750325,1100.22145659687,516.36853025427,465.287080425976,1414.29321734665,1063.24956608561,446.135233698557,941.062884040194,"QSOX1"
"ENSG00000115415",2247.32204588282,0.286380940028149,0.304974477958694,0.93903247886512,0.347714069141017,0.798972925696184,1717.54610887625,2118.73757496938,2086.50821153992,2021.14756471128,1430.68507449116,1943.2010226089,2760.49083533958,2528.21380141367,1553.13434161414,4313.55592326391,"STAT1"
"ENSG00000166197",274.220310717744,-0.249553630412165,0.265815251146076,-0.938823597728882,0.347821321127609,0.798972925696184,285.290598039692,224.734273739855,285.574304269308,416.544748999637,198.28551561764,358.135906302981,226.985331179092,176.409305824845,298.118403826606,272.124719377782,"NOLC1"
"ENSG00000104695",1444.4289526354,0.172910410389526,0.184190130449176,0.938760453493664,0.347853747270317,0.798972925696184,1429.35425051751,1317.22863336539,1665.574988484,955.336326510037,1415.53826427037,1672.90977256891,1444.84893500538,1393.05826827989,1579.19364264793,1571.24644470453,"PPP2CB"
"ENSG00000149806",2896.32879035979,0.238480845419798,0.254050280932769,0.93871514152314,0.347877017284077,0.798972925696184,2460.26875055246,2700.70841101248,2994.40339852327,2301.86250425452,3325.4133348375,2645.95827271286,4098.83126879169,4009.47672260598,2705.99781934919,1720.36742095799,"FAU"
"ENSG00000137033",22.5527555040385,-0.760378633813881,0.810212950854649,-0.938492322310819,0.347991460743848,0.798986213279963,1.93417354603181,71.4473124606475,42.0933223055917,4.52766031521344,8.26189648406832,32.8210803619983,3.49208201813988,23.0099094554145,17.7203247029801,20.2197933902996,"IL33"
"ENSG00000049246",147.616542503123,-0.400492130384278,0.42679834577495,-0.938363830012258,0.348057467294498,0.798986213279963,133.457974676195,315.667216871588,160.119696613427,82.4034177368847,134.944309239783,237.470169677988,55.8733122902382,89.1633991397312,122.999900879509,144.066027905885,"PER3"
"ENSG00000140299",679.52687792203,-0.226302224577876,0.241169354320974,-0.938353984547673,0.348062525242302,0.798986213279963,883.917310536538,752.145343903908,805.5506386325,536.074981321272,553.547064432577,707.583879568963,474.050133962489,482.249352336396,853.702701867099,746.44737265856,"BNIP2"
"ENSG00000137203",45.0513074775602,0.57271820170165,0.610490667876125,0.938127692752645,0.348178791862812,0.799115564803704,73.4985947492088,15.5885045368685,15.6818259569851,34.4102183956222,78.488016598649,45.3703169709976,82.9369479308223,67.1122359116257,6.25423224811062,31.1721814767119,"TFAP2A"
"ENSG00000176108",248.539447515119,0.300053645639605,0.31993677921901,0.937852929482064,0.348319995859214,0.799302096485604,261.113428714294,277.994997574156,250.909215311762,83.3089497999274,322.213962878664,296.355049150985,296.82697154189,215.717901144511,276.228590958219,204.725408076783,"CHMP6"
"ENSG00000156017",263.275408693708,-0.281344024886797,0.300069244990992,-0.937597003302496,0.348451551992885,0.799409518929801,404.242271120648,283.191165753112,318.588674705067,172.051091978111,238.218015290637,275.117879504986,155.397649807225,189.83175300717,362.745470390416,233.370115379708,"CARNMT1"
"ENSG00000198399",169.163027294355,-0.219492092101462,0.234185100955039,-0.93725899387426,0.348625350532443,0.799409518929801,210.824916517467,194.856306710857,174.976163309518,159.373643095513,128.059395503059,165.070727702991,144.04838324827,112.173308595146,208.474408270354,193.773019990371,"ITSN2"
"ENSG00000108509",575.567165768037,-0.197844053252201,0.211097617642644,-0.937215945217917,0.348647489352451,0.799409518929801,466.135824593666,714.473124606475,621.495523453148,690.920964101572,731.177838840046,571.47292865597,502.859810612143,467.868158926762,554.541925999141,434.725557891441,"CAMTA2"
"ENSG00000154027",569.862863127628,0.396572145150514,0.423145979676332,0.937199369007016,0.348656014310825,0.799409518929801,666.322786607959,335.152847542674,726.31614958668,187.445137049837,619.642236305124,1123.63933945194,392.859227040737,307.757538966169,803.668843882214,535.824524842939,"AK5"
"ENSG00000123342",67.4440643327453,-0.464855379768407,0.49605671133791,-0.937101281251997,0.348706462447838,0.799409518929801,50.2885121968271,37.6722192974323,33.8397296966522,201.028117995477,64.7181891252018,45.3703169709976,65.4765378401228,86.2871604578044,37.5253934886637,52.234466258274,"MMP19"
"ENSG00000261105",105.66139291439,-0.913274310952522,0.974940456465025,-0.936748808500476,0.348887783221969,0.799409518929801,125.721280492068,196.155348755596,209.641252267065,57.0485199716894,8.26189648406832,10.6185848229995,224.366269665488,60.4010123204631,9.38134837216593,155.018415992297,"LMO7-AS1"
"ENSG00000167110",789.596157240677,-0.289278407124706,0.308847168613263,-0.936639336612922,0.34894411047782,0.799409518929801,578.317890263511,628.736349653698,680.921390237513,1656.21814330508,811.04283818604,676.693450992965,818.893233253803,705.637223299378,557.669042123197,781.832011091584,"GOLGA2"
"ENSG00000090487",1033.78735711994,0.18411105946891,0.196621347515249,0.936373704053832,0.349080812072978,0.799409518929801,1028.01323971591,1030.14034147806,957.416742636988,808.640132297121,940.479216436444,893.891776917954,1476.27767316864,1203.22651527272,947.516185588759,1052.27174768684,"SPG21"
"ENSG00000156509",5.2485928231294,-1.00815929266779,1.07685753259661,-0.936204894473678,0.349167703654862,0.799409518929801,3.86834709206362,15.5885045368685,9.90431113072746,0.905532063042689,0,10.6185848229995,2.61906151360491,0,7.29660428946239,1.68498278252497,"FBXO43"
"ENSG00000122952",154.375675063327,-0.562234591399402,0.6005498200089,-0.936199750074139,0.349170351854184,0.799409518929801,164.404751412704,265.004577126765,262.464244964278,74.2536291695005,30.2936204415838,323.384174154983,62.8574763265179,41.2260877742843,231.406593180093,88.4615960825607,"ZWINT"
"ENSG00000162419",128.869568740319,-0.254343718520255,0.27169694011649,-0.936130228081352,0.349206141167905,0.799409518929801,108.313718577781,209.145769202986,142.787152134654,111.380443754251,119.797499018991,142.868232163993,116.111727103151,94.9158765035849,153.22869007871,90.1465788650857,"GMEB1"
"ENSG00000198948",171.262371316987,-0.401414098323921,0.428811840153926,-0.936107776734498,0.349217699422438,0.799409518929801,84.1365492523838,144.193666966034,172.500085526837,401.150703927911,75.7340511039596,210.441044673989,89.0480914625671,169.698082233682,176.160874988449,189.560563034059,"MFAP3L"
"ENSG00000183826",88.2611557730272,-0.33532107871309,0.358286170568174,-0.935902935302623,0.349323165758304,0.799409518929801,100.577024393654,155.885045368685,95.7416742636988,52.520859656476,44.063447915031,78.1913973329959,62.8574763265179,83.4109217758776,81.305019225438,128.058691471897,"BTBD9"
"ENSG00000100418",770.645661723341,0.155309803462844,0.16594753267666,0.935897032982446,0.349326204974892,0.799409518929801,753.36059617939,723.566418919649,729.617586630256,679.149047282017,753.209562797562,1004.90425461295,723.733998259491,766.99698184715,895.39758352117,676.520587183774,"DESI1"
"ENSG00000165733",177.82119116272,-0.216909333584505,0.231827865492915,-0.93564823677822,0.349454330127293,0.799409518929801,164.404751412704,181.865886263466,185.70583370114,244.493657021526,156.976033197298,177.619964311991,148.413485770945,124.637009550162,161.567666409524,232.527623988445,"BMS1"
"ENSG00000166831",18.4094791675181,0.598860360012303,0.64008341902554,0.935597364674756,0.349480531933367,0.799409518929801,17.4075619142863,15.5885045368685,7.4282333480456,16.2995771347684,5.50793098937888,13.5145625019993,18.3334305952344,39.3085953196665,5.21186020675885,45.4945351281741,"RBPMS2"
"ENSG00000105329",1055.67393261628,-0.185809522106549,0.198601022113671,-0.935591972936571,0.349483309034904,0.799409518929801,1063.7954503175,1321.12575949961,1319.74945816943,848.483543071,970.772836878027,959.53393764195,1057.22783099185,1096.80568404143,1160.16008202452,759.084743527497,"TGFB1"
"ENSG00000169217",483.221943774284,0.158732632041589,0.169683452263636,0.935463240074625,0.349549619127752,0.799409518929801,441.958655268269,480.645556553447,511.722741754252,372.173677910545,585.217667621506,433.431325956978,549.129897352497,482.249352336396,461.770814318834,513.919748670115,"CD2BP2"
"ENSG00000029153",312.543984137544,-0.394130677623559,0.421358196686089,-0.935381536952004,0.349591708419122,0.799409518929801,323.006982187312,587.167004222049,314.461878400597,235.438336391099,221.6942223225,400.610245594979,127.460993662106,121.760770868235,510.762300262367,283.077107464194,"ARNTL2"
"ENSG00000184992",86.3185351819623,0.372432668324243,0.398209392686686,0.935268416978992,0.349649987383103,0.799409518929801,69.6302476571452,61.0549761027352,79.2344890458197,83.3089497999274,56.4562926411335,173.758660739991,57.6193532993081,57.5247736385363,156.355806202765,68.2418026922611,"BRI3BP"
"ENSG00000163710",44.1727716481941,0.619075593680888,0.662018514068076,0.935133354317683,0.349719579209776,0.799409518929801,51.255598969843,37.6722192974323,39.6172445229098,5.43319237825613,12.3928447261025,16.4105401809991,21.8255126133743,111.214562367837,66.7118106465133,79.1941907786734,"PCOLCE2"
"ENSG00000204334",9.68859531257313,0.723188360697955,0.773356997958772,0.935128747275535,0.349721953170237,0.799409518929801,12.5721280492068,2.59808408947809,9.07895186983351,3.62212825217076,1.37698274734472,22.2024955389988,24.4445741269792,6.71122359116257,4.16948816540708,10.1098966951498,"ERICH2"
"ENSG00000134853",868.298248480474,-0.336038259603224,0.359532639062021,-0.93465299973852,0.349967155940652,0.799409518929801,863.608488303204,749.547259814429,592.60794932186,1762.16539468107,750.455597302872,679.589428671965,863.417278985086,1090.09446045026,353.36412201825,978.132505255743,"PDGFRA"
"ENSG00000101347",79.1095924909534,0.281130395644666,0.300851601068328,0.934448727034751,0.3500724726272,0.799409518929801,85.1036360253997,75.3444385948647,56.1244297407889,64.2927764760309,79.8649993459938,55.9889017939971,61.984455821983,102.585846322056,79.2202751427345,130.586165645685,"SAMHD1"
"ENSG00000164022",592.571073180539,0.33181892814752,0.355116671043813,0.934394116649572,0.350100631458265,0.799409518929801,573.482456398432,240.322778276723,778.313783023,459.104755962643,563.18594366399,449.841866137977,1089.52958965964,568.5365127942,419.033560623411,784.359485265372,"AIMP1"
"ENSG00000113312",283.30913572124,0.25448127037816,0.272353336875195,0.934379116841057,0.350108366082538,0.799409518929801,358.789192788901,254.612240768853,262.464244964278,140.357469771617,265.757670237531,264.499294681986,309.922279109915,248.315272873015,323.135332819049,405.238359197254,"TTC1"
"ENSG00000174928",18.3018471322367,0.440541566290385,0.471694396367676,0.933955479825103,0.350326858512814,0.799409518929801,13.5392148222227,10.3923363579124,8.25359260893955,28.0714939543234,13.7698274734472,18.341191966999,31.428738163259,23.0099094554145,21.8898128683872,14.3223536514622,"C3orf33"
"ENSG00000184408",116.355388666899,0.508782275599868,0.544770627058354,0.933938524452363,0.35033560511152,0.799409518929801,58.0252063809543,114.315699937036,109.772781698896,89.6476742412262,49.5713789044099,38.613035719998,154.52462930269,241.604049281852,43.7796257367743,263.699805465157,"KCND2"
"ENSG00000168685",329.346261463426,-0.497358461967224,0.532636649505226,-0.933766879220998,0.350424157820037,0.799409518929801,191.483181057149,224.734273739855,353.253763662613,826.750773557975,353.884566067593,595.606075980969,213.017003106533,344.189895603909,88.6016235149004,101.94145834276,"IL7R"
"ENSG00000142627",52.0137215469258,-0.466159713317841,0.499251250320417,-0.933717668245522,0.350449548648073,0.799409518929801,56.0910328349225,27.27988293952,39.6172445229098,125.868956762934,46.8174134097205,91.7059598349952,24.4445741269792,22.0511632281056,50.0338579848849,36.2271298242868,"EPHA2"
"ENSG00000068903",449.230521138699,0.214343948862574,0.229562718071119,0.93370539721598,0.350455880173536,0.799409518929801,431.320700765094,489.73885086662,406.076756359826,312.408561749728,633.412063778571,385.16503130698,601.511127624595,409.384639060917,391.931887548265,431.355592326391,"SIRT2"
"ENSG00000100554",655.502012231546,0.277792636951445,0.297571405701131,0.933532697124969,0.350544996530433,0.799409518929801,662.454439515895,568.980415595702,809.67743493697,284.337067795404,669.213615209534,827.284290300957,625.082681247039,470.744397608689,932.922977009834,704.322803095436,"ATP6V1D"
"ENSG00000185798",71.0728844272034,0.236742712042769,0.253629140140514,0.93342078876114,0.350602750933426,0.799409518929801,66.7289873380975,49.3635977000837,81.7105668285016,57.9540520347321,78.488016598649,90.7406339419953,83.8099684353572,58.4835198658452,80.2626471840863,63.1868543446862,"WDR53"
"ENSG00000123143",2593.31404137252,0.230742108663766,0.247204941024473,0.933404112828486,0.350611357674716,0.799409518929801,2375.16511452706,3252.80128002657,2211.9628191958,1556.60961637038,3220.7626460393,3036.91525937784,3050.33364284519,3097.70906043518,2193.15077500412,1937.73019990371,"PKN1"
"ENSG00000166734",1388.49273560394,0.200873297411542,0.215263203049722,0.933152041620155,0.350741472363461,0.799409518929801,1399.37456055402,1293.84587656009,1140.64649855545,1264.12276000759,1186.95912821115,1308.01658501493,1097.38677420046,1953.92481125562,1368.63449029487,1872.01587138524,"CASC4"
"ENSG00000140990",877.715389491109,0.227571544527852,0.243952897668133,0.932850344075168,0.350897243529009,0.799409518929801,936.139996279397,871.6572120199,903.768390678881,473.593268971326,812.419820933385,800.255165296958,1255.40348552129,1049.82711890329,852.660329825748,821.429106480921,"NDUFB10"
"ENSG00000119328",304.492780747178,0.199529630463124,0.213905354999085,0.93279399416615,0.350926342728754,0.799409518929801,305.599420273026,306.573922558415,311.985800617915,194.689393554178,283.658445953012,365.858513446981,288.969787001075,354.736104104307,374.211562845285,258.644857117582,"FAM206A"
"ENSG00000175764",64.092329859487,-0.262657543895727,0.28158297973497,-0.932789134282704,0.350928852453418,0.799409518929801,82.202375706352,93.5310272212113,69.3301779150922,40.748942836921,55.0793098937888,71.4341160819963,57.6193532993081,59.4422660931542,50.0338579848849,61.5018715621613,"TTLL11"
"ENSG00000196655",267.835657218435,0.23471381386243,0.251639024832465,0.932740118583343,0.350954165612063,0.799409518929801,251.442560984135,257.210324858331,309.509722835233,151.223854528129,223.071205069845,319.522870582983,282.858643469331,255.026496464178,245.999801759018,382.491091633167,"TRAPPC4"
"ENSG00000143393",586.191941217165,0.199349345894291,0.213795071866133,0.932431903851896,0.351113363344968,0.799409518929801,559.943241576209,644.324854190567,482.835167622964,466.349012466985,842.713441374969,535.755870614972,734.210244313911,540.732872202241,506.59281209696,548.461895711877,"PI4KB"
"ENSG00000086475",612.016424983422,-0.172210588678511,0.184700813022521,-0.932375910318885,0.351142289792799,0.799409518929801,631.507662779386,759.939596172342,693.301779150922,541.508173699528,519.122495748959,743.300937609961,553.494999875172,559.90779674842,624.38085276971,493.699955279815,"SEPHS1"
"ENSG00000115073",863.88257044304,0.152704834536622,0.163790300063579,0.932319157345378,0.351171610111215,0.799409518929801,957.415905285746,797.611815469774,770.885549674954,711.748201551554,1034.11404325588,920.920901921952,878.258627562181,848.49041116841,974.617858663905,744.762389876035,"ACTR1B"
"ENSG00000149256",16.1376324164002,0.495270224573105,0.531234952798366,0.932299770495501,0.351181626305123,0.799409518929801,7.73669418412724,6.49521022369523,7.4282333480456,29.8825580804087,16.5237929681366,12.5492366089993,15.7143690816295,22.0511632281056,17.7203247029801,25.2747417378745,"TENM4"
"ENSG00000108679",58.9847247736181,-0.76148692693431,0.816926108128219,-0.932136847332577,0.351265807525126,0.799409518929801,65.7619005650816,7.79425226843427,7.4282333480456,231.816208138928,59.2102581358229,21.2371696459989,129.207034671176,17.2574320915609,19.8050687856836,30.3296900854494,"LGALS3BP"
"ENSG00000132570",72.4754186209279,-0.264991204727818,0.284308718069494,-0.932054446051301,0.351308388539684,0.799409518929801,73.4985947492088,106.521447668602,94.9163150028048,47.9931993412625,61.9642236305124,84.9486785839956,55.8733122902382,60.4010123204631,77.1355310600309,61.5018715621613,"PCBD2"
"ENSG00000049759",84.261263717304,0.486888403930143,0.522392533403543,0.932035534194794,0.351318161737961,0.799409518929801,66.7289873380975,109.11953175808,57.7751482625769,38.9378787108356,48.1943961570652,95.567263406995,156.27067031176,105.462085003983,14.5932085789248,149.963467644722,"NEDD4L"
"ENSG00000110880",3065.29137593273,-0.270587053379192,0.29039334241546,-0.931794961718057,0.351442498913763,0.799409518929801,4411.84985849856,3432.06908220056,3208.1714470948,2611.55446981512,2288.54532608692,2923.00680400385,1750.40611159262,1965.42976598332,3814.03929930613,4247.84159474544,"CORO1C"
"ENSG00000242173",11.0213121760861,0.508934081316524,0.546203197971415,0.931766938030923,0.351456984453607,0.799409518929801,9.67086773015905,11.6913784026514,4.95215556536373,9.05532063042689,16.5237929681366,3.8613035719998,12.2222870634896,19.1749245461788,10.4237204135177,12.6373708689372,"ARHGDIG"
"ENSG00000083444",1019.28880449784,0.306271587182589,0.328741907754422,0.931647532481259,0.351518709830465,0.799409518929801,633.441836325418,622.241139430003,636.351990149239,1677.9509128181,1090.57033589702,1041.58663854695,1442.22987349177,1379.63582109756,785.948519179234,882.930978043082,"PLOD1"
"ENSG00000121058",98.8457664385822,-0.227271990300313,0.243966820610231,-0.931569259015795,0.351559176157959,0.799409518929801,83.1694624793679,115.614741981775,99.8684705681686,134.924277393361,88.1268958300621,115.839107159994,75.0797633900075,74.7822057300972,90.6863675976039,110.366372255385,"COIL"
"ENSG00000088179",149.905033231939,-0.2783812401848,0.298838371583938,-0.931544495806518,0.351571979018097,0.799409518929801,187.614833965086,158.483129458164,209.641252267065,114.097039943379,136.321291987127,147.694861628992,75.0797633900075,108.33832368591,190.754083567374,171.025752426284,"PTPN4"
"ENSG00000152082",758.01858192005,0.387752209048913,0.416273844862139,0.931483478567643,0.351603526883273,0.799409518929801,780.439025823836,713.174082561736,843.517164633622,221.855355445459,727.046890598012,541.547825972972,1328.73720790223,1386.34704468872,450.304721863964,587.216499709951,"MZT2B"
"ENSG00000112773",260.372002967797,-0.201730708587512,0.216649278745481,-0.931139534623167,0.351781390450036,0.7996775872562,303.665246726994,209.145769202986,285.574304269308,331.424735073624,210.678360343742,206.579741101989,298.57301255096,278.036405919592,201.177803980892,278.864650507882,"FAM46A"
"ENSG00000204650",71.2192056192221,0.502892906022789,0.540192427405579,0.930951417512588,0.351878695462693,0.79976246785718,27.0784296444454,96.1291113106894,70.1555371759862,35.3157504586649,27.5396549468944,99.4285669789949,115.238706598616,120.802024640926,17.7203247029801,102.783949734023,"LINC02210"
"ENSG00000176101",641.189694851443,0.230311676425938,0.247485069949658,0.93060836547751,0.352056185625206,0.799853900763966,573.482456398432,701.482704159085,700.730012498968,348.629844271435,598.987495094953,668.970843848965,878.258627562181,788.089398847947,623.338480728358,529.927085104102,"SSNA1"
"ENSG00000171169",94.4236032884452,0.284865943770908,0.306150207590312,0.93047770900784,0.352123800296131,0.799853900763966,121.852933400004,70.1482704159085,96.5670335245927,45.2766031521344,97.7657750614751,96.532589299995,114.365686094081,130.389486914016,71.9236708532721,99.413984168973,"NAIF1"
"ENSG00000146670",211.103770781744,-0.598625051172002,0.643378388495899,-0.930440098511045,0.352143265236996,0.799853900763966,213.726176836515,402.703033869104,375.53846370675,68.8204367912444,70.2261201145807,449.841866137977,113.492665589546,23.9686556827235,294.991287702551,97.729001386448,"CDCA5"
"ENSG00000173409",59.9013893594003,0.284962143984763,0.306275864410134,0.930410055436721,0.352158814222539,0.799853900763966,72.5315079761929,37.6722192974323,42.0933223055917,59.7651161608175,41.3094824203416,55.9889017939971,62.8574763265179,72.8647132754793,64.6270665638097,89.3040874738232,"ARV1"
"ENSG00000198911",572.756435003587,-0.273191598815879,0.293722645303142,-0.93010056658698,0.352319017459435,0.799967596736151,689.532869160341,513.121607671923,435.789689752008,915.492915736159,856.483268848416,393.85296434398,467.06596992621,449.651980607892,592.067319487805,414.505764501142,"SREBF2"
"ENSG00000183513",240.241920594135,0.250536433981225,0.269370378570122,0.930081604781966,0.352328834312675,0.799967596736151,245.64004034604,149.38983514499,205.514455962595,261.698766219337,265.757670237531,202.71843752999,344.843099291314,287.623868192681,155.313434161414,283.919598855457,"COA5"
"ENSG00000169604",1146.45509508669,0.369902201564923,0.397792013005782,0.92988845796546,0.352428839611702,0.799994824857395,638.277270190498,518.317775850879,661.112767976058,2083.62927706123,791.765079723214,1334.08038412593,915.798509257185,1673.0121666541,1094.49064341936,1754.06707660849,"ANTXR1"
"ENSG00000152049",96.4930958163989,0.436371130598978,0.469303694999661,0.929826752374693,0.35246079259669,0.799994824857395,45.4530783317476,40.2703033869104,60.2512260452587,172.051091978111,92.2578440720962,45.3703169709976,103.889440039662,201.336707734877,106.321948217881,97.729001386448,"KCNE4"
"ENSG00000165868",117.062375828544,-0.325289949198875,0.34995491419775,-0.92951959238687,0.352619876425406,0.800219719565364,119.918759853972,227.332357829333,52.8229926972131,134.018745330318,112.912585282267,100.393892871995,120.476829625826,86.2871604578044,87.5592514735486,128.90118286316,"HSPA12A"
"ENSG00000164236",14.64443988806,-0.890664040327532,0.958733538748132,-0.929000607917105,0.352888771282748,0.800370167822797,14.5063015952386,59.7559340579961,5.77751482625769,0.905532063042689,31.6706031889286,1.9306517859999,3.49208201813988,8.62871604578044,2.08474408270354,17.6923192165121,"ANKRD33B"
"ENSG00000182378",55.6350202697004,-0.351338795077283,0.378194287777921,-0.928990221247316,0.352894154120186,0.800370167822797,63.8277270190498,33.7750931632152,47.0454778709554,110.474911691208,41.3094824203416,49.2316205429974,33.1747791723289,56.5660274112273,77.1355310600309,43.8095523456491,"PLCXD1"
"ENSG00000136643",331.247278499358,-0.184135076797464,0.198225859881693,-0.928915515399258,0.352932871566511,0.800370167822797,347.18415151271,336.451889587413,406.90211562072,335.952395388838,331.852842110077,376.477098269981,286.350725487471,251.191511554942,385.677655300155,254.43240016127,"RPS6KC1"
"ENSG00000137413",93.2093581471732,-0.207839195075921,0.223765009190217,-0.928827951376626,0.352978256378519,0.800370167822797,95.7415905285746,122.10995220547,89.1388001765472,99.6085269346958,88.1268958300621,86.8793303699955,77.6988249036124,86.2871604578044,71.9236708532721,114.578829211698,"TAF8"
"ENSG00000163491",29.9902645391921,-0.397629033115418,0.428189721090965,-0.928628160672137,0.353081822585291,0.800370167822797,25.1442560984135,37.6722192974323,52.8229926972131,24.4493657021526,28.9166376942391,27.0291250039986,23.5715536224442,8.62871604578044,35.4406494059602,36.2271298242868,"NEK10"
"ENSG00000175106",13.1360471262079,-0.605690697394622,0.652327071405145,-0.928507682641368,0.353144284491717,0.800370167822797,5.80252063809543,9.09329431317332,5.77751482625769,45.2766031521344,11.0158619787578,12.5492366089993,13.9683280725595,8.62871604578044,12.5084644962212,6.73993113009986,"TVP23C"
"ENSG00000131941",23.3108457761113,-0.434672427621766,0.468259681396475,-0.928272163696555,0.353266409609842,0.800370167822797,19.3417354603181,51.9616817895618,15.6818259569851,24.4493657021526,19.2777584628261,17.3758660739991,13.9683280725595,25.8861481373413,11.4660924548695,33.6996556504993,"RHPN2"
"ENSG00000100097",22782.0767502283,0.253295300560221,0.2728818770484,0.928223241865545,0.353291780703658,0.800370167822797,21262.3697915277,20262.4578138396,22817.8821266743,17374.4436936001,36060.4241874635,16886.4458462481,32805.4914989106,25940.7966722979,18460.4088523398,15950.0470193813,"LGALS1"
"ENSG00000150433",114.813813120994,0.229378047913358,0.247125244183684,0.928185417362157,0.353311397460443,0.800370167822797,128.622540811115,85.736774952777,121.327811351411,79.6868215477566,140.452240229161,106.185848229994,146.667444761875,139.976949187105,100.06771596977,99.413984168973,"TMEM218"
"ENSG00000197256",1158.20070300348,0.199353377286722,0.214796365624317,0.928104051981003,0.353353597966493,0.800370167822797,940.00834337146,1280.8554561127,1144.77329485992,890.138017970963,1189.71309370584,1366.90146448793,1278.97503914373,1273.21498986627,777.60954284842,1439.81778766758,"KANK2"
"ENSG00000243701",54.6107030733335,0.289958479097243,0.312529144208288,0.927780606931165,0.353521385651672,0.800370167822797,52.2226857428589,42.8683874763885,62.7273038279406,34.4102183956222,74.3570683566149,50.1969464359974,52.3812302720983,44.1023264562111,46.9067418608296,85.9341219087733,"DUBR"
"ENSG00000196381",8.18369232720823,-0.515847523707484,0.556007334178542,-0.927771077821498,0.353526329657651,0.800370167822797,13.5392148222227,6.49521022369523,7.4282333480456,12.6774488825976,2.75396549468944,7.7226071439996,6.1111435317448,9.58746227308938,6.25423224811062,9.26740530388731,"ZNF781"
"ENSG00000186493",140.691685685487,0.41704445864457,0.449686792559435,0.92741095701504,0.353713203854709,0.800614198001393,129.589627584131,181.865886263466,117.201015046942,40.748942836921,134.944309239783,89.7753080489953,223.493249160953,250.232765327633,60.4575783984026,178.608174947646,"C5orf38"
"ENSG00000100320",1888.49021205806,-0.213135194990952,0.229837108951474,-0.927331517365859,0.353754435149286,0.800614198001393,2220.43123084452,2386.34023618563,1852.93154070693,1772.12624737454,2360.14842894885,1983.7447101149,1162.86331204058,1368.13086636985,1917.96455608726,1860.22099190756,"RBFOX2"
"ENSG00000129667",18.3117959197892,-0.529556036780836,0.571192533835559,-0.927106020145022,0.35387149076372,0.800614198001393,36.7492973746044,9.09329431317332,14.0311074351972,29.8825580804087,5.50793098937888,30.8904285759984,8.73020504534971,12.4637009550162,23.9745569510907,11.7948794776748,"RHBDF2"
"ENSG00000145949",17.075331500205,-0.434736226721714,0.468920164106193,-0.927100730569697,0.353874236876225,0.800614198001393,11.6050412761909,14.2894624921295,14.8564666960912,39.8434107738783,17.9007757154814,16.4105401809991,11.3492665589546,15.339939636943,11.4660924548695,17.6923192165121,"MYLK4"
"ENSG00000197136",262.754507423902,-0.192778594844915,0.208095208895815,-0.926396123523593,0.354240157921531,0.801287227505393,266.91594935239,296.181586200502,231.100593050307,342.291119830136,260.249739248152,277.048531290986,306.430197091775,244.480287963779,211.601524394409,191.245545816584,"PCNX3"
"ENSG00000166881",75.3005895586421,-0.405820784689372,0.438111073819466,-0.926296569386877,0.354291878278421,0.801287227505393,59.9593799269861,72.7463545053866,80.0598483067136,140.357469771617,35.8015514309627,101.359218764995,24.4445741269792,53.6897887293005,114.660924548695,69.9267854747861,"NEMP1"
"ENSG00000051382",123.505696460323,0.295214460922514,0.318790755631655,0.926044609849409,0.354422797587928,0.801314598601907,129.589627584131,109.11953175808,139.485715091078,56.1429879086467,167.991895176056,164.105401809991,88.1750709580321,89.1633991397312,143.847341706544,147.435993470935,"PIK3CB"
"ENSG00000012171",28.1167838049775,0.603553356144794,0.651755908066902,0.926042017685615,0.354424144646671,0.801314598601907,32.8809502825408,11.6913784026514,4.95215556536373,36.2212825217076,26.1626721995497,11.5839107159994,39.2859227040737,73.8234595027882,8.33897633081416,36.2271298242868,"SEMA3B"
"ENSG00000164663",62.5031368573969,-0.323278965266957,0.349271927219697,-0.925579584481205,0.354664507086467,0.80168678078838,55.1239460619066,66.2511442816913,40.4426037838038,122.246828510763,64.7181891252018,56.954227686997,41.0319637131436,73.8234595027882,43.7796257367743,60.6593801708988,"USP49"
"ENSG00000138495",157.20491036205,0.2588746371734,0.279767487777919,0.925320662631449,0.354799133812863,0.80168678078838,138.293408541274,141.595582876556,203.038378179913,79.6868215477566,125.305430008369,191.13452681399,186.826387970484,200.377961507568,166.779526616283,139.01107955831,"COX17"
"ENSG00000006530",97.3660286835496,-0.231364283925498,0.250049803671704,-0.925272807769373,0.354824019537884,0.80168678078838,89.9390698904792,103.923363579124,132.057481743033,101.419591060781,78.488016598649,97.4979151929949,63.7304968310529,80.5346830939508,115.703296590046,110.366372255385,"AGK"
"ENSG00000167302",32.8572060443159,-0.471708871589181,0.509911242339151,-0.925080352073192,0.354924112439677,0.80168678078838,16.4404751412704,19.4856306710857,24.7607778268187,96.8919307455677,24.785689452205,27.0291250039986,36.6668611904688,36.4323566377396,25.0169289924425,21.0622847815621,"TEPSIN"
"ENSG00000106617",580.198013081272,0.229023885439094,0.247572447922581,0.925078244210407,0.354925208801572,0.80168678078838,422.616919807951,324.760511184761,741.172616282772,613.045206679901,711.90008037722,676.693450992965,563.098225425056,528.269171247225,564.965646412659,655.458302402212,"PRKAG2"
"ENSG00000153029",91.044306613979,0.353535480701985,0.382268228020192,0.924836161595178,0.355051137364659,0.80168678078838,74.4656815222247,53.2607238343009,51.1722741754252,133.113213267275,90.8808613247515,55.0235759009971,101.270378526057,154.358142596739,64.6270665638097,132.27114842821,"MR1"
"ENSG00000095303",377.160645823061,0.464717022955299,0.502517467899563,0.924777848813369,0.35508147521018,0.80168678078838,177.943966234927,387.114529332236,484.485886144752,179.295348482452,99.1427578088198,544.443803651972,312.54134062352,202.295453962186,866.211166363321,518.132205626427,"PTGS1"
"ENSG00000127080",30.3718788839243,-0.375734921631137,0.40635576038732,-0.924645245026189,0.355150469832421,0.80168678078838,36.7492973746044,50.6626397448228,32.1890111748642,21.7327695130245,30.2936204415838,32.8210803619983,21.8255126133743,10.5462085003983,28.1440451164978,38.7546039980742,"IPPK"
"ENSG00000171943",35.0306811870883,-0.495580201756344,0.535980091276586,-0.924624272099326,0.355161382959,0.80168678078838,42.5518180126998,50.6626397448228,43.7440408273796,32.5991542695368,31.6706031889286,59.8502053659969,4.36510252267486,27.8036405919592,42.7372536954226,14.3223536514622,"SRGAP2C"
"ENSG00000159917",11.4038836192748,0.482065271971603,0.521394280827604,0.924569543046052,0.355189861863878,0.80168678078838,3.86834709206362,9.09329431317332,8.25359260893955,15.3940450717257,17.9007757154814,7.7226071439996,15.7143690816295,10.5462085003983,14.5932085789248,10.9523880864123,"ZNF235"
"ENSG00000108384",117.129466953894,0.23880719396829,0.258337001849969,0.924401817231658,0.355277148934563,0.801748110886678,120.885846626988,126.007078339687,113.899578003366,62.4817123499455,128.059395503059,101.359218764995,129.207034671176,114.090801049764,161.567666409524,113.736337820435,"RAD51C"
"ENSG00000141446",158.175767841549,-0.202993023754727,0.219626140187957,-0.924266226146874,0.355347722495426,0.801771709511334,218.561610701595,172.772591950293,167.547929961473,128.585552952062,121.174481766335,185.34257145599,132.699116689316,151.481903914812,155.313434161414,148.278484862197,"ESCO1"
"ENSG00000181220",124.670955219273,-0.227638960306228,0.246400481589614,-0.923857611144469,0.35556045527666,0.80196047627243,106.37954503175,135.100372652861,120.502452090517,184.728540860709,117.043533524301,101.359218764995,118.730788616756,147.646919005576,85.4745073908451,129.743674254422,"ZNF746"
"ENSG00000198783",69.3825441979778,-0.228282511568027,0.247107626901126,-0.923818153372372,0.355581001999798,0.80196047627243,86.0707227984156,62.3540181474742,92.440237220123,63.3872444129882,52.3253443990994,74.3300937609961,71.5876813718676,54.6485349566095,62.5423224811062,74.1392424310985,"ZNF830"
"ENSG00000087095",116.643052355916,-0.324353422634173,0.351163963695982,-0.923652356638109,0.355667345003796,0.80196047627243,108.313718577781,98.7271954001675,86.6627223938653,236.343868454142,106.027671545543,109.081825908994,69.8416403627977,96.8333689582027,167.821898657635,86.7766133000358,"NLK"
"ENSG00000213214",17.3884904893391,-0.587129619986133,0.635666853615417,-0.923643598288595,0.355671906512066,0.80196047627243,31.9138635095249,0,34.6650889575461,19.9217053869392,16.5237929681366,12.5492366089993,18.3334305952344,11.5049547277073,16.6779526616283,11.7948794776748,"ARHGEF35"
"ENSG00000167106",481.92376160967,-0.199886910978328,0.216480601880817,-0.923347908503946,0.355825928800722,0.802035784502418,523.193944201605,587.167004222049,539.784956624647,439.183050575704,535.646288717096,530.929241149972,391.113186031667,354.736104104307,571.21987866077,346.263961808881,"FAM102A"
"ENSG00000181904",815.87669232675,-0.24117516812709,0.261245834696933,-0.923173257123402,0.355916922973689,0.802035784502418,844.266752842885,823.592656364555,1182.73982086104,744.34735582109,717.408011366599,999.112299254948,459.208785385395,618.391316614265,1017.35511235933,752.344812397397,"C5orf24"
"ENSG00000165526",204.316358403484,-0.255183103049126,0.276434857838373,-0.923122015235601,0.355943623016983,0.802035784502418,239.837519707945,188.361096487162,179.102959613988,297.014516678002,257.495773753463,106.185848229994,224.366269665488,170.656828460991,207.432036229002,172.710735208809,"RPUSD4"
"ENSG00000127463",190.27113916904,-0.323363439844769,0.350383049615595,-0.922885511155665,0.356066871947147,0.802035784502418,169.240185277783,138.997498787078,132.057481743033,424.694537567021,148.71413671323,148.660187521992,177.223162420599,238.727810599926,180.330363153856,144.066027905885,"EMC1"
"ENSG00000115145",349.199025286686,-0.297751118439299,0.322635043404948,-0.922872838911005,0.356073476569785,0.802035784502418,446.794089133348,355.937520258499,306.208285791657,463.632416277857,260.249739248152,419.916763454978,154.52462930269,271.325182328429,533.694485172106,279.707141899144,"STAM2"
"ENSG00000198964",179.380452877602,0.173541402716464,0.18807236363399,0.922737394071338,0.356144073628039,0.802035784502418,177.943966234927,153.286961279207,164.246492917897,169.334495788983,243.725946280015,189.20387502799,165.00087535711,195.584230371023,167.821898657635,167.655786861234,"SGMS1"
"ENSG00000176533",12.3960728669443,0.48122688524136,0.521692879404286,0.922433301736584,0.356302605898661,0.802035784502418,10.637954503175,3.89712613421714,14.0311074351972,10.8663847565123,20.6547412101708,6.75728125099965,16.5873895861645,15.339939636943,8.33897633081416,16.8498278252497,"GNG7"
"ENSG00000214013",141.110167091133,-0.213174183142607,0.231109018379789,-0.92239664482626,0.356321719227096,0.802035784502418,117.017499534925,153.286961279207,146.08858917823,198.311521806349,144.583188471196,133.214973233993,92.5401734807069,138.059456732487,135.50836537573,152.490941818509,"GANC"
"ENSG00000235649",5.86342394801158,1.54105165293676,1.67099309134241,0.922236998417952,0.356404968209806,0.802035784502418,9.67086773015905,1.29904204473905,0,0,0,0,0,26.8448943646503,3.12711612405531,17.6923192165121,"MXRA5Y"
"ENSG00000165832",170.50887800789,-0.264243765196413,0.286551439503738,-0.92215123977057,0.356449692849607,0.802035784502418,248.541300665088,198.753432845074,180.753678135776,130.396617078147,133.567326492438,196.92648217199,94.2862144897769,134.224471823251,215.771012559816,171.868243817547,"TRUB1"
"ENSG00000137070",92.9821773154944,-0.325591804430031,0.353113457350314,-0.922060028165452,0.356497265184155,0.802035784502418,79.3011153873043,70.1482704159085,75.9330520022439,197.405989743306,77.1110338513043,57.919553579997,96.9052760033818,104.503338776674,103.194832093825,67.3993113009986,"IL11RA"
"ENSG00000130340",1502.61988847557,-0.282532491499504,0.306496511353522,-0.921813074647441,0.356626086368812,0.802035784502418,1724.31571628736,2548.72049177801,1666.4003477449,790.529491036267,1236.53050711556,1148.73781266994,1408.18207381491,1109.26938499644,1352.9989096746,2040.51414963773,"SNX9"
"ENSG00000153936",164.865571378428,0.250453440730321,0.271738640652106,0.921670323106404,0.35670056486272,0.802035784502418,174.075619142863,92.2319851764723,120.502452090517,204.650246247648,152.845084955264,159.278772344992,161.50879333897,247.356526645706,158.440550285469,177.765683556384,"HS2ST1"
"ENSG00000213614",128.606866192688,0.348596981404108,0.378258015550806,0.921585180148776,0.356744991600446,0.802035784502418,79.3011153873043,61.0549761027352,80.0598483067136,220.949823382416,145.96017121854,110.047151801994,167.619936870714,185.038021870625,88.6016235149004,147.435993470935,"HEXA"
"ENSG00000198814",20.4753275314662,-0.426942966338274,0.463280609424273,-0.921564506809046,0.356755779266891,0.802035784502418,11.6050412761909,29.8779670289981,18.157903739667,37.1268145847502,19.2777584628261,20.2718437529989,6.98416403627977,17.2574320915609,23.9745569510907,20.2197933902996,"GK"
"ENSG00000239569",8.52720549851717,0.721941572794538,0.78356096150043,0.921359802576308,0.356862608175103,0.802035784502418,6.76960741111134,5.19616817895618,1.65071852178791,10.8663847565123,19.2777584628261,4.82662946499975,14.8413485770945,4.79373113654469,1.04237204135177,16.0073364339872,"KMT2E-AS1"
"ENSG00000175073",145.88235146456,-0.286930855340462,0.311443861684788,-0.921292376058656,0.356897800434095,0.802035784502418,139.26049531429,248.117030545158,127.105326177669,141.263001834659,108.781637040233,144.798883949993,74.2067428854726,136.141964277869,138.635481499785,200.512951120471,"VCPIP1"
"ENSG00000173163",220.773710922043,0.298848629590117,0.324401993254845,0.921229325971946,0.356930710458588,0.802035784502418,230.166651977786,228.631399874072,248.43313752908,68.8204367912444,265.757670237531,244.227450928987,268.017294892236,225.3053634176,248.084545841721,180.293157730171,"COMMD1"
"ENSG00000213326",11.3983873439929,-0.541733918490529,0.588082678548796,-0.921186660058342,0.356952981714831,0.802035784502418,7.73669418412724,14.2894624921295,7.4282333480456,26.260429828238,17.9007757154814,7.7226071439996,11.3492665589546,9.58746227308938,8.33897633081416,3.36996556504993,"RPS7P11"
"ENSG00000255642",32.6659970619399,0.414246114660863,0.449741264320612,0.921076511150543,0.357010482586428,0.802035784502418,29.0126031904772,7.79425226843427,37.9665260011219,33.5046863325795,20.6547412101708,38.613035719998,24.4445741269792,61.359758547772,39.6101375713672,33.6996556504993,"PABPC1P4"
"ENSG00000076513",2771.518334882,0.278335389676334,0.302281133828294,0.92078319990171,0.357163627875918,0.802035784502418,2727.18469990485,2902.05992794703,3171.85563961547,1029.58995567954,4063.47608741427,2715.46173700886,2282.07559885441,2686.40692891964,2928.02306415712,3209.0497093188,"ANKRD13A"
"ENSG00000127423",17.9306930897843,-0.596085389243873,0.647428493762878,-0.92069687229767,0.357208709600687,0.802035784502418,15.4733883682545,36.3731772526933,33.0143704357582,5.43319237825613,5.50793098937888,31.8557544689983,12.2222870634896,7.6699698184715,25.0169289924425,6.73993113009986,"AUNIP"
"ENSG00000166801",244.523720117788,-0.240698210941061,0.261469561461537,-0.920559202362331,0.357280610566911,0.802050971404262,180.845226553974,259.808408947809,222.021641180474,414.733684873552,217.563274080466,282.840486648985,204.286798061183,185.038021870625,226.194732973334,251.904925987482,"FAM111A"
"ENSG00000121440",342.946414269736,-0.37499219704099,0.407447164511417,-0.920345580243897,0.357392197169826,0.802050971404262,498.049688103191,448.169505434971,462.201186100615,181.106412608538,597.610512347608,235.539517891988,328.255709705149,150.523157687503,165.737154574931,362.271298242868,"PDZRN3"
"ENSG00000173295",14.9907919106682,-0.463179058976971,0.503328233329435,-0.920232620199181,0.357451211293696,0.802050971404262,11.6050412761909,10.3923363579124,11.5550296525154,38.0323466477929,11.0158619787578,16.4105401809991,10.4762460544197,11.5049547277073,14.5932085789248,14.3223536514622,"FAM86B3P"
"ENSG00000128165",454.250275294952,-0.275424352383893,0.299341623163116,-0.920100417287475,0.357520286329443,0.802050971404262,411.978965304776,630.035391698437,546.387830711798,440.088582638747,464.043185855171,528.998589363973,507.224913134818,379.663506014339,459.68607023613,174.395717991334,"ADM2"
"ENSG00000083845",8960.86456587981,0.284669380929108,0.30939644320437,0.920079681527144,0.357531121371969,0.802050971404262,6346.02340453037,7520.15439699434,8776.04502108543,9052.60403423776,11148.0523225029,6619.23964830066,14862.3010692033,12841.4469685759,7477.9770246576,4964.80176870981,"RPS5"
"ENSG00000272734",33.6612911382854,-0.418427630692695,0.454834942283185,-0.919954893070148,0.357596331363558,0.802050971404262,32.8809502825408,33.7750931632152,13.2057481743033,78.7812894847139,30.2936204415838,34.7517321479982,34.9208201813988,31.638625501195,17.7203247029801,28.6447073029244,"ADIRF-AS1"
"ENSG00000111676",1295.71893780616,-0.22855331179653,0.248460418377221,-0.919878157210266,0.357636434501098,0.802050971404262,1289.1266684302,2039.4960102403,1429.52223986833,924.548236366585,1679.91895176056,1103.36749569894,1263.2606700621,1030.65219435711,1116.38045628775,1080.91645498977,"ATN1"
"ENSG00000245205",22.454049718032,0.617640523031789,0.671943946498717,0.919184593075232,0.357999028368388,0.802385480080818,2.90126031904772,11.6913784026514,24.7607778268187,28.0714939543234,45.4404306623758,18.341191966999,11.3492665589546,23.9686556827235,52.1186020675885,5.89743973883738,"EEF1A1P4"
"ENSG00000163602",794.436480312955,0.135494546008826,0.147413306947822,0.919147319968778,0.358018521217372,0.802385480080818,715.64421203177,784.621395022384,803.899920110712,696.354156479828,850.975337859037,915.128946563953,729.845141791236,718.100924254395,822.431540626546,907.363228389694,"RYBP"
"ENSG00000163527",694.605454783459,-0.331887342190764,0.36113276659156,-0.919017527329852,0.358086404546827,0.802385480080818,589.922931539702,537.803406521965,633.875912366557,1407.19682596834,437.880513655621,980.771107287949,460.954826394465,597.298899613468,902.694187810632,397.655936675892,"STT3B"
"ENSG00000055483",312.771149285119,-0.211548051156823,0.230274442687196,-0.918677942233431,0.358264050516361,0.802648688348179,273.685556763501,327.35859527424,260.81352644249,500.759230862607,285.035428700357,356.205254516982,291.58884851468,254.067750236869,282.48282320633,295.714478333132,"USP36"
"ENSG00000170779",166.605616596108,-0.478411723813092,0.521150439981378,-0.91799159534469,0.358623265999188,0.803220066934851,134.425061449211,350.741352079542,264.114963486066,53.4263917195186,106.027671545543,315.661567010984,89.921111967102,59.4422660931542,188.66933948467,103.626441125285,"CDCA4"
"ENSG00000165724",307.852762072193,0.197221923625868,0.214877595413236,0.917833817185949,0.358705874844991,0.803220066934851,244.672953573024,300.07871233472,280.622148703945,306.975369371472,280.904480458323,412.194156310979,379.763919472712,341.313656921982,309.584496281476,222.417727293296,"ZMYND19"
"ENSG00000130703",191.108600740894,-0.202102245607409,0.220221124007245,-0.917724158018372,0.358763296792512,0.803220066934851,205.989482652388,200.052474889813,164.246492917897,259.887702093252,166.614912428711,170.862683060991,174.604100906994,186.955514325243,141.762597623841,240.110046509808,"OSBPL2"
"ENSG00000118600",130.798948695265,0.205009162340407,0.223398778124178,0.917682558793813,0.358785081330401,0.803220066934851,132.490887903179,79.2415647290818,127.930685438563,138.546405645531,125.305430008369,145.764209842992,169.365977879784,130.389486914016,133.423621293027,125.53121729811,"TMEM5"
"ENSG00000059915",17.5630268641162,0.512822656219619,0.559177592579514,0.917101584585931,0.359089410801719,0.80354419325546,22.2429957793658,12.9904204473905,7.4282333480456,13.5829809456403,12.3928447261025,6.75728125099965,45.3970662358185,16.2986858642519,20.8474408270354,17.6923192165121,"PSD"
"ENSG00000119421",357.427174645052,0.309481460879609,0.337522442288679,0.916921135024594,0.35918396801003,0.80354419325546,440.991568495253,340.34901572163,370.586308141386,98.7029948716531,333.229824857422,389.99166077198,418.176821672251,338.437418240055,424.24542083017,419.560712848717,"NDUFA8"
"ENSG00000174233",240.099640523676,-0.346507282022022,0.377919092659411,-0.916882181272334,0.359204382183243,0.80354419325546,212.759090063499,162.380255592381,134.533559525715,591.312437166876,231.333101553913,210.441044673989,220.001167142813,253.10900400956,193.881199691429,191.245545816584,"ADCY6"
"ENSG00000146833",232.840882957116,-0.215812872627656,0.235377680588901,-0.91687908593417,0.359206004362979,0.80354419325546,272.718469990485,259.808408947809,260.81352644249,222.760887508501,245.10292902736,171.828008953991,199.048675033973,153.39939636943,230.364221138741,312.564306158381,"TRIM4"
"ENSG00000110844",83.0651300421327,-0.316128360173986,0.344851273350905,-0.916709273253306,0.359295005470665,0.803608500412922,69.6302476571452,77.9425226843427,60.2512260452587,168.42896372594,95.0118095667857,69.5034642959964,100.397358021522,73.8234595027882,58.3728343156991,57.2894146058489,"PRPF40B"
"ENSG00000198171",186.016181784923,0.283326126250526,0.309144134001896,0.916485532437075,0.359412292193461,0.803736039735779,126.688367265084,119.511868115992,163.421133657003,248.115785273697,199.662498364984,166.036053595991,282.858643469331,270.366436101121,142.804969665192,140.696062340835,"DDRGK1"
"ENSG00000182326",747.513030369394,0.457181885485594,0.499025199759324,0.916149897251859,0.359588279941842,0.803911375774761,421.649833034935,346.844225945325,321.064752487749,1353.77043424882,610.003357073711,410.263504524979,1243.1811984578,1515.77778537543,306.45738015742,946.117832387769,"C1S"
"ENSG00000144647",118.831260431825,0.326068879268567,0.355929167498349,0.916106093693709,0.359611251996118,0.803911375774761,124.754193719052,136.3994146976,67.6794593933043,84.2144818629701,179.007757154814,57.919553579997,178.969203429669,148.605665232885,88.6016235149004,122.16125173306,"POMGNT2"
"ENSG00000085449",770.835453830835,-0.243543888368457,0.265890996901878,-0.915953872850882,0.359691088876813,0.803916044614848,935.172909506381,874.255296109378,894.689438809047,696.354156479828,589.34861586354,777.08734386496,432.145149744811,560.866542975729,1066.34659830286,882.08848665182,"WDFY1"
"ENSG00000144488",19.7507541720278,0.80709343373403,0.881985133879862,0.915087344141072,0.360145778432863,0.803916044614848,0.967086773015906,11.6913784026514,15.6818259569851,26.260429828238,0,9.6532589299995,50.6351892630283,12.4637009550162,18.7626967443319,51.3919748670115,"ESPNL"
"ENSG00000075131",34.4618168917865,-0.341301714486969,0.372996024548345,-0.915027753714656,0.360177060294181,0.803916044614848,46.4201651047635,38.9712613421714,45.3947593491675,27.1659618912807,22.0317239575155,42.4743392919978,18.3334305952344,21.0924170007966,44.8219977781261,37.9121126068117,"TIPIN"
"ENSG00000235823",18.7804948931632,0.417514619575214,0.456335976907351,0.914928124678589,0.360229364144152,0.803916044614848,7.73669418412724,23.3827568053028,8.25359260893955,23.5438336391099,23.4087067048602,26.0637991109986,20.0794716043043,22.0511632281056,19.8050687856836,13.4798622601997,"OLMALINC"
"ENSG00000143469",9.38806025756702,-0.836187118530137,0.914389861157202,-0.914475492403103,0.360467049790894,0.803916044614848,9.67086773015905,25.9808408947809,15.6818259569851,0,4.13094824203416,5.7919553579997,0.873020504534971,3.83498490923575,9.38134837216593,18.5348106077746,"SYT14"
"ENSG00000198855",31.286931871501,0.394681492448823,0.4316005275856,0.914460171438381,0.36047509683694,0.803916044614848,16.4404751412704,16.8875465816076,25.5861370877126,46.1821352151771,17.9007757154814,54.0582500079972,34.0477996768639,46.019818910829,27.101673075146,28.6447073029244,"FICD"
"ENSG00000164118",73.2078256698761,-0.239608978641136,0.262045088530768,-0.914380727319004,0.360516825161397,0.803916044614848,83.1694624793679,89.6339010869942,85.8373631329713,64.2927764760309,68.849137367236,75.2954196539961,51.5082097675633,61.359758547772,55.2457181916438,96.8865099951856,"CEP44"
"ENSG00000176124",68.6001610452231,0.325631219291555,0.356142863520739,0.914327514729473,0.360544776970717,0.803916044614848,64.7948137920657,46.7655136106057,63.5526630888345,62.4817123499455,79.8649993459938,141.902906270993,48.8891482539584,68.0709821389346,66.7118106465133,42.9670609543866,"DLEU1"
"ENSG00000064666",4327.23262826753,-0.187884207717325,0.205560675705066,-0.91400851389931,0.360712372040766,0.803916044614848,3968.92411645728,5366.342686817,4496.55725335027,4844.59653727839,5129.26073385908,4285.08163902678,3265.96970746533,3842.65487905422,5009.6400307366,3063.29869863039,"CNN2"
"ENSG00000126249",18.3036320032414,0.413766272017776,0.452702836311269,0.913990898288252,0.360721628266865,0.803916044614848,25.1442560984135,15.5885045368685,13.2057481743033,7.24425650434151,16.5237929681366,19.306517859999,14.8413485770945,20.1336707734877,33.3559053232566,17.6923192165121,"PDCD2L"
"ENSG00000145284",131.311441655256,0.215222552553487,0.23548414132026,0.913957735526582,0.360739054238766,0.803916044614848,107.346631804766,120.810910160731,97.3923927854867,153.940450717257,115.666550776956,103.289870550995,149.28650627548,170.656828460991,157.398178244117,137.326096775785,"SCD5"
"ENSG00000116903",67.9818172318695,-0.293242274634575,0.320878907190344,-0.913872080911272,0.360784065446818,0.803916044614848,77.3669418412724,92.2319851764723,62.7273038279406,74.2536291695005,42.6864651676863,66.6074866169966,33.1747791723289,61.359758547772,75.0507869773274,94.3590358213981,"EXOC8"
"ENSG00000026036",8.87984260884335,-0.765465763654482,0.837675787399357,-0.91379716970326,0.360823433919298,0.803916044614848,5.80252063809543,2.59808408947809,2.47607778268187,36.2212825217076,4.13094824203416,10.6185848229995,2.61906151360491,13.4224471823251,4.16948816540708,6.73993113009986,"RTEL1-TNFRSF6B"
"ENSG00000184675",37.4757507163093,-0.333625247562724,0.365138734921781,-0.913694482822241,0.36087740386323,0.803916044614848,41.5847312396839,62.3540181474742,31.3636519139703,36.2212825217076,41.3094824203416,27.0291250039986,18.3334305952344,26.8448943646503,41.6948816540708,48.0220093019615,"AMER1"
"ENSG00000116729",63.4914351814488,0.280582171964537,0.307100528915291,0.913649263176396,0.360901171910728,0.803916044614848,60.926466700002,41.5693454316495,55.299070479895,67.009372665159,52.3253443990994,40.5436875059979,82.9369479308223,98.7508614128206,69.8389267705686,65.7143285184737,"WLS"
"ENSG00000162227",25.6393977758399,-0.410817668625699,0.449652015198668,-0.913634665785248,0.360908844703397,0.803916044614848,25.1442560984135,27.27988293952,21.4593407832428,47.0876672782198,15.1468102207919,11.5839107159994,32.3017586677939,24.9274019100324,13.550836537573,37.9121126068117,"TAF6L"
"ENSG00000134597",176.726288833059,0.278820843670568,0.305210178263271,0.913537173816203,0.360960091803687,0.803916044614848,152.799710136513,101.325279489646,168.373289222367,202.839182121562,264.380687490186,123.561714303994,228.731372188162,243.52154173647,151.143945996007,130.586165645685,"RBMX2"
"ENSG00000100316",35467.7549592469,0.302338241967522,0.330976113809818,0.913474505719918,0.360993035985682,0.803916044614848,27260.2419577723,25949.6638857072,26854.7142717066,44395.5204547939,53198.3514609159,26466.3400083796,53740.5231976592,50868.1985823303,26099.953543407,19844.0422297965,"RPL3"
"ENSG00000234664",82.4164445114479,-0.39407862335456,0.431411457124849,-0.91346350878325,0.360998817193251,0.803916044614848,76.3998550682565,161.081213547642,118.026374307836,29.8825580804087,66.0951718725465,104.255196443995,80.3178864172174,43.1435802289022,96.9405998457146,48.0220093019615,"HMGN2P5"
"ENSG00000169258",38.3972368334053,-0.45200606875996,0.494835973971992,-0.913446258023155,0.361007886219886,0.803916044614848,63.8277270190498,45.4664715658666,61.9019445670466,11.771916819555,35.8015514309627,40.5436875059979,13.9683280725595,19.1749245461788,51.0762300262367,40.4395867805992,"GPRIN1"
"ENSG00000144810",2411.10847199629,0.691453885895018,0.75707510561712,0.913322708361131,0.361072842617384,0.803916044614848,1588.92356806513,209.145769202986,985.478957507382,4261.43388867889,1591.7920559305,2502.12471465587,4433.19812202858,3527.22737026958,675.457082795947,4336.303190828,"COL8A1"
"ENSG00000137494",123.166969312086,0.215893403663775,0.236384924436906,0.913312911887488,0.361077993439956,0.803916044614848,129.589627584131,126.007078339687,118.85173356873,75.1591612325432,141.829222976506,120.665736624994,112.619645085011,115.049547277073,125.084644962212,166.813295469972,"ANKRD42"
"ENSG00000105552",192.280179709597,-0.242128747495138,0.265111836737469,-0.913307947599902,0.361080603597228,0.803916044614848,194.384441376197,293.583502111024,242.655622702823,117.71916819555,205.170429354363,148.660187521992,209.524921088393,170.656828460991,176.160874988449,164.285821296184,"BCAT2"
"ENSG00000156162",207.451269115611,-0.244860542993447,0.268125083225724,-0.913232510914723,0.361120268672682,0.803916044614848,210.824916517467,188.361096487162,188.181911483822,327.802606821453,181.761722649503,212.371696459989,111.746624580476,228.181602099527,201.177803980892,224.102710075821,"DPY19L4"
"ENSG00000124299",352.213532921983,-0.319769848267057,0.350265062608339,-0.91293675105878,0.361275807392494,0.804128077969574,432.28778753811,559.887121282529,489.438041710115,118.624700258592,320.83698013132,285.736464327985,329.128730209684,260.778973828031,364.830214473119,360.586315460343,"PEPD"
"ENSG00000114520",206.218729296913,-0.233287115176641,0.255633871733834,-0.912582959348753,0.361461919965167,0.804174195855203,278.520990628581,211.743853292464,246.782419007293,168.42896372594,194.154567375605,220.094303603989,146.667444761875,144.77068032365,278.313335040922,172.710735208809,"SNX4"
"ENSG00000083312",892.54895569814,-0.197127706655343,0.216032236181796,-0.912492089789117,0.361509731711477,0.804174195855203,846.200926388917,1132.76466301245,963.194257463246,925.453768429628,729.800856092701,823.422986728957,572.701450974941,865.747843259971,920.414512513613,1145.78829211698,"TNPO1"
"ENSG00000119042",156.523105401945,-0.256684347775114,0.281316748059258,-0.91243891288351,0.361537713005009,0.804174195855203,117.98458630794,209.145769202986,167.547929961473,199.217053869392,158.353015944643,209.475718780989,95.1592349943119,109.297069913219,166.779526616283,132.27114842821,"SATB2"
"ENSG00000171105",129.577292677382,-0.429401639920033,0.470698205624796,-0.91226530033199,0.361629076094766,0.804243286289127,74.4656815222247,114.315699937036,61.9019445670466,362.212825217076,103.273706050854,109.081825908994,136.191198707455,179.285544506771,79.2202751427345,75.8242252136235,"INSR"
"ENSG00000204160",383.094422261542,0.209339258551356,0.229549483405551,0.911957001364758,0.36179135317661,0.804470036231484,319.138635095249,365.030814571672,318.588674705067,398.434107738783,389.686117498556,560.854343832971,389.367145022597,474.579382517924,343.982773646084,271.28222798652,"ZDHHC18"
"ENSG00000186566",363.543966397168,-0.223234284975495,0.244863335853694,-0.911668887451886,0.361943046846356,0.804673181495224,295.928552542867,378.021235019062,343.349452531885,573.201795906022,333.229824857422,367.789165232981,254.048966819677,339.396164467364,447.177605739909,303.296900854494,"GPATCH8"
"ENSG00000171202",222.247502049425,0.194896568774489,0.213910823669265,0.911111300640984,0.362236732767017,0.804902783323237,266.91594935239,146.791751055512,223.672359702262,179.295348482452,232.710084301258,227.816910747988,247.064802783397,232.975333236072,268.931986668757,196.300494164159,"TMEM126A"
"ENSG00000106392",261.084176967181,-0.286915356936646,0.314908541946111,-0.91110693652046,0.362239031976636,0.804902783323237,279.488077401597,180.566844218727,207.165174484383,503.475827051735,201.039481112329,211.406370566989,183.334305952344,330.767448421584,235.5760813455,278.022159116619,"C1GALT1"
"ENSG00000168234",214.678761847879,0.23121421145118,0.253794468651257,0.911029356470708,0.362279906066671,0.804902783323237,206.956569425404,246.817988500419,166.722570700579,158.468111032471,236.841032543292,181.481267883991,233.096474710837,206.130438871422,169.906642740338,340.366522070043,"TTC39C"
"ENSG00000182141",27.8191666503459,-0.36781704536996,0.403744440763087,-0.911014513722534,0.362287726496918,0.804902783323237,19.3417354603181,40.2703033869104,21.4593407832428,47.9931993412625,23.4087067048602,27.0291250039986,17.4604100906994,17.2574320915609,26.0593010337942,37.9121126068117,"ZNF708"
"ENSG00000135829",389.158186924109,-0.205641148194222,0.225847210599213,-0.910532158659915,0.362541929989469,0.805327765703599,284.323511266676,396.207823645409,498.516993579949,511.625615619119,370.40835903573,375.511772376981,285.477704982936,320.221239921185,444.050489615854,405.238359197254,"DHX9"
"ENSG00000106991",889.487287882556,-0.265384960411656,0.29151166303207,-0.91037510352531,0.362624722918496,0.805327765703599,1027.04615294289,906.731347227854,1394.85715091078,628.439251751626,516.36853025427,1204.72671446394,941.116103888699,741.110833709809,911.033164141447,623.443629534238,"ENG"
"ENSG00000170502",76.0567869941342,0.236571291186354,0.259880524684748,0.91030788656953,0.362660160517044,0.805327765703599,76.3998550682565,62.3540181474742,56.1244297407889,80.5923536107993,55.0793098937888,65.6421607239966,104.762460544197,88.2046529124223,85.4745073908451,85.9341219087733,"NUDT9"
"ENSG00000144021",603.611960966456,-0.158264810608766,0.173954734571298,-0.909804559207898,0.362925589748747,0.805783018225244,664.388613061927,632.633475787915,581.878278930238,696.354156479828,549.416116190543,591.744772408969,462.700867403535,509.094246701046,641.058805431338,706.850277269223,"CIAO1"
"ENSG00000169288",157.294245061655,0.243476996012747,0.267700638074766,0.909512199013685,0.363079821453394,0.805991274754314,182.779400100006,107.820489713341,181.57903739667,94.1753345564397,129.436378250404,162.174750023992,217.382105629208,177.368052052154,176.160874988449,144.066027905885,"MRPL1"
"ENSG00000139508",14.4994457997807,0.537660868781223,0.591354210164001,0.909202740996995,0.363243117628408,0.806085434244606,15.4733883682545,5.19616817895618,3.30143704357582,21.7327695130245,6.8849137367236,12.5492366089993,22.6985331179092,19.1749245461788,13.550836537573,24.432250346612,"SLC46A3"
"ENSG00000205795",75.3547882943839,0.392502729899877,0.431791917045297,0.909008979569902,0.363345385908722,0.806178241867348,65.7619005650816,88.3348590422551,65.2033816106225,35.3157504586649,56.4562926411335,71.4341160819963,39.2859227040737,129.430740686707,48.9914859435332,153.333433209772,"CYS1"
"ENSG00000148459",28.5068726430934,-0.38086597578171,0.419153125964611,-0.908655935477543,0.363531770714562,0.806457622425168,37.7163841476203,32.4760511184761,28.8875741312884,33.5046863325795,16.5237929681366,33.7864062549982,32.3017586677939,15.339939636943,42.7372536954226,11.7948794776748,"PDSS1"
"ENSG00000160219",12.9019150519033,-0.439941149174374,0.484312702449439,-0.908382429263875,0.363676205693729,0.80661578433764,16.4404751412704,9.09329431317332,18.157903739667,17.2051091978111,12.3928447261025,9.6532589299995,13.9683280725595,3.83498490923575,15.6355806202765,12.6373708689372,"GAB3"
"ENSG00000167658",46648.4610188238,0.286223086954988,0.315122362815178,0.908291891435391,0.363724025418502,0.80661578433764,33876.0825719742,44972.8355888658,42893.095429398,43141.3585474798,86725.1273932651,33825.9846166112,56607.5225345521,60902.4365973457,36288.0978755792,27252.0690331675,"EEF2"
"ENSG00000075914",220.321245147829,0.221334630764637,0.243747984379962,0.908047019661151,0.363853380018449,0.80663699164366,243.705866800008,188.361096487162,233.576670832989,135.829809456403,254.741808258773,205.614415208989,261.906151360491,199.419215280259,179.287991112504,300.769426680706,"EXOSC7"
"ENSG00000135747",17.415006393235,0.413710947879042,0.455606316005495,0.908044803913676,0.363854550628197,0.80663699164366,13.5392148222227,12.9904204473905,19.8086222614549,11.771916819555,8.26189648406832,32.8210803619983,14.8413485770945,20.1336707734877,23.9745569510907,16.0073364339872,"ZNF670-ZNF695"
"ENSG00000241749",23.117592292073,0.542375248939578,0.597480905041814,0.907770013004215,0.363999744688546,0.806664839020514,33.8480370555567,12.9904204473905,23.9354185659247,1.81106412608538,19.2777584628261,25.0984732179987,48.0161277494234,13.4224471823251,29.1864171578495,23.5897589553495,"RPSAP52"
"ENSG00000153391",28.588516391835,-0.297720800968963,0.327997049767194,-0.907693533159152,0.36404016156389,0.806664839020514,35.7822106015885,32.4760511184761,28.8875741312884,31.6936222064941,20.6547412101708,32.8210803619983,22.6985331179092,23.9686556827235,37.5253934886637,19.3773019990371,"INO80C"
"ENSG00000151929",325.727790077681,-0.222499548186999,0.245130582393667,-0.907677638645986,0.364048561600395,0.806664839020514,353.953758923821,409.198244092799,389.569571141947,273.470683038892,235.464049795947,283.805812541985,246.191782278862,250.232765327633,381.508167134748,433.883066500179,"BAG3"
"ENSG00000137166",242.350110997017,-0.255542869598045,0.281658695311602,-0.907278468059845,0.364259557625986,0.806855469944535,280.455164174613,310.471048692632,321.064752487749,162.090239284641,221.6942223225,281.875160755985,261.033130855956,180.24429073408,268.931986668757,135.64111399326,"FOXP4"
"ENSG00000117318",750.865374808681,-0.520768819400863,0.574039593242467,-0.907200174920508,0.364300951257177,0.806855469944535,390.703056298426,622.241139430003,2145.10871906339,512.531147682162,209.301377596397,652.560303667966,261.906151360491,381.580998468957,1668.83763820418,663.883216314837,"ID3"
"ENSG00000133935",163.829766212179,0.191640131923065,0.211250156546468,0.907171549863019,0.364316086076778,0.806855469944535,142.161755633338,144.193666966034,123.803889134093,193.783861491135,155.599050449953,183.41191966999,149.28650627548,216.67664737182,166.779526616283,162.600838513659,"ERG28"
"ENSG00000125650",16.7153997267044,0.487763214225064,0.5378760223451,0.906832046720455,0.364495620276747,0.806909542029717,16.4404751412704,15.5885045368685,6.60287408715164,15.3940450717257,23.4087067048602,14.4798883949993,30.555717658724,28.7623868192681,8.33897633081416,7.58242252136235,"PSPN"
"ENSG00000048707",269.058820703804,-0.229686948090848,0.253288289253727,-0.906820243318725,0.364501863081686,0.806909542029717,220.495784247626,366.329856616411,246.782419007293,347.724312208393,250.610860016739,210.441044673989,185.953367465949,326.932463512348,212.643896435761,322.674202853531,"VPS13D"
"ENSG00000099942",607.243391694018,-0.278917943519103,0.307590903107186,-0.906782160010461,0.364522005753096,0.806909542029717,622.803881822243,1067.8125607755,710.634323629695,315.125157938856,541.154219706475,616.843245626968,428.653067726671,453.486965517128,720.279080574073,595.641413622576,"CRKL"
"ENSG00000205423",224.71069598346,-0.195371901581166,0.215575232210872,-0.906281763343097,0.364786735548378,0.806925392165515,232.100825523817,183.164928308205,268.241759790535,287.959196047575,196.908532870295,228.782236640988,163.25483434804,244.480287963779,254.338778089832,187.875580251534,"CNEP1R1"
"ENSG00000147065",2177.75544966485,-0.292809786714419,0.323089977266607,-0.906279387530484,0.364787992734438,0.806925392165515,2026.04678946832,2611.07450992548,2905.26459834672,2247.53058047195,1799.71645077955,2601.55328163487,909.68736572544,1255.95755777471,3032.2602682923,2388.46309422914,"MSN"
"ENSG00000114503",1190.78549055612,0.173107075290862,0.191021274683736,0.906218826031111,0.364820040398382,0.806925392165515,1345.21770126512,953.49686083846,1318.92409890854,805.923536107993,1299.87171349342,1252.99300911393,1162.86331204058,1153.37171145265,1380.10058274974,1235.0923795908,"NCBP2"
"ENSG00000163867",84.1694532526686,-0.220345643579997,0.243187401169205,-0.906073433576787,0.364896985708454,0.806925392165515,84.1365492523838,75.3444385948647,82.5359260893955,125.868956762934,60.5872408831677,80.1220491189958,79.4448659126824,92.998384048967,86.5168794321969,74.1392424310985,"ZMYM6"
"ENSG00000100567",355.590287152526,-0.203510382937696,0.224620699894399,-0.906017936162481,0.36492635899635,0.806925392165515,478.707952642873,350.741352079542,378.839900750325,336.85792745188,229.956118806568,342.690692014982,374.525796445503,264.613958737267,401.313235920431,397.655936675892,"PSMA3"
"ENSG00000183684",307.614144224907,-0.293094539545146,0.323508576942468,-0.905986921012202,0.364942775124098,0.806925392165515,405.209357893664,450.767589524449,382.966697054795,144.88513008683,210.678360343742,362.962535767981,253.175946315142,209.006677553348,370.042074679878,286.447073029244,"ALYREF"
"ENSG00000180879",1027.01290799162,0.280415227745031,0.309519946092398,0.90596819780177,0.364952685427187,0.806925392165515,668.256960153991,771.630974574993,860.024349851501,1339.28192124014,1104.34016337047,824.388312621957,1577.54805169469,1612.61115433363,798.456983675455,713.590208399323,"SSR4"
"ENSG00000166165",194.787011323511,0.423089240941543,0.467248131146898,0.905491563771559,0.365205027172586,0.807349485728624,158.602230774609,263.705535082026,197.260863353655,28.0714939543234,185.892670891537,188.23854913499,181.588264943274,329.808702194275,124.042272920861,290.659529985557,"CKB"
"ENSG00000101333",335.635495435222,0.350128834709439,0.386787724572793,0.905222199324335,0.365347683493936,0.80744769800324,327.842416052392,222.136189650377,482.00980836207,120.435764384678,249.233877269394,613.947267947968,314.28738163259,278.995152146901,268.931986668757,478.53511023709,"PLCB4"
"ENSG00000167792",705.461085460124,-0.154569314908093,0.170761038354666,-0.90517905253689,0.365370537410928,0.80744769800324,849.102186707965,685.894199622216,807.201357154288,661.943938084206,729.800856092701,620.704549198968,829.369479308223,609.762600568485,670.245222589188,590.586465275001,"NDUFV1"
"ENSG00000165118",105.558387346526,-0.371290209889292,0.410286972645136,-0.90495247142645,0.365490567159224,0.807579140855296,125.721280492068,149.38983514499,171.674726265943,42.5600069630064,48.1943961570652,99.4285669789949,63.7304968310529,81.4934293212597,142.804969665192,130.586165645685,"C9orf64"
"ENSG00000117676",9.63976701053289,-0.511704344105763,0.565661368558816,-0.904612498833845,0.36567071141991,0.807709552535167,16.4404751412704,9.09329431317332,14.0311074351972,7.24425650434151,8.26189648406832,10.6185848229995,7.85718454081474,1.91749245461788,12.5084644962212,8.42491391262483,"RPS6KA1"
"ENSG00000188921",141.422462283456,-0.334911628786321,0.370371885254565,-0.904257699139687,0.365858771335252,0.807991129872206,279.488077401597,89.6339010869942,107.296703916214,168.42896372594,209.301377596397,92.6712857279952,83.8099684353572,105.462085003983,132.381249251675,145.75101068841,"HACD4"
"ENSG00000152818",308.348094741928,-0.292851850663894,0.323960597485604,-0.903973671294725,0.366009362453764,0.808176959395315,275.619730309533,581.970836043093,267.416400529641,262.60429828238,235.464049795947,342.690692014982,152.77858829362,255.026496464178,336.686169356622,373.22368632928,"UTRN"
"ENSG00000136720",364.044105735587,0.227094074895238,0.251246269746219,0.903870434074993,0.366064108248264,0.808176959395315,345.249977966678,358.535604347977,359.856637749764,258.076637967166,358.015514309627,218.163651817989,510.716995152958,434.312040970949,358.575982225009,438.938014847754,"HS6ST1"
"ENSG00000089597",842.331088333996,-0.268922950668777,0.297659749083236,-0.903457560174106,0.366283102735665,0.808526603969806,735.953034265104,746.949175724951,590.957230800072,1677.9509128181,783.503183239146,783.844625115959,732.464203304841,1022.02347831133,654.609641968911,695.055397791549,"GANAB"
"ENSG00000109466",369.557377673788,0.215077749168826,0.238137798400069,0.903165102784304,0.366438275940888,0.808729835561846,298.829812861915,268.901703260983,425.885378621281,353.157504586649,382.801203761832,436.327303635977,264.525212874096,412.260877742843,524.31313679994,328.571642592368,"KLHL2"
"ENSG00000126106",23.3938441424607,0.298245400184904,0.330285748794606,0.902992034241153,0.36653012264392,0.808729835561846,25.1442560984135,18.1865886263466,20.6339815223489,18.1106412608538,24.785689452205,21.2371696459989,27.9366561451191,24.9274019100324,30.2287891992013,22.747267564087,"TMEM53"
"ENSG00000122359",1845.86383788599,0.214293624547549,0.237413876160711,0.902616258210991,0.366729594725482,0.808729835561846,1824.89274068101,2087.56056589565,1733.25444787731,1091.16613596644,2329.85480850727,1309.94723680093,2007.0741399259,1817.78284697775,1941.93911303835,2315.1663431893,"ANXA11"
"ENSG00000143157",487.262182440564,-0.189509119297594,0.209955745198373,-0.902614592034812,0.366730479327557,0.808729835561846,557.041981257162,541.700532656182,494.390197275479,510.720083556077,517.745513001615,602.363357231969,378.017878463643,344.189895603909,538.906345378865,387.546039980742,"POGK"
"ENSG00000198182",20.9814730136843,-0.477279285240911,0.528783576063716,-0.902598542855273,0.366739000185802,0.808729835561846,21.2759090063499,41.5693454316495,18.157903739667,20.8272374499818,12.3928447261025,5.7919553579997,18.3334305952344,12.4637009550162,17.7203247029801,41.2820781718617,"ZNF607"
"ENSG00000171724",16.8199536406407,1.52491251878671,1.6898890352137,0.902374349445894,0.366858042244876,0.808816930824904,0,0,1.65071852178791,29.8825580804087,13.7698274734472,3.8613035719998,0.873020504534971,0.958746227308938,92.7711116803075,24.432250346612,"VAT1L"
"ENSG00000155893",57.3247769281391,0.261189370799149,0.289472018515225,0.902295745678133,0.366899784920947,0.808816930824904,62.8606402460339,50.6626397448228,42.0933223055917,49.8042634673479,57.8332753884782,47.3009687569975,57.6193532993081,70.9472208208614,44.8219977781261,89.3040874738232,"PXYLP1"
"ENSG00000196323",831.766513697134,-0.160288345043216,0.177680089478971,-0.902117651523285,0.366994373104046,0.808860608426148,753.36059617939,1097.69052780449,923.577012940336,776.946510090627,950.118095667857,750.058218860961,784.845433576939,811.099308303362,671.28759463054,798.681838916834,"ZBTB44"
"ENSG00000070047",198.999171244007,-0.218344348246334,0.242235886439401,-0.901370773157329,0.367391215681854,0.809498867263982,144.09592917937,300.07871233472,183.229755918458,242.682592895441,221.6942223225,175.689312525991,194.683572511299,183.120529416007,150.101573954655,194.615511381634,"PHRF1"
"ENSG00000180758",42.2712613559618,0.274582567361853,0.304719493517325,0.901099447863982,0.367535446472593,0.809669088775305,42.5518180126998,25.9808408947809,32.1890111748642,48.8987314043052,42.6864651676863,48.2662946499975,41.9049842176786,32.5973717285039,60.4575783984026,47.1795179106991,"GPR157"
"ENSG00000166337",862.104747370039,0.241598767397992,0.268146013537852,0.900997050861945,0.367589887720962,0.809669088775305,705.006257528595,750.846301859169,809.67743493697,843.050350692743,789.011114228524,671.866821527965,1249.29234198954,1420.86190887185,719.236708532721,662.198233532312,"TAF10"
"ENSG00000065268",177.053760008569,-0.313685821106674,0.348407286890683,-0.900342308871102,0.367938112071947,0.809878501499751,185.680660419054,192.258222621379,333.445141401158,90.5532063042689,143.206205723851,186.30789734899,151.03254728455,109.297069913219,239.745569510907,139.01107955831,"WDR18"
"ENSG00000115504",1161.65221381914,0.282919407962289,0.314242985254041,0.900320520229178,0.367949703885731,0.809878501499751,1473.84024207624,1312.03246518644,737.045819978302,589.501373040791,1894.72826034633,966.29121889295,1143.65686094081,1113.10436990568,902.694187810632,1483.62734001323,"EHBP1"
"ENSG00000111331",20.9848795749086,-0.737517207965504,0.819244743893064,-0.900240390265808,0.367992335924608,0.809878501499751,42.5518180126998,41.5693454316495,7.4282333480456,19.0161733238965,16.5237929681366,2.89597767899985,5.23812302720983,0.958746227308938,45.8643698194779,27.8022159116619,"OAS3"
"ENSG00000109572",199.068504205894,-0.177903607446071,0.197634916573496,-0.900162838280211,0.368033599314663,0.809878501499751,203.08822233334,170.174507860815,198.911581875443,282.526003669319,188.646636386227,201.75311163699,166.74691636618,201.336707734877,198.050687856836,179.450666338909,"CLCN3"
"ENSG00000100417",588.805145916453,0.214699213781748,0.238519349453371,0.90013331947193,0.368049306260028,0.809878501499751,464.201651047635,658.614316682696,680.921390237513,345.007716019265,641.673960262639,683.450732243965,653.019337392158,713.30719311785,592.067319487805,455.787842673003,"PMM1"
"ENSG00000096433",363.553400736446,-0.318815212470897,0.354564930774586,-0.899172999919677,0.368560519515154,0.810869622034576,263.047602260326,705.379830293302,423.409300838599,258.982170030209,492.95982354941,464.321754532976,213.017003106533,247.356526645706,259.550638296591,307.509357810806,"ITPR3"
"ENSG00000038210",387.880865804567,-0.319159817411145,0.355045815789844,-0.89892572512405,0.36869222444229,0.810926905871999,562.844501895257,423.487706584929,501.818430623525,272.565150975849,415.848789698105,532.859892935972,166.74691636618,197.501722825641,477.40639493911,327.729151201106,"PI4K2B"
"ENSG00000188452",150.282611627873,-0.501767274484239,0.558463346790821,-0.89847843617243,0.368930536442604,0.810926905871999,208.890742971436,33.7750931632152,52.8229926972131,433.749858197448,174.876808912779,93.6366116209951,134.445157698386,172.574320915609,75.0507869773274,123.003743124323,"CERKL"
"ENSG00000147601",200.910062857439,0.254105072444911,0.282853240131422,0.898363661405632,0.368991702970807,0.810926905871999,235.002085842865,155.885045368685,207.990533745277,121.34129644772,185.892670891537,156.382794665992,192.937531502229,340.354910694673,217.85575664252,195.458002772896,"TERF1"
"ENSG00000204253",8.94639413361791,0.477012469092125,0.531101346178671,0.898157145569823,0.369101776640594,0.810926905871999,10.637954503175,5.19616817895618,4.95215556536373,8.1497885673842,9.63887923141304,9.6532589299995,12.2222870634896,5.75247736385363,11.4660924548695,11.7948794776748,"HNRNPCP2"
"ENSG00000101898",7.80418516844043,-0.59601876728843,0.663705120058253,-0.898017431651149,0.369176256232381,0.810926905871999,7.73669418412724,15.5885045368685,4.12679630446978,11.771916819555,8.26189648406832,10.6185848229995,6.1111435317448,1.91749245461788,9.38134837216593,2.52747417378745,"MCTS2P"
"ENSG00000057757",423.000045859267,0.228856630670031,0.254867667288436,0.897942972150454,0.369215953397936,0.810926905871999,394.571403390489,435.17908498758,482.00980836207,222.760887508501,337.360773099456,587.88346883697,472.304092953419,397.879684333209,484.702999228573,415.348255892404,"PITHD1"
"ENSG00000147394",44.9298068798906,0.396535318129297,0.441609689609254,0.897931651998306,0.369221988830045,0.810926905871999,29.9796899634931,49.3635977000837,49.5215556536373,22.6383015760672,30.2936204415838,106.185848229994,27.9366561451191,45.0610726835201,34.3982773646084,53.9194490407989,"ZNF185"
"ENSG00000115091",1960.79258059598,-0.2904964950228,0.323523139844137,-0.897915664279075,0.369230512918394,0.810926905871999,2432.223234135,1865.42437624527,2654.35538303496,1854.52966511143,1412.78429877568,2329.33137980888,1007.46566223336,1115.9806085876,3117.73477568314,1818.09642234444,"ACTR3"
"ENSG00000064655",21.7138726320379,-0.67588283819553,0.752780597663428,-0.897848377460069,0.369266389219773,0.810926905871999,11.6050412761909,51.9616817895618,42.9186815664857,5.43319237825613,31.6706031889286,4.82662946499975,16.5873895861645,41.2260877742843,4.16948816540708,6.73993113009986,"EYA2"
"ENSG00000135775",87.0373205543378,-0.219474516556336,0.244451938909095,-0.897822768499095,0.369280044095003,0.810926905871999,95.7415905285746,93.5310272212113,78.4091297849257,113.191507880336,63.3412063778571,85.9140044769955,86.4290299489622,61.359758547772,107.364320259232,85.0916305175108,"COG2"
"ENSG00000186575",1558.64638333335,-0.332470834556566,0.370438974347337,-0.897505007787949,0.369449502421862,0.810926905871999,1234.96980914131,3652.9062298062,1400.63466573704,825.845241494932,1612.44679714067,1725.03737079091,1561.83368261306,1294.30740686707,902.694187810632,1375.78844193163,"NF2"
"ENSG00000140987",121.430647321171,0.180572675331939,0.20121312905666,0.89741994559953,0.369494873362052,0.810926905871999,106.37954503175,113.016657892297,128.756044699457,101.419591060781,133.567326492438,148.660187521992,128.334014166641,102.585846322056,112.576180465991,139.01107955831,"ZSCAN32"
"ENSG00000107651",247.732040064658,-0.206489547309598,0.230117934147274,-0.897320532946581,0.369547903021695,0.810926905871999,256.277994849215,248.117030545158,255.861370877126,316.936222064941,191.400601880916,251.950058072987,176.350141916064,185.038021870625,310.626868322827,284.762090246719,"SEC23IP"
"ENSG00000254470",42.7867705685393,-0.304486733541914,0.339344793170351,-0.897278342470579,0.369570410103696,0.810926905871999,39.6505576936521,63.6530601922132,36.315807479334,54.3319237825613,34.424568683618,47.3009687569975,30.555717658724,22.0511632281056,44.8219977781261,54.7619404320614,"AP5B1"
"ENSG00000109107",123.135048757459,0.296979349258239,0.330989354295507,0.897247435315083,0.369586898485965,0.810926905871999,130.556714357147,109.11953175808,90.7895186983351,102.325123123824,212.055343091087,74.3300937609961,183.334305952344,121.760770868235,78.1779031013827,128.90118286316,"ALDOC"
"ENSG00000103126",440.884469315099,0.177822271609151,0.198200226427181,0.897185007376785,0.36962020400359,0.810926905871999,406.17644466668,453.365673613927,434.964330491114,340.480055704051,517.745513001615,460.460450960976,592.780922579245,430.477056061713,425.287792871522,347.106453200143,"AXIN1"
"ENSG00000108039",369.120720393051,-0.178391496750252,0.198868261259474,-0.897033521691508,0.369701029887915,0.810970828226171,296.895639315883,374.124108884845,370.586308141386,545.130301951699,358.015514309627,324.349500047983,334.366853236894,363.364820150087,363.787842431768,360.586315460343,"XPNPEP1"
"ENSG00000198931",937.506820378969,0.270462043676417,0.301563767057306,0.896865184818509,0.369790859685693,0.811034483740846,917.765347592094,1039.23363579124,1036.65123168281,344.102183956222,966.641888635993,849.486785839956,1274.60993662106,1173.50538222614,955.855161919573,817.216649524609,"APRT"
"ENSG00000075624",27281.1242379226,-0.319469689524299,0.356332035757455,-0.89655056931719,0.369958784677214,0.811233958020171,24356.0803784056,51540.7921670664,33579.7415294706,14414.2593795135,21058.1971551428,23799.1445660208,15837.4649727689,18023.4703271807,38482.2910226246,31719.8008810325,"ACTB"
"ENSG00000149577",419.632798545365,0.21615011099667,0.241162451385472,0.896284267119086,0.370100959621306,0.81126088086452,324.941155733344,348.143267990064,322.715471009536,533.358385132144,560.431978169301,360.066558088981,470.558051944349,539.774125974932,408.609840209894,327.729151201106,"SIDT2"
"ENSG00000219200",35.0679539289377,0.335354867165094,0.374195006421356,0.89620348056562,0.370144097119251,0.81126088086452,26.1113428714294,25.9808408947809,27.2368556095005,41.6544748999637,42.6864651676863,25.0984732179987,54.1272712811682,55.6072811839184,26.0593010337942,26.117233129137,"RNASEK"
"ENSG00000263753",350.129616601744,-0.239411520666835,0.267169907474994,-0.896102120667326,0.370198224558856,0.81126088086452,466.135824593666,266.303619171504,263.289604225172,546.035834014741,316.706031889286,280.909834862985,331.747791723289,289.541360647299,299.160775867958,441.465489021541,"LINC00667"
"ENSG00000157450",125.423781676929,-0.269539563622451,0.300902148176193,-0.895771483374793,0.370374823139578,0.811371991383423,96.7086773015905,149.38983514499,134.533559525715,178.38981641941,108.781637040233,100.393892871995,63.7304968310529,114.090801049764,135.50836537573,172.710735208809,"RNF111"
"ENSG00000153147",286.501387523462,-0.190889802924037,0.213124809269723,-0.895671431111775,0.370428272937803,0.811371991383423,261.113428714294,323.461469140022,313.636519139703,340.480055704051,240.971980785326,234.574191998988,216.509085124673,255.985242691486,299.160775867958,379.121126068117,"SMARCA5"
"ENSG00000166169",191.393568277665,0.274361189772206,0.306321038698638,0.895665511379145,0.370431435520257,0.811371991383423,152.799710136513,164.978339681859,134.533559525715,227.288547823715,298.805256173804,145.764209842992,286.350725487471,221.470378508365,130.296505168971,151.648450427247,"POLL"
"ENSG00000166912",202.60467334681,-0.254445530503953,0.28413380527889,-0.895513049755567,0.370512893026064,0.811417151771531,227.265391658738,161.081213547642,183.229755918458,325.086010632325,207.924394849053,208.510392887989,105.635481048732,175.450559597536,195.965943774133,235.897589553495,"MTMR10"
"ENSG00000118518",279.123342162815,-0.184114339986315,0.205652405360332,-0.89526956742237,0.370643004325725,0.811568830847512,263.047602260326,250.715114634636,287.225022791096,401.150703927911,278.150514963633,276.083205397986,242.699700260722,216.67664737182,259.550638296591,315.934271723431,"RNF146"
"ENSG00000106701",59.2616049612164,-0.285239944719207,0.318683834156433,-0.895056209783114,0.370757041007161,0.811685268534555,63.8277270190498,54.5597658790399,69.3301779150922,77.8757574216713,34.424568683618,64.6768348309966,33.1747791723289,49.8548038200648,83.3897633081416,61.5018715621613,"FSD1L"
"ENSG00000164620",17.4328935070123,-0.375876430189643,0.420154396301382,-0.89461501176349,0.370992924276058,0.81206837864267,23.2100825523817,15.5885045368685,27.2368556095005,14.488513008683,16.5237929681366,22.2024955389988,9.60322554988468,11.5049547277073,14.5932085789248,19.3773019990371,"RELL2"
"ENSG00000144306",141.737408979254,0.236671320492284,0.264586108551253,0.894496395854576,0.371056357281113,0.812070466366545,169.240185277783,126.007078339687,126.279966916775,90.5532063042689,183.138705396848,151.556165200992,129.207034671176,109.297069913219,128.211761086268,203.882916685521,"SCRN3"
"ENSG00000114391",7103.82017302069,0.277138127452481,0.309864281199968,0.894385523814643,0.371115655132646,0.812070466366545,5421.48844952717,4738.90537920804,6643.31669093544,8406.95967328833,9111.49483918001,5454.09129544972,11021.883869754,10084.0928188354,6197.94415787762,3958.02455615115,"RPL24"
"ENSG00000088826",212.359685349311,0.237916838887612,0.266078991213926,0.894158677474569,0.371236998008646,0.812124214308021,150.865536590481,213.042895337204,269.892478312323,133.113213267275,217.563274080466,259.672665216987,286.350725487471,211.882916235275,226.194732973334,155.018415992297,"SMOX"
"ENSG00000136824",136.437017212364,-0.2628084840057,0.293943628495168,-0.894077838499635,0.371280245711983,0.812124214308021,181.81231332699,170.174507860815,166.722570700579,88.7421421781835,72.9800856092701,108.116500015994,152.77858829362,116.96703973169,159.482922326821,146.593502079672,"SMC2"
"ENSG00000072121",98.870581975221,-0.249547758268623,0.279192487771045,-0.893819745154703,0.371418342906748,0.812124214308021,71.564421203177,113.016657892297,82.5359260893955,170.240027852026,89.5038785774068,98.4632410859949,88.1750709580321,81.4934293212597,87.5592514735486,106.153915299073,"ZFYVE26"
"ENSG00000043093",285.353615358331,-0.22971055683236,0.2570008097078,-0.893812580176428,0.371422177103689,0.812124214308021,320.105721868265,381.918361153279,294.653256139142,256.265573841081,236.841032543292,253.880709858987,161.50879333897,250.232765327633,314.796356488234,383.33358302443,"DCUN1D1"
"ENSG00000115109",77.0254023011466,-0.31620471538497,0.353802905064388,-0.893731257880499,0.37146569684887,0.812124214308021,63.8277270190498,140.296540831817,76.7584112631378,69.725968854287,59.2102581358229,72.3994419749963,41.0319637131436,67.1122359116257,59.4152063570509,120.476268950535,"EPB41L5"
"ENSG00000169330",13.1596278386333,-0.611809999342941,0.684614087279193,-0.893656748686562,0.371505573329327,0.812124214308021,10.637954503175,9.09329431317332,5.77751482625769,40.748942836921,9.63887923141304,19.306517859999,8.73020504534971,1.91749245461788,15.6355806202765,10.1098966951498,"KIAA1024"
"ENSG00000169446",296.182047877306,0.194802779147934,0.218026485837564,0.893482176716215,0.371599012678035,0.812195351046699,258.212168395247,220.837147605638,255.861370877126,354.968568712734,228.579136059223,357.170580409981,313.414361128055,350.901119195071,356.491238142305,265.384788247682,"MMGT1"
"ENSG00000072062",1022.60072328612,-0.22529833104062,0.252245516090933,-0.893170806490771,0.371765709241745,0.812297244457592,1204.99011917782,1628.99872410276,1019.31868720403,626.628187625541,1093.32430139171,1055.10120104895,859.052176462412,860.954112123426,987.126323160126,890.513400564445,"PRKACA"
"ENSG00000198865",13.3430431871349,-0.645306717825029,0.722598207384847,-0.893036698998268,0.371837519917461,0.812297244457592,42.5518180126998,5.19616817895618,16.5071852178791,3.62212825217076,8.26189648406832,11.5839107159994,5.23812302720983,7.6699698184715,26.0593010337942,6.73993113009986,"CCDC152"
"ENSG00000182318",49.2065128352909,-0.264130874748017,0.295777439170981,-0.89300548239357,0.371854236738632,0.812297244457592,42.5518180126998,68.8492283711694,47.8708371318494,59.7651161608175,53.7023271464441,39.5783616129979,61.111435317448,48.8960575927558,38.5677655300155,31.1721814767119,"ZSCAN22"
"ENSG00000140961",29.6131235145266,0.407717920060788,0.456644637782962,0.892856033611352,0.371934274594263,0.812297244457592,9.67086773015905,44.1674295211276,27.2368556095005,19.0161733238965,17.9007757154814,41.5090133989979,38.4129021995387,22.0511632281056,28.1440451164978,48.0220093019615,"OSGIN1"
"ENSG00000186453",7.91759740305932,-1.01587386153822,1.13798970198525,-0.892691612029539,0.372022343528199,0.812297244457592,0,1.29904204473905,22.2847000441368,21.7327695130245,9.63887923141304,1.9306517859999,4.36510252267486,1.91749245461788,0,16.0073364339872,"FAM228A"
"ENSG00000102359",98.3914696477705,-0.419979584514235,0.470468348119705,-0.89268403749741,0.372026400977217,0.812297244457592,47.3872518777794,68.8492283711694,79.2344890458197,268.037490660636,96.3887923141304,58.8848794729969,135.318178202921,109.297069913219,57.3304622743473,63.1868543446862,"SRPX2"
"ENSG00000167118",978.16170182471,0.235055278419317,0.263338056550897,0.892598971443711,0.372071970187556,0.812297244457592,950.646297874635,1009.35566876224,1086.17278733645,490.798378169137,1295.74076525138,925.747531386952,1313.0228388206,1001.88980753784,951.685673754166,756.55726935371,"URM1"
"ENSG00000159348",88.6367871822637,0.348899046478798,0.391321549379899,0.891591702607932,0.37261181915885,0.81286847661378,63.8277270190498,32.4760511184761,51.9976334363192,155.751514843343,75.7340511039596,89.7753080489953,103.889440039662,120.802024640926,79.2202751427345,112.893846429173,"CYB5R1"
"ENSG00000172803",6.80743188917262,0.721867722831872,0.809734792919988,0.891486606656411,0.372668173618089,0.81286847661378,3.86834709206362,1.29904204473905,1.65071852178791,12.6774488825976,2.75396549468944,10.6185848229995,5.23812302720983,18.2161783188698,4.16948816540708,7.58242252136235,"SNX32"
"ENSG00000188266",9.87007341365201,0.493807746937944,0.55397598306413,0.891388367067132,0.372720856339476,0.81286847661378,9.67086773015905,7.79425226843427,4.95215556536373,9.05532063042689,17.9007757154814,6.75728125099965,6.1111435317448,8.62871604578044,17.7203247029801,10.1098966951498,"HYKK"
"ENSG00000170545",177.177744227509,0.321768386645206,0.360980465968022,0.891373403772241,0.372728881076517,0.81286847661378,168.273098504768,193.557264666118,183.229755918458,71.5370329803724,174.876808912779,321.453522368983,130.953075680246,124.637009550162,253.29640604848,149.963467644722,"SMAGP"
"ENSG00000134250",508.195231655137,-0.365283325416751,0.409818271481509,-0.891330013413598,0.372752151704843,0.81286847661378,390.703056298426,423.487706584929,318.588674705067,1215.22402860329,282.281463205668,358.135906302981,300.31905356003,762.203250710606,469.067418608296,561.941757972076,"NOTCH2"
"ENSG00000131791",492.059893949265,-0.249687756240407,0.280134168310514,-0.89131489295387,0.372760261150924,0.81286847661378,408.110618212712,437.777169077058,524.928489928555,804.112471981908,439.257496402966,542.513151865972,287.223745992006,370.07604374125,634.804573183228,471.795179106991,"PRKAB2"
"ENSG00000162813",104.896293468944,0.239172385965499,0.268383912985217,0.891157682683733,0.37284458306598,0.81291943834412,99.6099376206383,98.7271954001675,115.550296525154,65.1983085390736,103.273706050854,93.6366116209951,131.826096184781,84.3696680031865,100.06771596977,156.703398774822,"BPNT1"
"ENSG00000155657",53.1080159224057,-0.381714619097628,0.42845055029538,-0.890918727574206,0.372972772588485,0.813066013078231,51.255598969843,35.0741352079542,51.1722741754252,108.663847565123,50.9483616517546,63.7115089379967,15.7143690816295,45.0610726835201,65.6694386051615,43.8095523456491,"TTN"
"ENSG00000160886",27.6731457137492,0.634253467078535,0.712294025744228,0.890437718350714,0.373230896886075,0.813295900377714,24.1771693253976,3.89712613421714,42.0933223055917,12.6774488825976,11.0158619787578,5.7919553579997,13.0953075680246,53.6897887293005,47.9491139021814,62.3443629534237,"LY6K"
"ENSG00000072736",110.063150453091,-0.342093683646473,0.384234198045599,-0.890325966263615,0.373290882312783,0.813295900377714,91.873243436511,216.940021471421,119.677092829623,76.0646932955859,123.928447261025,157.348120558992,74.2067428854726,47.9373113654469,108.406692300584,84.2491391262483,"NFATC3"
"ENSG00000198492",368.920052185523,0.158302135649963,0.17782799256866,0.890198069287892,0.373359541193064,0.813295900377714,355.887932469853,281.892123708373,373.062385924068,368.551549658374,327.721893868043,345.586669693982,408.573596122366,398.838430560518,360.660726307712,468.425213541941,"YTHDF2"
"ENSG00000186787",19.4104267703592,0.374959290344502,0.421275681420295,0.890056812869803,0.373435380902245,0.813295900377714,20.308822233334,10.3923363579124,21.4593407832428,13.5829809456403,16.5237929681366,15.4452142879992,25.3175946315142,29.7211330465771,13.550836537573,27.8022159116619,"SPIN2B"
"ENSG00000149136",922.881905233717,-0.180599916363178,0.202908557339354,-0.890055691742628,0.373435982866728,0.813295900377714,1113.11687574131,958.693029017416,1007.76365755152,891.043550034006,1056.1457672134,1044.48261622595,821.512294767408,735.358356345955,983.999207036071,616.703698404138,"SSRP1"
"ENSG00000166441",10505.0182471343,0.283803130719038,0.31886539204945,0.890040555655616,0.373444109913258,0.813295900377714,7548.11226338914,8215.14189092973,8716.61915430106,12691.0318635433,13275.4906671504,8129.97467084558,15897.7033875818,15838.4876751437,9450.14492689514,5287.47597156334,"RPL27A"
"ENSG00000196743",109.233700481048,0.309149577393636,0.347551212341681,0.889507981602746,0.37373013555827,0.813765367170872,94.7745037555587,119.511868115992,78.4091297849257,90.5532063042689,68.849137367236,72.3994419749963,106.508501553266,199.419215280259,91.7287396389557,170.183261035022,"GM2A"
"ENSG00000003509",74.5875532491616,-0.317016369868721,0.356458849008824,-0.889349137355467,0.373815471115024,0.813765367170872,62.8606402460339,42.8683874763885,85.0120038720774,146.696194212916,72.9800856092701,49.2316205429974,48.8891482539584,81.4934293212597,83.3897633081416,72.4542596485736,"NDUFAF7"
"ENSG00000179562",238.813791064187,0.221862786481512,0.249522819776241,0.889148281830363,0.37392339356164,0.813765367170872,250.47547421112,252.014156679375,239.354185659247,126.774488825976,313.952066394596,207.545066994989,228.731372188162,212.841662462584,287.694683413088,268.754753812732,"GCC1"
"ENSG00000115128",640.24982120914,0.222268195000988,0.2500004123853,0.889071313444189,0.373964754846688,0.813765367170872,758.19603004447,561.186163327268,687.524264324665,321.463882380155,638.91999476795,700.826598317964,849.448950912527,644.277464751606,666.075734423781,574.579128841013,"SF3B6"
"ENSG00000180340",120.219108888949,0.272952751489886,0.307154444605777,0.888649851185493,0.374191290492995,0.81398762579694,78.3340286142883,77.9425226843427,153.516822526276,116.813636132507,128.059395503059,99.4285669789949,204.286798061183,111.214562367837,136.550737417082,96.0440186039231,"FZD2"
"ENSG00000146425",1279.09320969098,0.215138134010014,0.24214026549554,0.888485579090839,0.374279609604425,0.81398762579694,1405.17708119211,819.695530230338,1528.5653511756,910.965255420945,1488.51834987964,1467.29535735992,1291.19732620722,1253.08131909278,1658.41391779067,968.022608560593,"DYNLT1"
"ENSG00000160752",188.645131047563,-0.20118836261576,0.226454539351397,-0.888427157132717,0.37431102264472,0.81398762579694,185.680660419054,210.444811247725,187.356552222928,235.438336391099,179.007757154814,141.902906270993,176.350141916064,133.265725595942,187.626967443319,249.377451813695,"FDPS"
"ENSG00000148834",937.00151283362,0.262920254495017,0.296027734455696,0.888160884582139,0.374454216010261,0.814104893877372,982.56016138416,949.599734704243,1028.39763907387,386.662190919228,753.209562797562,1004.90425461295,963.814637006608,772.749459211004,1347.78704946784,1180.33043915874,"GSTO1"
"ENSG00000197653",11.6462014052154,-0.442506485620597,0.49835907924427,-0.887927006951755,0.374580016300771,0.814104893877372,11.6050412761909,19.4856306710857,7.4282333480456,17.2051091978111,11.0158619787578,4.82662946499975,9.60322554988468,10.5462085003983,10.4237204135177,14.3223536514622,"DNAH10"
"ENSG00000157657",250.354339577889,-0.284094036267442,0.319972824504811,-0.887869264232378,0.374611079517202,0.814104893877372,247.574213892072,337.750931632152,245.131700485505,290.675792236703,329.098876615388,256.776687537987,126.587973157571,124.637009550162,326.262448943104,219.047761728246,"ZNF618"
"ENSG00000103266",621.462692155827,0.266680628452771,0.300505838219172,0.887439092808137,0.374842544237471,0.814104893877372,695.335389798436,674.202821219565,599.210823409011,248.115785273697,575.578788390093,576.29955812097,795.321679631359,838.902948895321,475.321650856407,736.33747596341,"STUB1"
"ENSG00000162585",665.326647181766,0.334408293520126,0.376854673514993,0.887366714603905,0.37488149786489,0.814104893877372,580.252063809543,761.238638217081,666.064923541422,294.297920488874,608.626374326366,399.644919701979,989.132231638122,1309.64734650401,420.075932664763,624.2861209255,"FAAP20"
"ENSG00000018189",197.81208972169,-0.327339974782322,0.368941121260566,-0.887241773603048,0.374948746442612,0.814104893877372,182.779400100006,163.67929763712,129.581403960351,424.694537567021,132.190343745093,215.267674138989,118.730788616756,183.120529416007,277.270962999571,150.805959035984,"RUFY3"
"ENSG00000123933",1801.17131661328,0.27663845252969,0.311820248902398,0.887172829549886,0.374985858265731,0.814104893877372,1753.32831947784,2078.46727158247,1790.20423687899,772.418849775414,2327.10084301258,1583.13446451992,2138.02721560614,2270.31106626757,1047.58390155853,2251.13699745335,"MXD4"
"ENSG00000033100",262.940502967893,-0.357739666651597,0.403275078302733,-0.887085976542907,0.375032613512191,0.814104893877372,254.343821303183,188.361096487162,134.533559525715,633.872444129882,269.888618479565,173.758660739991,330.001750714219,224.346617190291,153.22869007871,267.069771030207,"CHPF2"
"ENSG00000132881",44.9292472440481,0.292111889063293,0.329305556000934,0.887054238047731,0.375049700073441,0.814104893877372,49.3214254238112,54.5597658790399,37.141166740228,18.1106412608538,53.7023271464441,46.3356428639976,47.1431072448884,40.2673415469754,47.9491139021814,54.7619404320614,"RSG1"
"ENSG00000204394",362.878473833885,-0.191170477941445,0.215533418269456,-0.886964441414123,0.375098045099833,0.814104893877372,347.18415151271,418.291538405973,444.868641621842,357.685164901862,326.344911120699,402.540897380979,317.779463650729,278.995152146901,468.025046566945,267.069771030207,"VARS"
"ENSG00000247746",10.2157806116951,0.448411813196797,0.505709749000621,0.886697980576693,0.375241525885673,0.814104893877372,10.637954503175,6.49521022369523,9.90431113072746,6.33872444129882,11.0158619787578,10.6185848229995,13.9683280725595,17.2574320915609,8.33897633081416,7.58242252136235,"USP51"
"ENSG00000237840",8.9625735491107,0.53715692326345,0.60580244063972,0.886686627898393,0.375247639699152,0.814104893877372,5.80252063809543,6.49521022369523,7.4282333480456,8.1497885673842,20.6547412101708,3.8613035719998,6.1111435317448,10.5462085003983,6.25423224811062,14.3223536514622,"FAM21FP"
"ENSG00000115486",161.938990202393,-0.272592163385762,0.307436635076021,-0.88666128979182,0.375261285375821,0.814104893877372,146.030102725402,107.820489713341,158.468978091639,308.786433497557,177.630774407469,153.486816986992,146.667444761875,169.698082233682,148.016829871951,102.783949734023,"GGCX"
"ENSG00000162341",67.4445419471867,-0.350259151035534,0.395047462630101,-0.886625492298112,0.375280564411643,0.814104893877372,57.0581196079384,46.7655136106057,47.0454778709554,158.468111032471,60.5872408831677,70.4687901889964,48.0161277494234,83.4109217758776,56.2880902329956,46.3370265194366,"TPCN2"
"ENSG00000005073",124.290308895099,0.268464496092706,0.302886999007464,0.886351995867905,0.375427878368396,0.814292017205936,112.182065669845,94.8300692659503,161.770415135215,73.3480971064578,167.991895176056,101.359218764995,119.603809121291,115.049547277073,102.152460052473,194.615511381634,"HOXA11"
"ENSG00000108443",354.359948089407,-0.207384109003468,0.234137566176383,-0.885736160968032,0.37575971756282,0.814779936680594,438.090308176205,394.90878160067,421.758582316811,286.14813192149,362.146462551661,412.194156310979,232.223454206302,252.150257782251,382.550539176099,361.428806851605,"RPS6KB1"
"ENSG00000240065",52.7723081989772,-0.494227933875492,0.558114550976035,-0.885531353753782,0.37587011690654,0.814779936680594,127.6554540381,53.2607238343009,46.2201186100615,28.0714939543234,88.1268958300621,20.2718437529989,86.4290299489622,30.679879273886,16.6779526616283,30.3296900854494,"PSMB9"
"ENSG00000067141",63.4248968011873,0.308635645658909,0.348552055030742,0.885479345780039,0.375898154488782,0.814779936680594,38.6834709206362,70.1482704159085,32.1890111748642,81.497885673842,64.7181891252018,67.5728125099965,59.365394308378,108.33832368591,51.0762300262367,60.6593801708988,"NEO1"
"ENSG00000196867",100.671657350768,-0.178442774530426,0.201539386495821,-0.885399016207317,0.375941462827945,0.814779936680594,95.7415905285746,128.605162429166,109.772781698896,99.6085269346958,88.1268958300621,105.220522336995,87.3020504534971,107.379577458601,99.0253439284181,85.9341219087733,"ZFP28"
"ENSG00000125991",2016.76074673494,0.273887247074516,0.309349011120255,0.885366486489417,0.375959001554949,0.814779936680594,1350.0531351302,1444.53475374982,1942.89570014437,2429.54252514353,2745.70359820537,1446.05818771393,2853.03100882029,3062.23545002475,1531.24452874575,1362.30857967144,"ERGIC3"
"ENSG00000080608",104.501171094254,-0.268858328962669,0.303707383952513,-0.885254502092407,0.376019382939871,0.814779936680594,85.1036360253997,74.0453965501256,105.645985394426,200.122585932434,88.1268958300621,98.4632410859949,99.5243375169867,79.5759368666419,103.194832093825,111.208863646648,"PUM3"
"ENSG00000166797",339.051134003482,0.158468645636231,0.179074425436887,0.884931755328077,0.376193439747669,0.814826180587156,297.862726088899,310.471048692632,373.062385924068,286.14813192149,340.114738594146,384.19970541398,425.160985708531,324.056224830421,359.61835426636,289.817038594294,"FAM96A"
"ENSG00000140326",74.2973819159321,-0.260109693780084,0.293936890948005,-0.884916802859207,0.376201504795042,0.814826180587156,52.2226857428589,85.736774952777,70.9808964368801,121.34129644772,55.0793098937888,66.6074866169966,93.4131939852419,71.9059670481704,66.7118106465133,58.9743973883738,"CDAN1"
"ENSG00000082213",176.266915976645,-0.193243323789494,0.218384863808795,-0.88487507979805,0.376224009901455,0.814826180587156,170.207272050799,203.94960102403,196.435504092761,191.97279736505,159.729998691988,175.689312525991,112.619645085011,147.646919005576,202.220176022243,202.197933902996,"C5orf22"
"ENSG00000114784",425.009506829315,0.17094038709973,0.193321696177716,0.88422763962607,0.37657334075599,0.815104638739396,358.789192788901,363.731772526933,518.325615841404,339.574523641008,386.932152003866,459.495125067976,532.542507766332,477.455621199851,405.482724085838,407.765833371042,"EIF1B"
"ENSG00000183397",8.11371741467208,-0.501848349450813,0.567584851645688,-0.884182070743651,0.376597935299624,0.815104638739396,9.67086773015905,10.3923363579124,5.77751482625769,13.5829809456403,6.8849137367236,8.68793303699955,8.73020504534971,8.62871604578044,6.25423224811062,2.52747417378745,"C19orf71"
"ENSG00000106823",67.8562112827816,0.41783522432897,0.472600965700792,0.884118431094161,0.376632284698206,0.815104638739396,65.7619005650816,23.3827568053028,39.6172445229098,96.8919307455677,59.2102581358229,54.0582500079972,144.04838324827,104.503338776674,31.2711612405531,59.8168887796363,"ECM2"
"ENSG00000224577",13.4251060622237,-0.463367983714545,0.524280356494474,-0.883817175247209,0.376794913286527,0.815104638739396,18.3746486873022,18.1865886263466,14.8564666960912,13.5829809456403,4.13094824203416,5.7919553579997,16.5873895861645,14.3811934096341,7.29660428946239,21.0622847815621,"LINC01117"
"ENSG00000125375",80.6143745594992,0.213912545136968,0.242054304961183,0.883737825572952,0.376837756260087,0.815104638739396,65.7619005650816,64.9521022369523,88.3134409156532,74.2536291695005,97.7657750614751,59.8502053659969,80.3178864172174,78.6171906393329,101.110088011122,95.2015272126606,"ATP5S"
"ENSG00000154319",761.015767990021,0.42100819283993,0.47641739701247,0.883696093971376,0.376860289453575,0.815104638739396,538.667332569859,1024.94417329911,806.375997893394,160.279175158556,576.955771137438,1147.77248677694,370.160693922828,572.371497703436,1619.84615226065,792.784399177997,"FAM167A"
"ENSG00000104450",24.6925365992673,-0.402036323018406,0.454958655012461,-0.883676612344906,0.376870808942775,0.815104638739396,29.0126031904772,35.0741352079542,28.0622148703945,23.5438336391099,16.5237929681366,22.2024955389988,7.85718454081474,21.0924170007966,45.8643698194779,17.6923192165121,"SPAG1"
"ENSG00000156136",222.405287053778,-0.319810121270018,0.36193780490565,-0.883605185574318,0.376909378788234,0.815104638739396,222.429957793658,298.779670289981,334.270500662052,154.8459827803,148.71413671323,361.031883981981,98.6513170124517,169.698082233682,259.550638296591,176.080700773859,"DCK"
"ENSG00000135521",154.604389660354,-0.267379261059488,0.302634853201205,-0.883504521145561,0.37696374085211,0.815104638739396,201.154048787308,109.11953175808,222.847000441368,154.8459827803,106.027671545543,149.625513414992,161.50879333897,80.5346830939508,183.457479277911,176.923192165121,"LTV1"
"ENSG00000151388",169.037041035795,-0.413664006145794,0.468276582757026,-0.883375384073884,0.377033486148534,0.815123294660885,192.450267830165,81.8396488185599,109.772781698896,410.206024558338,203.793446607019,50.1969464359974,121.349850130361,166.821843551755,215.771012559816,138.168588167047,"ADAMTS12"
"ENSG00000140104",121.124712867351,0.245414541501695,0.277905871816644,0.883085124821021,0.377190280534645,0.815206230587492,120.885846626988,109.11953175808,116.375655786048,89.6476742412262,143.206205723851,141.902906270993,140.55630123013,159.151873733284,61.4999504397544,128.90118286316,"C14orf79"
"ENSG00000112851",1403.55385092944,-0.241248676730471,0.273193758220416,-0.883068040433883,0.3771995105576,0.815206230587492,1761.06501366196,2075.869187493,1528.5653511756,821.317581179719,1240.66145535759,1406.47982610093,962.068595997538,1103.51690763259,1407.20225582489,1728.79233487062,"ERBIN"
"ENSG00000123836",37.0828195962109,-0.285830690241775,0.323716922253604,-0.882964931990337,0.377255218953738,0.815206230587492,41.5847312396839,49.3635977000837,33.0143704357582,42.5600069630064,41.3094824203416,28.9597767899985,24.4445741269792,25.8861481373413,32.3135332819049,51.3919748670115,"PFKFB2"
"ENSG00000150636",7.68201858210085,0.650698190904115,0.737133967198109,0.882740749795398,0.377376359712987,0.815302397567452,9.67086773015905,2.59808408947809,2.47607778268187,8.1497885673842,8.26189648406832,7.7226071439996,20.9524921088393,4.79373113654469,2.08474408270354,10.1098966951498,"CCDC102B"
"ENSG00000183508",7.98425953934572,-0.717232506621922,0.81258410891538,-0.88265632905284,0.377421984147968,0.815302397567452,12.5721280492068,3.89712613421714,10.7296703916214,14.488513008683,8.26189648406832,0.96532589299995,1.74604100906994,3.83498490923575,3.12711612405531,20.2197933902996,"FAM46C"
"ENSG00000156103",14.7135694816065,-0.501925975553381,0.568946899850031,-0.882201793674742,0.377667692155938,0.815701054296963,20.308822233334,14.2894624921295,22.2847000441368,14.488513008683,8.26189648406832,27.0291250039986,5.23812302720983,3.83498490923575,18.7626967443319,12.6373708689372,"MMP16"
"ENSG00000177225",615.43882172864,-0.119613465912981,0.135604185210468,-0.882077981054435,0.377734638572922,0.815713548356067,633.441836325418,722.267376874909,601.686901191693,629.344783814669,596.233529600264,644.837696523967,592.780922579245,593.463914704233,529.524997006699,610.8062586653,"GATD1"
"ENSG00000119408",898.323877419952,-0.220151004755629,0.249649158815358,-0.88184156437897,0.377862491161527,0.81580081918345,974.823467200033,1371.78839924443,737.871179239196,843.050350692743,1001.06645731961,1085.02630373194,684.448075555417,575.247736385363,850.575585743044,859.341219087733,"NEK6"
"ENSG00000115687",8.01328413611397,-0.568482362837741,0.644749402998248,-0.881710568779366,0.377933344200851,0.81580081918345,8.70378095714315,9.09329431317332,5.77751482625769,16.2995771347684,4.13094824203416,11.5839107159994,2.61906151360491,2.87623868192681,11.4660924548695,7.58242252136235,"PASK"
"ENSG00000271270",18.4779905798225,0.414573761139851,0.470217429756302,0.881663959914695,0.377958556027183,0.81580081918345,23.2100825523817,12.9904204473905,17.3325444787731,8.1497885673842,20.6547412101708,14.4798883949993,34.0477996768639,18.2161783188698,10.4237204135177,25.2747417378745,"TMCC1-AS1"
"ENSG00000107282",64.3195393641883,0.336981711843428,0.382480940116962,0.881041841563084,0.378295173613215,0.816008910812109,55.1239460619066,70.1482704159085,69.3301779150922,28.0714939543234,61.9642236305124,84.9486785839956,51.5082097675633,33.5561179558128,78.1779031013827,110.366372255385,"APBA1"
"ENSG00000136378",59.6810554137192,0.379244591025975,0.430491821242898,0.880956553207064,0.37834133606766,0.816008910812109,25.1442560984135,35.0741352079542,62.7273038279406,78.7812894847139,63.3412063778571,28.9597767899985,73.3337223809376,118.884532186308,62.5423224811062,48.0220093019615,"ADAMTS7"
"ENSG00000099889",13.9168286463671,0.511087844075424,0.580206017386859,0.880873049847483,0.378386535750458,0.816008910812109,8.70378095714315,11.6913784026514,4.95215556536373,19.0161733238965,19.2777584628261,5.7919553579997,11.3492665589546,32.5973717285039,11.4660924548695,14.3223536514622,"ARVCF"
"ENSG00000182986",155.032663569182,-0.27491262362061,0.312119420672981,-0.880793072817618,0.378429829777119,0.816008910812109,149.898449817465,110.418573802819,116.375655786048,315.125157938856,121.174481766335,139.006928591993,133.572137193851,158.193127505975,153.22869007871,153.333433209772,"ZNF320"
"ENSG00000131013",127.324808638041,-0.191000456252369,0.216939093198084,-0.880433551356137,0.378624487474296,0.816008910812109,149.898449817465,111.717615847558,165.071852178791,123.152360573806,100.519740556165,122.596388410994,109.127563066871,106.420831231292,144.889713747896,139.853570949572,"PPIL4"
"ENSG00000169193",25.9566770571591,0.420707227204908,0.47791986251205,0.880288224460017,0.378703190111278,0.816008910812109,18.3746486873022,6.49521022369523,23.9354185659247,37.1268145847502,13.7698274734472,28.9597767899985,21.8255126133743,33.5561179558128,29.1864171578495,46.3370265194366,"CCDC126"
"ENSG00000105723",503.426405149628,0.190473814212193,0.216405290501269,0.88017170823777,0.37876629743073,0.816008910812109,457.432043636523,614.446887161569,486.961963927433,298.825580804087,564.562926411335,558.923692046971,570.955409965871,535.939141065696,501.380951890201,444.835454586591,"GSK3A"
"ENSG00000183475",178.317398680359,-0.192364567315902,0.218557515075047,-0.880155355215535,0.378775155044945,0.816008910812109,198.252788468261,223.435231695116,202.213018919019,146.696194212916,207.924394849053,190.16920092099,130.953075680246,143.811934096341,185.542223360615,154.175924601034,"ASB7"
"ENSG00000126500",6.73291243599188,-0.605681641939237,0.688282181668404,-0.879990297687292,0.378864565589774,0.816008910812109,5.80252063809543,10.3923363579124,10.7296703916214,7.24425650434151,2.75396549468944,9.6532589299995,12.2222870634896,2.87623868192681,3.12711612405531,2.52747417378745,"FLRT1"
"ENSG00000127774",19.8849460240178,0.457709291315882,0.52015273025123,0.879951723207935,0.378885462996245,0.816008910812109,16.4404751412704,24.6817988500419,21.4593407832428,2.71659618912807,24.785689452205,24.1331473249987,13.9683280725595,31.638625501195,14.5932085789248,24.432250346612,"EMC6"
"ENSG00000177954",9105.9054227664,0.311978917827663,0.3545989107354,0.879807885423711,0.378963392185032,0.816008910812109,6075.23910808592,6595.23646114014,8123.18584571831,11021.2307392926,10754.2352567623,6279.44493396467,15794.6869680467,14556.6439692316,7334.12968295105,4525.0212624708,"RPS27"
"ENSG00000165185",157.103412758026,-0.329505461623061,0.374632256839527,-0.879543754194675,0.379106520270516,0.816008910812109,159.569317547624,288.387333932068,132.057481743033,136.735341519446,145.96017121854,196.92648217199,49.7621687584934,121.760770868235,190.754083567374,149.12097625346,"KIAA1958"
"ENSG00000169764",1022.89826782062,0.140149139110865,0.159345631035821,0.879529223360752,0.379114395239916,0.816008910812109,937.107083052412,866.461043840944,970.622490811291,1080.29975120993,1181.45119722177,948.915352818951,1072.94220007348,1126.526817088,865.168794321969,1179.48794776748,"UGP2"
"ENSG00000119689",813.834709977061,-0.163171321681587,0.185534871032807,-0.879464441230212,0.379149505068586,0.816008910812109,696.302476571452,874.255296109378,779.139142283894,1129.19848261423,733.931804334736,798.324513510959,693.178280600767,744.945818619045,768.228194476254,920.843090649894,"DLST"
"ENSG00000188994",223.514262625711,-0.232574146329427,0.264485849596885,-0.879344383391035,0.379214577840192,0.816008910812109,221.462871020642,266.303619171504,153.516822526276,341.385587767094,161.106981439332,179.550616097991,254.921987324212,257.902735146104,217.85575664252,181.135649121434,"ZNF292"
"ENSG00000155366",2788.38355422341,0.204564049825374,0.232654856933552,0.879259743473996,0.379260457807323,0.816008910812109,3018.27781858264,2542.22528155431,3154.5230951367,1504.08875671391,2931.59626909691,2934.59071471985,2938.58701826471,2804.33271487864,3658.72586514471,2396.88800814176,"RHOC"
"ENSG00000119636",58.8817124168216,0.261011283784531,0.29688902079642,0.879154382618645,0.379317574550156,0.816008910812109,67.6960741111134,33.7750931632152,53.6483519581071,54.3319237825613,82.6189648406832,47.3009687569975,79.4448659126824,63.2772510023899,46.9067418608296,59.8168887796363,"BBOF1"
"ENSG00000249740",6.66913918419126,-0.587670739930238,0.668520483440959,-0.879061680960653,0.379367833042748,0.816008910812109,9.67086773015905,7.79425226843427,5.77751482625769,9.96085269346958,8.26189648406832,1.9306517859999,3.49208201813988,12.4637009550162,3.12711612405531,4.21245695631242,"OSMR-AS1"
"ENSG00000096093",119.842168044813,-0.271839403617315,0.309295107083347,-0.878899786617256,0.379455614387448,0.816008910812109,104.445371485718,114.315699937036,93.2655964810169,221.855355445459,141.829222976506,94.6019375139951,135.318178202921,117.925785958999,77.1355310600309,97.729001386448,"EFHC1"
"ENSG00000184139",12.8214659380998,-0.976568879630338,1.11114187797825,-0.878887655109559,0.379462192761243,0.816008910812109,29.0126031904772,0,42.9186815664857,0.905532063042689,0,20.2718437529989,13.0953075680246,2.87623868192681,3.12711612405531,16.0073364339872,"RPL7AP28"
"ENSG00000116353",226.690020792208,0.160138844911184,0.182325361905389,0.878313599587322,0.379773557566909,0.816546822065108,245.64004034604,215.640979426682,208.815893006171,176.578752293324,263.003704742841,243.262125035987,240.080638747117,240.645303054543,247.042173800369,186.190597469009,"MECR"
"ENSG00000169302",10.8796970507104,0.604574022266407,0.688571258627683,0.878012282231061,0.379937053418937,0.816737304907239,11.6050412761909,3.89712613421714,5.77751482625769,11.771916819555,15.1468102207919,10.6185848229995,27.9366561451191,4.79373113654469,2.08474408270354,15.1648450427247,"STK32A"
"ENSG00000122299",449.600128081755,-0.202987582558095,0.231212997091152,-0.877924619774166,0.379984627498644,0.816737304907239,397.472663709537,422.18866454019,459.725108317933,671.904790777675,486.074909812686,426.674044705978,357.938406859338,313.510016330023,422.160676747467,538.351999016727,"ZC3H7A"
"ENSG00000204574",424.742741382126,0.180735459123053,0.205898667195366,0.877788387777971,0.380058567347796,0.816754937972285,324.941155733344,385.815487287497,363.15807479334,499.853698799564,341.491721341491,438.257955421977,563.098225425056,395.003445651282,469.067418608296,466.740230759416,"ABCF1"
"ENSG00000183853",763.697950350527,-0.251150451452192,0.286151387257016,-0.87768385070457,0.380115310789081,0.816754937972285,681.796174976213,598.8583826247,604.162978974375,1493.22237195739,709.146114882531,829.214942086957,623.336640237969,820.686770576451,616.041876438896,660.513250749787,"KIRREL1"
"ENSG00000001497",117.619924511894,-0.217524971505833,0.247883051710364,-0.877530633921667,0.380198487318652,0.81680206594215,108.313718577781,120.810910160731,137.009637308397,147.601726275958,100.519740556165,120.665736624994,115.238706598616,67.1122359116257,115.703296590046,143.223536514622,"LAS1L"
"ENSG00000189306",335.614323272179,-0.312651818749907,0.356415092722116,-0.877212624083991,0.380371160464497,0.817041418443388,310.434854138106,661.212400772174,379.665260011219,170.240027852026,256.118791006118,379.37307594898,464.446908412605,254.067750236869,230.364221138741,250.219943204957,"RRP7A"
"ENSG00000006283",15.7910280262398,-0.712813269899358,0.812905754541241,-0.876870739218263,0.380556851022386,0.817308650899447,11.6050412761909,27.27988293952,41.2679630446978,2.71659618912807,4.13094824203416,6.75728125099965,12.2222870634896,4.79373113654469,4.16948816540708,42.9670609543866,"CACNA1G"
"ENSG00000163389",44.0935824744895,-0.474880690188634,0.541682909242825,-0.876676524375546,0.380662361222236,0.817403624476085,32.8809502825408,24.6817988500419,14.0311074351972,140.357469771617,27.5396549468944,41.5090133989979,34.0477996768639,41.2260877742843,41.6948816540708,42.9670609543866,"POGLUT1"
"ENSG00000108094",221.262691348796,0.2005715022546,0.22891873952107,0.876168996361869,0.380938168437483,0.817697989677163,212.759090063499,180.566844218727,225.32307822405,193.783861491135,167.991895176056,260.637991109987,208.651900583858,181.203036961389,309.584496281476,272.124719377782,"CUL2"
"ENSG00000165244",73.2374524614278,-0.533929028137071,0.609532194852762,-0.875965260975339,0.381048919374217,0.817697989677163,83.1694624793679,141.595582876556,107.296703916214,28.0714939543234,17.9007757154814,135.145625019993,22.6985331179092,20.1336707734877,115.703296590046,60.6593801708988,"ZNF367"
"ENSG00000105137",996.334829746718,-0.227016257780715,0.259269853424,-0.875598357397384,0.381248418696763,0.817697989677163,961.28425237781,1648.48435477385,1091.9503021627,666.471598399419,1029.98309501385,807.977772440958,1138.4187379136,974.086166945881,721.321452615425,923.370564823681,"SYDE1"
"ENSG00000074603",417.2358565256,-0.19139398567599,0.218624321900492,-0.875446903675722,0.381330788493029,0.817697989677163,524.161030974621,476.74843041923,444.868641621842,357.685164901862,397.948013982624,427.639370598978,275.001458928516,325.973717285039,489.914859435332,452.417877107953,"DPP8"
"ENSG00000164885",135.398345719875,0.263564971769688,0.301271844334693,0.874841033856733,0.381660406788165,0.817697989677163,154.733883682545,116.913784026514,147.739307700018,64.2927764760309,132.190343745093,93.6366116209951,167.619936870714,134.224471823251,148.016829871951,194.615511381634,"CDK5"
"ENSG00000160948",694.934959880021,0.195478289545147,0.223464281424434,0.874763019392203,0.381702862591215,0.817697989677163,576.38371671748,636.530601922133,667.71564206321,675.526919029846,1002.44344006696,595.606075980969,915.798509257185,742.069579937118,539.948717420217,597.3263964051,"VPS28"
"ENSG00000158042",707.345479151381,0.251945571778475,0.288037567539231,0.874696915165969,0.381738839059691,0.817697989677163,808.484542241297,662.511442816913,753.553005196181,314.219625875813,797.273010712593,828.249616193957,1020.56096980138,672.081105343566,698.389267705686,518.132205626427,"MRPL17"
"ENSG00000109736",283.211719706654,0.261893111484715,0.299572641573981,0.874222392634741,0.381997153577325,0.817697989677163,289.158945131756,185.763012397684,207.165174484383,329.613670947539,282.281463205668,306.973633973984,457.462744376325,378.704759787031,197.008315815484,197.985476946684,"MFSD10"
"ENSG00000116771",12.2612561348961,-0.591913365022741,0.677093284992478,-0.874197659528283,0.382010620409024,0.817697989677163,28.0455164174613,7.79425226843427,18.157903739667,7.24425650434151,5.50793098937888,14.4798883949993,3.49208201813988,10.5462085003983,23.9745569510907,3.36996556504993,"AGMAT"
"ENSG00000196531",7710.88934182231,0.268615998790717,0.307278560525005,0.874177483556841,0.382021606159876,0.817697989677163,6496.88894112085,5226.04614598518,6512.9099277142,9233.7104468463,10642.6996542273,5456.02194723572,12243.2395555984,10248.0384237052,6186.47806542275,4862.86031036705,"NACA"
"ENSG00000108578",228.453212913265,-0.188296325695617,0.215420757536448,-0.874086266564905,0.382071275933653,0.817697989677163,240.80460648096,210.444811247725,214.593407832428,318.747286191027,275.396549468944,177.619964311991,213.017003106533,206.130438871422,244.957429717666,182.820631903959,"BLMH"
"ENSG00000149257",1939.92601786921,-0.323042264414859,0.369611802527879,-0.87400419089835,0.382115971428093,0.817697989677163,1953.51528149213,1321.12575949961,1332.12984708284,4214.34622140067,1653.75627956101,1759.78910293891,2414.77471554373,2228.12623226597,1643.82070921174,877.876029695507,"SERPINH1"
"ENSG00000168724",698.559871798306,0.165560681526315,0.189447002102245,0.873915552577401,0.38216424431228,0.817697989677163,747.558075541295,527.411070164053,816.280309024122,511.625615619119,754.586545544906,727.855723321962,706.273588168792,650.02994211546,745.296009566515,798.681838916834,"DNAJC21"
"ENSG00000198589",128.579401939175,-0.302694230919108,0.346394554322567,-0.873842348679751,0.382204114349833,0.817697989677163,174.075619142863,175.370676039771,137.009637308397,94.1753345564397,123.928447261025,74.3300937609961,75.0797633900075,82.4521755485687,148.016829871951,201.355442511733,"LRBA"
"ENSG00000172379",608.555562493443,-0.260369692316385,0.297961598905495,-0.873836404666923,0.382207351830594,0.817697989677163,695.335389798436,789.81756320134,681.746749498407,535.169449258229,743.570683566149,376.477098269981,467.06596992621,391.168460742047,456.558954112075,948.645306561556,"ARNT2"
"ENSG00000103876",212.453246315511,0.160951980268939,0.184221285931418,0.873688289901844,0.382288029815821,0.817697989677163,224.36413133969,194.856306710857,187.356552222928,187.445137049837,220.317239575155,190.16920092099,283.731663973866,218.594139826438,201.177803980892,216.520287554458,"FAH"
"ENSG00000096384",2751.24752367474,0.181074801772178,0.207260248048895,0.873659099980718,0.382303930772366,0.817697989677163,2113.08459903975,2308.39771350128,3049.70246900316,2714.78512500198,3760.53988299843,2149.78076371089,3328.82718379185,2883.90865174529,2492.31155087208,2711.13729708267,"HSP90AB1"
"ENSG00000160972",177.007124104172,0.36007719782465,0.412329847381595,0.873274637068447,0.382513401454597,0.817697989677163,167.306011731752,239.023736231984,142.787152134654,57.0485199716894,163.860946934022,158.313446451992,286.350725487471,282.830137056137,81.305019225438,191.245545816584,"PPP1R16A"
"ENSG00000100311",8.74973909556681,0.827882669284207,0.94803651098848,0.873260322454255,0.382521201983883,0.817697989677163,20.308822233334,2.59808408947809,0,0.905532063042689,19.2777584628261,3.8613035719998,16.5873895861645,5.75247736385363,11.4660924548695,6.73993113009986,"PDGFB"
"ENSG00000130489",72.0848120542183,0.28875565483403,0.330764557144821,0.872994547319659,0.382666049775845,0.817697989677163,73.4985947492088,76.6434806396037,73.456974219562,31.6936222064941,55.0793098937888,63.7115089379967,114.365686094081,62.318504775081,91.7287396389557,78.3516993874109,"SCO2"
"ENSG00000061938",227.590435887609,-0.261785132416484,0.299954541661863,-0.872749353839064,0.382799710347807,0.817697989677163,188.581920738102,248.117030545158,165.071852178791,409.300492495295,228.579136059223,243.262125035987,254.921987324212,213.800408689893,131.338877210323,192.930528599109,"TNK2"
"ENSG00000101004",77.8011850214856,-0.293865958350448,0.336722887017582,-0.872723446134815,0.382813834900676,0.817697989677163,90.9061566634951,54.5597658790399,74.282333480456,128.585552952062,119.797499018991,66.6074866169966,72.4607018764026,69.0297283662435,56.2880902329956,45.4945351281741,"NINL"
"ENSG00000004838",6.53080365958513,0.6136317000651,0.703260119584733,0.872552961523601,0.382906788920976,0.817697989677163,9.67086773015905,5.19616817895618,1.65071852178791,3.62212825217076,4.13094824203416,10.6185848229995,6.98416403627977,7.6699698184715,3.12711612405531,12.6373708689372,"ZMYND10"
"ENSG00000124596",155.352738214856,0.247766286602653,0.284023196483014,0.872345250918514,0.383020058509292,0.817697989677163,164.404751412704,119.511868115992,195.610144831867,78.7812894847139,152.845084955264,184.37724556299,221.747208151883,156.275635051357,137.593109458434,142.38104512336,"OARD1"
"ENSG00000210082",9976.59768755618,-0.684863701324553,0.785239794255068,-0.872171413541594,0.383114871989436,0.817697989677163,3851.90661692235,20300.1300331371,3027.41776895903,24430.3495288287,3982.23410532093,3589.08167017381,6843.60773504964,21439.4831350825,6180.22383317464,6121.5424489132,"MT-RNR2"
"ENSG00000071575",215.615516963922,-0.258767467176257,0.296695362100722,-0.872165528116378,0.383118082239126,0.817697989677163,190.516094284133,171.473549905554,181.57903739667,412.922620747466,150.091119460574,217.198325924989,165.873895861645,202.295453962186,245.999801759018,218.205270336983,"TRIB2"
"ENSG00000172301",726.474868544016,0.256288402574433,0.293880242407285,0.87208449426568,0.38316228444113,0.817697989677163,714.677125258754,932.712188122635,656.160612410694,299.73111286713,903.300682258136,587.88346883697,961.195575493003,813.016800757979,729.660428946239,666.410690488624,"COPRS"
"ENSG00000233559",11.692222910596,0.628058902949293,0.720200042017676,0.872061741609671,0.383174696081503,0.817697989677163,7.73669418412724,2.59808408947809,6.60287408715164,18.1106412608538,13.7698274734472,7.7226071439996,26.1906151360491,16.2986858642519,1.04237204135177,16.8498278252497,"LINC00513"
"ENSG00000145916",320.978269192556,0.139591998264951,0.160138525720775,0.871695287793208,0.383374631633544,0.817697989677163,292.060205450803,303.975838468937,336.746578444734,277.092811291063,337.360773099456,336.898736656983,354.446324841198,381.580998468957,298.118403826606,291.502021376819,"RMND5B"
"ENSG00000101825",430.776891279954,0.380846725751882,0.436913189180801,0.871675964888947,0.383385175896046,0.817697989677163,315.270288003185,244.219904410941,167.547929961473,731.669906938493,344.24568683618,550.235759009972,420.795883185856,738.234595027882,181.372735195208,614.17622423035,"MXRA5"
"ENSG00000153561",277.440992761406,-0.233338198603801,0.26772078443416,-0.871572967698314,0.383441383146183,0.817697989677163,345.249977966678,381.918361153279,285.574304269308,206.461310373733,282.281463205668,309.869611652984,199.921695538508,178.326798279462,356.491238142305,228.315167032133,"RMND5A"
"ENSG00000198663",915.318845538549,-0.27849509132317,0.319599425750053,-0.871387959066516,0.383542358052164,0.817697989677163,698.236650117484,765.135764351298,711.459682890589,1917.01137746137,845.467406869658,671.866821527965,953.338390952189,1115.9806085876,805.753587964918,668.938164662412,"C6orf89"
"ENSG00000148362",172.478771979638,0.240927227633702,0.276523599235712,0.871271849128266,0.383605737410628,0.817697989677163,157.635144001593,176.66971808451,170.849367005049,117.71916819555,137.698274734472,181.481267883991,238.334597738047,270.366436101121,141.762597623841,132.27114842821,"PAXX"
"ENSG00000242960",15.2364783351839,0.445025033737747,0.510934973016777,0.871001315705852,0.383753434697852,0.817697989677163,12.5721280492068,9.09329431317332,18.157903739667,9.96085269346958,16.5237929681366,10.6185848229995,16.5873895861645,36.4323566377396,11.4660924548695,10.9523880864123,"FTH1P23"
"ENSG00000133773",242.562755780199,0.257133966854691,0.295246872015313,0.870911739384505,0.383802346417101,0.817697989677163,276.586817082549,131.203246518644,300.4307709654,159.373643095513,214.809308585776,253.880709858987,309.04925860538,257.902735146104,342.940401604732,179.450666338909,"CCDC59"
"ENSG00000130150",203.81507244046,-0.284083380238337,0.326204394878534,-0.870875391927565,0.383822194453636,0.817697989677163,224.36413133969,167.576423771337,207.165174484383,314.219625875813,150.091119460574,174.723986632991,110.873604075941,175.450559597536,165.737154574931,347.948944591406,"MOSPD2"
"ENSG00000116885",45.9889995307257,0.242666971223351,0.278671858900273,0.870798264959338,0.383864312792919,0.817697989677163,39.6505576936521,53.2607238343009,37.9665260011219,36.2212825217076,35.8015514309627,44.4049910779977,55.0002917857032,59.4422660931542,41.6948816540708,56.4469232145864,"OSCP1"
"ENSG00000111817",866.042115923276,-0.296279982658011,0.340247536206947,-0.87077774599316,0.383875518491043,0.817697989677163,800.74784805717,593.662214445744,595.084027104542,1907.95605683095,972.149819625372,705.653227782963,580.558635515756,959.704973536247,798.456983675455,746.44737265856,"DSE"
"ENSG00000179222",653.4266580046,-0.197429767605835,0.226766975980247,-0.870628391777082,0.383957088976917,0.817697989677163,598.626712496845,706.678872338041,596.73474562633,929.075896681799,687.114390925015,516.449352754973,738.575346836586,524.434186337989,469.067418608296,767.509657440122,"MAGED1"
"ENSG00000071051",554.777106454851,0.13144043714759,0.151003391706629,0.870446919516572,0.384056215153487,0.817697989677163,519.325597109541,437.777169077058,596.73474562633,543.319237825613,574.201805642748,645.803022416967,541.272712811682,583.876452431143,540.991089461568,564.469232145864,"NCK2"
"ENSG00000115594",4004.63861721786,-0.209631485812951,0.240862009925589,-0.870338522366867,0.384115432747703,0.817697989677163,4493.0851474319,4736.30729511856,4415.67204578266,3786.93508764453,5849.42271072037,2382.42430392388,3895.41749123504,3666.24557322938,3365.81932152486,3455.05719556744,"IL1R1"
"ENSG00000182636",241.724889033769,0.342311393136113,0.393388408710239,0.870161361028438,0.3842122283924,0.817697989677163,258.212168395247,289.686375976807,224.497718963156,61.5761802869029,216.186291333121,168.932031274991,342.224037777709,317.345001239258,181.372735195208,357.216349895293,"NDN"
"ENSG00000169032",648.05931720731,-0.26004123252469,0.298846462172264,-0.870149944672239,0.384218466459025,0.817697989677163,715.64421203177,823.592656364555,1018.49332794314,319.652818254069,494.336806296754,642.907044737967,527.304384739123,493.754307064103,711.940104243259,732.96751039836,"MAP2K1"
"ENSG00000135968",317.896509944956,0.186084719575362,0.213853636006805,0.870149898080015,0.384218491917835,0.817697989677163,311.401940911122,271.499787350461,265.765682007854,326.897074758411,235.464049795947,288.632442006985,374.525796445503,324.056224830421,332.516681191215,448.205420151641,"GCC2"
"ENSG00000071537",304.00952970411,-0.337724548598164,0.388129114900246,-0.870134539339993,0.384226884259652,0.817697989677163,244.672953573024,183.164928308205,219.545563397792,742.536291695005,184.515688144192,268.360598253986,233.969495215372,386.374729605502,280.398079123626,296.556969724394,"SEL1L"
"ENSG00000139684",762.549310100576,0.196485550425531,0.225890070015394,0.869828188605819,0.384394304237893,0.817697989677163,760.130203590502,649.521022369523,694.127138411816,699.976284731999,1074.04654292888,519.345330433973,1013.5768057651,737.275848800573,697.346895664334,780.147028309059,"ESD"
"ENSG00000104529",3512.69619644387,0.267723051636858,0.307831266699252,0.869707143486569,0.384460467417784,0.817697989677163,2543.43821303183,2855.29441433642,3229.63078787805,3890.16574283139,4800.16185724369,2738.62955844086,5575.10894196033,4819.61728468203,2684.10800648081,1990.80715755325,"EEF1D"
"ENSG00000087589",14.0111637809847,-0.72814462243167,0.837374964851546,-0.869556235850399,0.384542963184373,0.817697989677163,13.5392148222227,10.3923363579124,1.65071852178791,47.9931993412625,11.0158619787578,4.82662946499975,2.61906151360491,4.79373113654469,10.4237204135177,32.8571642592368,"CASS4"
"ENSG00000261652",19.6250803210854,0.410411411374215,0.472104024500935,0.86932411094793,0.38466987863717,0.817697989677163,10.637954503175,19.4856306710857,24.7607778268187,10.8663847565123,15.1468102207919,40.5436875059979,25.3175946315142,20.1336707734877,12.5084644962212,16.8498278252497,"C15orf65"
"ENSG00000144043",897.899963759862,0.173673245298858,0.199821233437661,0.869143095110758,0.384768867727396,0.817697989677163,860.707227984156,818.396488185599,703.20609028165,953.525262383951,839.959475880279,1306.08593322893,827.623438299153,1015.31225472017,863.084050239265,791.099416395472,"TEX261"
"ENSG00000110107",319.326326863864,-0.275944228041868,0.317507404656144,-0.869095410044726,0.38479494705038,0.817697989677163,484.510473280969,411.796328182278,391.220289663735,139.451937708574,239.594998037981,280.909834862985,309.922279109915,232.016587008763,353.36412201825,350.476418765193,"PRPF19"
"ENSG00000255198",27.5648390847688,0.406447039414424,0.467693802746813,0.869045168072187,0.384822425934166,0.817697989677163,21.2759090063499,19.4856306710857,27.2368556095005,24.4493657021526,19.2777584628261,27.9944508969985,68.9686198582627,15.339939636943,18.7626967443319,32.8571642592368,"SNHG9"
"ENSG00000065328",18.4763538644176,-0.544509626497326,0.626661236033772,-0.868905870009776,0.384898618613933,0.817697989677163,13.5392148222227,31.1770090737371,33.8397296966522,12.6774488825976,6.8849137367236,28.9597767899985,7.85718454081474,3.83498490923575,33.3559053232566,12.6373708689372,"MCM10"
"ENSG00000130508",1192.57361872129,-0.367449300592219,0.422922757152766,-0.86883312467267,0.384938412224259,0.817697989677163,911.962826953999,735.2577973223,642.954864236391,3223.69414443197,868.876113574518,1089.85293319694,1110.48208176848,1471.67545891922,1163.28719814857,707.692768660486,"PXDN"
"ENSG00000143409",85.7874588969176,0.234042270846094,0.269402600701319,0.868745402742313,0.384986401769712,0.817697989677163,73.4985947492088,102.624321534385,75.1076927413499,59.7651161608175,114.289568029612,72.3994419749963,109.127563066871,102.585846322056,62.5423224811062,85.9341219087733,"MINDY1"
"ENSG00000115840",92.7565654227166,-0.226768700256212,0.261050543051196,-0.868677374142596,0.385023620312902,0.817697989677163,86.0707227984156,89.6339010869942,83.3612853502895,147.601726275958,74.3570683566149,86.8793303699955,78.5718454081474,74.7822057300972,91.7287396389557,114.578829211698,"SLC25A12"
"ENSG00000135045",89.4158063293013,-0.353845571477753,0.407367447644763,-0.868615235516604,0.385057618365216,0.817697989677163,123.787106946036,142.894624921295,115.550296525154,29.8825580804087,52.3253443990994,91.7059598349952,74.2067428854726,51.7722962746827,108.406692300584,103.626441125285,"C9orf40"
"ENSG00000171365",19.0691788668947,-0.535772418304969,0.616819387035963,-0.868605023716176,0.385063205747126,0.817697989677163,4.83543386507953,14.2894624921295,15.6818259569851,58.8595840977748,8.26189648406832,19.306517859999,18.3334305952344,22.0511632281056,19.8050687856836,9.26740530388731,"CLCN5"
"ENSG00000105889",33.2649402413271,0.462029244649297,0.532243964180547,0.868077941213757,0.385351665989039,0.817697989677163,26.1113428714294,27.27988293952,49.5215556536373,5.43319237825613,45.4404306623758,13.5145625019993,57.6193532993081,29.7211330465771,33.3559053232566,44.6520437369116,"STEAP1B"
"ENSG00000095787",1170.0292150131,-0.130372697208835,0.150216092668013,-0.867901001106235,0.385448530875629,0.817697989677163,1145.99782602385,1199.01580729414,1363.49349899681,1226.0904133598,1196.59800744256,1253.95833500693,1103.4979177322,1004.76604621977,1249.80407758077,957.070220474181,"WAC"
"ENSG00000104883",18.1774564825048,0.456209478823278,0.525731065236692,0.867762072644282,0.385524596922252,0.817697989677163,24.1771693253976,16.8875465816076,13.2057481743033,5.43319237825613,19.2777584628261,9.6532589299995,26.1906151360491,37.3911028650486,13.550836537573,16.0073364339872,"PEX11G"
"ENSG00000105472",156.605013706233,-0.31065191930196,0.357996209382257,-0.867751979379915,0.385530123538987,0.817697989677163,193.417354603181,115.614741981775,127.105326177669,272.565150975849,133.567326492438,83.9833526909956,171.112018888854,226.264109644909,82.3473912667898,160.073364339872,"CLEC11A"
"ENSG00000197451",885.856153380742,-0.291999191636429,0.336524527810819,-0.867690665925486,0.385563697063795,0.817697989677163,1236.90398268734,1144.4560414151,1039.95266872638,560.524347023425,454.404306623758,1073.44239301594,641.670070833204,526.351678792607,1281.07523882132,899.780805868332,"HNRNPAB"
"ENSG00000183579",22.4405623734691,0.317400521526429,0.365891990760965,0.867470536499896,0.385684248469892,0.817697989677163,18.3746486873022,16.8875465816076,21.4593407832428,21.7327695130245,13.7698274734472,25.0984732179987,22.6985331179092,30.679879273886,20.8474408270354,32.8571642592368,"ZNRF3"
"ENSG00000114988",62.1825077083404,0.306857578064231,0.353748689030308,0.867445131472814,0.385698162729307,0.817697989677163,53.1897725158748,38.9712613421714,41.2679630446978,84.2144818629701,50.9483616517546,44.4049910779977,86.4290299489622,107.379577458601,59.4152063570509,55.6044318233239,"LMAN2L"
"ENSG00000157557",113.619607132773,-0.326789489320294,0.376727302189967,-0.867443074660696,0.385699289252737,0.817697989677163,170.207272050799,89.6339010869942,70.9808964368801,186.539604986794,75.7340511039596,93.6366116209951,69.8416403627977,70.9472208208614,173.033758864394,135.64111399326,"ETS2"
"ENSG00000146701",1067.86146789607,0.140140232350344,0.161583699546385,0.867291891098919,0.385782098539276,0.817697989677163,1061.86127677146,1089.89627553606,1087.82350585823,786.907362784097,955.626026657236,1099.50619212694,1129.68853286825,1053.66210381252,1194.55835938913,1219.08504315681,"MDH2"
"ENSG00000133816",1690.02624115193,-0.355113462709024,0.409457263399171,-0.867278454803796,0.3857894586612,0.817697989677163,2171.10980542071,1651.08243886333,1776.17312944379,2179.61567574375,1400.39145404958,2075.45066994989,763.019920963565,567.577766566891,3170.89574979208,1144.94580072571,"MICAL2"
"ENSG00000120519",45.3587551565605,-0.279176854711052,0.321901641003505,-0.867273785373504,0.385792016497701,0.817697989677163,39.6505576936521,35.0741352079542,56.9497890016829,69.725968854287,57.8332753884782,45.3703169709976,31.428738163259,37.3911028650486,48.9914859435332,31.1721814767119,"SLC10A7"
"ENSG00000157617",175.71493115592,-0.244638380430946,0.282159769768905,-0.867020768521714,0.385930630421373,0.817697989677163,193.417354603181,179.267802173988,116.375655786048,286.14813192149,156.976033197298,143.833558056993,143.175362743735,167.780589779064,234.533709304148,135.64111399326,"C2CD2"
"ENSG00000173575",792.379824243338,-0.25354198633482,0.292500297989023,-0.866809326615918,0.386046491060348,0.817697989677163,617.968447957164,640.42772805635,657.811330932482,1591.92536682905,766.979390271009,792.532558152959,776.988249036124,821.64551680376,644.185921555394,613.333732839088,"CHD2"
"ENSG00000126522",260.912240177795,-0.236331604451537,0.272658051274659,-0.866769212743589,0.386068474051968,0.817697989677163,282.389337720644,342.947099811108,354.904482184401,168.42896372594,187.269653638882,261.603317002986,329.128730209684,175.450559597536,262.677754420646,244.32250346612,"ASL"
"ENSG00000145016",259.570475119614,-0.223706953579681,0.258107936131626,-0.866718617538356,0.386096202058088,0.817697989677163,239.837519707945,342.947099811108,212.94268931064,340.480055704051,282.281463205668,336.898736656983,169.365977879784,200.377961507568,261.635382379294,208.937865033096,"RUBCN"
"ENSG00000006282",830.611376518701,0.219561692580584,0.253355838269032,0.866613905882988,0.386153591702487,0.817697989677163,917.765347592094,665.109526906391,797.297046023561,643.833296823352,846.844389617003,588.848794729969,845.956868894387,1389.22328337065,718.194336491369,893.040874738232,"SPATA20"
"ENSG00000168056",486.436779602543,-0.361202039488367,0.416817716527647,-0.866570745834428,0.386177248081002,0.817697989677163,406.17644466668,436.478127032319,303.732208008975,1097.50486040774,439.257496402966,240.366147356988,581.431656020291,741.110833709809,232.448965221445,385.861057198217,"LTBP3"
"ENSG00000100353",1752.13112320579,0.238768675603447,0.275545916379806,0.866529537945808,0.386199835290226,0.817697989677163,1403.24290764608,1221.0995220547,1542.5964586108,2156.97737416769,2745.70359820537,1367.86679038093,2279.45653734081,2021.99579339455,1548.96485344873,1233.40739680828,"EIF3D"
"ENSG00000019485",39.2283415445573,0.268520837642265,0.30990777029573,0.866454033682435,0.386241223405255,0.817697989677163,41.5847312396839,41.5693454316495,30.5382926530763,26.260429828238,55.0793098937888,31.8557544689983,50.6351892630283,46.019818910829,33.3559053232566,35.3846384330243,"PRDM11"
"ENSG00000198355",165.556238547256,-0.290021750939486,0.334763332059923,-0.866348620545969,0.386299010777595,0.817697989677163,235.969172615881,266.303619171504,175.801522570412,66.1038406021163,150.091119460574,152.521491093992,153.651608798155,166.821843551755,167.821898657635,120.476268950535,"PIM3"
"ENSG00000198551",61.982162760511,-0.249058993454333,0.287489035115142,-0.866325191688034,0.38631185517013,0.817697989677163,57.0581196079384,53.2607238343009,64.3780223497285,98.7029948716531,57.8332753884782,80.1220491189958,43.6510252267486,55.6072811839184,51.0762300262367,58.1319059971113,"ZNF627"
"ENSG00000136754",479.213315943229,-0.182426785283421,0.210578313641211,-0.866313259561214,0.386318396814995,0.817697989677163,522.226857428589,545.597658790399,606.639056757057,389.378787108356,464.043185855171,531.894567042972,351.827263327593,358.571089013543,509.719928221015,512.23476588759,"ABI1"
"ENSG00000115839",483.518416495566,0.164628371004732,0.190063565552195,0.866175326798878,0.386394021700048,0.817697989677163,367.492973746044,475.449388374491,467.153341665979,493.514974358266,480.566978823307,534.790544721972,384.129021995387,473.620636290615,527.440252923995,631.0260520556,"RAB3GAP1"
"ENSG00000186976",35.8953816256326,0.27227195364546,0.314382203344904,0.866053964723808,0.386460568788278,0.817697989677163,29.9796899634931,41.5693454316495,25.5861370877126,30.7880901434514,49.5713789044099,32.8210803619983,42.7780047222136,44.1023264562111,36.4830214473119,25.2747417378745,"EFCAB6"
"ENSG00000125449",79.4294694857758,0.291109560826608,0.336154933603298,0.865998180381168,0.386491159649158,0.817697989677163,84.1365492523838,80.5406067738208,88.3134409156532,27.1659618912807,103.273706050854,63.7115089379967,101.270378526057,91.0808915943491,82.3473912667898,72.4542596485736,"ARMC7"
"ENSG00000146263",97.7510255248132,-0.39542129641216,0.456632300047698,-0.865951218016894,0.386516913884125,0.817697989677163,73.4985947492088,185.763012397684,135.358918786609,62.4817123499455,66.0951718725465,167.966705381991,49.7621687584934,43.1435802289022,134.465993334378,58.9743973883738,"MMS22L"
"ENSG00000131845",66.98286034442,-0.332421041030876,0.384012031961132,-0.865652670655177,0.386680662222802,0.817697989677163,44.4859915587317,61.0549761027352,49.5215556536373,150.318322465086,59.2102581358229,49.2316205429974,45.3970662358185,55.6072811839184,83.3897633081416,71.6117682573111,"ZNF304"
"ENSG00000109065",314.972942984394,-0.235764646016218,0.272402726241842,-0.865500317375325,0.386764241812442,0.817697989677163,270.784296444454,276.695955529417,269.892478312323,566.863071464723,364.900428046351,275.117879504986,350.081222318523,282.830137056137,253.29640604848,239.267555118545,"NAT9"
"ENSG00000107560",521.636873596485,0.166359799253808,0.192212707492319,0.865498444011336,0.386765269591066,0.817697989677163,450.662436225412,542.999574700921,556.292141842526,394.811979486612,510.860599264891,470.113709890976,454.84368286272,596.340153386159,558.711414164549,680.733044140086,"RAB11FIP2"
"ENSG00000179833",1380.68420023111,-0.231369631423704,0.267385485018167,-0.865303632349316,0.386872157683768,0.817697989677163,1297.83044938735,1845.93874557418,1912.35740749129,1006.04612204043,985.919647098819,1392.96526359893,1028.4181543422,1171.58788977152,1971.1255301962,1194.6527928102,"SERTAD2"
"ENSG00000133612",691.568837086358,0.17608850594005,0.203511335883876,0.865251585005204,0.386900717758249,0.817697989677163,667.289873380975,750.846301859169,680.921390237513,468.16007659307,760.094476534285,719.167790284963,927.147775816139,729.605878982102,602.491039901323,609.963767274038,"AGAP3"
"ENSG00000165943",128.723881289742,0.269081851376637,0.311011395590651,0.865183254348657,0.386938214969849,0.817697989677163,98.6428508476224,90.9329431317332,119.677092829623,149.412790402044,103.273706050854,113.908455373994,139.683280725595,116.008293504381,106.321948217881,249.377451813695,"MOAP1"
"ENSG00000253710",21.5403068428408,-0.503734954913892,0.582247793591451,-0.865155626965502,0.386953376434539,0.817697989677163,19.3417354603181,10.3923363579124,13.2057481743033,61.5761802869029,12.3928447261025,30.8904285759984,6.98416403627977,15.339939636943,20.8474408270354,24.432250346612,"ALG11"
"ENSG00000133069",48.0848913930786,-0.281423560803939,0.325313494688465,-0.865084189247798,0.386992581988076,0.817697989677163,57.0581196079384,77.9425226843427,52.8229926972131,28.0714939543234,49.5713789044099,47.3009687569975,32.3017586677939,46.019818910829,37.5253934886637,52.234466258274,"TMCC2"
"ENSG00000166579",689.824752279641,-0.134731099309569,0.155771176857607,-0.864929584712129,0.387077438409087,0.817697989677163,782.373199369868,735.2577973223,738.69653850009,658.321809832035,727.046890598012,754.884848325961,581.431656020291,557.990304293802,680.668943002706,681.575535531349,"NDEL1"
"ENSG00000167723",15.2275055536736,-0.411263254291665,0.475620686693451,-0.864687482688772,0.387210341599053,0.817697989677163,16.4404751412704,11.6913784026514,10.7296703916214,32.5991542695368,12.3928447261025,8.68793303699955,11.3492665589546,16.2986858642519,13.550836537573,18.5348106077746,"TRPV3"
"ENSG00000166888",1066.85857074314,-0.1510760247965,0.174724512064158,-0.864652721084868,0.387229426450385,0.817697989677163,962.251339150826,1209.40814365205,1095.25173920628,1271.36701651194,1136.01076655939,803.151142975958,1091.27563066871,1092.01195290488,879.762002900894,1128.09597290046,"STAT6"
"ENSG00000090989",116.394593897826,-0.265912887648806,0.307542149731554,-0.864638840174966,0.387237047522004,0.817697989677163,111.214978896829,106.521447668602,103.995266872638,196.500457680264,83.9959475880279,77.226071439996,107.381522057801,138.059456732487,82.3473912667898,156.703398774822,"EXOC1"
"ENSG00000146278",1355.02309988439,0.224826699099401,0.260088957169619,0.864422317448791,0.387355937391565,0.817819556275337,882.950223763522,1325.02288563383,1030.87371685655,1683.38410519636,1564.2524009836,1118.81270998694,1744.29496806087,1930.9149018002,1037.16018114501,1232.56490541701,"PNRC1"
"ENSG00000104723",476.654294084257,0.248849175846796,0.288028938751534,0.863972824832937,0.387602819110334,0.818069826266339,562.844501895257,177.968760129249,474.581575014024,496.231570547394,505.352668275512,519.345330433973,487.145441530514,610.721346795793,477.40639493911,454.945351281741,"TUSC3"
"ENSG00000155100",72.7072451232042,-0.305475136836096,0.353580468414231,-0.863947995221902,0.387616459453168,0.818069826266339,91.873243436511,81.8396488185599,62.7273038279406,92.3642704303543,38.5555169256522,83.0180267979957,41.0319637131436,46.019818910829,114.660924548695,74.981733822361,"OTUD6B"
"ENSG00000268006",88.5536922618112,-0.180257294473894,0.208662164615369,-0.863871487225132,0.387658491565064,0.818069826266339,79.3011153873043,96.1291113106894,91.614877959229,114.097039943379,85.3729303353726,77.226071439996,82.0639274262873,90.1221453670402,76.0931590186792,93.5165444301356,"PTOV1-AS1"
"ENSG00000008988",11482.7277940946,0.252738557147132,0.292684046882723,0.863520099024745,0.387851573576978,0.81817906908589,8355.62971885742,8788.01943265964,10132.1102867342,13921.6499372183,13855.2004037826,10078.0023229195,16787.311281703,16293.8921331154,10376.8136716569,6238.64875229869,"RPS20"
"ENSG00000184047",50.290552263353,-0.205469604698221,0.238019817680511,-0.863245786424464,0.388002344546416,0.81817906908589,57.0581196079384,59.7559340579961,51.9976334363192,49.8042634673479,55.0793098937888,44.4049910779977,49.7621687584934,48.8960575927558,40.652509612719,45.4945351281741,"DIABLO"
"ENSG00000119705",355.13815261679,0.246969956868136,0.286109609609402,0.863200495800544,0.388027241154813,0.81817906908589,402.308097574617,300.07871233472,419.282504534129,155.751514843343,312.575083647251,373.581120590981,460.08180588993,392.127206969356,439.881001450447,295.714478333132,"SLIRP"
"ENSG00000115598",9.16991177883406,-0.44558720156325,0.516203917979548,-0.863199960409647,0.388027535469177,0.81817906908589,6.76960741111134,12.9904204473905,14.0311074351972,9.96085269346958,5.50793098937888,7.7226071439996,5.23812302720983,9.58746227308938,11.4660924548695,8.42491391262483,"IL1RL2"
"ENSG00000120334",93.2154980407767,-0.368549277679463,0.427028978311642,-0.863054491375756,0.388107507549801,0.81817906908589,82.202375706352,162.380255592381,133.708200264821,53.4263917195186,53.7023271464441,165.070727702991,53.2542507766332,53.6897887293005,111.533808424639,63.1868543446862,"CENPL"
"ENSG00000174738",1141.65804200532,-0.234932076875488,0.272250617280903,-0.862925782214443,0.388178274207592,0.81817906908589,1410.01251505719,1356.19989470756,1416.31649169403,836.711626251445,1058.89973270809,1408.41047788693,719.368895736816,682.627313843964,1294.6260753589,1233.40739680828,"NR1D2"
"ENSG00000229563",46.584931511176,0.4116883783869,0.477114734218098,0.862870812534391,0.388208499941357,0.81817906908589,49.3214254238112,31.1770090737371,52.8229926972131,21.7327695130245,50.9483616517546,38.613035719998,28.809676649654,32.5973717285039,126.127017003564,33.6996556504993,"LINC01204"
"ENSG00000108819",863.583912635131,-0.188459855195477,0.21843289348706,-0.862781480329752,0.388257623376982,0.81817906908589,1076.3675783667,1136.66178914667,759.330520022439,756.119272640645,1058.89973270809,829.214942086957,947.227247420444,690.297283662435,711.940104243259,669.780656053674,"PPP1R9B"
"ENSG00000149792",371.906757354073,0.245105912793467,0.284116418262896,0.862695349645958,0.388304989893798,0.81817906908589,380.065101795251,405.301117958582,411.02891192519,143.074065960745,397.948013982624,385.16503130698,410.319637131436,348.983626740453,372.126818762582,465.055247976891,"MRPL49"
"ENSG00000068383",540.719054874959,0.187681240794784,0.217560755245277,0.862661285502496,0.38832372402442,0.81817906908589,452.596609771444,550.793826969355,621.495523453148,371.268145847502,604.495426084332,716.271812605963,521.193241207378,490.878068382176,631.677457059172,446.520437369116,"INPP5A"
"ENSG00000137628",21.3325619242262,-0.333522088012588,0.386702593790396,-0.862476987142647,0.388425091456285,0.818263377784311,24.1771693253976,20.7846727158247,23.1100593050307,28.977026017366,22.0317239575155,18.341191966999,12.2222870634896,11.5049547277073,26.0593010337942,26.117233129137,"DDX60"
"ENSG00000108523",490.670389188279,0.177073135137717,0.205347502377482,0.862309660880176,0.388517137883959,0.818328027157038,476.773779096841,466.356094061317,519.976334363192,357.685164901862,392.440082993245,620.704549198968,560.479163911451,604.96886943194,474.279278815055,433.040575108916,"RNF167"
"ENSG00000187801",18.8457291437303,-0.578607485536968,0.67113205498595,-0.862136566475104,0.388612371352267,0.818334862859856,44.4859915587317,20.7846727158247,20.6339815223489,8.1497885673842,6.8849137367236,36.6823839339981,5.23812302720983,8.62871604578044,30.2287891992013,6.73993113009986,"ZFP69B"
"ENSG00000184557",373.860750657504,-0.262028004782508,0.303948340911193,-0.862080720680977,0.388643099749144,0.818334862859856,527.062291293669,517.01873380614,381.315978533007,236.343868454142,338.737755846801,516.449352754973,427.780047222136,255.026496464178,235.5760813455,303.296900854494,"SOCS3"
"ENSG00000185753",59.1197325037679,-0.349599089255261,0.405637955887795,-0.86185004184363,0.388770043352042,0.818388628304216,74.4656815222247,70.1482704159085,75.1076927413499,51.6153275934333,57.8332753884782,82.0527009049957,23.5715536224442,21.0924170007966,72.9660428946239,62.3443629534237,"CXorf38"
"ENSG00000169188",102.980201987427,-0.245400980480217,0.284750242670304,-0.861811312885703,0.388791358546563,0.818388628304216,130.556714357147,132.502288563383,126.279966916775,65.1983085390736,112.912585282267,100.393892871995,103.889440039662,60.4010123204631,112.576180465991,85.0916305175108,"APEX2"
"ENSG00000123119",78.4781096070955,-0.247795380693751,0.287612488495322,-0.861559878676065,0.388929757291824,0.818453818509222,85.1036360253997,63.6530601922132,83.3612853502895,114.097039943379,61.9642236305124,95.567263406995,82.0639274262873,75.7409519574061,80.2626471840863,42.9670609543866,"NECAB1"
"ENSG00000181035",73.5050707898744,-0.241316153998537,0.28010118335532,-0.861532076044168,0.388945062736106,0.818453818509222,65.7619005650816,118.212826071253,73.456974219562,67.009372665159,93.6348268194409,54.0582500079972,60.238414812913,66.1534896843167,57.3304622743473,79.1941907786734,"SLC25A42"
"ENSG00000177189",536.271198055541,-0.271847457891568,0.315592410508624,-0.861387818082968,0.389024483124899,0.818491801772642,818.155409971456,614.446887161569,571.973967799511,386.662190919228,570.070857400714,486.524250071975,268.890315396771,324.056224830421,729.660428946239,592.271448057526,"RPS6KA3"
"ENSG00000081377",830.92887198354,0.240824707717708,0.279658776313008,0.861137672461835,0.389162222749033,0.81865245501638,822.02375706352,731.360671188083,861.675068373289,581.351584473406,1299.87171349342,576.29955812097,818.020212749268,705.637223299378,657.736758092967,1255.3121729811,"CDC14B"
"ENSG00000256771",19.7618049839459,0.345214484299082,0.400961808195034,0.860966000360724,0.38925676906051,0.81872220926668,16.4404751412704,16.8875465816076,17.3325444787731,17.2051091978111,19.2777584628261,27.9944508969985,11.3492665589546,23.0099094554145,31.2711612405531,16.8498278252497,"ZNF253"
"ENSG00000137727",56.032803806735,-0.418994667418201,0.486837462886223,-0.860645902092631,0.389433096591985,0.818857100492681,32.8809502825408,123.408994250209,51.1722741754252,57.0485199716894,63.3412063778571,25.0984732179987,34.0477996768639,104.503338776674,25.0169289924425,43.8095523456491,"ARHGAP20"
"ENSG00000105048",17.5625434903144,-0.582478125480374,0.676852812787395,-0.860568375392621,0.389475809822354,0.818857100492681,17.4075619142863,6.49521022369523,48.6961963927434,14.488513008683,22.0317239575155,1.9306517859999,17.4604100906994,10.5462085003983,28.1440451164978,8.42491391262483,"TNNT1"
"ENSG00000160013",52.9164862469952,-0.572854733268132,0.665713823487986,-0.860511999385379,0.389506871896828,0.818857100492681,44.4859915587317,6.49521022369523,23.1100593050307,189.256201175922,17.9007757154814,50.1969464359974,44.5240457312835,70.9472208208614,51.0762300262367,31.1721814767119,"PTGIR"
"ENSG00000108829",1359.63708385102,-0.297720431474952,0.346024077890808,-0.860403799902332,0.389566491911679,0.818857100492681,1879.0495999699,1427.64720716821,1736.55588492088,1080.29975120993,972.149819625372,1954.7849333249,842.464786876247,604.96886943194,1984.67636673377,1113.773619249,"LRRC59"
"ENSG00000113761",122.979454957302,-0.180059692685416,0.209395984455868,-0.859900409042301,0.389843943024945,0.819211727851686,133.457974676195,151.987919234468,145.263229917336,98.7029948716531,128.059395503059,125.492366089993,130.080055175711,111.214562367837,105.279576176529,100.256475560235,"ZNF346"
"ENSG00000107281",533.491495359824,0.296647618766594,0.34499586606677,0.859858473519161,0.389867061812383,0.819211727851686,407.143531439696,514.420649716662,413.504989707872,542.413705762571,466.79715134986,353.309276837982,861.671237976017,958.746227308938,275.186218916867,541.721964581777,"NPDC1"
"ENSG00000122694",949.495129733121,-0.170263055165103,0.198034778228887,-0.859763404629435,0.38991947577435,0.819211727851686,1025.11197939686,949.599734704243,1304.06763221245,790.529491036267,962.510940393959,819.561683156958,1124.45040984104,817.810531894524,766.143450393551,935.165444301356,"GLIPR2"
"ENSG00000133703",511.098345301384,-0.279260225704961,0.324895344342353,-0.859539019465587,0.390043202164963,0.819342603130275,705.006257528595,627.437307608959,516.674897319616,436.466454386576,448.896375634379,539.617174186972,236.588556728977,408.425892833608,842.23660941223,349.63392737393,"KRAS"
"ENSG00000255857",11.4807296350589,-0.544219309589002,0.633405747881762,-0.859195407381418,0.390232716752586,0.819611613122715,8.70378095714315,12.9904204473905,7.4282333480456,27.1659618912807,15.1468102207919,18.341191966999,9.60322554988468,2.87623868192681,8.33897633081416,4.21245695631242,"PXN-AS1"
"ENSG00000154511",236.676671992385,0.226584437471014,0.263832099786626,0.858820581931704,0.39043951046305,0.81982250581291,196.318614922229,159.782171502903,242.655622702823,258.982170030209,293.297325184425,223.955607175988,202.540757052113,385.415983378193,199.093059898188,204.725408076783,"FAM69A"
"ENSG00000155016",76.7820223644313,0.451079051048653,0.525358341211016,0.85861214273073,0.390554536573282,0.81982250581291,78.3340286142883,29.8779670289981,25.5861370877126,117.71916819555,61.9642236305124,34.7517321479982,48.0161277494234,185.996768097934,80.2626471840863,105.31142390781,"CYP2U1"
"ENSG00000173812",10942.6229662513,0.184490276143407,0.214881427807838,0.858567806559771,0.390579005918515,0.81982250581291,8484.25225966854,10289.712036378,11682.134978693,10002.5071683695,11881.9841268376,11096.4211400344,14404.838324827,13807.8631657033,10346.5848824577,7429.93157954384,"EIF1"
"ENSG00000143740",302.87504753105,0.209048686002492,0.243618351357845,0.858099091621489,0.390837748912076,0.81988573823278,264.014689033342,346.844225945325,325.191548792218,172.051091978111,388.309134751211,346.551995586982,363.176529886548,287.623868192681,285.609939330385,249.377451813695,"SNAP47"
"ENSG00000227939",9.83204469396469,0.504358355009717,0.587769870810781,0.858088139689765,0.39084379591143,0.81988573823278,4.83543386507953,2.59808408947809,10.7296703916214,12.6774488825976,11.0158619787578,9.6532589299995,9.60322554988468,11.5049547277073,19.8050687856836,5.89743973883738,"RPL3P2"
"ENSG00000155660",251.249249705476,-0.233174560017076,0.271827869458469,-0.85780225729467,0.391001663113272,0.81988573823278,235.969172615881,268.901703260983,210.466611527959,389.378787108356,148.71413671323,222.990281282988,244.445741269792,341.313656921982,204.304920104947,246.007486248645,"PDIA4"
"ENSG00000237190",235.556970953534,0.221310040026121,0.258012639381409,0.857748831827454,0.391031169500359,0.81988573823278,247.574213892072,263.705535082026,225.32307822405,121.34129644772,223.071205069845,270.291250039986,301.192074064565,283.788883283446,231.406593180093,187.875580251534,"CDKN2AIPNL"
"ENSG00000244045",55.472310605026,0.253614973470684,0.295678449583896,0.857739121087765,0.391036532796513,0.81988573823278,53.1897725158748,36.3731772526933,72.6316149586681,36.2212825217076,45.4404306623758,70.4687901889964,55.8733122902382,70.9472208208614,56.2880902329956,57.2894146058489,"TMEM199"
"ENSG00000121940",70.3337034580663,-0.29821770164615,0.347682268370269,-0.857730545316621,0.391041269280302,0.81988573823278,65.7619005650816,58.4568920132571,49.5215556536373,143.074065960745,52.3253443990994,60.8155312589968,50.6351892630283,82.4521755485687,59.4152063570509,80.8791735611984,"CLCC1"
"ENSG00000121481",235.258516703932,-0.20140066072119,0.234896499428655,-0.857401711864851,0.391222913549699,0.81988573823278,268.850122898422,272.7988293952,296.30397466093,182.917476734623,209.301377596397,293.459071471985,208.651900583858,166.821843551755,264.762498503349,188.718071642796,"RNF2"
"ENSG00000004864",66.5659241955046,-0.318499883773475,0.371535696599037,-0.857252443544344,0.391305384761389,0.81988573823278,49.3214254238112,67.5501863264304,78.4091297849257,106.852783439037,39.9324996729969,101.359218764995,33.1747791723289,47.9373113654469,81.305019225438,59.8168887796363,"SLC25A13"
"ENSG00000196914",1526.52704607675,-0.268075245184714,0.312742959333874,-0.857174357356279,0.391348531827921,0.81988573823278,1895.49007511117,1970.64678186913,1677.13001813652,1254.16190731412,1809.35533001096,1671.94444667591,743.813469863795,759.327012028679,1848.12562931669,1635.27579044048,"ARHGEF12"
"ENSG00000144040",80.1431795271474,-0.229551217103581,0.267849460795614,-0.857015789472665,0.391436158502338,0.81988573823278,100.577024393654,77.9425226843427,90.7895186983351,81.497885673842,88.1268958300621,72.3994419749963,48.8891482539584,55.6072811839184,97.9829718870663,87.6191046912982,"SFXN5"
"ENSG00000139343",399.38123046013,0.214653928303562,0.250470454725476,0.857002988790952,0.391443232844999,0.81988573823278,455.497870090491,320.863385050544,396.172445229098,284.337067795404,411.717841456071,470.113709890976,559.606143406917,423.765832470551,423.203048788818,248.534960422433,"SNRPF"
"ENSG00000140416",13146.4872168715,-0.409253695936695,0.477595705024008,-0.856904054269338,0.391497911981052,0.81988573823278,8266.65773573996,10531.3338566994,21221.6373161054,21714.6588717637,5912.76391709823,19237.979721596,4484.70633179615,5882.86685076764,24039.1840176545,10173.0835494945,"TPM1"
"ENSG00000146267",11.325781681201,0.508441496438005,0.593642041631121,0.856478249149917,0.391733298884058,0.81988573823278,13.5392148222227,3.89712613421714,4.95215556536373,13.5829809456403,8.26189648406832,6.75728125099965,7.85718454081474,23.0099094554145,18.7626967443319,12.6373708689372,"FAXC"
"ENSG00000125821",623.210169779899,0.165450867421876,0.193211882888109,0.856318280991498,0.391821752158344,0.81988573823278,691.467042706372,575.475625819397,614.892649365997,441.899646764832,561.808960916646,788.671254580959,592.780922579245,722.894655390939,678.584198920002,563.626740754601,"DTD1"
"ENSG00000231711",49.1532888033034,0.315400917043092,0.368345355448341,0.856264134671099,0.391851694732431,0.81988573823278,33.8480370555567,41.5693454316495,33.8397296966522,62.4817123499455,48.1943961570652,41.5090133989979,89.921111967102,62.318504775081,28.1440451164978,49.7069920844865,"LINC00899"
"ENSG00000079462",48.3343613373014,-0.339611582193616,0.39668102853528,-0.856132655114893,0.391924407877076,0.81988573823278,101.54411116667,41.5693454316495,56.1244297407889,21.7327695130245,48.1943961570652,43.4396651849978,40.1589432086087,31.638625501195,45.8643698194779,53.0769576495364,"PAFAH1B3"
"ENSG00000101161",416.293538575846,0.227748810348284,0.266036875548683,0.856079856894153,0.39195360958443,0.81988573823278,285.290598039692,457.262799748144,431.662893447539,335.952395388838,615.51128806309,340.760040228982,547.383856343427,436.229533425567,273.101474834164,439.780506239016,"PRPF6"
"ENSG00000137752",30.2195507951009,0.450454186406704,0.526191209374539,0.85606558677052,0.391961502349217,0.81988573823278,28.0455164174613,15.5885045368685,20.6339815223489,34.4102183956222,57.8332753884782,22.2024955389988,34.0477996768639,34.5148641831218,5.21186020675885,49.7069920844865,"CASP1"
"ENSG00000123179",167.254169147763,0.245489245775486,0.286822731890685,0.85589187494751,0.392057589595077,0.81988573823278,121.852933400004,94.8300692659503,154.34218178717,230.005144012843,173.499826165435,168.932031274991,208.651900583858,237.769064372617,142.804969665192,139.853570949572,"EBPL"
"ENSG00000175084",37.5298965040327,0.794237144693764,0.928006149488668,0.855853320725718,0.392078917478643,0.81988573823278,29.9796899634931,16.8875465816076,55.299070479895,1.81106412608538,28.9166376942391,20.2718437529989,12.2222870634896,3.83498490923575,195.965943774133,10.1098966951498,"DES"
"ENSG00000184162",68.0607999681352,0.355651961058043,0.415580106154665,0.855796405532657,0.392110403789267,0.81988573823278,56.0910328349225,53.2607238343009,98.2177520463807,25.3548977651953,60.5872408831677,124.527040196994,89.921111967102,39.3085953196665,80.2626471840863,53.0769576495364,"NR2C2AP"
"ENSG00000067955",669.275939698843,-0.227219962401592,0.26553140606742,-0.855717844328741,0.392153867506679,0.81988573823278,828.793364474631,726.164503009127,852.596116503456,526.114128627802,480.566978823307,891.961125131954,474.050133962489,514.8467240649,860.999306156562,536.667016234202,"CBFB"
"ENSG00000013441",290.103968249341,-0.415643929160563,0.485740064798251,-0.855692085710899,0.392168119010014,0.81988573823278,142.161755633338,206.547685113508,203.038378179913,813.167792612335,373.162324530419,104.255196443995,364.049550391083,295.293838011153,202.220176022243,197.142985555421,"CLK1"
"ENSG00000164484",233.416133753478,0.391374348602033,0.457409678833244,0.855631978755558,0.392201375683554,0.81988573823278,172.141445596831,345.545183900586,148.564666960912,121.34129644772,123.928447261025,173.758660739991,109.127563066871,255.026496464178,540.991089461568,343.736487635093,"TMEM200A"
"ENSG00000056097",695.146890545223,0.160889610138368,0.188038414649613,0.855620966801739,0.392207468690495,0.81988573823278,609.26466700002,601.456466714178,654.509893888906,731.669906938493,629.281115536537,784.809951008959,559.606143406917,711.389700663232,727.575684863535,941.905375431456,"ZFR"
"ENSG00000140853",144.089213450113,-0.262721128148674,0.307110796818185,-0.855460409958201,0.392296312666931,0.819923811856517,151.832623363497,119.511868115992,112.248859481578,256.265573841081,147.337153965885,148.660187521992,182.461285447809,130.389486914016,92.7711116803075,99.413984168973,"NLRC5"
"ENSG00000102057",8.66149431296682,-0.5444793844139,0.636545610381138,-0.855365861509732,0.392348636670038,0.819923811856517,17.4075619142863,3.89712613421714,9.07895186983351,11.771916819555,12.3928447261025,7.7226071439996,2.61906151360491,2.87623868192681,10.4237204135177,8.42491391262483,"KCND1"
"ENSG00000184949",13.2345010301628,-0.464090927911392,0.542872239255168,-0.854880567383837,0.392617269617716,0.820258375992477,18.3746486873022,7.79425226843427,8.25359260893955,28.977026017366,9.63887923141304,7.7226071439996,15.7143690816295,6.71122359116257,11.4660924548695,17.6923192165121,"FAM227A"
"ENSG00000143947",9742.5351175073,0.256434537523599,0.30000051424827,0.854780326514317,0.392672771508351,0.820258375992477,8255.05269446377,5752.15817410449,8940.29151400332,11948.4955718483,12299.209899283,7563.32837165461,14320.1553358871,12920.0641592152,9835.8225821953,5590.77287241784,"RPS27A"
"ENSG00000164088",413.222629858687,0.193015378491056,0.225816762047229,0.854743362455473,0.392693239162628,0.820258375992477,391.670143071442,409.198244092799,356.555200706189,364.023889343161,619.642236305124,375.511772376981,511.590015657493,439.105772107494,348.152261811491,316.776763114694,"PPM1M"
"ENSG00000100271",153.385707956528,0.244868659186073,0.286614978929682,0.854347041108936,0.392912729949411,0.820388367314311,139.26049531429,157.184087413425,189.007270744716,67.009372665159,161.106981439332,169.897357167991,196.429613520369,179.285544506771,140.720225582489,133.956131210735,"TTLL1"
"ENSG00000173801",21.8957365274407,0.601281801628048,0.70382754630824,0.854302740468072,0.392937269160265,0.820388367314311,22.2429957793658,18.1865886263466,14.0311074351972,12.6774488825976,19.2777584628261,5.7919553579997,10.4762460544197,24.9274019100324,6.25423224811062,85.0916305175108,"JUP"
"ENSG00000163312",71.902412163625,0.186576520958505,0.218397521227594,0.854297795642433,0.39294000827801,0.820388367314311,61.893553473018,62.3540181474742,77.5837705240318,63.3872444129882,74.3570683566149,66.6074866169966,85.5560094444272,68.0709821389346,83.3897633081416,75.8242252136235,"HELQ"
"ENSG00000169641",389.845157154395,-0.233156069835782,0.273027626941789,-0.853965118648934,0.393124316670879,0.820644703621774,402.308097574617,467.655136106056,263.289604225172,579.540520347321,430.995599918897,401.575571487979,255.795007828747,268.448943646503,363.787842431768,465.055247976891,"LUZP1"
"ENSG00000163393",175.485856211033,-0.411154649036225,0.481662692369255,-0.853615311191725,0.393318172098205,0.820743849877094,140.227582087306,72.7463545053866,141.96179287376,469.065608656113,145.96017121854,274.152553611986,105.635481048732,151.481903914812,180.330363153856,73.296751039836,"SLC22A15"
"ENSG00000196199",285.121931725845,0.249606838255139,0.292426137817426,0.853572256290507,0.393342036157867,0.820743849877094,218.561610701595,167.576423771337,241.004904181035,396.623043612698,289.166376942391,221.059629496989,432.145149744811,360.488581468161,231.406593180093,293.187004159344,"MPHOSPH8"
"ENSG00000100399",6.02725999586505,0.590153362557768,0.691652313360955,0.853251483668186,0.39351985855206,0.820781865954087,4.83543386507953,9.09329431317332,3.30143704357582,1.81106412608538,5.50793098937888,2.89597767899985,9.60322554988468,9.58746227308938,5.21186020675885,8.42491391262483,"CHADL"
"ENSG00000175826",1619.2453897316,0.172296239354461,0.201943940212232,0.853188459992348,0.393554801859119,0.820781865954087,1456.43268016195,1590.02746276059,1523.61319561024,1448.8513008683,1901.61317408306,1435.43960289093,2248.02779917755,1917.49245461788,1323.81249251675,1347.14373462871,"CTDNEP1"
"ENSG00000137656",81.1170869363323,-0.219739438862976,0.257553314837007,-0.853180394909839,0.393559273657973,0.820781865954087,92.8403302095269,87.0358169975161,95.7416742636988,77.8757574216713,95.0118095667857,88.8099821559954,61.984455821983,58.4835198658452,96.9405998457146,56.4469232145864,"BUD13"
"ENSG00000068394",83.4402713233484,0.270586966547679,0.317327608377976,0.852705404143018,0.393822693262546,0.821014492040355,50.2885121968271,119.511868115992,70.1555371759862,58.8595840977748,61.9642236305124,81.0873750119958,100.397358021522,92.998384048967,71.9236708532721,127.216200080635,"GPKOW"
"ENSG00000214706",608.173354712573,0.208668411900993,0.244730339625269,0.852646272711862,0.393855493744785,0.821014492040355,564.778675441289,669.006653040609,628.0983975403,364.023889343161,502.598702780823,871.689281378955,697.543383123442,612.638839250411,686.923175250816,484.432549975928,"IFRD2"
"ENSG00000142937",15647.2663509069,0.3087239069312,0.36212854678134,0.852525738926662,0.393922359522158,0.821025552265513,11461.9124337845,8400.90490332741,14995.1270519214,19891.8228288587,18470.8465728821,11967.1450955204,24828.7031489746,25087.512529993,14352.4206373725,7016.26830643396,"RPS8"
"ENSG00000143183",274.514544779887,0.249578393757275,0.29289742454734,0.85210170127985,0.394157647816692,0.821149352551409,213.726176836515,141.595582876556,269.892478312323,360.40176109099,224.448187817189,266.429946467986,391.986206536202,377.746013559722,229.321849097389,269.597245203995,"TMCO1"
"ENSG00000135318",1451.84581014167,0.259208745508074,0.304204977653993,0.852085812359393,0.39416646584945,0.821149352551409,1161.4712143921,1483.50601509199,1672.17786257115,877.460569088366,994.181543582888,2340.91529052488,928.020796320674,1903.11126120824,1414.49886011435,1743.11468852208,"NT5E"
"ENSG00000128294",230.082251756551,0.234533589326899,0.275321700671579,0.851852900642458,0.394295740890913,0.821241803564296,314.303201230169,123.408994250209,193.134067049185,200.122585932434,272.642583974255,180.515941990991,245.318761774327,267.490197419194,299.160775867958,204.725408076783,"TPST2"
"ENSG00000177628",111.021360353781,0.2525834115475,0.296548058777119,0.851745287388098,0.394355479087275,0.821241803564296,85.1036360253997,85.736774952777,89.1388001765472,138.546405645531,107.404654292888,86.8793303699955,166.74691636618,114.090801049764,78.1779031013827,158.388381557347,"GBA"
"ENSG00000152332",1821.66511855311,-0.235811478534071,0.276910234477725,-0.851580942751466,0.394446720536598,0.821241803564296,1901.29259574927,2235.6513589959,2258.18293780586,1616.3747325312,1634.47852109818,2270.44650033588,901.830181184625,1252.12257286547,2273.41342218821,1872.8583627765,"UHMK1"
"ENSG00000070778",575.974609091737,-0.196027399683526,0.230197405095809,-0.851562160754761,0.394457148806544,0.821241803564296,555.10780771113,684.595157577477,600.036182669905,653.794149516821,633.412063778571,729.786375107962,366.668611904688,408.425892833608,609.787644190785,518.132205626427,"PTPN21"
"ENSG00000182179",127.956783036097,-0.53611548192903,0.629893628621741,-0.851120661598204,0.394702329056849,0.821555195463244,93.8074169825428,61.0549761027352,39.6172445229098,433.749858197448,227.202153311879,36.6823839339981,117.857768112221,149.564411460194,63.5846945224579,56.4469232145864,"UBA7"
"ENSG00000204116",84.2030337877666,0.250093478044431,0.293895855627479,0.850959526157564,0.394791836276087,0.821555195463244,88.0048963444474,61.0549761027352,92.440237220123,60.6706482238602,79.8649993459938,76.260745546996,57.6193532993081,89.1633991397312,102.152460052473,134.798622601997,"CHIC1"
"ENSG00000180660",74.3163297862748,-0.387531897681926,0.455406408789314,-0.850958375206379,0.394792475648491,0.821555195463244,116.050412761909,151.987919234468,45.3947593491675,33.5046863325795,82.6189648406832,75.2954196539961,43.6510252267486,48.8960575927558,39.6101375713672,106.153915299073,"MAB21L1"
"ENSG00000157778",196.302835264684,0.146702016319827,0.172434525867474,0.850769389609223,0.39489746876389,0.821645482200313,194.384441376197,179.267802173988,177.4522410922,186.539604986794,198.28551561764,221.059629496989,226.112310674558,196.542976598332,219.940500725223,163.443329904922,"PSMG3"
"ENSG00000205534",18.8384589568051,-0.334495008054287,0.393445870076399,-0.850167795608924,0.395231803611778,0.822080707057384,17.4075619142863,16.8875465816076,28.0622148703945,22.6383015760672,28.9166376942391,14.4798883949993,13.9683280725595,14.3811934096341,15.6355806202765,16.0073364339872,"SMG1P2"
"ENSG00000168785",354.978903797354,-0.248217541930932,0.292065397781816,-0.849869734025666,0.395397514199022,0.822080707057384,503.852208741287,249.416072589897,252.55993383355,562.33541114951,291.920342437081,441.153933100977,313.414361128055,324.056224830421,361.703098349064,249.377451813695,"TSPAN5"
"ENSG00000127616",438.938035095679,-0.131042699699001,0.154203163103718,-0.849805523190604,0.395433218409296,0.822080707057384,410.044791758744,548.195742879877,445.694000882736,449.143903269174,464.043185855171,417.020785775978,426.034006213066,370.07604374125,429.457281036929,429.670609543866,"SMARCA4"
"ENSG00000117362",1426.2122134032,0.158744837450357,0.186813423146662,0.849750701938217,0.395463703116755,0.822080707057384,1293.96210229528,1319.82671745487,1277.65613586384,1440.70151230092,1681.2959345079,1525.21491093992,1620.32605641691,1803.40165356811,1149.736361611,1150.00074907329,"APH1A"
"ENSG00000176058",126.270075137016,0.232310077956934,0.273427275123286,0.849622912901382,0.395534768871123,0.822080707057384,117.017499534925,155.885045368685,104.820626133532,79.6868215477566,191.400601880916,111.977803587994,146.667444761875,130.389486914016,131.338877210323,93.5165444301356,"TPRN"
"ENSG00000166821",52.4751755693129,0.218879941328242,0.257643169202954,0.849546844208484,0.395577075686806,0.822080707057384,49.3214254238112,48.0645556553447,45.3947593491675,47.9931993412625,72.9800856092701,44.4049910779977,56.7463327947731,55.6072811839184,42.7372536954226,61.5018715621613,"PEX11A"
"ENSG00000157895",132.324865290855,0.164873341373315,0.194090901395785,0.849464555976838,0.395622844676648,0.822080707057384,131.523801130163,109.11953175808,147.739307700018,104.136187249909,150.091119460574,139.006928591993,151.03254728455,129.430740686707,122.999900879509,138.168588167047,"C12orf43"
"ENSG00000163291",212.628769105274,-0.277534287707411,0.326747966588936,-0.849383366038087,0.395668005927946,0.822080707057384,222.429957793658,176.66971808451,318.588674705067,231.816208138928,166.614912428711,300.216352722984,107.381522057801,182.161783188698,285.609939330385,134.798622601997,"PAQR3"
"ENSG00000229692",6.28896541903204,-0.555825777420186,0.654517146323571,-0.849214998479818,0.395761668955945,0.822080707057384,7.73669418412724,2.59808408947809,9.07895186983351,11.771916819555,1.37698274734472,4.82662946499975,6.1111435317448,5.75247736385363,5.21186020675885,8.42491391262483,"SOS1-IT1"
"ENSG00000186532",107.61065222773,0.171719888823388,0.202252180629482,0.849038503757702,0.395859867510923,0.822080707057384,81.2352889333361,107.820489713341,95.7416742636988,115.908104069464,107.404654292888,104.255196443995,110.000583571406,120.802024640926,103.194832093825,129.743674254422,"SMYD4"
"ENSG00000163170",295.258930210488,0.220702973254702,0.25995295877551,0.849011199158138,0.395875060623699,0.822080707057384,279.488077401597,187.062054442423,346.650889575461,260.793234156294,190.023619133571,349.447973265982,332.620812227824,403.632161697063,340.855657522029,262.014822682632,"BOLA3"
"ENSG00000241852",244.21067714489,0.273222775446873,0.321835330630265,0.848952086496556,0.39590795391989,0.822080707057384,189.549007511117,157.184087413425,191.483348527398,328.708138884496,375.916290025108,282.840486648985,213.017003106533,335.561179558128,235.5760813455,132.27114842821,"C8orf58"
"ENSG00000137404",73.3898483957437,-0.219034692470008,0.258205762030934,-0.848295137750517,0.396273624775846,0.82249213142775,75.4327682952406,71.4473124606475,92.440237220123,80.5923536107993,77.1110338513043,93.6366116209951,77.6988249036124,53.6897887293005,60.4575783984026,51.3919748670115,"NRM"
"ENSG00000117385",237.392008068142,-0.411557592265771,0.485288358314072,-0.848068133543432,0.396400027262442,0.82249213142775,185.680660419054,106.521447668602,111.423500220684,711.748201551554,190.023619133571,210.441044673989,280.239581955726,270.366436101121,166.779526616283,140.696062340835,"P3H1"
"ENSG00000197776",16.604585020059,-0.483969371878646,0.570682953898822,-0.848052966313851,0.396408473680483,0.82249213142775,14.5063015952386,7.79425226843427,22.2847000441368,35.3157504586649,11.0158619787578,12.5492366089993,4.36510252267486,25.8861481373413,10.4237204135177,21.9047761728246,"KLHDC1"
"ENSG00000178074",490.453367866669,-0.175537996512698,0.20701811954458,-0.847935421782714,0.396473936269591,0.82249213142775,522.226857428589,518.317775850879,671.017079106786,394.811979486612,415.848789698105,470.113709890976,364.922570895618,505.25926179181,566.008018454011,476.007636063303,"C2orf69"
"ENSG00000185946",44.1997073165547,-0.345417227288398,0.407382476316479,-0.847894171618852,0.396496910748363,0.82249213142775,38.6834709206362,19.4856306710857,50.3469149145313,93.269802493397,44.063447915031,27.0291250039986,41.0319637131436,41.2260877742843,53.1609741089403,33.6996556504993,"RNPC3"
"ENSG00000105948",53.69286081492,-0.279707620374426,0.329935839798728,-0.847763675946989,0.396569596237513,0.82249213142775,54.1568592888907,80.5406067738208,66.0287408715164,39.8434107738783,52.3253443990994,36.6823839339981,34.0477996768639,38.3498490923575,66.7118106465133,68.2418026922611,"TTC26"
"ENSG00000068885",167.260701764483,-0.231035745871148,0.272540992372812,-0.847710077884766,0.396599452441468,0.82249213142775,274.652643536517,148.090793100251,155.992900308958,154.8459827803,207.924394849053,125.492366089993,178.096182925134,149.564411460194,109.449064341936,168.498278252497,"IFT80"
"ENSG00000185813",190.695856243807,0.24089029145417,0.284283820749571,0.847358427992893,0.396795368745193,0.822701519491398,253.376734530167,175.370676039771,164.246492917897,95.0808666194824,205.170429354363,193.06517859999,165.873895861645,160.110619960593,233.491337262796,261.17233129137,"PCYT2"
"ENSG00000011405",251.325176082706,-0.275478168218123,0.325121862575274,-0.847307425086932,0.396823789074617,0.822701519491398,296.895639315883,298.779670289981,230.275233789413,297.014516678002,162.483964186677,166.036053595991,119.603809121291,242.562795509161,335.64379731527,363.956281025393,"PIK3C2A"
"ENSG00000165312",103.749489811737,0.237227787953361,0.280060424693079,0.847059302339276,0.396962067937911,0.82273340715576,94.7745037555587,114.315699937036,85.8373631329713,80.5923536107993,110.158619787578,57.919553579997,106.508501553266,150.523157687503,110.491436383288,126.373708689372,"OTUD1"
"ENSG00000105677",484.636282596769,0.255503756048466,0.301636513554623,0.847058444740301,0.396962545928419,0.82273340715576,465.168737820651,285.78924984259,463.851904622403,521.586468312589,341.491721341491,435.361977742977,722.860977754956,803.42933848489,415.906444499356,390.916005545792,"TMEM147"
"ENSG00000240356",96.9111387482121,0.373586069471376,0.441493938883758,0.846186179624401,0.397448890505167,0.823275660028488,41.5847312396839,92.2319851764723,162.595774396109,32.5991542695368,119.797499018991,136.110950912993,83.8099684353572,54.6485349566095,108.406692300584,137.326096775785,"RPL23AP7"
"ENSG00000126858",395.986600994564,-0.190717264380328,0.225387102579454,-0.846176476815465,0.397454302472379,0.823275660028488,440.991568495253,452.066631569188,448.995437926312,368.551549658374,450.273358381723,417.986111668978,353.573304336663,217.635393599129,413.821700416653,395.970953893367,"RHOT1"
"ENSG00000260549",49.3581309997892,0.332717671935703,0.393238325734,0.846096756501716,0.397498770012665,0.823275660028488,50.2885121968271,18.1865886263466,54.473711219001,47.0876672782198,48.1943961570652,72.3994419749963,36.6668611904688,27.8036405919592,71.9236708532721,66.5568199097362,"MT1L"
"ENSG00000077348",95.4746564583138,0.284891059980139,0.336870581466105,0.845698840012253,0.397720770429771,0.823275660028488,117.017499534925,85.736774952777,101.519189089956,33.5046863325795,103.273706050854,101.359218764995,139.683280725595,75.7409519574061,104.237204135177,92.6740530388731,"EXOSC5"
"ENSG00000237187",346.366010654021,0.248754214730623,0.294159434956957,0.84564418192815,0.397751270397447,0.823275660028488,256.277994849215,328.657637318979,464.677263883297,195.594925617221,297.428273426459,425.708718812978,410.319637131436,455.404457971746,220.982872766575,408.608324762304,"NR2F1-AS1"
"ENSG00000115761",241.467849006692,-0.189798614395,0.224442791219037,-0.845643619757753,0.397751584103636,0.823275660028488,346.217064739694,187.062054442423,269.067119051429,239.965996706313,223.071205069845,236.504843784988,258.414069342351,167.780589779064,239.745569510907,246.849977639908,"NOL10"
"ENSG00000180198",538.802803593271,0.221609932527396,0.262129531732401,0.845421464200491,0.397875564548676,0.823275660028488,422.616919807951,580.671793998353,478.708371318494,477.215397223497,866.122148079829,547.339781330972,556.987081893312,484.166844791014,647.313037679449,326.886659809843,"RCC1"
"ENSG00000102030",367.252073161751,0.188187189382926,0.22266622800055,0.845153713128249,0.398025021859643,0.823275660028488,337.513283782551,287.088291887329,368.110230358704,362.212825217076,351.130600572904,425.708718812978,468.81201093528,384.457237150884,448.219977781261,239.267555118545,"NAA10"
"ENSG00000154359",156.942867364224,-0.216009018922603,0.255594859090745,-0.845122705875364,0.39804233213873,0.823275660028488,133.457974676195,192.258222621379,167.547929961473,191.067265302007,173.499826165435,192.09985270699,116.111727103151,133.265725595942,174.076130905746,96.0440186039231,"LONRF1"
"ENSG00000177542",204.242371004307,-0.234200063192608,0.277153076031611,-0.845020616570377,0.398099328279528,0.823275660028488,293.994378996835,255.911282813592,216.244126354216,132.207681204233,166.614912428711,215.267674138989,227.858351683627,125.595755777471,233.491337262796,175.238209382596,"SLC25A22"
"ENSG00000181513",65.9437762791362,0.361560150330898,0.427871972861771,0.845019476065808,0.398099965047447,0.823275660028488,75.4327682952406,58.4568920132571,26.4114963486066,65.1983085390736,95.0118095667857,31.8557544689983,119.603809121291,70.9472208208614,36.4830214473119,80.0366821699359,"ACBD4"
"ENSG00000086730",6.5611859597407,-0.579923001487192,0.68645705421204,-0.844805946604869,0.398219193892663,0.823275660028488,5.80252063809543,3.89712613421714,8.25359260893955,14.488513008683,5.50793098937888,3.8613035719998,7.85718454081474,3.83498490923575,10.4237204135177,1.68498278252497,"LAT2"
"ENSG00000136868",271.405370827219,-0.255010294481846,0.301868125656442,-0.844773836016308,0.398237125402736,0.823275660028488,277.553903855565,187.062054442423,267.416400529641,469.971140719156,177.630774407469,260.637991109987,260.160110351421,298.17007669308,341.89802956338,173.553226600072,"SLC31A1"
"ENSG00000128908",367.168558418746,-0.147165358888325,0.174236860706386,-0.844628158999716,0.398318481901386,0.823275660028488,391.670143071442,391.011655466453,411.854271186084,363.118357280118,453.027323876413,358.135906302981,323.017586677939,299.128822920389,368.999702638526,311.721814767119,"INO80"
"ENSG00000047648",13.6468112734771,-0.529287571030574,0.626664618879915,-0.844610586084483,0.398328296554793,0.823275660028488,30.946776736509,6.49521022369523,23.9354185659247,5.43319237825613,6.8849137367236,3.8613035719998,12.2222870634896,18.2161783188698,16.6779526616283,11.7948794776748,"ARHGAP6"
"ENSG00000072110",2203.23354681284,-0.264368378972457,0.313010878242395,-0.844598055048205,0.398335295356065,0.823275660028488,1592.7919151572,2062.8787670456,2242.50111184888,3898.31553139878,2022.78765584939,2339.94996463188,1261.51462905303,1502.35533819311,3152.13305304775,1957.10750190275,"ACTN1"
"ENSG00000103591",445.163677639192,0.184465614279937,0.218443240764753,0.844455583217576,0.39841487355506,0.823310025509572,510.621816152398,402.703033869104,472.105497231342,260.793234156294,396.571031235279,487.489575964975,441.748375294695,450.610726835201,542.03346150292,486.960024149715,"AAGAB"
"ENSG00000147677",2564.55241633064,0.244851230783052,0.290043091647991,0.844189149246189,0.398563716988053,0.823310025509572,2052.15813233975,1753.70676039771,2195.45563397792,3230.93840093631,3690.31376288385,1796.47148687291,3320.96999925103,3585.71089013543,2242.14226094766,1777.65683556384,"EIF3H"
"ENSG00000122692",234.900486994796,-0.194468242740972,0.230398253712596,-0.84405258984105,0.398640018926867,0.823310025509572,233.067912296833,309.172006647893,246.782419007293,229.0996119498,181.761722649503,184.37724556299,189.445449484089,236.810318145308,211.601524394409,326.886659809843,"SMU1"
"ENSG00000161912",13.9591383996566,-0.416155520751801,0.493098722495509,-0.843959843671246,0.398691845437416,0.823310025509572,19.3417354603181,6.49521022369523,11.5550296525154,28.0714939543234,9.63887923141304,10.6185848229995,16.5873895861645,13.4224471823251,14.5932085789248,9.26740530388731,"ADCY10P1"
"ENSG00000028277",76.6777376438717,0.487349793613357,0.577538746741243,0.843839130037983,0.398759306227981,0.823310025509572,81.2352889333361,9.09329431317332,32.1890111748642,124.057892636848,106.027671545543,156.382794665992,105.635481048732,31.638625501195,57.3304622743473,63.1868543446862,"POU2F2"
"ENSG00000006695",132.094563318537,-0.225273944797316,0.267001641796982,-0.843717451627528,0.398827313138799,0.823310025509572,176.009792688895,145.492709010773,159.294337352533,96.8919307455677,162.483964186677,146.729535735992,110.000583571406,89.1633991397312,139.677853541137,95.2015272126606,"COX10"
"ENSG00000166128",636.661294336967,-0.221531863395068,0.262622480456595,-0.843537320224503,0.398928002652997,0.823310025509572,878.114789898442,685.894199622216,783.265938588363,437.371986449619,561.808960916646,536.721196507972,398.970370572482,572.371497703436,671.28759463054,840.806408479958,"RAB8B"
"ENSG00000160570",226.359493527255,0.187291875981365,0.222039137725037,0.84350839181018,0.398944174429791,0.823310025509572,224.36413133969,233.827568053028,234.402030093883,143.979598023788,240.971980785326,213.337022352989,286.350725487471,268.448943646503,180.330363153856,237.58257233602,"DEDD2"
"ENSG00000073050",103.627210064666,0.221537469398661,0.262641053592544,0.843499012695667,0.398949417696682,0.823310025509572,71.564421203177,126.007078339687,94.9163150028048,85.1200139260128,121.174481766335,125.492366089993,127.460993662106,70.9472208208614,120.915156796805,92.6740530388731,"XRCC1"
"ENSG00000184489",35.2927209288655,0.365791785252601,0.43367823006033,0.843463563300641,0.398969235575344,0.823310025509572,45.4530783317476,18.1865886263466,33.8397296966522,22.6383015760672,38.5555169256522,24.1331473249987,43.6510252267486,59.4422660931542,15.6355806202765,51.3919748670115,"PTP4A3"
"ENSG00000184154",93.3710212823221,0.213618126070582,0.253361287354814,0.843136409278759,0.399152158024435,0.823364146018681,72.5315079761929,98.7271954001675,94.9163150028048,75.1591612325432,93.6348268194409,127.423017875993,123.968911643966,95.8746227308938,78.1779031013827,73.296751039836,"LRTOMT"
"ENSG00000125898",46.2215623139574,-0.371345171355685,0.440485402801261,-0.843036270882351,0.399208158744676,0.823364146018681,58.0252063809543,68.8492283711694,75.1076927413499,12.6774488825976,23.4087067048602,47.3009687569975,40.1589432086087,49.8548038200648,35.4406494059602,51.3919748670115,"FAM110A"
"ENSG00000134371",416.521135056503,-0.245665780936571,0.291414404981011,-0.843011796045494,0.399221846606057,0.823364146018681,606.363406680973,491.037892911359,477.8830120576,263.509830345422,386.932152003866,462.391102746976,233.969495215372,316.38625501195,531.609741089403,395.128462502105,"CDC73"
"ENSG00000272655",14.6214869418877,-0.436536364542163,0.517860432163019,-0.842961418617796,0.399250021707176,0.823364146018681,12.5721280492068,16.8875465816076,9.90431113072746,29.8825580804087,12.3928447261025,12.5492366089993,16.5873895861645,12.4637009550162,18.7626967443319,4.21245695631242,"POLR2J4"
"ENSG00000164830",242.375462877998,-0.212646402217995,0.252322967346344,-0.84275484096583,0.399365569023782,0.823364146018681,321.072808641281,246.817988500419,320.239393226855,167.523431662897,261.626721995497,269.325924146986,165.873895861645,184.079275643316,242.872685634962,244.32250346612,"OXR1"
"ENSG00000169100",8276.70152413353,0.26165740963298,0.310501442614228,0.842693056206077,0.399400131671343,0.823364146018681,6114.88966577957,6636.80580657179,8198.29353845966,8627.0039646077,11751.1707658398,5888.48794729969,12231.0172685349,11823.2584751738,7083.96039302663,4412.12741604162,"SLC25A6"
"ENSG00000110871",228.945244467831,0.15048118067944,0.178597065987995,0.842573643900481,0.399466936504025,0.823364146018681,272.718469990485,187.062054442423,200.562300397231,198.311521806349,238.218015290637,252.915383965987,238.334597738047,209.965423780657,247.042173800369,244.32250346612,"COQ5"
"ENSG00000237489",28.5643268586933,0.266802555334554,0.316666964601253,0.842533592572599,0.399489344596752,0.823364146018681,29.9796899634931,24.6817988500419,22.2847000441368,25.3548977651953,24.785689452205,29.9251026829984,39.2859227040737,33.5561179558128,22.9321849097389,32.8571642592368,"LINC00959"
"ENSG00000188825",35.6050949080324,-0.319177136913876,0.378884314993736,-0.842413170149714,0.3995567236172,0.823375776094345,21.2759090063499,55.858807923779,52.8229926972131,31.6936222064941,39.9324996729969,23.1678214319988,37.5398816950038,41.2260877742843,32.3135332819049,20.2197933902996,"LINC00910"
"ENSG00000242259",215.313402895711,0.187874005991405,0.223071356881398,0.84221483483105,0.399667711533629,0.823477254553377,220.495784247626,159.782171502903,180.753678135776,233.627272265014,212.055343091087,230.712888426988,267.144274387701,274.201421010356,155.313434161414,219.047761728246,"C22orf39"
"ENSG00000107537",261.955114050047,0.182645618121726,0.216920897647021,0.841991804860273,0.399792540659195,0.823607215750954,294.961465769851,211.743853292464,277.320711660369,184.728540860709,286.412411447702,195.96115627899,295.08093053282,312.551270102714,275.186218916867,285.604581637982,"PHYH"
"ENSG00000082458",91.2911079032926,0.221246413042487,0.26281724522539,0.841826086612953,0.399885307787071,0.823671096518327,68.6631608841293,110.418573802819,86.6627223938653,67.009372665159,101.896723303509,97.4979151929949,62.8574763265179,123.678263322853,99.0253439284181,95.2015272126606,"DLG3"
"ENSG00000132141",30.8154079124508,0.364145014348814,0.432888671256856,0.841197837983493,0.400237111521028,0.823982413323109,27.0784296444454,18.1865886263466,12.3803889134093,47.0876672782198,44.063447915031,28.9597767899985,37.5398816950038,46.978565138138,23.9745569510907,21.9047761728246,"CCT6B"
"ENSG00000174165",76.6802894991588,0.279457640756104,0.332214472508768,0.841196467588354,0.400237879111785,0.823982413323109,84.1365492523838,67.5501863264304,62.7273038279406,57.9540520347321,60.5872408831677,51.1622723289973,111.746624580476,136.141964277869,61.4999504397544,73.296751039836,"ZDHHC24"
"ENSG00000113048",465.455161854436,-0.165835031944397,0.197161614160728,-0.841112163999668,0.400285101248946,0.823982413323109,523.193944201605,507.925439492967,465.502623144191,493.514974358266,621.019219052469,349.447973265982,466.192949421675,407.467146606299,437.796257367743,382.491091633167,"MRPS27"
"ENSG00000072210",316.410117093474,0.336548581020942,0.400159640766829,0.84103579355482,0.400327882575084,0.823982413323109,395.538490163505,371.526024795367,240.179544920141,86.9310780520981,331.852842110077,271.256575932986,334.366853236894,327.891209739657,206.38966418765,598.168887796363,"ALDH3A2"
"ENSG00000125841",699.25074503497,0.188345163466574,0.223952596284715,0.841004599147969,0.400345357901608,0.823982413323109,670.191133700023,637.829643966871,705.682168064332,566.863071464723,860.61421709045,625.531178663968,895.71903765288,937.653810308141,538.906345378865,553.516844059451,"NRSN2"
"ENSG00000111843",1051.8770204477,0.18836119862086,0.224147692802281,0.840344133218504,0.400715463174587,0.824616900533786,1123.75483024448,730.061629143344,1189.34269494819,838.52269037753,1127.74887007533,971.11784835795,1430.88060693282,1241.57636436507,810.965448171677,1054.79922186063,"TMEM14C"
"ENSG00000178917",10.5257099211862,-0.510188229670296,0.607477067027893,-0.839847719958242,0.400993773516044,0.825062319867862,5.80252063809543,23.3827568053028,14.0311074351972,8.1497885673842,12.3928447261025,14.4798883949993,3.49208201813988,3.83498490923575,10.4237204135177,9.26740530388731,"ZNF852"
"ENSG00000188191",112.463047422326,0.327833686094587,0.390505108524128,0.839511901223518,0.401182113562778,0.825297836417264,92.8403302095269,153.286961279207,99.8684705681686,45.2766031521344,96.3887923141304,75.2954196539961,130.080055175711,195.584230371023,70.8812988119203,165.128312687447,"PRKAR1B"
"ENSG00000162302",595.638802004822,-0.243233415757903,0.289762640210293,-0.839422969025193,0.401231999049977,0.825297836417264,718.545472350818,956.094944927938,665.239564280528,287.959196047575,621.019219052469,619.739223305968,542.145733316217,531.145409929152,558.711414164549,455.787842673003,"RPS6KA4"
"ENSG00000185883",40.5234776323887,-0.40289808739651,0.480080767336165,-0.839229802168664,0.401340366591652,0.825323879117794,53.1897725158748,71.4473124606475,37.141166740228,28.977026017366,23.4087067048602,27.9944508969985,27.0636356405841,61.359758547772,11.4660924548695,63.1868543446862,"ATP6V0C"
"ENSG00000137507",211.5732396506,0.382834831586199,0.456201203424118,0.839179793285833,0.401368424680064,0.825323879117794,113.149152442861,131.203246518644,185.70583370114,285.242599858447,326.344911120699,66.6074866169966,401.589432086087,304.881300284242,119.872784755454,181.135649121434,"LRRC32"
"ENSG00000168016",74.839920808443,-0.415206839552839,0.495109182201367,-0.838616722288881,0.401684423735634,0.825659348604324,50.2885121968271,66.2511442816913,37.141166740228,198.311521806349,72.9800856092701,48.2662946499975,46.2700867403535,131.348233141324,38.5677655300155,58.9743973883738,"TRANK1"
"ENSG00000107959",538.917381563489,-0.187953832463997,0.22413675961859,-0.838567635152017,0.401711978824941,0.825659348604324,623.770968595259,640.42772805635,562.069656668783,499.853698799564,554.924047179922,623.600526877968,403.335473095157,330.767448421584,612.91476031484,537.509507625464,"PITRM1"
"ENSG00000166262",21.2853132114687,-0.350241508219223,0.417671093083376,-0.838558171774908,0.401717291226922,0.825659348604324,28.0455164174613,12.9904204473905,24.7607778268187,31.6936222064941,20.6547412101708,10.6185848229995,21.8255126133743,16.2986858642519,15.6355806202765,30.3296900854494,"FAM227B"
"ENSG00000205426",28.5501703624759,-0.687365264224385,0.819981416117509,-0.838269320149911,0.401879462495395,0.825865391571816,2.90126031904772,18.1865886263466,114.72493726426,11.771916819555,13.7698274734472,68.5381384029965,6.98416403627977,15.339939636943,19.8050687856836,13.4798622601997,"KRT81"
"ENSG00000090054",159.387096026873,-0.300518491787616,0.358633256717225,-0.83795489168638,0.402056038125611,0.825973718496808,125.721280492068,101.325279489646,137.009637308397,354.063036649691,122.55146451368,204.649089315989,112.619645085011,134.224471823251,154.271062120062,147.435993470935,"SPTLC1"
"ENSG00000020922",47.9284731808354,-0.313839620422196,0.374683534581099,-0.837612522186416,0.402248357700169,0.8261724793189,29.0126031904772,64.9521022369523,44.5694000882736,78.7812894847139,44.063447915031,42.4743392919978,24.4445741269792,32.5973717285039,59.4152063570509,58.9743973883738,"MRE11"
"ENSG00000215305",101.814165678728,-0.237347355259341,0.28337881117295,-0.837562110861154,0.40227667996528,0.8261724793189,106.37954503175,83.1386908632989,80.0598483067136,178.38981641941,79.8649993459938,81.0873750119958,99.5243375169867,91.0808915943491,103.194832093825,115.42132060296,"VPS16"
"ENSG00000119396",775.89012567113,-0.205003729925526,0.244852729970022,-0.837253192768673,0.402450263513148,0.8261793403539,902.29195922384,898.93709495942,999.51006494258,571.390731779937,608.626374326366,695.999968852964,529.050425748193,672.081105343566,864.126422280617,1016.88710925382,"RAB14"
"ENSG00000163093",70.2005809156008,0.260855604590393,0.311569471840404,0.837230949006491,0.402462764194146,0.8261793403539,56.0910328349225,79.2415647290818,59.4258667843648,57.0485199716894,67.4721546198913,45.3703169709976,90.794132471637,115.049547277073,53.1609741089403,78.3516993874109,"BBS5"
"ENSG00000134318",822.477992117642,-0.238692857488036,0.285099861942594,-0.837225440453206,0.402465859959458,0.8261793403539,1108.28144187623,1171.73592435462,847.643960938092,494.420506421308,725.669907850667,752.954196539961,526.431364234588,624.143793978119,964.194138250387,1009.30468673245,"ROCK2"
"ENSG00000181061",1190.75986970565,0.239982698466867,0.286769205150371,0.836849613406116,0.402677105634166,0.826362018306003,1324.90887903179,1057.42022441758,1428.69688060744,485.365185790881,1166.30438700098,1403.58384842193,1082.54542562336,1064.20831231292,1576.06652652388,1318.49902732579,"HIGD1A"
"ENSG00000139620",116.791508089727,-0.199614141494546,0.238538134061092,-0.836822767480115,0.402692197792905,0.826362018306003,101.54411116667,109.11953175808,151.866104004488,143.979598023788,83.9959475880279,113.908455373994,98.6513170124517,100.668353867438,116.745668631398,147.435993470935,"KANSL2"
"ENSG00000197121",46.7343333024578,-0.303634466485627,0.362883065102081,-0.836728124527423,0.402745406576725,0.826362018306003,49.3214254238112,37.6722192974323,33.8397296966522,89.6476742412262,42.6864651676863,54.0582500079972,27.0636356405841,53.6897887293005,44.8219977781261,34.5421470417618,"PGAP1"
"ENSG00000198825",142.03892173561,-0.189452791183583,0.226480957716826,-0.836506490847941,0.402870026727068,0.826362018306003,133.457974676195,168.875465816076,123.803889134093,187.445137049837,136.321291987127,161.209424130992,119.603809121291,157.234381278666,131.338877210323,101.098966951498,"INPP5F"
"ENSG00000112893",378.486203415887,-0.212098881705273,0.253564827668527,-0.836468068759675,0.402891633042912,0.826362018306003,338.480370555567,354.63847821376,308.684363574339,646.54989301248,414.471806950761,330.141455405983,308.176238100845,434.312040970949,341.89802956338,307.509357810806,"MAN2A1"
"ENSG00000112312",54.9992734294576,-0.388404582014597,0.464373332647846,-0.836405871542888,0.402926610560391,0.826362018306003,64.7948137920657,72.7463545053866,86.6627223938653,32.5991542695368,15.1468102207919,94.6019375139951,42.7780047222136,25.8861481373413,62.5423224811062,52.234466258274,"GMNN"
"ENSG00000153975",31.6886196868878,-0.312540382238745,0.373834476777128,-0.836039481786682,0.403132692146127,0.826592522660271,28.0455164174613,20.7846727158247,35.4904482184401,58.8595840977748,24.785689452205,21.2371696459989,34.0477996768639,23.0099094554145,34.3982773646084,36.2271298242868,"ZUFSP"
"ENSG00000175040",61.6577896029997,0.506236254052628,0.605556128635067,0.835985683430687,0.403162957179655,0.826592522660271,101.54411116667,37.6722192974323,27.2368556095005,30.7880901434514,33.0475859362733,46.3356428639976,96.0322554988468,148.605665232885,9.38134837216593,85.9341219087733,"CHST2"
"ENSG00000168275",154.418771757518,0.174758608430223,0.209201199889462,0.835361405778561,0.403514253024274,0.827058489716419,167.306011731752,128.605162429166,159.294337352533,117.71916819555,143.206205723851,167.001379488991,160.635772834435,169.698082233682,200.13543193954,130.586165645685,"COA6"
"ENSG00000138463",45.5422686529239,0.32833858652417,0.393169735118627,0.835106462162211,0.403657768545709,0.827225516148452,42.5518180126998,24.6817988500419,26.4114963486066,64.2927764760309,26.1626721995497,56.954227686997,41.9049842176786,79.5759368666419,40.652509612719,52.234466258274,"DIRC2"
"ENSG00000064763",24.0817560560571,-0.463291485311666,0.554855495390916,-0.834976834797788,0.403730751453703,0.827247969294521,56.0910328349225,10.3923363579124,28.0622148703945,20.8272374499818,5.50793098937888,22.2024955389988,14.8413485770945,41.2260877742843,23.9745569510907,17.6923192165121,"FAR2"
"ENSG00000180543",180.208479629947,-0.268689945384046,0.321904376384203,-0.834688699799957,0.403893005758062,0.827453305344896,243.705866800008,252.014156679375,168.373289222367,138.546405645531,202.416463859674,191.13452681399,107.381522057801,92.039637821658,248.084545841721,158.388381557347,"TSPYL5"
"ENSG00000136874",138.905408837525,-0.242421586708663,0.290478343755981,-0.834559931642654,0.403965530177875,0.827474777450824,155.700970455561,209.145769202986,121.327811351411,126.774488825976,158.353015944643,130.318995554993,73.3337223809376,100.668353867438,140.720225582489,172.710735208809,"STX17"
"ENSG00000197063",655.52243363701,0.186067214316316,0.223002994040027,0.834370924557714,0.404071996304251,0.827477081000396,413.913138850808,750.846301859169,570.323249277723,688.204367912444,553.547064432577,896.787754596954,657.384439914833,714.265939345159,706.7282440365,603.223836143938,"MAFG"
"ENSG00000012817",130.06199950575,-1.22841773357326,1.47232686410161,-0.834337648469673,0.404090742187567,0.827477081000396,115.083325988893,0,97.3923927854867,580.446052410364,101.896723303509,92.6712857279952,107.381522057801,126.55450200478,0,79.1941907786734,"KDM5D"
"ENSG00000143196",307.871732925663,0.721186717314131,0.864713645575053,0.834017967687472,0.404270858942764,0.827542563411257,122.82002017302,33.7750931632152,75.9330520022439,653.794149516821,245.10292902736,625.531178663968,490.637523548654,610.721346795793,72.9660428946239,147.435993470935,"DPT"
"ENSG00000130559",226.95522934695,-0.217567656601127,0.260877349211279,-0.833984465339395,0.404289737847761,0.827542563411257,257.245081622231,294.882544155763,231.100593050307,207.366842436776,276.773532216289,254.846035751987,148.413485770945,145.729426550959,272.059102792812,181.135649121434,"CAMSAP1"
"ENSG00000114054",102.04506746011,-0.282398835720517,0.338627806176854,-0.833950521987048,0.404308865800986,0.827542563411257,162.470577866672,110.418573802819,117.201015046942,67.009372665159,83.9959475880279,89.7753080489953,60.238414812913,62.318504775081,127.169389044916,139.853570949572,"PCCB"
"ENSG00000197170",326.888151043227,-0.225481771550907,0.27044561839956,-0.833741633106356,0.404426591984057,0.827632033473014,418.748572715887,344.246141855847,376.363822967644,293.392388425831,169.368877923401,336.898736656983,262.779171865026,252.150257782251,405.482724085838,409.450816153567,"PSMD12"
"ENSG00000129219",157.255170406294,-0.202607270756121,0.243140092734508,-0.833294371477247,0.404678729903746,0.827632033473014,146.030102725402,192.258222621379,144.437870656442,199.217053869392,212.055343091087,121.631062517994,124.841932148501,176.409305824845,125.084644962212,130.586165645685,"PLD2"
"ENSG00000083099",449.771206709484,0.162806697054072,0.195390356117201,0.833238140762771,0.404710435888263,0.827632033473014,528.9964648397,387.114529332236,468.804060187766,293.392388425831,464.043185855171,479.766968820975,453.09764185365,468.826905154071,513.889416386422,439.780506239016,"LYRM2"
"ENSG00000088876",96.8264958546194,-0.300271583093621,0.360469978248631,-0.833000253037748,0.404844586571142,0.827632033473014,81.2352889333361,72.7463545053866,74.282333480456,207.366842436776,117.043533524301,82.0527009049957,109.127563066871,72.8647132754793,91.7287396389557,59.8168887796363,"ZNF343"
"ENSG00000178498",129.616199607607,-0.270949020081819,0.325274531898224,-0.832985658301086,0.404852817764263,0.827632033473014,117.017499534925,113.016657892297,103.169907611744,244.493657021526,118.420516271646,110.047151801994,171.985039393389,139.976949187105,76.0931590186792,101.94145834276,"DTX3"
"ENSG00000143612",1948.06953174703,0.179613323621356,0.21567394462554,0.832800289961807,0.404957371186932,0.827632033473014,1742.69036497466,1392.57307196026,1883.46983336001,2197.72631700461,2201.79541300421,2199.97771014689,2119.69378501091,2339.34079463381,2107.67626761328,1295.7517597617,"C1orf43"
"ENSG00000196263",82.9209806293459,-0.308607258114692,0.370614377348146,-0.832691004388085,0.405019019162361,0.827632033473014,79.3011153873043,74.0453965501256,56.1244297407889,164.806835473769,103.273706050854,40.5436875059979,57.6193532993081,92.039637821658,90.6863675976039,70.7692768660486,"ZNF471"
"ENSG00000100302",13.8241892723534,-0.745762074006718,0.89562319691058,-0.832673915301879,0.405028659620518,0.827632033473014,10.637954503175,5.19616817895618,56.9497890016829,0,4.13094824203416,13.5145625019993,6.98416403627977,8.62871604578044,22.9321849097389,9.26740530388731,"RASD2"
"ENSG00000196357",37.1158521882896,0.280274324312553,0.336608332652604,0.832642264390434,0.405046515196615,0.827632033473014,27.0784296444454,42.8683874763885,23.9354185659247,38.0323466477929,45.4404306623758,48.2662946499975,47.1431072448884,24.9274019100324,44.8219977781261,28.6447073029244,"ZNF565"
"ENSG00000165175",272.481862022775,-0.321143563357996,0.385738919503453,-0.832541252957807,0.405103503032167,0.827632033473014,291.093118677788,402.703033869104,454.772952752569,89.6476742412262,285.035428700357,269.325924146986,327.382689200614,196.542976598332,253.29640604848,155.018415992297,"MID1IP1"
"ENSG00000172500",1349.00044384257,0.184583498975143,0.221719387708845,0.832509510704283,0.405121412116768,0.827632033473014,1355.8556557683,1176.93209253358,1473.26628069571,980.691224275232,1590.41507318315,1256.85431268593,1733.81872200645,1602.06494583324,1400.94802357678,919.158107867369,"FIBP"
"ENSG00000268895",27.4477643037378,0.292897511146957,0.35185570410484,0.832436444059136,0.405162638358553,0.827632033473014,24.1771693253976,20.7846727158247,18.157903739667,33.5046863325795,28.9166376942391,27.0291250039986,41.9049842176786,31.638625501195,28.1440451164978,20.2197933902996,"A1BG-AS1"
"ENSG00000135930",1038.20834057675,0.168532438780666,0.202476649041041,0.832354938600871,0.405208628973114,0.827632033473014,1024.14489262384,905.432305183115,1226.48386168842,708.126073299383,1240.66145535759,1210.51866982194,1072.06917956894,921.355124443889,1172.66854652074,900.623297259594,"EIF4E2"
"ENSG00000117410",270.840572725797,0.278811087975937,0.335028642596437,0.832200751002004,0.405295640054003,0.827632033473014,223.397044566674,116.913784026514,222.021641180474,397.52857567574,203.793446607019,278.979183076986,411.192657635971,353.777357876998,291.864171578495,208.937865033096,"ATP6V0B"
"ENSG00000244026",182.999422928569,-0.293818245413422,0.353099197094129,-0.832112471032033,0.405345463196051,0.827632033473014,171.174358823815,255.911282813592,134.533559525715,262.60429828238,75.7340511039596,98.4632410859949,197.302634024903,181.203036961389,223.067616849279,230.000149814658,"FAM86DP"
"ENSG00000078618",1148.84652673839,-0.178006437399451,0.214035301315806,-0.831668590672363,0.405596034313715,0.827869718525787,1446.76181243179,928.815061988418,1168.70871342584,1393.6138450227,1302.6256789881,1195.07345553394,1113.97416378662,726.729640300175,1084.06692300584,1128.09597290046,"NRDC"
"ENSG00000145545",168.262902713137,-0.221207647112883,0.266003029516994,-0.831598224706499,0.405635764501317,0.827869718525787,254.343821303183,189.660138531901,174.150804048625,117.71916819555,148.71413671323,165.070727702991,127.460993662106,139.018202959796,224.10998889063,142.38104512336,"SRD5A1"
"ENSG00000172382",13.3747137840151,0.58099637607658,0.698744899082578,0.831485677876723,0.405699315774928,0.827869718525787,7.73669418412724,6.49521022369523,9.90431113072746,17.2051091978111,1.37698274734472,17.3758660739991,27.0636356405841,24.9274019100324,3.12711612405531,18.5348106077746,"PRSS27"
"ENSG00000139644",1388.55311918544,0.265516381153225,0.319335045513984,0.831466464089039,0.405710165725766,0.827869718525787,1086.03844609686,796.312773425035,936.782761114639,2134.33907259162,966.641888635993,1433.50895110493,1749.53309108808,2170.60145862744,1160.16008202452,1451.61266714526,"TMBIM6"
"ENSG00000143867",281.467081268749,0.45715435864202,0.549894580149601,0.831349089706703,0.405776450344587,0.82787831088355,211.792003290483,361.133688437455,288.05038205199,59.7651161608175,217.563274080466,158.313446451992,467.938990430745,447.734488153274,61.4999504397544,540.879473190514,"OSR1"
"ENSG00000124212",3492.9611304928,0.453758437814183,0.546022781265526,0.831024736298547,0.405959655481375,0.827991938522321,1491.24780399053,5780.73709908875,1975.08471131923,2189.57652843722,3771.55574497719,1170.94030820894,4385.18199427916,10155.9987858836,1361.33788600541,2647.95044273798,"PTGIS"
"ENSG00000184575",4449.53289606979,-0.218815377823222,0.263340845920595,-0.83092076756373,0.406018390787732,0.827991938522321,4433.12576750491,4814.2498178029,4986.82065432128,5204.09276630633,5587.79598872487,5456.98727312872,3669.30518056048,3574.20593540772,4622.9200033951,2145.82557354554,"XPOT"
"ENSG00000163328",49.8173060229058,0.499736125126859,0.601707310630214,0.830530253327731,0.406239050253214,0.828292399200083,22.2429957793658,12.9904204473905,28.8875741312884,95.0808666194824,59.2102581358229,24.1331473249987,56.7463327947731,134.224471823251,20.8474408270354,43.8095523456491,"GPR155"
"ENSG00000010165",180.889663057264,0.260941282210709,0.314220430591636,0.830440215868175,0.406289935935139,0.828292399200083,196.318614922229,203.94960102403,179.928318874882,67.009372665159,220.317239575155,178.585290204991,214.763044115603,140.935695414414,167.821898657635,239.267555118545,"METTL13"
"ENSG00000017260",670.97172901077,-0.231707447675416,0.279264049848624,-0.829707396283244,0.406704238656564,0.82855847113727,522.226857428589,505.327355403489,694.95249767271,1222.46828510763,647.181891252018,693.103991173964,511.590015657493,593.463914704233,791.160379385993,528.242102321577,"ATP2C1"
"ENSG00000086062",1573.74315367167,-0.343858704771849,0.414627466009237,-0.829319649471049,0.406923554935455,0.82855847113727,1438.05803147465,827.489782498772,924.40237220123,4022.37342403562,1093.32430139171,1316.70451805193,1270.24483409838,2117.87041612544,1673.00712636959,1053.95673046937,"B4GALT1"
"ENSG00000111652",983.982203860647,0.184395354566127,0.222372724559106,0.829217499276155,0.406981344585356,0.82855847113727,994.165202660351,1113.27903234136,1020.14404646493,511.625615619119,1039.62197424526,984.632410859949,1069.45011805534,1044.07464153943,1043.41441339312,1019.4145834276,"COPS7A"
"ENSG00000214114",218.358221209308,0.201559558895035,0.243074935295703,0.829207497884698,0.406987002957209,0.82855847113727,215.660350382547,170.174507860815,278.146070921263,136.735341519446,198.28551561764,291.528419685985,210.397941592928,244.480287963779,237.660825428203,200.512951120471,"MYCBP"
"ENSG00000159788",109.384959470063,-0.213282926894113,0.25721644668476,-0.829196303903183,0.406993336102634,0.82855847113727,113.149152442861,115.614741981775,76.7584112631378,171.145559915068,118.420516271646,99.4285669789949,116.984747607686,89.1633991397312,97.9829718870663,95.2015272126606,"RGS12"
"ENSG00000115380",3240.66880807842,0.470068370171326,0.567073439449644,0.828937378247757,0.407139843175875,0.82855847113727,1233.03563559528,1113.27903234136,1105.15605033701,7077.63860474166,2369.78730818026,3346.78487103083,4125.02188392774,7446.58194750852,1069.47371442692,3519.92903269465,"EFEMP1"
"ENSG00000177606",779.7100162425,-0.212398217491092,0.256238719918366,-0.828907581019603,0.407156705263785,0.82855847113727,858.773054438124,859.965833617248,1103.50533181522,575.91839209515,764.225424776319,730.751701000962,828.496458803688,688.379791207817,436.753885326391,950.330289344081,"JUN"
"ENSG00000162517",453.649960776971,0.191186705865367,0.230651970722386,0.828896910208848,0.407162743918319,0.82855847113727,465.168737820651,502.729271314011,464.677263883297,240.871528769355,461.289220360481,410.263504524979,486.272421025979,486.084337245632,455.516582070723,563.626740754601,"PEF1"
"ENSG00000065534",1757.5582616078,0.227162476757027,0.274125040730353,0.82868196262478,0.407284394990782,0.828624202742954,2009.60631432705,1456.22613215247,1564.88115865494,1346.52617774448,2261.00567114003,2518.53525483687,1223.97474735803,1168.7116510896,1629.22750063282,2396.88800814176,"MYLK"
"ENSG00000006468",34.6181886079143,-0.58157604648947,0.701865530026059,-0.828614630024468,0.407322506799341,0.828624202742954,68.6631608841293,40.2703033869104,56.9497890016829,7.24425650434151,22.0317239575155,9.6532589299995,8.73020504534971,12.4637009550162,29.1864171578495,90.9890702563482,"ETV1"
"ENSG00000013306",1035.97175482593,0.132322998644306,0.159740160304623,0.828364003090813,0.407464386126287,0.828786414178174,968.053859788921,991.169080135892,1133.2182652074,825.845241494932,999.689474572267,1027.10675015195,1283.34014166641,1072.8370283587,1099.70250362612,958.755203256706,"SLC25A39"
"ENSG00000166813",129.159255867828,-0.203409918104022,0.245610938269361,-0.82817939435964,0.407568911542816,0.828800254608877,141.194668860322,133.801330608122,113.074218742472,172.051091978111,147.337153965885,118.735084838994,77.6988249036124,109.297069913219,146.9744578306,131.428657036947,"KIF7"
"ENSG00000197935",15.5527738590337,-0.504292777369356,0.608951815096398,-0.828132480875398,0.407595476492436,0.828800254608877,26.1113428714294,2.59808408947809,14.0311074351972,32.5991542695368,6.8849137367236,17.3758660739991,6.1111435317448,18.2161783188698,19.8050687856836,11.7948794776748,"ZNF311"
"ENSG00000096968",87.7028001858481,-0.32423498141463,0.391585839121307,-0.828004868976344,0.407667742466819,0.828820835560971,84.1365492523838,127.306120384426,120.502452090517,67.009372665159,74.3570683566149,112.943129480994,38.4129021995387,48.8960575927558,142.804969665192,60.6593801708988,"JAK2"
"ENSG00000010322",532.423850796475,-0.324247999103876,0.391804279901195,-0.827576460332807,0.40791040396665,0.828840671401377,400.373924028585,442.973337256015,313.636519139703,1265.02829207064,498.467754538789,351.378625051982,569.209368956801,730.564625209411,322.092960777697,430.513100935129,"NISCH"
"ENSG00000164638",31.9013304139831,0.412647645927895,0.498698490083782,0.827449158425504,0.407982527573617,0.828840671401377,5.80252063809543,49.3635977000837,24.7607778268187,27.1659618912807,37.1785341783074,27.0291250039986,33.1747791723289,62.318504775081,21.8898128683872,30.3296900854494,"SLC29A4"
"ENSG00000184524",26.6324024322279,0.491738779957574,0.594282903377658,0.827448976174031,0.407982630834654,0.828840671401377,28.0455164174613,36.3731772526933,17.3325444787731,4.52766031521344,28.9166376942391,18.341191966999,62.8574763265179,35.4736104104307,8.33897633081416,26.117233129137,"CEND1"
"ENSG00000134242",6.72024927178895,-0.61271533612861,0.740608881474068,-0.827312973764363,0.408059692165705,0.828840671401377,12.5721280492068,1.29904204473905,12.3803889134093,7.24425650434151,6.8849137367236,11.5839107159994,1.74604100906994,5.75247736385363,5.21186020675885,2.52747417378745,"PTPN22"
"ENSG00000187522",174.017683976462,-0.249330823816796,0.301423995471,-0.827176427766463,0.408137070226523,0.828840671401377,215.660350382547,218.23906351616,205.514455962595,130.396617078147,126.682412755714,202.71843752999,124.841932148501,93.9571302762759,237.660825428203,184.505614686484,"HSPA14"
"ENSG00000230510",11.2350326576272,0.482208448401038,0.582979774128983,0.827144387850325,0.408155227913247,0.828840671401377,4.83543386507953,16.8875465816076,6.60287408715164,8.1497885673842,26.1626721995497,5.7919553579997,14.8413485770945,9.58746227308938,9.38134837216593,10.1098966951498,"PPP5D1"
"ENSG00000137274",59.3302890918363,-0.226641415545878,0.274018334120632,-0.827103107072035,0.408178623298124,0.828840671401377,83.1694624793679,44.1674295211276,55.299070479895,76.0646932955859,71.6031028619254,49.2316205429974,48.8891482539584,58.4835198658452,58.3728343156991,48.0220093019615,"BPHL"
"ENSG00000081665",71.9353948463485,-0.239788745244768,0.289949961254549,-0.827000438997323,0.408236812659192,0.828840671401377,58.0252063809543,90.9329431317332,63.5526630888345,105.041719312952,46.8174134097205,75.2954196539961,50.6351892630283,87.2459066851134,76.0931590186792,65.7143285184737,"ZNF506"
"ENSG00000077044",147.204439118006,-0.210706475288927,0.254842193426331,-0.826811574865203,0.408343868412061,0.828931837596904,141.194668860322,174.071633995032,141.96179287376,182.917476734623,196.908532870295,171.828008953991,120.476829625826,133.265725595942,116.745668631398,92.6740530388731,"DGKD"
"ENSG00000138614",261.780762779141,-0.172066908462138,0.208216118108381,-0.826386112781974,0.408585098609479,0.828975133004561,305.599420273026,252.014156679375,283.098226486627,280.714939543234,312.575083647251,238.435495570988,286.350725487471,183.120529416007,276.228590958219,199.670459729208,"INTS14"
"ENSG00000221988",19.5377356006354,-0.450277268105326,0.544932192405869,-0.826299628431488,0.408634144228022,0.828975133004561,12.5721280492068,11.6913784026514,11.5550296525154,57.0485199716894,15.1468102207919,17.3758660739991,16.5873895861645,24.9274019100324,16.6779526616283,11.7948794776748,"PPT2"
"ENSG00000108312",601.861956846082,-0.116139330539045,0.140561592799594,-0.826252237370632,0.408661021373367,0.828975133004561,591.857105085734,652.119106459001,661.112767976058,618.478399058157,648.558873999363,529.963915256973,584.923738038431,552.237826929948,645.228293596745,534.139542060414,"UBTF"
"ENSG00000100814",470.108476812893,0.232392827213189,0.281270335490629,0.826225868461451,0.408675976569318,0.828975133004561,344.282891193662,270.200745305722,455.598312013463,630.250315877712,581.086719379472,468.183058104976,520.320220702843,530.186663701843,599.363923777267,301.611918071969,"CCNB1IP1"
"ENSG00000070759",23.1740238530864,-0.45804431448459,0.554541422893245,-0.825987555798457,0.408811150999285,0.829001711214366,16.4404751412704,44.1674295211276,29.7129333921824,19.9217053869392,49.5713789044099,19.306517859999,20.0794716043043,5.75247736385363,16.6779526616283,10.1098966951498,"TESK2"
"ENSG00000072071",72.4440293546496,-0.293667878125493,0.355543454675159,-0.82596901803129,0.408821667007644,0.829001711214366,74.4656815222247,118.212826071253,69.3301779150922,64.2927764760309,86.7499130827173,52.1275982219973,89.0480914625671,82.4521755485687,27.101673075146,60.6593801708988,"ADGRL1"
"ENSG00000198521",45.421989536847,0.23398960439993,0.2834052867754,0.825635989583245,0.409010613085902,0.829001711214366,37.7163841476203,51.9616817895618,44.5694000882736,30.7880901434514,41.3094824203416,42.4743392919978,40.1589432086087,47.9373113654469,62.5423224811062,54.7619404320614,"ZNF43"
"ENSG00000103245",115.206787266957,0.208272261954041,0.252276819744313,0.825570348338501,0.409047861247116,0.829001711214366,102.511197939686,145.492709010773,108.947422438002,66.1038406021163,112.912585282267,103.289870550995,148.413485770945,122.719517095544,113.618552507343,128.058691471897,"NARFL"
"ENSG00000134058",287.453999835343,-0.176979817173496,0.214379270369857,-0.82554538444021,0.409062027555053,0.829001711214366,267.883036125406,300.07871233472,387.918852620159,278.903875417148,256.118791006118,275.117879504986,220.001167142813,237.769064372617,375.253934886637,275.494684942832,"CDK7"
"ENSG00000149273",18192.402796577,0.258233718512748,0.312853697952029,0.825413668443657,0.409136777500784,0.829027225999386,14266.4640755306,13254.1259824725,15920.3547833835,21670.2878006746,23542.2740313527,14561.9410959042,28979.0426275338,25284.0555065913,14800.6406151538,9644.84144717291,"RPS3"
"ENSG00000113389",233.855489532147,-0.467959179533046,0.567343563021744,-0.824825044353436,0.409470925975594,0.829367017896302,343.315804420646,426.085790674407,274.019274616793,78.7812894847139,209.301377596397,134.180299126993,44.5240457312835,75.7409519574061,322.092960777697,430.513100935129,"NPR3"
"ENSG00000147894",23.8702800936645,-0.423055018686099,0.512924744736693,-0.824789646097639,0.409491025931405,0.829367017896302,41.5847312396839,9.09329431317332,40.4426037838038,20.8272374499818,20.6547412101708,22.2024955389988,11.3492665589546,18.2161783188698,41.6948816540708,12.6373708689372,"C9orf72"
"ENSG00000104897",267.266121153268,-0.231533601392912,0.280757469014583,-0.824674770739174,0.409556258883438,0.829373189299788,205.022395879372,415.693454316495,316.937956183279,236.343868454142,311.198100899907,211.406370566989,358.811427363873,227.222855872218,188.66933948467,201.355442511733,"SF3A2"
"ENSG00000137218",63.4980530755381,0.270400528612344,0.328042333529028,0.824285468596134,0.409777373384328,0.82947917096988,54.1568592888907,62.3540181474742,48.6961963927434,60.6706482238602,93.6348268194409,56.954227686997,94.2862144897769,81.4934293212597,44.8219977781261,37.9121126068117,"FRS3"
"ENSG00000072756",117.767103526341,-0.235216063979828,0.285400657753657,-0.824160903591381,0.40984813837689,0.82947917096988,165.37183818572,81.8396488185599,123.803889134093,146.696194212916,67.4721546198913,124.527040196994,91.667152976172,103.544592549365,143.847341706544,128.90118286316,"TRNT1"
"ENSG00000156735",228.492460645753,-0.238964731607185,0.289954839905112,-0.824144655372495,0.409857369475257,0.82947917096988,288.19185835874,310.471048692632,282.272867225733,125.868956762934,184.515688144192,231.678214319988,149.28650627548,189.83175300717,261.635382379294,261.17233129137,"BAG4"
"ENSG00000185909",217.415778030877,0.235212928870042,0.285556357710009,0.823700549889027,0.410109726923215,0.829641555950514,191.483181057149,298.779670289981,204.689096701701,92.3642704303543,245.10292902736,213.337022352989,212.143982601998,226.264109644909,257.465894213887,232.527623988445,"KLHDC8B"
"ENSG00000182379",56.4885361115027,-0.34402673723417,0.417712802075772,-0.823596345442543,0.410168953185639,0.829641555950514,78.3340286142883,37.6722192974323,58.6005075234708,84.2144818629701,35.8015514309627,94.6019375139951,75.9527838945425,38.3498490923575,34.3982773646084,26.9597245203995,"NXPH4"
"ENSG00000220785",26.9175440770223,-0.419540218710656,0.509419310339459,-0.823565597525327,0.410186430227014,0.829641555950514,16.4404751412704,29.8779670289981,22.2847000441368,57.9540520347321,31.6706031889286,19.306517859999,15.7143690816295,48.8960575927558,13.550836537573,13.4798622601997,"MTMR9LP"
"ENSG00000177706",650.610215355737,-0.210397434130984,0.255648736273462,-0.822994227148949,0.410511276277881,0.82995165227761,736.92012103812,928.815061988418,533.182082537495,635.683508255968,593.479564105574,556.993040260971,925.401734807069,639.483733615062,416.948816540708,539.194490407989,"FAM20C"
"ENSG00000106682",2617.73185927111,-0.217549146189347,0.264347166715409,-0.822967572879476,0.410526433986308,0.82995165227761,2967.98930638581,3597.04742188242,3322.89638435906,1543.93216748778,2283.03739509755,2617.96382181586,1922.39115098601,2045.00570284996,2529.83694436074,3347.21829748585,"EIF4H"
"ENSG00000104205",54.3828409620488,0.228760489931488,0.278060794765261,0.822699547142586,0.410678872926201,0.829966838875974,62.8606402460339,33.7750931632152,49.5215556536373,50.7097955303906,53.7023271464441,55.0235759009971,68.9686198582627,46.978565138138,48.9914859435332,73.296751039836,"SGK3"
"ENSG00000064933",94.5629928412139,-0.24000546308502,0.291755216128207,-0.822626125661291,0.410720637068413,0.829966838875974,125.721280492068,66.2511442816913,93.2655964810169,131.30214914119,52.3253443990994,87.8446562629954,99.5243375169867,79.5759368666419,118.830412714102,90.9890702563482,"PMS1"
"ENSG00000138050",78.3936336344058,-0.275152582032787,0.334560349204799,-0.822430340854152,0.410832017141338,0.83006614340464,69.6302476571452,49.3635977000837,88.3134409156532,142.168533897702,67.4721546198913,55.9889017939971,110.000583571406,62.318504775081,72.9660428946239,65.7143285184737,"THUMPD2"
"ENSG00000178605",311.512681933694,0.172397893388838,0.209672147071476,0.822226012356658,0.410948276763501,0.830106770974475,318.171548322233,276.695955529417,311.160441357021,251.737913525868,311.198100899907,364.893187553981,408.573596122366,358.571089013543,286.652311371737,227.47267564087,"GTPBP6"
"ENSG00000164176",210.064344378826,-0.818270666091978,0.995249728397861,-0.822176226472544,0.410976607088885,0.830106770974475,289.158945131756,9.09329431317332,55.299070479895,781.474170405841,48.1943961570652,72.3994419749963,68.9686198582627,205.171692644113,358.575982225009,212.307830598146,"EDIL3"
"ENSG00000176014",2637.46424956138,-0.197116016049055,0.23980560094068,-0.821982536170264,0.411086836295647,0.830162978088231,2702.04044380644,3639.91580935881,3258.51836200933,1825.55263909406,2311.95403279178,3066.84036206084,2103.10639542475,1985.56343675681,3136.49747242747,2344.65354188349,"TUBB6"
"ENSG00000141448",82.2521102251583,-0.382955251158186,0.465991345966416,-0.821807646156986,0.411186381330892,0.830162978088231,49.3214254238112,188.361096487162,73.456974219562,72.4425650434151,52.3253443990994,55.0235759009971,78.5718454081474,156.275635051357,34.3982773646084,62.3443629534237,"GATA6"
"ENSG00000147130",111.643935329067,-0.244223098012154,0.297214973554095,-0.82170522935549,0.411244682235051,0.830162978088231,75.4327682952406,131.203246518644,113.899578003366,172.051091978111,115.666550776956,73.3647678679962,83.8099684353572,133.265725595942,85.4745073908451,132.27114842821,"ZMYM3"
"ENSG00000225663",297.266070022031,0.237737400524417,0.289327401531746,0.821689889259697,0.411253415028038,0.830162978088231,264.981775806358,326.059553229501,342.524093270991,140.357469771617,363.523445299006,274.152553611986,405.081514104227,373.911028650486,229.321849097389,252.747417378745,"MCRIP1"
"ENSG00000130518",19.5614916395072,-0.600166298045514,0.730682252090572,-0.821377960568174,0.411431013328319,0.830351689880903,6.76960741111134,18.1865886263466,4.12679630446978,68.8204367912444,30.2936204415838,12.5492366089993,5.23812302720983,24.9274019100324,14.5932085789248,10.1098966951498,"KIAA1683"
"ENSG00000178966",104.677906343023,-0.249437372963462,0.303707836138794,-0.821307003911052,0.411471419241425,0.830351689880903,123.787106946036,129.904204473905,148.564666960912,60.6706482238602,85.3729303353726,127.423017875993,64.6035173355879,96.8333689582027,117.78804067275,91.8315616476107,"RMI1"
"ENSG00000106483",12.0023323966332,-0.96112269713508,1.17071444068723,-0.820971078626895,0.411662742174597,0.830612101722028,6.76960741111134,1.29904204473905,56.1244297407889,3.62212825217076,0,2.89597767899985,6.1111435317448,29.7211330465771,0,13.4798622601997,"SFRP4"
"ENSG00000104886",533.035318927933,0.189645056521582,0.231128098279595,0.820519261540279,0.411920153360057,0.830981672834803,465.168737820651,527.411070164053,619.84480493136,354.063036649691,513.614564759581,579.19553579997,655.638398905763,668.24612043433,572.262250702121,374.908669111805,"PLEKHJ1"
"ENSG00000128284",110.617588894935,0.353082160952237,0.430380897852221,0.820394591661162,0.411991197625497,0.830981672834803,128.622540811115,90.9329431317332,70.9808964368801,88.7421421781835,172.12284341809,50.1969464359974,206.032839070253,164.904351097137,51.0762300262367,82.5641563437233,"APOL3"
"ENSG00000125247",71.586170055821,-0.252284197952323,0.307561153181288,-0.820273286605925,0.412060331390552,0.830981672834803,84.1365492523838,51.9616817895618,62.7273038279406,116.813636132507,83.9959475880279,80.1220491189958,45.3970662358185,57.5247736385363,75.0507869773274,58.1319059971113,"TMTC4"
"ENSG00000171045",33.9785142882208,-0.263195485229776,0.320954536974417,-0.820039771709958,0.412193434774585,0.830981672834803,29.9796899634931,44.1674295211276,32.1890111748642,45.2766031521344,30.2936204415838,24.1331473249987,37.5398816950038,23.0099094554145,30.2287891992013,42.9670609543866,"TSNARE1"
"ENSG00000055332",722.819389937665,-0.172822326713646,0.2107604252734,-0.819994201897533,0.41221941251951,0.830981672834803,909.061566634951,917.123683585766,628.923756801194,646.54989301248,801.403958954627,600.432705445969,498.494708089469,736.317102573264,761.973962228144,727.912562050785,"EIF2AK2"
"ENSG00000147459",444.485304087192,-0.294989678746165,0.359838800144519,-0.819782854510659,0.412339906911262,0.830981672834803,519.325597109541,648.221980324784,434.13897123022,398.434107738783,360.769479804317,494.246857215974,151.03254728455,292.417599329226,709.855360160555,436.410540673966,"DOCK5"
"ENSG00000131061",25.4693551931512,-0.394508573593647,0.481242473150718,-0.819770896385724,0.412346725159231,0.830981672834803,11.6050412761909,28.578924984259,17.3325444787731,61.5761802869029,19.2777584628261,22.2024955389988,34.9208201813988,19.1749245461788,19.8050687856836,20.2197933902996,"ZNF341"
"ENSG00000113013",1013.16979268801,-0.199055229788831,0.242824865902305,-0.819748130197327,0.412359706101308,0.830981672834803,964.185512696858,934.011230167374,1312.32122482139,1181.71934227071,651.312839494052,1162.25237517194,856.433114948807,736.317102573264,1341.53281721973,991.612367515943,"HSPA9"
"ENSG00000189227",123.042532207828,0.38699501625477,0.472205878513081,0.819547222650787,0.412474271098712,0.830981672834803,97.6757640746064,146.791751055512,89.1388001765472,82.4034177368847,133.567326492438,61.7808571519968,193.810552006764,284.747629510755,38.5677655300155,101.94145834276,"C15orf61"
"ENSG00000214293",74.1932244538197,0.219204402559973,0.267515396151079,0.819408548867884,0.41255335908109,0.830981672834803,68.6631608841293,41.5693454316495,79.2344890458197,79.6868215477566,78.488016598649,63.7115089379967,104.762460544197,75.7409519574061,70.8812988119203,79.1941907786734,"APTR"
"ENSG00000147604",19927.5789875642,0.247331216918326,0.301870030065948,0.819330149681614,0.412598075427671,0.830981672834803,15836.0459081355,12713.724491861,18224.7578397994,24893.0764130435,26212.2435784541,14495.3336092872,28204.6734400113,28395.1870142088,18218.5785387462,12082.1690420953,"RPL7"
"ENSG00000124177",157.267125606285,-0.274978233975895,0.335654992613731,-0.819228791547686,0.412655891068823,0.830981672834803,96.7086773015905,150.688877189729,122.978529873199,331.424735073624,161.106981439332,128.388343768993,119.603809121291,164.904351097137,133.423621293027,163.443329904922,"CHD6"
"ENSG00000124659",93.9941848451168,0.28870548512569,0.352534199031193,0.818943200174869,0.41281882091795,0.831183248481124,73.4985947492088,105.222405623863,110.59814095979,43.4655390260491,61.9642236305124,77.226071439996,104.762460544197,125.595755777471,79.2202751427345,158.388381557347,"TBCC"
"ENSG00000001629",885.132301354141,-0.205604345487188,0.25109378402909,-0.818834867944675,0.412880634414594,0.831183248481124,983.527248157176,1030.14034147806,1050.682339118,782.379702468883,934.971285447065,860.105370662955,457.462744376325,690.297283662435,1086.15166708854,975.605031081955,"ANKIB1"
"ENSG00000109171",676.221423169472,-0.185668065240076,0.226812491922927,-0.818597175428801,0.413016279061092,0.831275319167397,808.484542241297,691.090367801172,756.854442239757,659.227341895078,667.836632462189,793.497884045959,419.049842176786,478.41436742716,764.058706310847,723.700105094473,"SLAIN2"
"ENSG00000155729",389.148459940313,0.133523369954094,0.163146321295693,0.818427095956951,0.413113354985492,0.831275319167397,399.406837255569,346.844225945325,401.949960055356,321.463882380155,476.436030581273,374.546446483981,422.541924194926,416.095862652079,360.660726307712,371.538703546755,"KCTD18"
"ENSG00000144642",666.637627339839,-0.210876182622613,0.257706807836158,-0.81827944086243,0.413197642750886,0.831301780698462,617.968447957164,793.714689335557,489.438041710115,1003.3295258513,530.138357727717,513.553375075973,677.463911519138,847.531664941101,484.702999228573,708.535260051748,"RBMS3"
"ENSG00000198169",102.044811312727,-0.350793558038677,0.428818363226635,-0.818046959088081,0.413330373809828,0.831301780698462,68.6631608841293,64.9521022369523,71.8062556977741,262.60429828238,132.190343745093,78.1913973329959,73.3337223809376,120.802024640926,77.1355310600309,70.7692768660486,"ZNF251"
"ENSG00000224597",671.980053059121,0.190010625066449,0.232353736937552,0.817764446446226,0.413491703022504,0.831301780698462,425.518180126998,740.453965501256,780.789860805682,531.547321006058,808.288872691351,809.908424226958,660.876521932973,607.845108113867,812.007820213028,542.564455973039,"SVIL-AS1"
"ENSG00000111674",620.899687689109,-0.356510799001364,0.43595999682623,-0.817760348648379,0.413494043349582,0.831301780698462,368.46006051906,505.327355403489,349.952326619037,1635.3909058551,517.745513001615,425.708718812978,715.876813718676,844.655426259174,325.220076901752,520.659679800215,"ENO2"
"ENSG00000089220",1657.71575487552,0.232006816882749,0.283754038015292,0.817633533977217,0.413566473397639,0.831301780698462,2128.55798740801,1530.2715287026,1606.97448096053,737.103099316749,1711.58955494949,1426.75166985393,1516.43661637724,1835.04027906931,1652.15968554255,2432.27264657479,"PEBP1"
"ENSG00000140854",210.984238495523,0.206816861268784,0.252986158390743,0.81750267518332,0.41364122111516,0.831301780698462,202.121135560324,254.612240768853,210.466611527959,105.947251375995,253.364825511428,234.574191998988,236.588556728977,209.006677553348,222.025244807927,181.135649121434,"KATNB1"
"ENSG00000164045",34.1654379946102,-0.522898748893954,0.639685241926001,-0.817431315625761,0.413681985704292,0.831301780698462,27.0784296444454,75.3444385948647,47.0454778709554,18.1106412608538,8.26189648406832,55.9889017939971,13.0953075680246,7.6699698184715,64.6270665638097,24.432250346612,"CDC25A"
"ENSG00000160803",274.47934455539,-0.197312480698921,0.241486323532901,-0.817075177642672,0.413885467279189,0.831301780698462,319.138635095249,340.34901572163,290.526459834672,239.06046464327,268.51163573222,331.106781298983,171.985039393389,228.181602099527,337.728541397973,218.205270336983,"UBQLN4"
"ENSG00000161970",2015.36405751548,0.311964002668741,0.381809439754171,0.817067285894242,0.413889976947743,0.831301780698462,1526.0629278191,752.145343903908,1816.6157332276,2945.69580107787,2481.32291071519,1598.57967880792,3117.55622169438,2978.82452824887,1888.77813892941,1048.05929073053,"RPL26"
"ENSG00000171606",113.879017618861,-0.272356154968399,0.333546256121131,-0.81654688059065,0.414187422049469,0.831301780698462,84.1365492523838,80.5406067738208,113.074218742472,230.005144012843,71.6031028619254,123.561714303994,94.2862144897769,111.214562367837,107.364320259232,123.003743124323,"ZNF274"
"ENSG00000171443",136.69252494123,0.325439765384663,0.398637353770669,0.816380508014018,0.414282541347814,0.831301780698462,122.82002017302,181.865886263466,115.550296525154,55.237455845604,166.614912428711,86.8793303699955,220.001167142813,222.429124735674,75.0507869773274,120.476268950535,"ZNF524"
"ENSG00000112640",375.443331776432,-0.213875403359236,0.261995927870828,-0.816331021238938,0.414310836648684,0.831301780698462,448.72826267938,526.112028119314,439.916486056478,222.760887508501,389.686117498556,371.650468804981,291.58884851468,268.448943646503,427.372536954226,368.168737981705,"PPP2R5D"
"ENSG00000162714",384.30787582823,-0.241423880224622,0.29575568852746,-0.816294967737218,0.414331451859428,0.831301780698462,389.73596952541,442.973337256015,328.492985835794,531.547321006058,556.301029927267,385.16503130698,357.065386354803,328.849955966966,350.237005894195,172.710735208809,"ZNF496"
"ENSG00000138942",645.006507463553,0.225119363663343,0.275786111625987,0.816282452862034,0.414338607943897,0.831301780698462,600.560886042877,646.922938280045,813.80423124144,281.620471606276,687.114390925015,660.282910811966,694.051301105302,587.711437340379,607.702900108082,870.293607174145,"RNF185"
"ENSG00000135211",104.695144309069,0.184296187266397,0.225798692459216,0.816196875452167,0.414387543605043,0.831301780698462,116.050412761909,93.5310272212113,91.614877959229,86.9310780520981,75.7340511039596,99.4285669789949,127.460993662106,116.008293504381,114.660924548695,125.53121729811,"TMEM60"
"ENSG00000155115",557.568995255305,0.205535233524309,0.251939243830154,0.815812695154673,0.414607271229267,0.831301780698462,579.284977036527,470.253220195535,666.890282802316,325.991542695368,465.420168602515,651.594977774966,645.162152851344,589.628929794997,748.423125690571,433.040575108916,"GTF3C6"
"ENSG00000213923",1789.80940380168,0.141441433405515,0.173378840261397,0.815794091091325,0.414617913363778,0.831301780698462,1510.58953945084,1649.78339681859,1669.70178478847,1911.57818508312,2083.37489673256,2053.24817441089,2019.29642698939,1986.52218298412,1575.02415448252,1438.97529627632,"CSNK1E"
"ENSG00000165476",1024.28303553894,0.219101329355496,0.268576906519855,0.815786182790437,0.414622437220227,0.831301780698462,914.864087273047,674.202821219565,889.737283243684,1250.53977906195,896.415768521413,1362.07483502293,770.87710550438,1577.1375439232,1083.02455096449,823.956580654708,"REEP3"
"ENSG00000135047",383.232746778188,0.283875199365564,0.348100325240238,0.815498230774851,0.41478717687784,0.831507076209191,368.46006051906,267.602661216243,274.844633877687,445.521775017003,283.658445953012,304.077656294984,723.733998259491,392.127206969356,209.516780311706,562.784249363339,"CTSL"
"ENSG00000133107",41.3176904230459,-0.34748181272228,0.426315197046388,-0.81508192794842,0.415025415463373,0.831859628198829,21.2759090063499,54.5597658790399,53.6483519581071,59.7651161608175,46.8174134097205,44.4049910779977,27.9366561451191,14.3811934096341,58.3728343156991,32.0146728679744,"TRPC4"
"ENSG00000180592",16.7557079218118,0.36292894170083,0.445356791293315,0.814917272613909,0.415119665468444,0.831875457481992,11.6050412761909,15.5885045368685,11.5550296525154,18.1106412608538,31.6706031889286,10.6185848229995,19.2064510997694,11.5049547277073,20.8474408270354,16.8498278252497,"SKIDA1"
"ENSG00000185728",498.959868328526,-0.211923481621245,0.260076613687167,-0.814850203625603,0.415158059908535,0.831875457481992,483.543386507953,504.02831335875,484.485886144752,702.692880921127,316.706031889286,454.668495602976,330.001750714219,530.186663701843,489.914859435332,693.370415009024,"YTHDF3"
"ENSG00000069248",133.808165059594,-0.18476193274641,0.226809179033195,-0.814614000782431,0.415293293743136,0.831916047571324,130.556714357147,158.483129458164,128.756044699457,159.373643095513,130.813360997748,106.185848229994,95.1592349943119,116.008293504381,145.932085789248,166.813295469972,"NUP133"
"ENSG00000032444",439.827113037004,-0.167086468734592,0.205179055885488,-0.814344661122935,0.415447531241848,0.831916047571324,438.090308176205,544.29861674566,521.62705288498,378.512402351844,484.697927065341,447.911214351977,447.85951882644,397.879684333209,449.262349822613,288.132055811769,"PNPLA6"
"ENSG00000095066",130.214204311282,-0.278370936608206,0.341839354162334,-0.814332619163597,0.415454427866418,0.831916047571324,115.083325988893,94.8300692659503,110.59814095979,260.793234156294,140.452240229161,90.7406339419953,114.365686094081,177.368052052154,109.449064341936,88.4615960825607,"HOOK2"
"ENSG00000115750",116.428647754651,-0.223992091195268,0.275072297971197,-0.814302613703117,0.415471612772381,0.831916047571324,159.569317547624,148.090793100251,132.057481743033,70.6315009173297,100.519740556165,87.8446562629954,104.762460544197,94.9158765035849,134.465993334378,131.428657036947,"TAF1B"
"ENSG00000204899",435.540222534662,-0.244159559922088,0.299850800838882,-0.814270161156853,0.415490199660538,0.831916047571324,458.399130409539,563.784247416746,618.194086409572,281.620471606276,307.067152657872,602.363357231969,318.652484155264,354.736104104307,543.075833544272,307.509357810806,"MZT1"
"ENSG00000004059",1185.22432790169,0.204290088459539,0.250953856059465,0.814054390983861,0.41561379247008,0.832019138130493,1439.99220502068,1058.71926646232,1134.86898372919,710.842669488511,1412.78429877568,985.597736752949,1637.78646650761,1343.20346445982,889.143351273059,1239.30483654711,"ARF5"
"ENSG00000174748",14117.0455523841,0.227606221802679,0.279739170864435,0.813637293266232,0.415852766921101,0.832019138130493,11074.1106378051,11764.1247571568,12320.1376873641,16057.800073936,17891.1368362499,10319.3337961695,20185.9801058576,20765.4845372843,11355.6010184862,9436.74607353107,"RPL15"
"ENSG00000164330",434.439370325459,0.327624104470216,0.402707423846513,0.813553674627777,0.415900685643138,0.832019138130493,386.834709206362,513.121607671923,349.126967358143,258.982170030209,366.277410793695,266.429946467986,679.209952528208,884.92276780615,180.330363153856,459.157808238053,"EBF1"
"ENSG00000112062",389.899092251433,-0.232424759220672,0.285701344600517,-0.81352350492316,0.415917975575563,0.832019138130493,498.049688103191,484.542682687664,412.679630446978,317.841754127984,323.590945626009,392.88763845098,217.382105629208,258.861481373413,443.008117574502,550.146878494401,"MAPK14"
"ENSG00000198496",42.9959962232784,-0.321116912554864,0.394747004256345,-0.813475236271416,0.415945638702034,0.832019138130493,54.1568592888907,58.4568920132571,17.3325444787731,66.1038406021163,37.1785341783074,35.7170580409981,50.6351892630283,40.2673415469754,22.9321849097389,47.1795179106991,"NBR2"
"ENSG00000167785",145.314336583591,-0.190484526577851,0.234170192721466,-0.813444804242968,0.415963080084169,0.832019138130493,154.733883682545,136.3994146976,129.581403960351,206.461310373733,136.321291987127,151.556165200992,110.000583571406,166.821843551755,154.271062120062,106.996406690335,"ZNF558"
"ENSG00000124145",1060.38999267768,0.280517357149336,0.344899429311414,0.813330882307878,0.41602837552332,0.832019138130493,1308.46840389052,555.989995148312,527.404567711237,1365.54235106837,945.987147425823,1149.70313856294,1389.84864321967,1727.66070161071,784.906147137882,848.38883100132,"SDC4"
"ENSG00000012211",55.2312885616754,-0.218022285659135,0.268090359466237,-0.813241796882263,0.416079439896699,0.832019138130493,61.893553473018,75.3444385948647,55.299070479895,48.8987314043052,66.0951718725465,34.7517321479982,55.8733122902382,52.7310425019916,50.0338579848849,51.3919748670115,"PRICKLE3"
"ENSG00000075223",1227.78474270276,0.299972449691425,0.36887885671462,0.813200442993935,0.416103145484771,0.832019138130493,758.19603004447,1491.30026736042,484.485886144752,1580.15345000949,823.435682912142,1582.16913862692,957.703493474863,2104.44796894312,1035.07543706231,1460.88007244915,"SEMA3C"
"ENSG00000204618",11.169184724058,0.454807058816304,0.559380432254041,0.813055002627899,0.416186523648345,0.83206111016309,10.637954503175,6.49521022369523,4.95215556536373,14.488513008683,11.0158619787578,10.6185848229995,9.60322554988468,20.1336707734877,5.21186020675885,18.5348106077746,"RNF39"
"ENSG00000171316",25.9102127937842,0.317573515030641,0.390666489838715,0.812901856931088,0.416274329787338,0.832082287489317,24.1771693253976,22.0837147605638,15.6818259569851,28.0714939543234,35.8015514309627,26.0637991109986,33.1747791723289,24.9274019100324,36.4830214473119,12.6373708689372,"CHD7"
"ENSG00000243646",169.395570651799,0.31927520025478,0.392844755426877,0.812726136327941,0.416375092724576,0.832082287489317,153.766796909529,79.2415647290818,96.5670335245927,259.887702093252,172.12284341809,143.833558056993,240.953659251652,309.675031420787,111.533808424639,126.373708689372,"IL10RB"
"ENSG00000128274",239.062042250283,0.326292261755233,0.40148665275469,0.812710110078302,0.416384283324863,0.832082287489317,197.285701695245,274.097871439939,275.669993138581,83.3089497999274,250.610860016739,135.145625019993,428.653067726671,375.828521105104,167.821898657635,202.197933902996,"A4GALT"
"ENSG00000153214",162.582127472335,-0.326062870649523,0.40135070890232,-0.812413840108302,0.41655420732242,0.832143993829148,130.556714357147,87.0358169975161,124.629248394987,397.52857567574,115.666550776956,147.694861628992,109.127563066871,214.759154917202,148.016829871951,150.805959035984,"TMEM87B"
"ENSG00000166348",33.8714931954089,-0.252790110778201,0.311237151844572,-0.812210590156157,0.416670803861597,0.832143993829148,30.946776736509,45.4664715658666,31.3636519139703,42.5600069630064,28.9166376942391,34.7517321479982,20.9524921088393,28.7623868192681,39.6101375713672,35.3846384330243,"USP54"
"ENSG00000107819",498.164246059931,-0.16010649137139,0.197129930315944,-0.812187632364016,0.416683975058003,0.832143993829148,521.259770655573,539.102448566704,486.961963927433,578.634988284278,607.249391579021,483.628272392975,420.795883185856,355.694850331616,422.160676747467,566.154214928389,"SFXN3"
"ENSG00000135506",441.791359379826,0.292590508455991,0.360286235692204,0.812105707823803,0.416730978278599,0.832143993829148,267.883036125406,276.695955529417,321.064752487749,690.920964101572,556.301029927267,346.551995586982,678.336932023673,641.40122606968,251.211661965776,387.546039980742,"OS9"
"ENSG00000120647",35.9117272713605,-0.249741746610081,0.307534404757149,-0.812077422060451,0.416747207621739,0.832143993829148,28.0455164174613,44.1674295211276,49.5215556536373,37.1268145847502,33.0475859362733,43.4396651849978,32.3017586677939,23.9686556827235,31.2711612405531,36.2271298242868,"CCDC77"
"ENSG00000114491",102.326088728749,-0.245772011083609,0.302678282628128,-0.811990899874259,0.416796853222262,0.832143993829148,125.721280492068,124.708036294948,142.787152134654,58.8595840977748,78.488016598649,110.047151801994,63.7304968310529,90.1221453670402,116.745668631398,112.05135503791,"UMPS"
"ENSG00000154856",32.1311778273542,0.707809416013978,0.87179926864719,0.811894941265915,0.416851917430647,0.832143993829148,44.4859915587317,12.9904204473905,34.6650889575461,0.905532063042689,41.3094824203416,56.954227686997,65.4765378401228,24.9274019100324,0,39.5970953893367,"APCDD1"
"ENSG00000076067",516.436363615176,-0.224339549416308,0.27638688951107,-0.811686653492016,0.416971454574375,0.832175613797793,342.348717647631,830.08786658825,588.48115301739,500.759230862607,519.122495748959,638.080415272967,338.731955759569,458.280696653672,548.287693751031,400.183410849679,"RBMS2"
"ENSG00000168397",264.660787260538,-0.152379129017556,0.187761001742647,-0.811558990436223,0.417044730876811,0.832175613797793,250.47547421112,301.377754379459,276.495352399475,299.73111286713,188.646636386227,229.747562533988,268.017294892236,264.613958737267,257.465894213887,310.036831984594,"ATG4B"
"ENSG00000196290",78.279288437155,-0.221476911137727,0.272970068519882,-0.811359693532095,0.417159138899892,0.832175613797793,71.564421203177,103.923363579124,96.5670335245927,71.5370329803724,46.8174134097205,84.9486785839956,93.4131939852419,55.6072811839184,79.2202751427345,79.1941907786734,"NIF3L1"
"ENSG00000187097",213.171227821625,-0.255853690371787,0.3153725594128,-0.811274420476426,0.417208096248921,0.832175613797793,220.495784247626,224.734273739855,258.337448659808,240.871528769355,174.876808912779,315.661567010984,92.5401734807069,180.24429073408,268.931986668757,155.018415992297,"ENTPD5"
"ENSG00000184432",611.606261490114,-0.18785911950047,0.231571715179702,-0.811235169004508,0.417230632618298,0.832175613797793,656.6519188778,597.559340579961,628.923756801194,757.024804703688,528.761374980372,550.235759009972,515.955118180168,419.930847561315,558.711414164549,902.308280042119,"COPB2"
"ENSG00000164111",6657.50200142559,-0.269280611160809,0.331971939044548,-0.811154737764368,0.417276814736938,0.832175613797793,5385.70623892558,11296.4696210507,9404.14341862572,3575.04058489254,4444.90030842876,5892.34925087169,4716.92978600245,5881.90810454033,6566.94386051615,9410.62884040194,"ANXA5"
"ENSG00000114999",1257.0222172253,-0.244964977801301,0.302035069574394,-0.811048128108062,0.417338032657852,0.832175613797793,1101.51183446512,1743.3144240398,1610.27591800411,1092.97720009253,1069.91559468685,1662.29118774591,690.559219087162,824.521755485687,1747.01554130557,1027.83949734023,"TTL"
"ENSG00000120093",72.1452083783181,-0.339808257240019,0.419000212665336,-0.810997815677557,0.417366925147592,0.832175613797793,29.9796899634931,58.4568920132571,115.550296525154,125.868956762934,49.5713789044099,101.359218764995,79.4448659126824,70.9472208208614,48.9914859435332,41.2820781718617,"HOXB3"
"ENSG00000094880",127.350425436988,-0.206884982325004,0.25518337513014,-0.810730645048863,0.417520370694276,0.832233526843292,110.247892123813,151.987919234468,172.500085526837,119.530232321635,85.3729303353726,127.423017875993,97.7782965079168,110.255816140528,167.821898657635,130.586165645685,"CDC23"
"ENSG00000172137",31.9498034413854,0.979259952534052,1.20807347394987,0.810596353326342,0.417597511736232,0.832233526843292,7.73669418412724,20.7846727158247,50.3469149145313,1.81106412608538,1.37698274734472,64.6768348309966,4.36510252267486,9.58746227308938,142.804969665192,16.0073364339872,"CALB2"
"ENSG00000197345",257.838058477115,0.218622685895948,0.269752018457424,0.810458016759767,0.417676985034338,0.832233526843292,296.895639315883,146.791751055512,321.064752487749,172.956624041154,289.166376942391,260.637991109987,310.79529961445,267.490197419194,313.753984446883,198.827968337946,"MRPL21"
"ENSG00000136451",657.161391150861,-0.126660883851188,0.156290691162155,-0.810418604648531,0.417699628621412,0.832233526843292,729.183426853993,724.865460964388,702.380731020756,611.234142553815,709.146114882531,738.474308144962,596.273004597385,561.825289203038,633.762201141876,564.469232145864,"VEZF1"
"ENSG00000188643",3040.96459093787,0.255197177156857,0.314919107523483,0.810357869878785,0.417734524210944,0.832233526843292,3628.50957235568,2223.95998059325,3311.34135470655,1734.09390072675,3321.28238659546,3231.91108976383,3821.21074834957,3663.36933454745,4078.80179780947,1395.16574393067,"S100A16"
"ENSG00000083838",42.3552165250199,-0.299028810880817,0.369062148272431,-0.810239717837664,0.417802414218434,0.832233526843292,43.5189047857157,51.9616817895618,41.2679630446978,53.4263917195186,68.849137367236,33.7864062549982,52.3812302720983,31.638625501195,23.9745569510907,22.747267564087,"ZNF446"
"ENSG00000159023",37.9672916356076,-0.297183663104098,0.366850147929213,-0.810095524784801,0.417885276163156,0.832233526843292,33.8480370555567,58.4568920132571,37.9665260011219,41.6544748999637,28.9166376942391,43.4396651849978,29.682697154189,25.8861481373413,20.8474408270354,58.9743973883738,"EPB41"
"ENSG00000085721",166.431223626172,-0.192290338329997,0.237372532552349,-0.810078302920706,0.417895173522496,0.832233526843292,170.207272050799,163.67929763712,184.055115179352,201.93365005852,106.027671545543,168.932031274991,121.349850130361,156.275635051357,215.771012559816,176.080700773859,"RRN3"
"ENSG00000196943",88.1391780021855,-0.2519265895372,0.31126678815829,-0.809359042215213,0.418308654025472,0.832894053004557,88.0048963444474,119.511868115992,88.3134409156532,95.0808666194824,70.2261201145807,89.7753080489953,49.7621687584934,60.4010123204631,81.305019225438,139.01107955831,"NOP9"
"ENSG00000241399",31.342599219716,-0.251915736928264,0.311315525769833,-0.809197473544939,0.418401567925006,0.832894053004557,40.617644466668,25.9808408947809,33.8397296966522,38.0323466477929,27.5396549468944,34.7517321479982,24.4445741269792,34.5148641831218,20.8474408270354,32.8571642592368,"CD302"
"ENSG00000086666",508.387737221302,0.198175136080013,0.244909952004771,0.809175513113297,0.418414197730414,0.832894053004557,615.067187638116,380.61931910854,581.878278930238,290.675792236703,443.388444645,522.241308112973,546.510835838892,480.331859881778,605.618156025378,617.5461897954,"ZFAND6"
"ENSG00000237440",16.5327574823491,-0.328740994008273,0.406370719960538,-0.808968210210118,0.418533432098047,0.832937570119605,20.308822233334,16.8875465816076,14.8564666960912,23.5438336391099,11.0158619787578,9.6532589299995,14.8413485770945,21.0924170007966,14.5932085789248,18.5348106077746,"ZNF737"
"ENSG00000249087",26.0674299323339,0.472067765987384,0.583683955935362,0.808772900448991,0.418645786668238,0.832937570119605,19.3417354603181,15.5885045368685,13.2057481743033,36.2212825217076,45.4404306623758,5.7919553579997,29.682697154189,54.6485349566095,10.4237204135177,30.3296900854494,"ZNF436-AS1"
"ENSG00000198682",929.134560883763,-0.20870804772965,0.258070962024519,-0.808723484782533,0.418674216509339,0.832937570119605,847.168013161933,858.666791572509,1537.64430304544,799.584811666694,651.312839494052,793.497884045959,771.750126008915,807.264323394126,1117.4228283291,1107.0336881189,"PAPSS2"
"ENSG00000081307",265.152930518676,-0.184076198082827,0.227679274281547,-0.808489040839084,0.418809112374906,0.832937570119605,398.439750482553,220.837147605638,264.114963486066,258.982170030209,214.809308585776,254.846035751987,211.270962097463,243.52154173647,325.220076901752,259.487348508845,"UBA5"
"ENSG00000273033",41.8965324233962,0.496630280872101,0.614326682830653,0.808413983556373,0.418852304721397,0.832937570119605,26.1113428714294,7.79425226843427,12.3803889134093,87.8366101151408,39.9324996729969,36.6823839339981,43.6510252267486,97.7921151855117,18.7626967443319,48.0220093019615,"LINC02035"
"ENSG00000140285",2595.59972389404,0.260501678784184,0.322239982748312,0.80840892729209,0.418855214485557,0.832937570119605,1767.83462107308,2417.51724525936,3754.5592778066,1340.18745330318,3198.73092208178,1505.90839307992,2750.88760978969,3766.91392709682,2390.15909081961,3063.29869863039,"FGF7"
"ENSG00000076356",32.2821106757659,0.434964707574256,0.53807118916286,0.808377620535641,0.41887323107087,0.832937570119605,26.1113428714294,33.7750931632152,19.8086222614549,27.1659618912807,16.5237929681366,55.0235759009971,12.2222870634896,23.9686556827235,85.4745073908451,22.747267564087,"PLXNA2"
"ENSG00000135049",204.258105043678,-0.228068576014251,0.282255194939758,-0.8080225983544,0.419077573100755,0.83301177212849,248.541300665088,267.602661216243,232.751311572095,146.696194212916,192.777584628261,222.024955389988,135.318178202921,173.533067142918,287.694683413088,135.64111399326,"AGTPBP1"
"ENSG00000247809",10.8522028014736,0.466289620139399,0.577205992759372,0.807839187376191,0.419183162913927,0.83301177212849,15.4733883682545,3.89712613421714,7.4282333480456,8.1497885673842,13.7698274734472,10.6185848229995,11.3492665589546,4.79373113654469,22.9321849097389,10.1098966951498,"NR2F2-AS1"
"ENSG00000168939",21.3717425563267,-0.29738923693159,0.368163820081229,-0.807763339879447,0.419226832937577,0.83301177212849,18.3746486873022,18.1865886263466,31.3636519139703,28.0714939543234,16.5237929681366,20.2718437529989,20.9524921088393,26.8448943646503,14.5932085789248,18.5348106077746,"SPRY3"
"ENSG00000108298",14383.1570237379,0.24569261914451,0.304183072704989,0.807712989942719,0.419255823940514,0.83301177212849,10462.9117972591,11491.3259277616,13497.0999933988,16314.0656477771,18608.5448476165,10421.6583408275,21475.4313910558,21291.8362160769,12034.1852174062,8234.51085819951,"RPL19"
"ENSG00000111300",126.029463411591,-0.27071242522273,0.335229696305093,-0.807543091219324,0.419353658671422,0.83301177212849,109.280805350797,103.923363579124,104.820626133532,243.588124958483,81.2419820933385,150.590839307992,79.4448659126824,111.214562367837,157.398178244117,118.79128616801,"NAA25"
"ENSG00000103249",119.686359220416,-0.285539506229693,0.353594440797366,-0.807533923852968,0.419358938002868,0.83301177212849,99.6099376206383,103.923363579124,78.4091297849257,254.454509714996,107.404654292888,139.006928591993,144.04838324827,87.2459066851134,87.5592514735486,95.2015272126606,"CLCN7"
"ENSG00000107338",105.870114912065,0.194351747378443,0.240714023033002,0.80739686425247,0.419437872971938,0.83301177212849,77.3669418412724,127.306120384426,115.550296525154,70.6315009173297,97.7657750614751,123.561714303994,125.714952653036,110.255816140528,109.449064341936,101.098966951498,"SHB"
"ENSG00000243335",147.423720642363,-0.264766882637946,0.327951110901598,-0.80733644081904,0.419472674635596,0.83301177212849,136.359234995243,155.885045368685,122.153170612305,240.871528769355,166.614912428711,151.556165200992,64.6035173355879,102.585846322056,144.889713747896,188.718071642796,"KCTD7"
"ENSG00000092096",30.6562902775554,-0.470917975917294,0.583820912121717,-0.806613751134551,0.419889048746678,0.833459601632027,27.0784296444454,15.5885045368685,14.8564666960912,89.6476742412262,20.6547412101708,14.4798883949993,47.1431072448884,43.1435802289022,14.5932085789248,19.3773019990371,"SLC22A17"
"ENSG00000164418",24.0155563768339,-0.661554447711568,0.820236413581668,-0.806541183441009,0.419930871681632,0.833459601632027,10.637954503175,41.5693454316495,18.157903739667,53.4263917195186,0,5.7919553579997,20.9524921088393,7.6699698184715,18.7626967443319,63.1868543446862,"GRIK2"
"ENSG00000152409",242.146590412498,-0.183238448729321,0.227195259197346,-0.806524085831196,0.419940725902508,0.833459601632027,287.224771585724,265.004577126765,245.131700485505,245.399189084569,254.741808258773,274.152553611986,135.318178202921,215.717901144511,263.720126461998,235.055098162233,"JMY"
"ENSG00000186184",1116.92994650987,0.187085603255952,0.231986816364964,0.806449289608025,0.419983836362111,0.833459601632027,994.165202660351,1014.55183694119,1063.06272803141,1052.2282572556,1506.41912559512,1127.50064302394,1216.11756281721,1486.05665232885,1022.56697256609,686.630483878924,"POLR1D"
"ENSG00000254093",32.1650989888283,0.281621290409166,0.349282292546671,0.806285621741148,0.420078179032413,0.833459601632027,29.0126031904772,23.3827568053028,42.0933223055917,19.0161733238965,31.6706031889286,32.8210803619983,46.2700867403535,26.8448943646503,42.7372536954226,27.8022159116619,"PINX1"
"ENSG00000075407",370.390427750798,0.184791965304541,0.229191491942991,0.80627759668542,0.420082805215977,0.833459601632027,407.143531439696,340.34901572163,363.983434054234,258.076637967166,334.606807604767,415.090133989978,495.002626071329,310.633777648096,477.40639493911,301.611918071969,"ZNF37A"
"ENSG00000131943",510.524062176733,0.132269401810579,0.164068102945687,0.806185964461144,0.420135630334567,0.833459601632027,425.518180126998,422.18866454019,529.055286233025,552.37455845604,581.086719379472,595.606075980969,498.494708089469,507.176754246428,468.025046566945,525.714628147789,"C19orf12"
"ENSG00000204187",13.6230006636249,-0.540150063393438,0.670141954763267,-0.806023350059093,0.420229385621239,0.83352161154528,12.5721280492068,35.0741352079542,6.60287408715164,12.6774488825976,26.1626721995497,16.4105401809991,6.98416403627977,5.75247736385363,11.4660924548695,2.52747417378745,"LINC00619"
"ENSG00000128595",3678.85434904442,0.288092993351644,0.357493513170581,0.805869149335243,0.420318301356254,0.83357400523247,2543.43821303183,1855.03203988736,2672.51328677463,5921.27416023614,2154.97799959449,3421.11496479182,3384.70049608208,5515.66704570832,3660.81060922741,5659.0146751101,"CALU"
"ENSG00000205138",118.102316848708,0.244327667159108,0.303364326147608,0.805393535429166,0.420592621029645,0.833964112892448,98.6428508476224,153.286961279207,113.899578003366,60.6706482238602,119.797499018991,106.185848229994,180.715244438739,145.729426550959,91.7287396389557,110.366372255385,"SDHAF1"
"ENSG00000132305",339.03238303675,-0.163504242517996,0.203061168900104,-0.805196992628522,0.420706011645836,0.833964112892448,306.566507046042,339.049973676891,380.490619272113,422.883473440936,300.182238921149,408.332852738979,300.31905356003,237.769064372617,358.575982225009,336.154065113731,"IMMT"
"ENSG00000204934",10.5755709485018,0.501588649834744,0.623088427279204,0.805003957504066,0.420817396061641,0.833964112892448,8.70378095714315,12.9904204473905,4.95215556536373,7.24425650434151,24.785689452205,6.75728125099965,8.73020504534971,2.87623868192681,13.550836537573,15.1648450427247,"ATP6V0E2-AS1"
"ENSG00000262001",17.765743540067,0.386898983642043,0.480618606921571,0.805002091201139,0.420818473033364,0.833964112892448,10.637954503175,7.79425226843427,14.8564666960912,26.260429828238,16.5237929681366,31.8557544689983,13.9683280725595,26.8448943646503,14.5932085789248,14.3223536514622,"DLGAP1-AS2"
"ENSG00000122386",89.8199343127323,0.260983090294906,0.324208165015462,0.80498617387523,0.42082765837641,0.833964112892448,101.54411116667,92.2319851764723,76.7584112631378,50.7097955303906,118.420516271646,88.8099821559954,129.207034671176,119.843278413617,62.5423224811062,58.1319059971113,"ZNF205"
"ENSG00000108774",792.507283732608,0.198494741429172,0.246685291647421,0.804647654927373,0.421023033921664,0.834227336712708,851.036360253997,757.341512082864,918.624857374972,385.756658856186,736.685769829425,804.116468868958,977.782965079168,836.985456440703,757.804474062737,898.93831447707,"RAB5C"
"ENSG00000196810",251.481315355159,0.167822482478351,0.208601066949141,0.804514017750769,0.421100177009146,0.834256247886361,250.47547421112,271.499787350461,225.32307822405,189.256201175922,348.376635078214,269.325924146986,264.525212874096,255.985242691486,199.093059898188,240.95253790107,"CTBP1-AS2"
"ENSG00000103005",702.68829312024,0.150145598953621,0.186710788079608,0.804161347600351,0.421303798390097,0.834430785948568,646.981051147641,662.511442816913,690.000342107346,637.494572382053,692.622321914394,974.979151929949,701.035465141582,639.483733615062,808.880704088973,572.894146058489,"USB1"
"ENSG00000234741",2952.7655654037,0.351394057527301,0.437084861520549,0.803949274987143,0.421426270693045,0.834430785948568,2262.0159620842,1191.22155502571,2012.22587805946,4668.01778498506,3501.66712649762,2506.95134412087,5403.99692307147,4582.80696653672,2316.15067588363,1082.60143777229,"GAS5"
"ENSG00000106628",1435.71845026614,0.205753761723791,0.255935547138797,0.803928035882441,0.421438537463414,0.834430785948568,1460.30102725402,1539.36482301577,1547.54861417617,712.653733614596,1429.30809174382,1795.50616097991,1945.96270460845,1295.26615309438,1332.15146884756,1299.12172532675,"POLD2"
"ENSG00000165675",154.257809240575,0.229268469778877,0.285242995957653,0.803765466735295,0.421532437171678,0.834492663650096,174.075619142863,132.502288563383,170.024007744155,82.4034177368847,154.222067702609,171.828008953991,131.826096184781,116.96703973169,233.491337262796,175.238209382596,"ENOX2"
"ENSG00000117592",2379.33340277879,0.17781094746666,0.22125220606954,0.803657286069155,0.421594928970109,0.834492663650096,2211.72744988738,2530.53390315166,2197.10635249971,1884.41222319184,2218.31920597234,3869.9915050368,2010.56622194404,2259.76485776717,2293.21849097389,2317.69381736309,"PRDX6"
"ENSG00000168246",798.839116722339,-0.153806305141483,0.1914124726255,-0.803533348855518,0.421666529396257,0.834510536067352,796.879500965106,801.508941603991,779.139142283894,1022.3456991752,991.427578088198,813.769727798958,689.686198582627,697.008507253598,798.456983675455,598.168887796363,"UBTD2"
"ENSG00000158966",60.3108927220087,-0.281421181256528,0.350534070181933,-0.802835459361955,0.422069843962234,0.835184793608948,60.926466700002,29.8779670289981,76.7584112631378,101.419591060781,61.9642236305124,42.4743392919978,67.2225788491928,71.9059670481704,41.6948816540708,48.864500693224,"CACHD1"
"ENSG00000100429",7.42114922362648,-0.785169331598362,0.978794586283306,-0.802179887998584,0.42244890851849,0.835476968672949,2.90126031904772,2.59808408947809,1.65071852178791,32.5991542695368,1.37698274734472,1.9306517859999,10.4762460544197,14.3811934096341,2.08474408270354,4.21245695631242,"HDAC10"
"ENSG00000103540",148.056297104466,-0.247586844517159,0.308693112790066,-0.802048488479027,0.42252491035551,0.835476968672949,179.878139780958,223.435231695116,162.595774396109,88.7421421781835,140.452240229161,192.09985270699,110.000583571406,89.1633991397312,167.821898657635,126.373708689372,"CCP110"
"ENSG00000067066",541.071879623432,0.150486875281271,0.187638151620885,0.802005743401923,0.422549635950296,0.835476968672949,578.317890263511,522.214901985096,526.579208450343,402.961768053997,654.066804988742,613.947267947968,494.129605566794,450.610726835201,532.652113130754,635.238509011912,"SP100"
"ENSG00000168490",8.98776969455018,0.490462629532704,0.611652405997579,0.801864955853122,0.422631079529644,0.835476968672949,3.86834709206362,15.5885045368685,6.60287408715164,3.62212825217076,6.8849137367236,11.5839107159994,17.4604100906994,9.58746227308938,6.25423224811062,8.42491391262483,"PHYHIP"
"ENSG00000196152",28.3538246120926,0.249232077328803,0.310833074047368,0.801819684384107,0.422657270379435,0.835476968672949,24.1771693253976,28.578924984259,25.5861370877126,23.5438336391099,37.1785341783074,25.0984732179987,26.1906151360491,25.8861481373413,30.2287891992013,37.0696212155493,"ZNF79"
"ENSG00000197933",17.824151414719,-0.306147403438373,0.381821657947279,-0.801807328280591,0.422664418906644,0.835476968672949,13.5392148222227,20.7846727158247,18.983263000561,27.1659618912807,16.5237929681366,14.4798883949993,15.7143690816295,21.0924170007966,15.6355806202765,14.3223536514622,"ZNF823"
"ENSG00000184702",183.025445606156,0.268981685394117,0.335475673342202,0.801791923433273,0.422673331359964,0.835476968672949,129.589627584131,285.78924984259,90.7895186983351,146.696194212916,304.313187163183,190.16920092099,201.667736547578,147.646919005576,166.779526616283,166.813295469972,"SEPT5"
"ENSG00000006118",27.2140141916314,-0.361673202418617,0.451125192121001,-0.8017136013136,0.42271864621767,0.835476968672949,32.8809502825408,22.0837147605638,13.2057481743033,57.0485199716894,28.9166376942391,14.4798883949993,28.809676649654,29.7211330465771,28.1440451164978,16.8498278252497,"TMEM132A"
"ENSG00000164758",85.5077431204642,0.275187055944427,0.343455884247585,0.801229702461743,0.422998678850048,0.835734439068877,86.0707227984156,89.6339010869942,95.7416742636988,32.5991542695368,93.6348268194409,75.2954196539961,144.04838324827,82.4521755485687,86.5168794321969,69.0842940835236,"MED30"
"ENSG00000101751",142.574859666035,-0.255451753678247,0.318916686846552,-0.800998393041626,0.423132576149359,0.835734439068877,134.425061449211,113.016657892297,124.629248394987,258.982170030209,155.599050449953,99.4285669789949,81.1909069217523,166.821843551755,128.211761086268,163.443329904922,"POLI"
"ENSG00000170836",62.9115789977248,-0.194404231530787,0.242733031215181,-0.800897309103553,0.42319109805613,0.835734439068877,71.564421203177,85.736774952777,60.2512260452587,55.237455845604,67.4721546198913,55.0235759009971,48.0161277494234,59.4422660931542,61.4999504397544,64.8718371272112,"PPM1D"
"ENSG00000151665",84.8514398608839,0.232388764047315,0.29016894930555,0.800873989458493,0.423204599489788,0.835734439068877,86.0707227984156,40.2703033869104,75.9330520022439,104.136187249909,68.849137367236,98.4632410859949,96.0322554988468,114.090801049764,85.4745073908451,79.1941907786734,"PIGF"
"ENSG00000182552",286.136725035407,0.145474980423393,0.181647880802833,0.800862524684757,0.423211237371183,0.835734439068877,316.237374776201,239.023736231984,285.574304269308,234.532804328056,275.396549468944,310.834937545984,276.747499937586,326.932463512348,345.025145687436,251.06243459622,"RWDD4"
"ENSG00000136709",179.116194445177,-0.164027120212708,0.204840103807744,-0.800756869204961,0.423272412711481,0.835734439068877,172.141445596831,180.566844218727,172.500085526837,240.871528769355,144.583188471196,156.382794665992,156.27067031176,162.028112415211,209.516780311706,196.300494164159,"WDR33"
"ENSG00000204256",1481.79071879183,-0.141098060525318,0.176262332875026,-0.800500357755731,0.423420956362009,0.835734439068877,1264.9494991048,1571.84087413425,1558.27828456779,1881.69562700271,1728.11334791762,1443.16221003493,1491.99204225027,1276.0912285482,1393.65141928732,1208.1326550704,"BRD2"
"ENSG00000175197",401.178338906804,0.28720750236453,0.358869361914179,0.800312127044196,0.42352997860983,0.835734439068877,279.488077401597,242.920862366202,416.806426751447,477.215397223497,524.630426738338,386.13035719998,604.1301891382,529.227917474534,405.482724085838,145.75101068841,"DDIT3"
"ENSG00000205542",22679.3612982875,0.189394547392585,0.236678025808244,0.800220243285414,0.42358320317017,0.835734439068877,27652.8791876168,20033.8264139656,20321.995721731,15665.7046906385,25834.9503056816,15826.5180157342,31382.4680765186,25699.1926230161,24223.6838689738,20152.3940789986,"TMSB4X"
"ENSG00000185019",63.2225101533514,0.2567400699289,0.320908656627536,0.800040960649083,0.423687065647556,0.835734439068877,53.1897725158748,76.6434806396037,59.4258667843648,38.0323466477929,72.9800856092701,44.4049910779977,93.4131939852419,57.5247736385363,48.9914859435332,87.6191046912982,"UBOX5"
"ENSG00000075420",1184.45812503734,-0.164388391316363,0.20547761757676,-0.800030646914389,0.423693041080031,0.835734439068877,1043.48662808416,1513.38398212099,1157.97904303422,1351.95937012273,966.641888635993,977.875129608949,998.735457188007,1094.88819158681,1159.11770998317,1580.51385000842,"FNDC3B"
"ENSG00000162222",167.106892541357,-0.16380781126748,0.204760939833726,-0.799995406352883,0.423713458653216,0.835734439068877,152.799710136513,215.640979426682,194.784785570973,151.223854528129,190.023619133571,139.972254484993,178.096182925134,141.894441641723,166.779526616283,139.853570949572,"TTC9C"
"ENSG00000074695",677.790362171428,-0.321547117253637,0.401982704958017,-0.799902864694688,0.423767077908263,0.835734439068877,605.396319907957,384.516445242758,426.710737882175,1663.46239980942,429.618617171553,745.231589395961,413.811719149576,790.965637529874,745.296009566515,572.894146058489,"LMAN1"
"ENSG00000176974",44.5833336005937,-0.259222488848543,0.324067547323814,-0.799902646806913,0.423767204158579,0.835734439068877,43.5189047857157,59.7559340579961,58.6005075234708,36.2212825217076,35.8015514309627,48.2662946499975,30.555717658724,27.8036405919592,61.4999504397544,43.8095523456491,"SHMT1"
"ENSG00000002549",239.960248558117,-0.224989381930361,0.281290648619385,-0.799846646287892,0.423799653166857,0.835734439068877,282.389337720644,280.593081663634,330.969063618476,157.562578969428,188.646636386227,173.758660739991,226.985331179092,172.574320915609,249.126917883073,336.996556504993,"LAP3"
"ENSG00000204954",40.2601811916093,0.239981087239392,0.300099596543906,0.79967147574716,0.423901163580117,0.835734439068877,36.7492973746044,28.578924984259,41.2679630446978,38.0323466477929,45.4404306623758,34.7517321479982,57.6193532993081,47.9373113654469,42.7372536954226,29.4871986941869,"C12orf73"
"ENSG00000231925",303.986903855525,-0.196302125874791,0.245485361628435,-0.799649007878168,0.4239141846218,0.835734439068877,354.920845696837,331.255721408457,209.641252267065,421.07240931485,258.872756500807,218.163651817989,315.160402137125,364.323566377396,317.92347261229,248.534960422433,"TAPBP"
"ENSG00000225151",16.1530474782329,-0.379061098826924,0.474103254776699,-0.799532791660458,0.423981540369876,0.83574368961174,17.4075619142863,25.9808408947809,15.6818259569851,16.2995771347684,16.5237929681366,13.5145625019993,21.8255126133743,19.1749245461788,4.16948816540708,10.9523880864123,"GOLGA2P7"
"ENSG00000172954",85.6981186037904,-0.251443133892007,0.314531666581219,-0.799420728046406,0.424046495309637,0.83574820569597,70.5973344301611,145.492709010773,61.0765853061527,103.230655186867,70.2261201145807,86.8793303699955,59.365394308378,115.049547277073,66.7118106465133,78.3516993874109,"LCLAT1"
"ENSG00000104365",259.564294589639,-0.154566752584628,0.193482351165498,-0.798867450460211,0.424367274448315,0.836164377868873,252.409647757151,284.490207797851,254.210652355338,314.219625875813,294.67430793177,248.088754500987,243.572720765257,185.038021870625,228.279477056038,290.659529985557,"IKBKB"
"ENSG00000006534",447.035608108977,0.280109861544942,0.350698495433076,0.798719883867865,0.424452854527229,0.836164377868873,407.143531439696,611.848803072091,345.000171053673,220.949823382416,779.372234997111,417.986111668978,518.574179693773,465.950666472144,219.940500725223,483.590058584665,"ALDH3B1"
"ENSG00000104872",391.282922292744,0.174468055922555,0.218476994966182,0.798564882996313,0.424542756920132,0.836164377868873,351.052498604774,420.889622495451,411.02891192519,270.754086849764,430.995599918897,389.99166077198,565.717286938661,361.44732769547,337.728541397973,373.22368632928,"PIH1D1"
"ENSG00000100739",14.3691991345866,0.432320461098404,0.541378863610324,0.798554376902274,0.424548850985332,0.836164377868873,14.5063015952386,20.7846727158247,7.4282333480456,5.43319237825613,13.7698274734472,7.7226071439996,13.9683280725595,29.7211330465771,17.7203247029801,12.6373708689372,"BDKRB1"
"ENSG00000164877",70.6240386345854,-0.294789266418877,0.369257848942714,-0.798329046391132,0.424679566370318,0.836164377868873,49.3214254238112,89.6339010869942,38.7918852620159,140.357469771617,64.7181891252018,50.1969464359974,82.9369479308223,66.1534896843167,54.203346150292,69.9267854747861,"MICALL2"
"ENSG00000185800",410.291662812412,-0.176725378149122,0.221372217109106,-0.798317785569366,0.424686099447763,0.836164377868873,387.801795979378,613.14784511683,439.916486056478,323.27494650624,437.880513655621,403.506223273979,436.510252267486,396.9209381059,360.660726307712,303.296900854494,"DMWD"
"ENSG00000169714",2328.2599687811,0.201741945279821,0.252714505783743,0.798299823170652,0.424696520633107,0.836164377868873,2822.92629043343,2216.16572832481,2361.35284541761,1143.68699562292,2134.32325838432,2787.86117898386,2129.29701056079,2134.1691019897,2763.32828162354,2789.48899647008,"CNBP"
"ENSG00000197362",29.2385094456331,-0.257625321125791,0.322974193534324,-0.797665343805286,0.425064720278243,0.836542637252327,39.6505576936521,35.0741352079542,27.2368556095005,28.0714939543234,30.2936204415838,25.0984732179987,34.0477996768639,21.0924170007966,19.8050687856836,32.0146728679744,"ZNF786"
"ENSG00000188739",7.22019711696281,0.572955959031144,0.7185719602415,0.797353627378647,0.425245683142727,0.836542637252327,4.83543386507953,0,11.5550296525154,5.43319237825613,8.26189648406832,7.7226071439996,12.2222870634896,11.5049547277073,7.29660428946239,3.36996556504993,"RBM34"
"ENSG00000186577",302.180982366865,0.248896379727236,0.312210179391397,0.797207766295189,0.425330376322635,0.836542637252327,271.751383217469,279.294039618895,399.473882272674,135.829809456403,249.233877269394,431.500674170978,378.017878463643,242.562795509161,249.126917883073,385.018565806955,"SMIM29"
"ENSG00000182670",4618.27783359745,-0.140837828723079,0.176703172126938,-0.797030562767178,0.425433281516186,0.836542637252327,4917.63624078588,5141.60841307714,4522.14339043798,4982.23741086087,5615.33564367177,4465.59758101777,4460.26175766917,3897.30341401083,4837.64864391356,3343.00584052953,"TTC3"
"ENSG00000129007",30.8977437189391,-0.315435176827178,0.395793821356372,-0.796968420947535,0.425469371802024,0.836542637252327,28.0455164174613,20.7846727158247,31.3636519139703,59.7651161608175,19.2777584628261,29.9251026829984,27.0636356405841,44.1023264562111,20.8474408270354,27.8022159116619,"CALML4"
"ENSG00000113643",510.044433905219,-0.1742916480322,0.218702343125638,-0.796935439928392,0.425488527010776,0.836542637252327,514.490163244462,437.777169077058,542.261034407328,694.543092353743,439.257496402966,559.889017939971,452.224621349115,337.478672012746,581.643599074287,540.879473190514,"RARS"
"ENSG00000114316",436.535808673797,-0.165186081178306,0.207302353153721,-0.796836498309383,0.425545994822361,0.836542637252327,403.275184347633,515.719691761401,407.727474881614,540.602641636485,428.241634424208,473.009687569975,314.28738163259,350.901119195071,530.567369048051,401.025902240942,"USP4"
"ENSG00000084073",352.992826115953,-0.17389028017515,0.218238664227536,-0.796789518441384,0.425573283512388,0.836542637252327,394.571403390489,262.406493037287,367.28487109781,489.892846106095,294.67430793177,349.447973265982,291.58884851468,413.219623970152,366.914958555823,299.926935289444,"ZMPSTE24"
"ENSG00000109323",66.8229949593618,0.299364022106878,0.375721385765534,0.796771313660847,0.425583858201839,0.836542637252327,50.2885121968271,27.27988293952,48.6961963927434,107.75831550208,75.7340511039596,42.4743392919978,87.3020504534971,87.2459066851134,69.8389267705686,71.6117682573111,"MANBA"
"ENSG00000184990",566.774047308099,0.22630674147806,0.284048044764534,0.796719941042579,0.425613700063514,0.836542637252327,493.214254238112,583.269878087832,595.084027104542,386.662190919228,461.289220360481,677.658776885965,920.16361177986,731.52337143672,390.889515506914,427.985626761341,"SIVA1"
"ENSG00000116750",228.21587619016,-0.25119951477391,0.315351186848653,-0.796570697209612,0.425700401304395,0.836542637252327,337.513283782551,246.817988500419,289.701100573778,135.829809456403,155.599050449953,271.256575932986,140.55630123013,176.409305824845,304.372636074717,224.102710075821,"UCHL5"
"ENSG00000167863",1360.31041332959,0.164338878123715,0.206309579231851,0.796564457819141,0.425704026220669,0.836542637252327,1417.74920924132,1218.50143796523,1606.14912169964,831.278433873189,1392.12955756551,1407.44515199393,1681.43749173435,1383.4708060068,1375.93109458434,1289.0118286316,"ATP5H"
"ENSG00000178982",1352.39734380246,0.180972944501587,0.227191849917348,0.796564421511707,0.425704047314354,0.836542637252327,1230.13437527623,1201.61389138362,1348.63703230072,1226.99594542284,1627.59360736146,1142.94585731194,1962.55009419462,1566.5913354228,1297.75319148295,919.158107867369,"EIF3K"
"ENSG00000053501",206.043586106128,0.21237384901029,0.266740853620577,0.796180435533805,0.425927167407033,0.836799241914776,179.878139780958,201.351516934552,165.071852178791,206.461310373733,243.725946280015,181.481267883991,330.874771218754,247.356526645706,154.271062120062,149.963467644722,"USE1"
"ENSG00000153395",184.090100259305,-0.263013941196614,0.330368166280055,-0.796123743271485,0.425960114970339,0.836799241914776,230.166651977786,111.717615847558,136.184278047503,339.574523641008,158.353015944643,138.041602698993,187.699408475019,245.439034191088,152.186318037358,141.538553732097,"LPCAT1"
"ENSG00000140691",55.0423589838947,-0.232103617867119,0.291671487561902,-0.795770679565857,0.426165336735072,0.836936958909743,49.3214254238112,57.157849968518,47.8708371318494,86.9310780520981,64.7181891252018,51.1622723289973,61.984455821983,37.3911028650486,45.8643698194779,48.0220093019615,"ARMC5"
"ENSG00000101350",1249.29707973765,0.159094043566194,0.199970588805415,0.795587213682725,0.426272000860317,0.836936958909743,1210.79263981591,1351.00372652861,1308.19442851692,800.490343729737,1560.12145274157,1313.80854037293,1189.92694768117,1068.04329722216,1360.29551396406,1330.29390680346,"KIF3B"
"ENSG00000142192",807.045791396328,0.342824965183682,0.43091668538118,0.795571340850786,0.426281229802346,0.836936958909743,648.915224693673,401.403991824365,354.904482184401,1375.50320376184,559.054995421956,481.697620606975,953.338390952189,952.035003717775,653.56726992756,1690.03773087254,"APP"
"ENSG00000155099",173.783646444669,0.194481290884457,0.24460334292397,0.795088442208691,0.426562057303657,0.83736505125977,220.495784247626,107.820489713341,171.674726265943,138.546405645531,191.400601880916,198.85713395799,153.651608798155,146.688172778268,215.771012559816,192.930528599109,"TMEM55A"
"ENSG00000103051",263.254736574866,-0.132218643044851,0.166358734257903,-0.794780289923787,0.426741318226684,0.837584215985728,243.705866800008,303.975838468937,266.591041268748,297.014516678002,294.67430793177,223.955607175988,272.382397414911,231.057840781454,243.915057676314,255.274891552532,"COG4"
"ENSG00000197632",143.392566703675,0.870275430188281,1.09558313900425,0.794349054129524,0.426992254034946,0.837584215985728,40.617644466668,140.296540831817,199.736941136337,2.71659618912807,12.3928447261025,74.3300937609961,408.573596122366,90.1221453670402,53.1609741089403,411.978290327354,"SERPINB2"
"ENSG00000134255",63.34155596822,-0.306919885100002,0.386455343124483,-0.794192370633464,0.427083449346433,0.837584215985728,55.1239460619066,37.6722192974323,45.3947593491675,147.601726275958,55.0793098937888,62.7461830449967,47.1431072448884,57.5247736385363,59.4152063570509,65.7143285184737,"CEPT1"
"ENSG00000174953",201.177782876181,-0.190239687381249,0.239548442425532,-0.794159567288308,0.427102543485048,0.837584215985728,194.384441376197,167.576423771337,203.863737440807,303.353241119301,134.944309239783,189.20387502799,181.588264943274,185.038021870625,220.982872766575,230.84264120592,"DHX36"
"ENSG00000134375",782.968343191079,0.188896052156665,0.237890968193532,0.794044656638632,0.427169434485258,0.837584215985728,859.74014121114,583.269878087832,902.117672157093,543.319237825613,771.110338513043,832.110919765957,818.893233253803,614.556331705029,1153.90584977641,750.659829614872,"TIMM17A"
"ENSG00000117528",181.936393882146,-0.241511243149911,0.304157829870467,-0.794032635138026,0.427176432711518,0.837584215985728,252.409647757151,155.885045368685,188.181911483822,205.55577831069,110.158619787578,202.71843752999,110.873604075941,123.678263322853,244.957429717666,224.945201467083,"ABCD3"
"ENSG00000234719",12.558771732195,0.828495048471972,1.04351832771082,0.793943936077723,0.427228070267846,0.837584215985728,0,0,22.2847000441368,11.771916819555,0,13.5145625019993,20.9524921088393,22.0511632281056,15.6355806202765,19.3773019990371,"NPIPB2"
"ENSG00000063180",8.63601365389773,0.556822684794379,0.70140564610762,0.79386684136977,0.427272955121539,0.837584215985728,13.5392148222227,3.89712613421714,4.95215556536373,4.52766031521344,12.3928447261025,3.8613035719998,17.4604100906994,5.75247736385363,3.12711612405531,16.8498278252497,"CA11"
"ENSG00000140876",8.44975136211333,0.464813258195648,0.585541755534447,0.793817441373408,0.427301717445219,0.837584215985728,8.70378095714315,3.89712613421714,10.7296703916214,3.62212825217076,16.5237929681366,6.75728125099965,6.1111435317448,10.5462085003983,8.33897633081416,9.26740530388731,"NUDT7"
"ENSG00000112699",91.9633430547121,-0.22261897974129,0.280512535120303,-0.793615086205742,0.427419547138219,0.837692064685148,158.602230774609,85.736774952777,78.4091297849257,79.6868215477566,77.1110338513043,69.5034642959964,84.6829889398922,101.627100094747,104.237204135177,80.0366821699359,"GMDS"
"ENSG00000185222",534.023114655578,0.259391729242771,0.327050655117802,0.793124016673624,0.427705571432457,0.838125738462692,684.697435295261,415.693454316495,610.765853061527,199.217053869392,528.761374980372,427.639370598978,739.448367341121,490.878068382176,507.635184138312,735.494984572148,"TCEAL9"
"ENSG00000109618",67.2457046729321,-0.20551788164151,0.259164651050428,-0.793001209109804,0.427777118326938,0.838125738462692,71.564421203177,58.4568920132571,78.4091297849257,83.3089497999274,55.0793098937888,50.1969464359974,51.5082097675633,83.4109217758776,78.1779031013827,62.3443629534237,"SEPSECS"
"ENSG00000107185",410.600936347101,-0.240592248650667,0.303451159643662,-0.792853284637933,0.427863307421452,0.838125738462692,433.254874311126,670.305695085348,415.981067490553,289.77026017366,546.662150695854,489.420227750975,257.541048837817,254.067750236869,364.830214473119,384.176074415692,"RGP1"
"ENSG00000155508",603.735021656451,-0.118111147795615,0.149023614491216,-0.792566655954896,0.428030342140341,0.838273226597023,646.013964374625,692.389409845911,643.780223497285,553.280090519083,549.416116190543,569.54227686997,502.859810612143,632.772510023899,634.804573183228,612.491241447825,"CNOT8"
"ENSG00000103343",63.9407064029001,0.252880288955434,0.319364907218595,0.791822405153443,0.428464236298173,0.838834210628887,71.564421203177,74.0453965501256,55.299070479895,28.977026017366,83.9959475880279,52.1275982219973,86.4290299489622,71.9059670481704,55.2457181916438,59.8168887796363,"ZNF174"
"ENSG00000178409",25.7361767640277,-0.284633828960276,0.359522077281468,-0.791700557341402,0.428535297275871,0.838834210628887,29.9796899634931,36.3731772526933,23.9354185659247,25.3548977651953,24.785689452205,36.6823839339981,16.5873895861645,16.2986858642519,22.9321849097389,24.432250346612,"BEND3"
"ENSG00000069431",412.349094932612,-0.434321915581703,0.548659973311741,-0.791604885918892,0.428591097130819,0.838834210628887,167.306011731752,1021.04704716489,193.959426310079,572.296263842979,576.955771137438,91.7059598349952,201.667736547578,425.683324925168,281.440451164978,591.428956666263,"ABCC9"
"ENSG00000185650",2005.37808660218,-0.13649636809448,0.172444921927311,-0.791536025352002,0.428631262310555,0.838834210628887,2406.11189126357,2349.96705893293,1978.38614836281,1747.67688167239,1790.07757154814,2148.81543781789,1551.35743655864,1894.48254516246,1988.84585489918,2198.06003980382,"ZFP36L1"
"ENSG00000243137",256.783660862994,1.14153090611379,1.4429837163219,0.79109063616012,0.42889110300745,0.839096470707108,369.427147292076,215.640979426682,8.25359260893955,2.71659618912807,1.37698274734472,357.170580409981,529.050425748193,723.853401618248,350.237005894195,10.1098966951498,"PSG4"
"ENSG00000204428",10.5975377667366,0.392913702441747,0.496970166098666,0.790618289073996,0.429166771028829,0.839512646701597,5.80252063809543,9.09329431317332,9.90431113072746,10.8663847565123,13.7698274734472,8.68793303699955,13.9683280725595,12.4637009550162,6.25423224811062,15.1648450427247,"LY6G5C"
"ENSG00000065308",3222.94288747342,-0.22374961318186,0.283338595290908,-0.789689851296583,0.429708919703318,0.84033935315455,2935.10835610327,3568.46849689816,2897.83636499868,4706.05013163285,3262.07212845964,5128.77646950873,2152.86856418324,2462.06031172935,2907.17562333009,2209.01242789023,"TRAM2"
"ENSG00000184500",63.5226970635157,-0.210912772314923,0.267158360344542,-0.789467235997851,0.429838972002665,0.84033935315455,84.1365492523838,48.0645556553447,75.9330520022439,67.9149047282017,61.9642236305124,44.4049910779977,61.984455821983,71.9059670481704,48.9914859435332,69.9267854747861,"PROS1"
"ENSG00000078319",100.119387844376,0.18096842222627,0.229270686525906,0.789322110769802,0.429923766757138,0.84033935315455,101.54411116667,92.2319851764723,94.0909557419109,83.3089497999274,92.2578440720962,145.764209842992,110.873604075941,96.8333689582027,82.3473912667898,101.94145834276,"PMS2P1"
"ENSG00000121413",77.6634834825853,-0.245670672249621,0.311265863674486,-0.789263137786729,0.429958226668157,0.84033935315455,71.564421203177,80.5406067738208,79.2344890458197,112.285975817293,42.6864651676863,48.2662946499975,89.0480914625671,97.7921151855117,62.5423224811062,92.6740530388731,"ZSCAN18"
"ENSG00000167981",12.9256455674944,-0.443456701159178,0.561870848131194,-0.789250238972415,0.429965764095938,0.84033935315455,15.4733883682545,15.5885045368685,17.3325444787731,12.6774488825976,16.5237929681366,23.1678214319988,3.49208201813988,5.75247736385363,12.5084644962212,6.73993113009986,"ZNF597"
"ENSG00000075142",829.175620281698,0.222255753991886,0.28160468074523,0.789247371186143,0.429967439898526,0.84033935315455,1039.6182809921,701.482704159085,930.179887027487,344.102183956222,777.995252249767,792.532558152959,880.004668571251,847.531664941101,1028.8212048142,949.487797952818,"SRI"
"ENSG00000136731",346.165474943512,-0.28496641699585,0.361153889931236,-0.789044296463504,0.430086117083576,0.840357824458766,275.619730309533,231.22948396355,277.320711660369,766.985657397158,232.710084301258,319.522870582983,254.921987324212,477.455621199851,355.448866100953,270.439736595257,"UGGT1"
"ENSG00000173214",23.2018040113612,-0.496534623006766,0.629364893531315,-0.788945535587075,0.43014383996753,0.840357824458766,25.1442560984135,9.09329431317332,5.77751482625769,72.4425650434151,8.26189648406832,27.9944508969985,18.3334305952344,20.1336707734877,22.9321849097389,21.9047761728246,"MFSD4B"
"ENSG00000135048",195.793590196378,-0.375491765542541,0.475964091378933,-0.788907760782312,0.430165919440654,0.840357824458766,153.766796909529,62.3540181474742,137.009637308397,554.185622582126,173.499826165435,194.03050449299,131.826096184781,167.780589779064,251.211661965776,132.27114842821,"TMEM2"
"ENSG00000168944",282.485736753745,-0.217972817356593,0.276564929062775,-0.788143377742291,0.430612844700302,0.841007302638531,248.541300665088,340.34901572163,413.504989707872,230.910676075886,268.51163573222,329.176129512983,185.953367465949,210.924170007966,380.465795093396,216.520287554458,"CEP120"
"ENSG00000125871",111.487426853342,-0.240251521026674,0.304851868561037,-0.788092663367001,0.430642506293388,0.841007302638531,106.37954503175,137.698456742339,152.691463265382,94.1753345564397,110.158619787578,155.417468772992,77.6988249036124,58.4835198658452,126.127017003564,96.0440186039231,"MGME1"
"ENSG00000176102",103.561563062786,-0.157690177744538,0.200155413588897,-0.787838684535509,0.430791070111517,0.841007302638531,111.214978896829,100.026237444907,94.9163150028048,134.924277393361,104.650688798199,99.4285669789949,90.794132471637,92.039637821658,107.364320259232,100.256475560235,"CSTF3"
"ENSG00000114030",225.767686340433,-0.242224595966573,0.307456041524818,-0.787834887762389,0.430793291243068,0.841007302638531,248.541300665088,276.695955529417,203.863737440807,267.131958597593,129.436378250404,222.024955389988,109.127563066871,215.717901144511,283.525195247681,301.611918071969,"KPNA1"
"ENSG00000177595",86.6800252631427,0.287494165393575,0.364939917129964,0.787784925405107,0.430822520094681,0.841007302638531,70.5973344301611,53.2607238343009,59.4258667843648,122.246828510763,117.043533524301,74.3300937609961,96.9052760033818,154.358142596739,56.2880902329956,62.3443629534237,"PIDD1"
"ENSG00000111276",225.052744413375,-0.199217847904972,0.252942019137548,-0.78760282132736,0.430929063898829,0.841007302638531,218.561610701595,305.274880513676,283.098226486627,169.334495788983,216.186291333121,141.902906270993,177.223162420599,232.016587008763,249.126917883073,257.80236572632,"CDKN1B"
"ENSG00000126003",176.713016968396,-0.216026621300117,0.274345405837887,-0.787425692952077,0.431032711225641,0.841007302638531,142.161755633338,287.088291887329,157.643618830745,184.728540860709,209.301377596397,207.545066994989,139.683280725595,150.523157687503,173.033758864394,115.42132060296,"PLAGL2"
"ENSG00000233476",118.958377299795,0.288683941960201,0.366671840782688,0.787308731818576,0.431101159392516,0.841007302638531,68.6631608841293,62.3540181474742,112.248859481578,175.673220230282,152.845084955264,82.0527009049957,124.841932148501,190.790499234479,141.762597623841,78.3516993874109,"EEF1A1P6"
"ENSG00000148814",154.715120502928,0.235126078786852,0.298721701529819,0.787107456815892,0.431218964602824,0.841007302638531,140.227582087306,137.698456742339,134.533559525715,146.696194212916,213.432325838432,128.388343768993,268.017294892236,161.069366187902,108.406692300584,108.68138947286,"LRRC27"
"ENSG00000234380",23.104510967003,0.316512705555014,0.40216145201205,0.787028950615411,0.431264918932828,0.841007302638531,22.2429957793658,18.1865886263466,15.6818259569851,24.4493657021526,30.2936204415838,20.2718437529989,26.1906151360491,28.7623868192681,10.4237204135177,34.5421470417618,"LINC01426"
"ENSG00000169359",131.568310703378,-0.331778092495635,0.42178522732396,-0.786604345061158,0.431513514924703,0.841007302638531,104.445371485718,68.8492283711694,101.519189089956,325.086010632325,79.8649993459938,121.631062517994,122.222870634896,167.780589779064,145.932085789248,78.3516993874109,"SLC33A1"
"ENSG00000250462",111.860784286672,0.160663287738029,0.204275728597978,0.786502091270081,0.431573394384343,0.841007302638531,114.116239215877,92.2319851764723,93.2655964810169,118.624700258592,95.0118095667857,105.220522336995,135.318178202921,126.55450200478,117.78804067275,120.476268950535,"LRRC37BP1"
"ENSG00000150753",641.424359890862,-0.255449455156719,0.324853282191188,-0.786353314436817,0.431660526174422,0.841007302638531,624.738055368275,785.920437067123,953.289946332518,479.026461349582,391.0631002459,683.450732243965,467.06596992621,330.767448421584,854.745073908451,844.176374045008,"CCT5"
"ENSG00000097007",1862.68371296847,-0.171395976763097,0.217970064004695,-0.786328056312381,0.431675319715537,0.841007302638531,1933.2064592588,2822.81836321795,1800.10854800972,1432.55172373353,2138.45420662635,1805.15941990991,1819.37473145088,1426.6143862357,1714.70200802366,1733.84728321819,"ABL1"
"ENSG00000105989",152.563815959219,0.965268864787328,1.22768484561372,0.78625134800356,0.431720249140781,0.841007302638531,29.0126031904772,170.174507860815,122.153170612305,67.009372665159,437.880513655621,14.4798883949993,114.365686094081,554.155319384566,2.08474408270354,14.3223536514622,"WNT2"
"ENSG00000112576",359.366667537535,0.203797501111539,0.25923961966349,0.786135627633159,0.431788033754164,0.841007302638531,300.763986407947,410.497286137538,406.90211562072,200.122585932434,308.444135405217,397.714267915979,323.890607182474,326.932463512348,523.270764758588,395.128462502105,"CCND3"
"ENSG00000105447",165.394366289736,-0.257278242698051,0.327460341439565,-0.785677561951524,0.432056411809217,0.841007302638531,169.240185277783,277.994997574156,198.911581875443,88.7421421781835,107.404654292888,171.828008953991,163.25483434804,105.462085003983,164.69478253358,206.410390859308,"GRWD1"
"ENSG00000140105",1320.72873683019,-0.194482184352392,0.247637673040963,-0.785349748946402,0.432248534874876,0.841007302638531,1444.82763888576,1335.41522199174,1716.74726265943,1217.94062479242,1108.4711116125,1853.4257145599,922.782673293465,1417.02692396261,1332.15146884756,858.49872769647,"WARS"
"ENSG00000188493",111.928643924125,0.157736656677926,0.200878225363901,0.785235215973151,0.432315671469059,0.841007302638531,109.280805350797,111.717615847558,110.59814095979,86.9310780520981,139.075257481817,112.943129480994,128.334014166641,111.214562367837,97.9829718870663,111.208863646648,"C19orf54"
"ENSG00000175643",78.6012886957521,-0.45514547461522,0.579717250214414,-0.78511632083896,0.432385371449197,0.841007302638531,70.5973344301611,171.473549905554,113.074218742472,20.8272374499818,30.2936204415838,175.689312525991,54.1272712811682,25.8861481373413,62.5423224811062,61.5018715621613,"RMI2"
"ENSG00000127445",522.700194512617,0.265308689994767,0.3379443418634,0.785066228751972,0.432414738917568,0.841007302638531,560.910328349225,561.186163327268,598.385464148117,144.88513008683,513.614564759581,519.345330433973,666.114644960183,650.02994211546,504.508068014256,508.022308931277,"PIN1"
"ENSG00000109586",25.1640142859464,0.376375741329651,0.479463803583504,0.784993024534127,0.432457658403058,0.841007302638531,24.1771693253976,22.0837147605638,11.5550296525154,28.0714939543234,11.0158619787578,16.4105401809991,18.3334305952344,42.1848340015933,32.3135332819049,45.4945351281741,"GALNT7"
"ENSG00000147400",440.051502212888,0.285407132955514,0.36357927482533,0.784992854976755,0.432457757817067,0.841007302638531,518.358510336525,379.320277063801,541.435675146435,116.813636132507,508.106633770202,410.263504524979,463.57388790807,348.983626740453,460.728442277482,652.930828228424,"CETN2"
"ENSG00000163596",57.8956398864781,0.239950957712852,0.305801653966899,0.784662066408656,0.432651729266096,0.841007302638531,79.3011153873043,40.2703033869104,39.6172445229098,49.8042634673479,46.8174134097205,62.7461830449967,46.2700867403535,79.5759368666419,64.6270665638097,69.9267854747861,"ICA1L"
"ENSG00000167996",26975.5928807231,0.426688058960826,0.543952680616863,0.784421281786763,0.432792954875179,0.841007302638531,22334.8690228023,42546.2250492932,18767.0188742068,5788.16094696887,20411.0152638908,11791.4557829944,35345.9811671074,61821.8742293349,9005.05206523794,41944.276405394,"FTH1"
"ENSG00000211456",226.109781619477,-0.173195901503171,0.220813943769332,-0.784352195095508,0.432833480702422,0.841007302638531,261.113428714294,220.837147605638,236.878107876565,251.737913525868,165.237929681366,227.816910747988,159.7627523299,196.542976598332,278.313335040922,262.857314073895,"SACM1L"
"ENSG00000242612",102.495990910966,0.237731664055899,0.303097992498922,0.784339289402403,0.432841051345885,0.841007302638531,88.9719831174633,48.0645556553447,130.406763221245,101.419591060781,121.174481766335,71.4341160819963,137.06421921199,100.668353867438,105.279576176529,120.476268950535,"DECR2"
"ENSG00000183864",679.504801886903,-0.231065632280914,0.294651647680716,-0.784199355746675,0.432923143125463,0.841007302638531,685.664522068277,1192.52059707044,722.189353282211,383.040062667057,874.384044563897,529.963915256973,543.018753820752,608.803854341176,659.82150217567,595.641413622576,"TOB2"
"ENSG00000163814",29.831818672427,0.571690570397772,0.729027461444989,0.784182490553424,0.432933037663313,0.841007302638531,61.893553473018,7.79425226843427,19.8086222614549,2.71659618912807,20.6547412101708,71.4341160819963,15.7143690816295,15.339939636943,63.5846945224579,19.3773019990371,"CDCP1"
"ENSG00000215039",186.516023549087,0.298241407701232,0.38039645155904,0.78402783853241,0.433023775620376,0.841007302638531,117.017499534925,102.624321534385,132.057481743033,303.353241119301,236.841032543292,135.145625019993,260.160110351421,305.840046511551,122.999900879509,149.12097625346,"CD27-AS1"
"ENSG00000145623",415.405866035245,-0.340974542028784,0.434916417864074,-0.78400016192387,0.433040015294535,0.841007302638531,266.91594935239,310.471048692632,237.703467137459,1086.63847565123,308.444135405217,257.742013430987,433.018170249346,627.020032660045,273.101474834164,353.00389293898,"OSMR"
"ENSG00000141337",101.968412576514,0.184079732878648,0.23480956871306,0.783953285581793,0.433067521510397,0.841007302638531,71.564421203177,94.8300692659503,99.0431113072746,111.380443754251,115.666550776956,99.4285669789949,115.238706598616,135.18321805056,81.305019225438,96.0440186039231,"ARSG"
"ENSG00000152380",32.459710289922,-0.262877510289549,0.335357662318412,-0.783872085916304,0.433115170442825,0.841007302638531,30.946776736509,58.4568920132571,28.8875741312884,27.1659618912807,24.785689452205,37.647709826998,30.555717658724,28.7623868192681,31.2711612405531,26.117233129137,"FAM151B"
"ENSG00000134014",137.196246292149,-0.162986799808355,0.207961247513604,-0.783736401647104,0.433194798359035,0.841007302638531,116.050412761909,168.875465816076,160.945055874321,141.263001834659,119.797499018991,165.070727702991,127.460993662106,112.173308595146,122.999900879509,137.326096775785,"ELP3"
"ENSG00000173451",52.8902187107465,0.206326798714453,0.263261907133524,0.783732067282359,0.433197342171766,0.841007302638531,50.2885121968271,59.7559340579961,52.8229926972131,31.6936222064941,48.1943961570652,60.8155312589968,58.4923738038431,60.4010123204631,54.203346150292,52.234466258274,"THAP2"
"ENSG00000230207",15.8513781062796,0.369024226653905,0.470855956633019,0.783730611146371,0.433198196771203,0.841007302638531,11.6050412761909,6.49521022369523,12.3803889134093,22.6383015760672,27.5396549468944,12.5492366089993,18.3334305952344,17.2574320915609,18.7626967443319,10.9523880864123,"RPL4P5"
"ENSG00000142556",90.0723169945917,-0.194869654533101,0.248746440995374,-0.783406804749921,0.433388261459893,0.841007302638531,78.3340286142883,120.810910160731,117.201015046942,74.2536291695005,71.6031028619254,96.532589299995,71.5876813718676,77.658444412024,100.06771596977,92.6740530388731,"ZNF614"
"ENSG00000087470",704.900608553496,-0.192644757346832,0.245945103579597,-0.783283564271019,0.433460612611326,0.841007302638531,809.451629014313,667.70761099587,863.325786895077,707.22054123634,561.808960916646,725.925071535962,436.510252267486,585.793944885761,1025.69408869014,665.568199097362,"DNM1L"
"ENSG00000102554",56.2740051241379,0.388541691906367,0.496081591471203,0.783221346218651,0.433497141800033,0.841007302638531,85.1036360253997,36.3731772526933,10.7296703916214,57.9540520347321,35.8015514309627,76.260745546996,34.9208201813988,92.998384048967,50.0338579848849,82.5641563437233,"KLF5"
"ENSG00000141447",351.861848331086,0.21466657698451,0.27409012455156,0.783197050005822,0.433511406968735,0.841007302638531,375.229667930171,339.049973676891,348.301608097249,220.949823382416,494.336806296754,360.066558088981,213.017003106533,358.571089013543,317.92347261229,491.172481106028,"OSBPL1A"
"ENSG00000111231",143.675876354445,0.287137210334663,0.366673957167868,0.783085912488756,0.433576663209421,0.841007302638531,143.128842406354,153.286961279207,170.849367005049,40.748942836921,118.420516271646,189.20387502799,139.683280725595,113.132054822455,211.601524394409,156.703398774822,"GPN3"
"ENSG00000173272",477.815012279408,0.281938621212048,0.360179159576425,0.782773277453398,0.433760262526658,0.841007302638531,474.83960555081,466.356094061317,516.674897319616,234.532804328056,491.582840802065,351.378625051982,749.92461339554,862.871604578044,284.567567289033,345.421470417618,"MZT2A"
"ENSG00000106803",1311.34663257433,0.190864908928074,0.24386540369202,0.782664970260068,0.433823877928347,0.841007302638531,1376.16447800163,1039.23363579124,1601.19696613427,817.695452927548,1298.49473074607,1509.76969665192,1595.00846178539,1231.98890209199,1679.2613586177,964.652642995543,"SEC61B"
"ENSG00000116017",214.606206251324,-0.212227468787536,0.271205729207478,-0.782533132348312,0.433901321629554,0.841007302638531,179.878139780958,324.760511184761,244.306341224611,186.539604986794,275.396549468944,179.550616097991,262.779171865026,175.450559597536,143.847341706544,173.553226600072,"ARID3A"
"ENSG00000115556",24.2339895384587,-0.369910827854002,0.472872148360997,-0.782263935687765,0.434059476873263,0.841007302638531,31.9138635095249,27.27988293952,9.07895186983351,43.4655390260491,35.8015514309627,27.9944508969985,13.9683280725595,15.339939636943,19.8050687856836,17.6923192165121,"PLCD4"
"ENSG00000148296",167.794221876883,0.153740029850207,0.196570630111803,0.782110886874425,0.434149409157138,0.841007302638531,156.668057228577,149.38983514499,157.643618830745,165.712367536812,147.337153965885,156.382794665992,181.588264943274,162.028112415211,167.821898657635,233.370115379708,"SURF6"
"ENSG00000101181",172.456963096422,-0.151724945415393,0.194002201180648,-0.782078473811293,0.434168456624149,0.841007302638531,191.483181057149,150.688877189729,163.421133657003,227.288547823715,174.876808912779,144.798883949993,171.112018888854,186.955514325243,152.186318037358,161.758347122397,"MTG2"
"ENSG00000108100",1533.62430398511,0.11600969595899,0.148353995303265,0.781978912814872,0.434226966449468,0.841007302638531,1424.51881665243,1518.58015029994,1442.72798804263,1454.28449324656,1787.32360605345,1702.83487525191,1361.03896657002,1702.73329970067,1613.59192001254,1328.60892402094,"CCNY"
"ENSG00000111142",835.067314997442,0.162108047780477,0.207314824377455,0.781941418165684,0.43424900241756,0.841007302638531,963.218425923842,593.662214445744,949.988509288942,609.42307842773,961.133957646614,762.60745546996,978.655985583703,778.501936574858,915.202652306854,838.278934306171,"METAP2"
"ENSG00000182934",356.072681798631,-0.240426603321524,0.307497737227503,-0.781880886309234,0.434284578938697,0.841007302638531,270.784296444454,336.451889587413,251.734574572656,709.937137425468,246.479911774705,373.581120590981,311.668320118985,374.869774877795,361.703098349064,323.516694244794,"SRPRA"
"ENSG00000124006",320.067283815065,-0.213239688488779,0.272780767745311,-0.781725523581909,0.434375898323105,0.841007302638531,297.862726088899,292.284460066285,261.638885703384,543.319237825613,300.182238921149,188.23854913499,347.462160804919,352.818611649689,290.821799537144,326.044168418581,"OBSL1"
"ENSG00000183354",423.989038835319,0.137357808990742,0.175756420184184,0.781523706768711,0.434494539135784,0.841007302638531,368.46006051906,413.095370227017,387.918852620159,431.03326200832,433.749565413587,405.436875059979,555.241040884242,485.125591018323,377.338678969341,382.491091633167,"KIAA2026"
"ENSG00000112234",221.27890477512,-0.135835910837724,0.173828649651432,-0.781435690319793,0.434546286686617,0.841007302638531,218.561610701595,237.724694187245,233.576670832989,245.399189084569,207.924394849053,195.96115627899,217.382105629208,221.470378508365,259.550638296591,175.238209382596,"FBXL4"
"ENSG00000185774",13.1013483303133,0.379081586312805,0.485147001690584,0.781374686418396,0.434582154826484,0.841007302638531,13.5392148222227,9.09329431317332,7.4282333480456,14.488513008683,11.0158619787578,16.4105401809991,14.8413485770945,21.0924170007966,6.25423224811062,16.8498278252497,"KCNIP4"
"ENSG00000167508",174.000811840486,0.179322151012404,0.22952751959402,0.78126645262225,0.434645796684418,0.841007302638531,182.779400100006,163.67929763712,159.294337352533,139.451937708574,195.53155012295,137.076276805993,234.842515719907,156.275635051357,146.9744578306,224.102710075821,"MVD"
"ENSG00000168152",18.6705724655775,0.298326262445187,0.381862928303429,0.781239131461686,0.434661862474938,0.841007302638531,18.3746486873022,16.8875465816076,15.6818259569851,14.488513008683,27.5396549468944,15.4452142879992,13.9683280725595,23.0099094554145,17.7203247029801,23.5897589553495,"THAP9"
"ENSG00000112578",137.853427772699,-0.203804677033996,0.260886818254263,-0.781199596046154,0.434685111278387,0.841007302638531,154.733883682545,144.193666966034,182.404396657564,117.71916819555,99.1427578088198,191.13452681399,128.334014166641,90.1221453670402,133.423621293027,137.326096775785,"BYSL"
"ENSG00000204959",14.6512906760427,-0.461070802447386,0.590252870501126,-0.781141143889628,0.434719485388097,0.841007302638531,21.2759090063499,9.09329431317332,18.983263000561,19.9217053869392,28.9166376942391,6.75728125099965,2.61906151360491,9.58746227308938,12.5084644962212,16.8498278252497,"ARHGEF34P"
"ENSG00000173542",318.53892317088,-0.24482834752117,0.313490339455078,-0.780975732607073,0.434816767730698,0.841007302638531,436.156134630173,354.63847821376,367.28487109781,248.115785273697,228.579136059223,288.632442006985,158.01671132083,237.769064372617,417.99118858206,448.205420151641,"MOB1B"
"ENSG00000149050",10.1996771357782,-0.391576292680275,0.501413530559575,-0.780944806661434,0.434834957415645,0.841007302638531,6.76960741111134,15.5885045368685,11.5550296525154,13.5829809456403,12.3928447261025,5.7919553579997,6.1111435317448,8.62871604578044,11.4660924548695,10.1098966951498,"ZNF214"
"ENSG00000147905",205.260724575462,0.148519243213801,0.190237417916127,0.780704683866566,0.434976205165941,0.841007302638531,175.042705915879,168.875465816076,219.545563397792,206.461310373733,216.186291333121,216.233000031989,251.429905306072,236.810318145308,187.626967443319,174.395717991334,"ZCCHC7"
"ENSG00000168061",87.0017892126484,-0.350237159585464,0.448845495231052,-0.780306727608291,0.435210353814013,0.841007302638531,77.3669418412724,203.94960102403,92.440237220123,27.1659618912807,52.3253443990994,120.665736624994,82.9369479308223,69.9884745935525,65.6694386051615,77.5092079961484,"SAC3D1"
"ENSG00000221955",19.425728448272,-0.451553417243406,0.578712502782868,-0.78027244110333,0.435230530636923,0.841007302638531,9.67086773015905,33.7750931632152,10.7296703916214,38.9378787108356,15.1468102207919,11.5839107159994,38.4129021995387,14.3811934096341,7.29660428946239,14.3223536514622,"SLC12A8"
"ENSG00000115828",89.0269499948825,0.424411032744445,0.543956557394169,0.780229646973265,0.435255714759681,0.841007302638531,37.7163841476203,25.9808408947809,41.2679630446978,190.161733238965,75.7340511039596,103.289870550995,150.159526780015,158.193127505975,47.9491139021814,59.8168887796363,"QPCT"
"ENSG00000155962",8.11079071591964,0.616322595430468,0.790033174240821,0.780122424634536,0.435318818240675,0.841007302638531,8.70378095714315,7.79425226843427,8.25359260893955,0,8.26189648406832,4.82662946499975,9.60322554988468,17.2574320915609,2.08474408270354,14.3223536514622,"CLIC2"
"ENSG00000106290",275.270190702753,-0.200826497145939,0.257465133079378,-0.780014345025982,0.435382431592107,0.841007302638531,357.822106015885,350.741352079542,293.827896878248,191.97279736505,319.459997383975,291.528419685985,251.429905306072,162.986858642519,239.745569510907,293.187004159344,"TAF6"
"ENSG00000167670",140.592766888868,-0.304007225635149,0.389755381660978,-0.779994940261235,0.435393853390479,0.841007302638531,129.589627584131,258.50936690307,165.897211439685,81.497885673842,95.0118095667857,222.024955389988,114.365686094081,87.2459066851134,175.118502947097,76.666716604886,"CHAF1A"
"ENSG00000156650",313.396497043024,-0.172200918795824,0.220811046532275,-0.779856449666591,0.435475375072084,0.841007302638531,343.315804420646,454.664715658666,303.732208008975,243.588124958483,362.146462551661,266.429946467986,337.858935255034,288.58261441999,252.254034007128,281.392124681669,"KAT6B"
"ENSG00000040275",667.010145801077,-0.285702812317448,0.366354753513223,-0.779852887338436,0.435477472131955,0.841007302638531,681.796174976213,819.695530230338,1080.39527251019,408.394960432253,560.431978169301,1136.18857606094,459.208785385395,313.510016330023,732.787545070294,477.692618845828,"SPDL1"
"ENSG00000002822",104.438375673807,0.203515433991354,0.261004765626122,0.77973838333236,0.435544881084801,0.841007302638531,89.9390698904792,122.10995220547,109.772781698896,62.4817123499455,86.7499130827173,107.151174122994,111.746624580476,110.255816140528,95.8982278043628,148.278484862197,"MAD1L1"
"ENSG00000174943",110.16822711589,-0.171903318063955,0.220482332338571,-0.779669356000744,0.435585520650702,0.841007302638531,125.721280492068,107.820489713341,104.820626133532,134.018745330318,95.0118095667857,120.665736624994,116.111727103151,116.008293504381,107.364320259232,74.1392424310985,"KCTD13"
"ENSG00000115211",158.900364604837,-0.20232414296837,0.259511381746939,-0.77963494936675,0.435605778235922,0.841007302638531,131.523801130163,124.708036294948,167.547929961473,265.320894471508,140.452240229161,144.798883949993,179.842223934204,123.678263322853,159.482922326821,151.648450427247,"EIF2B4"
"ENSG00000137145",158.6846233628,-0.18587344060256,0.238417478960385,-0.77961331280348,0.43561851746813,0.841007302638531,162.470577866672,166.277381726598,118.85173356873,237.249400517185,140.452240229161,170.862683060991,142.3023422392,145.729426550959,124.042272920861,178.608174947646,"DENND4C"
"ENSG00000135452",120.28436071568,0.282805231461624,0.362780159131853,0.779549885358639,0.435655863682996,0.841007302638531,117.98458630794,62.3540181474742,57.7751482625769,187.445137049837,104.650688798199,111.012477694994,163.25483434804,183.120529416007,103.194832093825,112.05135503791,"TSPAN31"
"ENSG00000215374",30.9402203295515,0.441360280105975,0.566232288944117,0.779468583342364,0.435703737184207,0.841007302638531,16.4404751412704,41.5693454316495,37.9665260011219,6.33872444129882,33.0475859362733,14.4798883949993,23.5715536224442,56.5660274112273,18.7626967443319,60.6593801708988,"FAM66B"
"ENSG00000228903",9.15975847344689,0.467506983087975,0.600012563109039,0.779161990651545,0.435884297090626,0.841007302638531,5.80252063809543,3.89712613421714,11.5550296525154,8.1497885673842,12.3928447261025,5.7919553579997,6.98416403627977,19.1749245461788,5.21186020675885,12.6373708689372,"RASA4CP"
"ENSG00000196639",70.4912473446193,-0.311764477818838,0.400158407791784,-0.779102654719327,0.43591924644939,0.841007302638531,69.6302476571452,59.7559340579961,65.2033816106225,124.057892636848,74.3570683566149,27.0291250039986,93.4131939852419,65.1947434570078,91.7287396389557,34.5421470417618,"HRH1"
"ENSG00000160999",15.3622604747224,0.414045695985528,0.531439795403629,0.779101790205718,0.435919755667055,0.841007302638531,12.5721280492068,19.4856306710857,9.90431113072746,9.96085269346958,13.7698274734472,6.75728125099965,21.8255126133743,14.3811934096341,10.4237204135177,34.5421470417618,"SH2B2"
"ENSG00000145220",110.634639808717,0.249270515046386,0.31994715201616,0.779099027685035,0.435921382855227,0.841007302638531,122.82002017302,85.736774952777,124.629248394987,64.2927764760309,79.8649993459938,139.972254484993,141.429321734665,81.4934293212597,175.118502947097,90.9890702563482,"LYAR"
"ENSG00000139636",273.372324242775,-0.278347353327669,0.357386748836653,-0.778840721525716,0.43607354659234,0.841117806653461,171.174358823815,229.930441918811,261.638885703384,558.713282897339,287.789394195046,211.406370566989,324.763627687009,298.17007669308,259.550638296591,130.586165645685,"LMBR1L"
"ENSG00000167881",529.034212881715,-0.160777063809645,0.206464369618208,-0.778715785716209,0.436147155124449,0.841117806653461,545.436939980971,687.193241666955,604.988338235269,422.883473440936,451.650341129068,573.40358044197,487.145441530514,387.333475832811,521.186020675885,609.121275882775,"SRP68"
"ENSG00000140577",613.773081978242,-0.144808662736137,0.185966690733567,-0.778680645253851,0.436167860149609,0.841117806653461,552.206547392082,694.98749393539,620.670164192254,735.292035190663,749.078614555528,661.248236704966,542.145733316217,532.104156156461,568.092762536714,481.90507580214,"CRTC3"
"ENSG00000061676",1566.50340321493,-0.203214312935933,0.261016136551061,-0.778550765562263,0.436244391159089,0.841130105288143,2129.52507418102,1790.07993765041,1823.21860731475,1059.47251375995,1496.78024636371,1660.36053595991,1154.13310699523,962.581212218174,1892.94762709481,1695.93517061138,"NCKAP1"
"ENSG00000154930",40.7551845587718,-0.373644645650441,0.480094832326163,-0.778272583856094,0.436408334485578,0.841130105288143,65.7619005650816,42.8683874763885,20.6339815223489,58.8595840977748,79.8649993459938,17.3758660739991,40.1589432086087,37.3911028650486,21.8898128683872,22.747267564087,"ACSS1"
"ENSG00000164134",206.558230077517,-0.19464766074217,0.250133491281826,-0.778175124589212,0.436465779428729,0.841130105288143,200.186962014292,287.088291887329,249.258496789974,158.468111032471,162.483964186677,167.001379488991,168.492957375249,170.656828460991,262.677754420646,239.267555118545,"NAA15"
"ENSG00000079482",37.1223833733408,-0.300126238826945,0.385685947984259,-0.778162233795444,0.43647337791305,0.841130105288143,32.8809502825408,48.0645556553447,33.8397296966522,52.520859656476,34.424568683618,28.9597767899985,13.9683280725595,30.679879273886,56.2880902329956,39.5970953893367,"OPHN1"
"ENSG00000106344",171.773002245338,-0.285265093950364,0.366621747709946,-0.778091031784759,0.436515349344234,0.841130105288143,117.98458630794,163.67929763712,125.454607655881,363.118357280118,119.797499018991,121.631062517994,124.841932148501,186.955514325243,144.889713747896,249.377451813695,"RBM28"
"ENSG00000076685",324.898518959049,-0.215156224311319,0.276557469960131,-0.777980158490519,0.436580710426534,0.841130105288143,289.158945131756,372.825066840106,404.426037838038,350.440908397521,353.884566067593,353.309276837982,167.619936870714,206.130438871422,398.186119796376,353.00389293898,"NT5C2"
"ENSG00000100410",346.129918448653,0.179970758486319,0.231348435714649,0.777920792636348,0.436615709598097,0.841130105288143,341.381630874615,310.471048692632,411.854271186084,218.233227193288,353.884566067593,463.356428639976,395.478288554342,291.458853101917,375.253934886637,299.926935289444,"PHF5A"
"ENSG00000106415",44.3506240479815,0.283655372331256,0.364762018464502,0.777645034220746,0.436778304312935,0.841321814647836,30.946776736509,33.7750931632152,50.3469149145313,41.6544748999637,39.9324996729969,27.0291250039986,29.682697154189,71.9059670481704,54.203346150292,64.0293457359487,"GLCCI1"
"ENSG00000149716",206.038869555365,-0.170723829457083,0.219607079907514,-0.777405853804813,0.436919359876967,0.841471985946442,175.042705915879,194.856306710857,196.435504092761,316.936222064941,169.368877923401,213.337022352989,203.413777556648,211.882916235275,184.499851319263,194.615511381634,"ORAOV1"
"ENSG00000169122",350.892726773019,0.245518190592884,0.316010839495088,0.776929648948642,0.437200277626017,0.841818543334919,299.796899634931,426.085790674407,325.191548792218,212.800034815032,381.424221014487,256.776687537987,638.177988815064,435.270787198258,255.381150131184,278.022159116619,"FAM110B"
"ENSG00000104976",333.059309209218,0.223145115061842,0.287231458535176,0.77688257477032,0.437228052775397,0.841818543334919,317.204461549217,367.62889866115,381.315978533007,144.88513008683,406.209910466692,334.968084870983,471.431072448884,302.963807829624,293.948915661199,310.036831984594,"SNAPC2"
"ENSG00000100075",1233.82269125875,0.196121502525778,0.252595147805665,0.776426246622381,0.437497352447027,0.841818543334919,1244.64067687147,1354.90085266282,1197.59628755713,741.630759631962,1758.40696835921,1027.10675015195,1475.4046526641,1501.3965919658,940.219581299296,1096.92379142375,"SLC25A1"
"ENSG00000072786",298.335884367544,-0.18755401458222,0.241567061111064,-0.776405581620209,0.437509550048899,0.841818543334919,258.212168395247,332.554763453196,271.543196834111,424.694537567021,311.198100899907,319.522870582983,202.540757052113,227.222855872218,367.957330597175,267.91226242147,"STK10"
"ENSG00000160200",775.858120638633,-0.218796125092372,0.281859866714944,-0.776258527481844,0.437596355005584,0.841818543334919,933.238735960349,697.585578024868,756.029082978863,1001.51846172521,884.02292379531,926.712857279952,579.685615011221,660.576150615858,952.728045795517,366.48375519918,"CBS"
"ENSG00000138443",714.427061208411,-0.138244744774269,0.17809418314985,-0.77624514360443,0.437604255900202,0.841818543334919,816.221236425424,698.884620069607,680.096030976619,826.750773557975,806.911889944006,736.543656358962,509.843974648423,703.719730844761,731.745173028942,633.553526229387,"ABI2"
"ENSG00000245060",159.050467338123,0.221114531345533,0.284979874453379,0.775895251444172,0.437810836605976,0.841974325988955,158.602230774609,159.782171502903,166.722570700579,93.269802493397,240.971980785326,114.873781266994,215.636064620138,162.028112415211,126.127017003564,152.490941818509,"LINC00847"
"ENSG00000165698",87.3755791390924,0.218666084180924,0.281942815846816,0.775568916427822,0.438003559432325,0.842204012546455,108.313718577781,75.3444385948647,75.1076927413499,59.7651161608175,92.2578440720962,72.3994419749963,117.857768112221,116.008293504381,61.4999504397544,95.2015272126606,"SPACA9"
"ENSG00000147202",115.373866366485,-0.187703941671974,0.242049326918372,-0.77547805673211,0.438057226890212,0.842204012546455,121.852933400004,164.978339681859,100.693829829063,111.380443754251,121.174481766335,117.769758945994,86.4290299489622,84.3696680031865,109.449064341936,135.64111399326,"DIAPH2"
"ENSG00000197937",48.421778017007,-0.307557086662267,0.396680116109925,-0.775327711603873,0.438146038495948,0.842253346125751,40.617644466668,80.5406067738208,53.6483519581071,44.3710710890918,46.8174134097205,64.6768348309966,16.5873895861645,29.7211330465771,58.3728343156991,48.864500693224,"ZNF347"
"ENSG00000157193",31.2827473378752,0.327823840930055,0.422901504022882,0.775177760806254,0.438234627475794,0.842302237591103,28.0455164174613,22.0837147605638,37.141166740228,20.8272374499818,30.2936204415838,55.9889017939971,14.8413485770945,24.9274019100324,50.0338579848849,28.6447073029244,"LRP8"
"ENSG00000175792",217.158961129227,-0.232304151495359,0.299767350655547,-0.774948142242121,0.43837030309346,0.842309956816114,314.303201230169,244.219904410941,261.638885703384,134.018745330318,184.515688144192,203.683763422989,212.143982601998,114.090801049764,224.10998889063,278.864650507882,"RUVBL1"
"ENSG00000133606",839.802087693215,0.130185903035084,0.168051993674207,0.774676337892595,0.43853093639655,0.842309956816114,833.628798339711,824.891698409294,775.012345979424,746.158419947176,861.991199837795,1033.86403140295,721.987957250421,838.902948895321,742.16889344246,1019.4145834276,"MKRN1"
"ENSG00000120306",218.999871031692,0.289265566718892,0.373409923733924,0.774659558659751,0.438540853842405,0.842309956816114,235.969172615881,224.734273739855,258.337448659808,54.3319237825613,236.841032543292,169.897357167991,303.81113557817,225.3053634176,191.796455608726,288.974547203032,"CYSTM1"
"ENSG00000015532",91.0087787591456,-0.343736282882258,0.443752124485624,-0.774613266991568,0.43856821542278,0.842309956816114,63.8277270190498,59.7559340579961,47.8708371318494,245.399189084569,71.6031028619254,59.8502053659969,103.016419535127,98.7508614128206,87.5592514735486,72.4542596485736,"XYLT2"
"ENSG00000147403",23502.7191993118,0.271166435201466,0.350105638355797,0.774527472550703,0.438618928470602,0.842309956816114,17062.3119363196,17759.2037936275,20951.744837793,27860.5049836344,33630.0496384001,15276.2822567242,37707.5016318745,35673.9883719383,16999.0032503647,12106.6012924419,"RPL10"
"ENSG00000067064",241.043898535996,0.214651978376873,0.277206124097762,0.77434067907234,0.438729353650947,0.842309956816114,237.903346161913,162.380255592381,231.100593050307,248.115785273697,190.023619133571,219.128977710989,250.556884801537,177.368052052154,279.355707082274,414.505764501142,"IDI1"
"ENSG00000136146",375.705671419128,0.201858719927112,0.260784155598588,0.774045184853267,0.438904071183715,0.842309956816114,445.827002360332,261.107450992548,422.583941577705,248.115785273697,422.733703434829,447.911214351977,412.938698645041,244.480287963779,468.025046566945,383.33358302443,"MED4"
"ENSG00000122026",7251.44939371766,0.248665252858083,0.321336234834051,0.773847533834779,0.439020959054493,0.842309956816114,5701.94361370178,4371.27648054689,6906.60629516062,9083.39212438121,8339.00751791962,5442.50738473372,10915.3753682007,11158.8473396487,6565.9014884748,4029.63632440846,"RPL21"
"ENSG00000132716",284.65298738381,-0.290011764723454,0.374801009534733,-0.773775303016034,0.439063679746743,0.842309956816114,213.726176836515,236.425652142506,174.150804048625,653.794149516821,272.642583974255,171.828008953991,301.192074064565,321.179986148494,194.923571732781,306.666866419544,"DCAF8"
"ENSG00000125388",92.0788508404584,0.19834032292126,0.25633029351077,0.773768563226518,0.439067666096006,0.842309956816114,100.577024393654,113.016657892297,66.0287408715164,59.7651161608175,106.027671545543,115.839107159994,83.8099684353572,90.1221453670402,97.9829718870663,87.6191046912982,"GRK4"
"ENSG00000101605",12.2535876019013,0.375628852662862,0.485495042371463,0.773702756732704,0.439106589422946,0.842309956816114,8.70378095714315,14.2894624921295,9.90431113072746,9.05532063042689,8.26189648406832,16.4105401809991,11.3492665589546,18.2161783188698,18.7626967443319,7.58242252136235,"MYOM1"
"ENSG00000168818",323.760734902665,0.146005734473669,0.188711967178143,0.773696213636733,0.439110459651814,0.842309956816114,329.776589598424,275.396913484678,361.507356271552,249.926849399782,338.737755846801,292.493745578985,387.621104013527,281.871390828828,373.169190803934,347.106453200143,"STX18"
"ENSG00000151552",273.742525136294,0.245099621378841,0.316815707155713,0.773634689956759,0.439146851750156,0.842309956816114,338.480370555567,262.406493037287,291.351819095566,93.269802493397,302.936204415838,262.568642895986,259.287089846886,262.696466282649,376.296306927989,288.132055811769,"QDPR"
"ENSG00000172375",35.9681409149816,-0.350417772877649,0.453006207589553,-0.773538567478408,0.43920371297831,0.842309956816114,36.7492973746044,22.0837147605638,24.7607778268187,81.497885673842,23.4087067048602,29.9251026829984,39.2859227040737,54.6485349566095,27.101673075146,20.2197933902996,"C2CD2L"
"ENSG00000143756",374.848280273762,-0.217496659134531,0.281177704566701,-0.773520288422927,0.439214526427498,0.842309956816114,513.523076471446,406.600160003321,433.313611969326,283.431535732362,311.198100899907,354.274602730982,196.429613520369,318.303747466567,507.635184138312,423.773169805029,"FBXO28"
"ENSG00000133131",147.759364820316,0.203576288877519,0.263283719664051,0.773220194310845,0.439392076738875,0.842309956816114,153.766796909529,103.923363579124,113.074218742472,170.240027852026,176.253791660124,158.313446451992,108.254542562336,116.008293504381,173.033758864394,204.725408076783,"MORC4"
"ENSG00000135953",37.4483239875169,0.27077438166139,0.350242857057908,0.773104650687055,0.439460448967994,0.842309956816114,34.8151238285726,24.6817988500419,28.8875741312884,44.3710710890918,42.6864651676863,31.8557544689983,32.3017586677939,68.0709821389346,36.4830214473119,30.3296900854494,"MFSD9"
"ENSG00000157693",178.909276424953,-0.221538105693476,0.286592440195204,-0.77300749992771,0.439517942059417,0.842309956816114,156.668057228577,161.081213547642,162.595774396109,301.542176993215,155.599050449953,194.03050449299,171.985039393389,173.533067142918,212.643896435761,99.413984168973,"TMEM268"
"ENSG00000160211",499.289084802367,-0.237656090307847,0.307502708649777,-0.772858526519582,0.439606111792923,0.842309956816114,540.601506115891,809.303193872426,611.591212322421,237.249400517185,386.932152003866,356.205254516982,573.574471479476,463.074427790217,470.109790649648,544.249438755564,"G6PD"
"ENSG00000236801",7.32747885418579,0.492607995141792,0.637575333981305,0.772627121670043,0.43974308860852,0.842309956816114,1.93417354603181,3.89712613421714,7.4282333480456,9.96085269346958,9.63887923141304,3.8613035719998,9.60322554988468,9.58746227308938,11.4660924548695,5.89743973883738,"RPL24P8"
"ENSG00000020577",837.725120931944,-0.151701394247139,0.196358051804045,-0.772575368584983,0.439773726463964,0.842309956816114,756.261856498438,1043.13076192545,787.392734892833,977.974628086104,906.054647752826,852.382763518956,625.955701751574,660.576150615858,799.499355716807,968.022608560593,"SAMD4A"
"ENSG00000227051",719.740994743303,0.227577047398046,0.294595685745803,0.772506382168862,0.439814568365899,0.842309956816114,772.702331639709,853.470623393553,685.873545802877,299.73111286713,934.971285447065,953.741982283951,740.321387845656,708.513461981305,537.863973337513,710.220242834273,"C14orf132"
"ENSG00000187624",27.6036565618679,0.371322526317064,0.480780736398888,0.772332371505395,0.439917597250467,0.842309956816114,40.617644466668,12.9904204473905,23.1100593050307,17.2051091978111,13.7698274734472,13.5145625019993,48.8891482539584,34.5148641831218,38.5677655300155,32.8571642592368,"C17orf97"
"ENSG00000103121",219.349479611563,0.23899400303668,0.309477698724975,0.772249515946762,0.439966659546131,0.842309956816114,187.614833965086,172.772591950293,277.320711660369,153.940450717257,156.976033197298,386.13035719998,256.668028333282,162.028112415211,260.593010337942,179.450666338909,"CMC2"
"ENSG00000116183",81.6706776767621,0.340572358207251,0.441056791824074,0.772173480877032,0.440011685902968,0.842309956816114,57.0581196079384,84.437732908038,40.4426037838038,100.514058997738,59.2102581358229,100.393892871995,143.175362743735,63.2772510023899,29.1864171578495,139.01107955831,"PAPPA2"
"ENSG00000176438",13.6055816947857,-0.525963994412186,0.681182839291778,-0.77213335990529,0.440035445757657,0.842309956816114,7.73669418412724,46.7655136106057,7.4282333480456,5.43319237825613,8.26189648406832,11.5839107159994,13.0953075680246,4.79373113654469,20.8474408270354,10.1098966951498,"SYNE3"
"ENSG00000070214",567.965602147465,-0.202839151142144,0.262807141019011,-0.771817502202007,0.440222524090004,0.842309956816114,659.553179196848,404.002075913843,467.153341665979,934.509089060055,553.547064432577,464.321754532976,460.08180588993,603.051376977322,462.813186360186,670.623147444937,"SLC44A1"
"ENSG00000151689",212.398150206179,0.147634188094298,0.191316579338277,0.771674826117699,0.440307044199843,0.842309956816114,179.878139780958,200.052474889813,177.4522410922,240.871528769355,196.908532870295,269.325924146986,226.112310674558,219.552886053747,229.321849097389,184.505614686484,"INPP1"
"ENSG00000134001",555.860229659697,-0.216510594184813,0.28061875873587,-0.771547116665146,0.44038270609622,0.842309956816114,645.046877601609,706.678872338041,654.509893888906,421.07240931485,330.475859362733,581.12618758597,373.652775940968,430.477056061713,739.041777318405,676.520587183774,"EIF2S1"
"ENSG00000124222",821.9764461826,-0.279757081341848,0.362783333888075,-0.771140940636921,0.44062339601765,0.842309956816114,735.953034265104,461.159925882361,629.749116062088,1849.09647273317,729.800856092701,724.959745642962,716.749834223211,948.20001880854,932.922977009834,491.172481106028,"STX16"
"ENSG00000118162",30.8976486244204,-0.267701556443072,0.347174145478866,-0.771087248083595,0.440655218546527,0.842309956816114,45.4530783317476,38.9712613421714,25.5861370877126,28.0714939543234,26.1626721995497,19.306517859999,27.9366561451191,22.0511632281056,37.5253934886637,37.9121126068117,"KPTN"
"ENSG00000107249",284.14251883061,-0.206649772406464,0.268008560626606,-0.77105661074152,0.440673377291863,0.842309956816114,239.837519707945,324.760511184761,272.368556095005,397.52857567574,367.65439354104,217.198325924989,200.794716043043,200.377961507568,368.999702638526,251.904925987482,"GLIS3"
"ENSG00000159733",72.7405435778392,-0.260254749778884,0.33757259214158,-0.770959360556533,0.440731020295202,0.842309956816114,83.1694624793679,110.418573802819,73.456974219562,56.1429879086467,95.0118095667857,78.1913973329959,68.9686198582627,69.0297283662435,28.1440451164978,64.8718371272112,"ZFYVE28"
"ENSG00000181467",411.698622970398,-0.178364056018132,0.231371398809624,-0.770899328680172,0.44076660508572,0.842309956816114,555.10780771113,523.513944029835,419.282504534129,272.565150975849,472.305082339239,328.210803619983,385.875063004457,379.663506014339,419.033560623411,361.428806851605,"RAP2B"
"ENSG00000111911",376.14136096126,0.159249085142487,0.206669020329992,0.770551313826386,0.440972928528297,0.842309956816114,384.90053566033,366.329856616411,427.536097143069,227.288547823715,393.81706574059,449.841866137977,369.287673418293,369.117297513941,399.228491837728,374.066177720542,"HINT3"
"ENSG00000148985",130.604393672057,0.18229210730167,0.236637898806251,0.770341979121961,0.441097060967865,0.842309956816114,116.050412761909,96.1291113106894,107.296703916214,162.995771347684,156.976033197298,112.943129480994,151.905567789085,161.069366187902,108.406692300584,132.27114842821,"PGAP2"
"ENSG00000134419",3377.47208640619,0.260875049290254,0.338669659346414,0.770293535575957,0.441125790139612,0.842309956816114,2832.59715816359,1800.47227400832,3000.18091334953,4439.8237050983,4197.04341390671,2635.33968788986,5425.82243568485,4860.84337245632,2690.36223872892,1892.23566477554,"RPS15A"
"ENSG00000184986",17.755422977755,0.551336403347582,0.715772719111075,0.770267416774828,0.441141280192149,0.842309956816114,29.9796899634931,12.9904204473905,8.25359260893955,4.52766031521344,15.1468102207919,7.7226071439996,27.9366561451191,40.2673415469754,2.08474408270354,28.6447073029244,"TMEM121"
"ENSG00000162894",6.6302285791043,0.712524041431629,0.925469476227018,0.769905501731368,0.441355950106327,0.842309956816114,7.73669418412724,1.29904204473905,9.90431113072746,0,9.63887923141304,17.3758660739991,8.73020504534971,3.83498490923575,1.04237204135177,6.73993113009986,"FCMR"
"ENSG00000267280",7.14369571004786,0.542254803441858,0.704484169674811,0.769718933062984,0.441466636684592,0.842309956816114,9.67086773015905,1.29904204473905,4.95215556536373,6.33872444129882,5.50793098937888,1.9306517859999,10.4762460544197,15.339939636943,8.33897633081416,7.58242252136235,"TBX2-AS1"
"ENSG00000091490",240.326351717259,-0.374953404002895,0.487397508095803,-0.769296924532478,0.441717062554041,0.842309956816114,422.616919807951,226.033315784594,104.820626133532,360.40176109099,253.364825511428,187.27322324199,90.794132471637,116.96703973169,504.508068014256,136.483605384522,"SEL1L3"
"ENSG00000162407",1681.3549562305,0.292052855090646,0.379668038702923,0.769232132597729,0.441755518211442,0.842309956816114,1328.77722612385,1539.36482301577,1875.21624075107,1184.43593845984,1411.40731602834,1168.04433052994,2523.02925810607,3114.96649252674,620.211364604303,2048.0965721591,"PLPP3"
"ENSG00000087269",263.355559451471,-0.14858400430235,0.193161624686447,-0.769221135634687,0.441762045378327,0.842309956816114,272.718469990485,341.648057766369,252.55993383355,252.64344558891,293.297325184425,288.632442006985,234.842515719907,194.625484143714,261.635382379294,240.95253790107,"NOP14"
"ENSG00000136021",599.055716171089,-0.216852735739922,0.282100353191842,-0.768707778229727,0.442066806351022,0.842309956816114,711.775864939706,620.942097385264,765.93339410959,516.153275934333,506.729651022857,662.213562597966,347.462160804919,405.549654151681,912.075536182798,541.721964581777,"SCYL2"
"ENSG00000101856",655.990650830179,0.251082322179879,0.326767794288731,0.768381482411404,0.442260578428346,0.842309956816114,658.586092423832,370.226982750628,513.37346027604,813.167792612335,435.126548160931,501.004138466974,888.734873616601,1040.2396566302,460.728442277482,878.71852108677,"PGRMC1"
"ENSG00000100227",466.601897742612,-0.160715098466746,0.209170153415961,-0.768346228379648,0.442281517084743,0.842309956816114,528.9964648397,602.755508758917,505.945226927994,355.874100775777,421.356720687484,478.801642927975,372.779755436433,368.158551286632,497.211463724794,534.139542060414,"POLDIP3"
"ENSG00000170445",379.421768766156,-0.139945353259069,0.182156161929963,-0.768271310595992,0.442326015374631,0.842309956816114,361.690453107949,359.834646392716,385.442774837477,499.853698799564,326.344911120699,336.898736656983,397.224329563412,312.551270102714,398.186119796376,416.190747283667,"HARS"
"ENSG00000143570",443.614700910837,0.175267406395524,0.228138704809958,0.768249326836164,0.442339073370806,0.842309956816114,419.715659488903,311.770090737371,379.665260011219,535.169449258229,360.769479804317,477.836317034975,445.240457312835,633.731256251208,484.702999228573,387.546039980742,"SLC39A1"
"ENSG00000197771",380.340546777226,-0.203430416888703,0.264819044545553,-0.768186507272555,0.44237638838648,0.842309956816114,486.444646827,422.18866454019,465.502623144191,277.998343354106,261.626721995497,435.361977742977,266.271253883166,291.458853101917,497.211463724794,399.340919458417,"MCMBP"
"ENSG00000135974",211.17808446498,-0.165705372528977,0.21575221845467,-0.768035544273171,0.44246606823975,0.842309956816114,263.047602260326,190.95918057664,254.210652355338,193.783861491135,239.594998037981,189.20387502799,142.3023422392,199.419215280259,234.533709304148,204.725408076783,"C2orf49"
"ENSG00000170185",259.538470330759,-0.165409730166806,0.215387601358123,-0.767963100586185,0.442509107240399,0.842309956816114,316.237374776201,310.471048692632,294.653256139142,189.256201175922,254.741808258773,276.083205397986,206.905859574788,202.295453962186,279.355707082274,265.384788247682,"USP38"
"ENSG00000225969",17.8539876045205,0.63601924657386,0.828231263264683,0.767924702657117,0.442531920530309,0.842309956816114,1.93417354603181,16.8875465816076,15.6818259569851,19.0161733238965,39.9324996729969,7.7226071439996,34.0477996768639,30.679879273886,0,12.6373708689372,"ABHD11-AS1"
"ENSG00000140092",867.022095412455,0.249094613073942,0.324409260587272,0.767840636309242,0.442581869061192,0.842309956816114,441.958655268269,600.157424669439,841.04108685094,1232.4291378011,684.360425430326,703.722575996964,1092.14865117325,1404.56322300759,672.329966671891,997.50980725478,"FBLN5"
"ENSG00000235884",80.9269084287751,0.410964465133383,0.535268507171719,0.767772547099509,0.442622327041787,0.842309956816114,67.6960741111134,107.820489713341,75.1076927413499,19.9217053869392,77.1110338513043,119.700410731994,44.5240457312835,85.3284142304955,187.626967443319,24.432250346612,"LINC00941"
"ENSG00000262576",8.34369234457056,-0.479567796466923,0.624675085639424,-0.76770757709351,0.442660933592245,0.842309956816114,6.76960741111134,16.8875465816076,9.07895186983351,8.1497885673842,2.75396549468944,6.75728125099965,8.73020504534971,9.58746227308938,2.08474408270354,12.6373708689372,"PCDHGA4"
"ENSG00000197582",129.892774401056,1.10721866418818,1.44226981184479,0.767691769664058,0.442670326992114,0.842309956816114,171.174358823815,2.59808408947809,130.406763221245,2.71659618912807,108.781637040233,3.8613035719998,425.160985708531,242.562795509161,1.04237204135177,210.622847815621,"GPX1P1"
"ENSG00000163947",42.4794386652593,-0.351950962050755,0.458531436739775,-0.76756124847879,0.442747892199728,0.842309956816114,57.0581196079384,68.8492283711694,38.7918852620159,30.7880901434514,59.2102581358229,23.1678214319988,21.8255126133743,41.2260877742843,15.6355806202765,68.2418026922611,"ARHGEF3"
"ENSG00000186814",138.421442989699,-0.172002893228797,0.224097184002976,-0.767537057612078,0.442762269030685,0.842309956816114,142.161755633338,123.408994250209,128.756044699457,198.311521806349,156.976033197298,141.902906270993,114.365686094081,108.33832368591,125.084644962212,144.908519297147,"ZSCAN30"
"ENSG00000101098",7.84848124777399,0.67723957483624,0.88260638148886,0.767317786320342,0.442892595937367,0.842309956816114,4.83543386507953,6.49521022369523,9.07895186983351,2.71659618912807,12.3928447261025,2.89597767899985,4.36510252267486,9.58746227308938,0,26.117233129137,"RIMS4"
"ENSG00000245694",353.684024084689,0.197098646958629,0.256931916710821,0.767124028348979,0.443007776901913,0.842309956816114,333.644936690487,198.753432845074,343.349452531885,423.789005503978,316.706031889286,357.170580409981,485.399400521444,450.610726835201,350.237005894195,277.179667725357,"CRNDE"
"ENSG00000206527",166.742440335692,-0.287560132861935,0.374874814870408,-0.767083094022581,0.443032112827987,0.842309956816114,151.832623363497,123.408994250209,132.057481743033,340.480055704051,107.404654292888,197.89180806499,83.8099684353572,138.059456732487,236.618453386852,155.860907383559,"HACD2"
"ENSG00000173960",453.060463769946,0.14243677930141,0.185727395590379,0.766913135505081,0.443133163286912,0.842309956816114,353.953758923821,461.159925882361,524.103130667662,366.740485532289,466.79715134986,540.582500079972,402.462452590622,524.434186337989,443.008117574502,447.362928760379,"UBXN2A"
"ENSG00000173085",100.43166234397,-0.184655868027611,0.240798831827728,-0.766847025901344,0.443172472941226,0.842309956816114,137.326321768259,90.9329431317332,122.153170612305,82.4034177368847,74.3570683566149,110.047151801994,90.794132471637,97.7921151855117,112.576180465991,85.9341219087733,"COQ2"
"ENSG00000176428",65.2868089896614,0.307623020003719,0.401247968678898,0.766665613327745,0.44328035352067,0.842309956816114,44.4859915587317,89.6339010869942,55.299070479895,39.8434107738783,86.7499130827173,28.9597767899985,97.7782965079168,92.998384048967,39.6101375713672,77.5092079961484,"VPS37D"
"ENSG00000148908",363.666902435121,0.202812371082593,0.264551706749928,0.766626583416093,0.443303565392041,0.842309956816114,409.077704985728,226.033315784594,336.746578444734,360.40176109099,524.630426738338,309.869611652984,487.145441530514,380.622252241648,350.237005894195,251.904925987482,"RGS10"
"ENSG00000197483",50.7590658108057,-0.302253240750196,0.394282699355441,-0.766590168029966,0.443325222978949,0.842309956816114,63.8277270190498,85.736774952777,60.2512260452587,19.9217053869392,46.8174134097205,46.3356428639976,68.0955993537277,46.978565138138,29.1864171578495,40.4395867805992,"ZNF628"
"ENSG00000148444",133.929626771962,0.191700720906963,0.250132153455842,0.766397755180263,0.443439668106474,0.842309956816114,154.733883682545,94.8300692659503,118.026374307836,125.868956762934,121.174481766335,107.151174122994,184.207326456879,181.203036961389,124.042272920861,128.058691471897,"COMMD3"
"ENSG00000243667",48.9717083790679,0.202373285249557,0.264083267877072,0.76632376930355,0.443483678615991,0.842309956816114,40.617644466668,38.9712613421714,50.3469149145313,49.8042634673479,39.9324996729969,49.2316205429974,61.111435317448,61.359758547772,42.7372536954226,55.6044318233239,"WDR92"
"ENSG00000100196",536.753996340161,-0.316659157880816,0.413258945994666,-0.766248767146843,0.443528296206801,0.842309956816114,628.606402460339,274.097871439939,377.189182228538,1154.55338037943,375.916290025108,876.515910843955,326.509668696079,528.269171247225,528.482624965347,297.399461115657,"KDELR3"
"ENSG00000144749",90.2543643674878,-0.282531872964793,0.368745192738283,-0.766198118724547,0.443558427598628,0.842309956816114,93.8074169825428,64.9521022369523,60.2512260452587,184.728540860709,89.5038785774068,68.5381384029965,126.587973157571,87.2459066851134,68.7965547292168,58.1319059971113,"LRIG1"
"ENSG00000069399",373.30991943061,-0.263974886230338,0.344538938285741,-0.76616851361924,0.443576040594535,0.842309956816114,445.827002360332,592.363172401005,377.189182228538,245.399189084569,318.08301463663,207.545066994989,584.050717533896,459.239442880981,243.915057676314,259.487348508845,"BCL3"
"ENSG00000145423",55.7650724613181,-0.997609598239849,1.30225419352442,-0.766063648096168,0.443638431562402,0.842309956816114,58.0252063809543,5.19616817895618,10.7296703916214,244.493657021526,8.26189648406832,90.7406339419953,34.0477996768639,102.585846322056,1.04237204135177,2.52747417378745,"SFRP2"
"ENSG00000187815",45.4046858377667,0.204772437965273,0.267330740442586,0.765989117548759,0.443682777429289,0.842309956816114,46.4201651047635,32.4760511184761,43.7440408273796,43.4655390260491,37.1785341783074,45.3703169709976,41.9049842176786,55.6072811839184,57.3304622743473,50.549483475749,"ZFP69"
"ENSG00000145833",216.752102372443,-0.205508724878998,0.268295632558538,-0.765978644226196,0.443689009285965,0.842309956816114,197.285701695245,166.277381726598,198.911581875443,379.417934414887,158.353015944643,195.96115627899,237.461577233512,185.996768097934,217.85575664252,230.000149814658,"DDX46"
"ENSG00000100485",352.629283972948,-0.174207517611756,0.227448429855639,-0.765920950618672,0.443723339144284,0.842309956816114,331.710763144456,396.207823645409,420.107863795023,364.929421406204,385.555169256522,405.436875059979,216.509085124673,284.747629510755,416.948816540708,304.139392245756,"SOS2"
"ENSG00000171793",177.601599310643,-0.314641137097692,0.41085686597694,-0.765816913755438,0.44378524881056,0.842309956816114,151.832623363497,170.174507860815,256.68673013802,226.383015760672,64.7181891252018,276.083205397986,127.460993662106,96.8333689582027,288.73705545444,117.106303385485,"CTPS1"
"ENSG00000180806",56.1989974370272,0.35269348478253,0.460559091904146,0.765794207480187,0.443798761387786,0.842309956816114,44.4859915587317,40.2703033869104,61.0765853061527,47.0876672782198,26.1626721995497,51.1622723289973,55.0002917857032,144.77068032365,27.101673075146,64.8718371272112,"HOXC9"
"ENSG00000164323",697.646883212115,-0.191075099097847,0.249534532819409,-0.765726077825588,0.443839306973904,0.842309956816114,921.633694684158,717.071208695953,749.426208891711,626.628187625541,611.380339821056,887.134495666954,392.859227040737,584.835198658452,840.151865329526,645.348405707062,"CFAP97"
"ENSG00000086189",326.966930987626,-0.189041525167219,0.246883598545629,-0.765711154085759,0.443848188730658,0.842309956816114,464.201651047635,313.06913278211,400.299241533568,234.532804328056,247.85689452205,341.725366121982,240.953659251652,292.417599329226,351.279377935546,383.33358302443,"DIMT1"
"ENSG00000108883",204.710159641329,-0.165838143685184,0.216614018053492,-0.76559285117102,0.443918599453295,0.842309956816114,167.306011731752,227.332357829333,222.847000441368,258.982170030209,173.499826165435,228.782236640988,193.810552006764,147.646919005576,187.626967443319,239.267555118545,"EFTUD2"
"ENSG00000053254",1422.66415930257,-0.212130715093842,0.277107803597692,-0.76551693001694,0.443963789048125,0.842309956816114,968.053859788921,1141.85795732562,1398.98394721525,2689.43022723679,1456.84774669071,1361.10950912993,1195.16507070838,1385.38829846142,1249.80407758077,1380.00089888795,"FOXN3"
"ENSG00000102683",58.9894577734733,-0.500335839946212,0.653650731887863,-0.76544829759641,0.444004642521974,0.842309956816114,18.3746486873022,63.6530601922132,69.3301779150922,134.924277393361,24.785689452205,115.839107159994,51.5082097675633,7.6699698184715,84.4321353494933,19.3773019990371,"SGCG"
"ENSG00000135722",23.2220160059898,-0.334515236024795,0.437088934849041,-0.765325336227805,0.44407784068951,0.842309956816114,39.6505576936521,29.8779670289981,20.6339815223489,16.2995771347684,23.4087067048602,11.5839107159994,31.428738163259,16.2986858642519,13.550836537573,29.4871986941869,"FBXL8"
"ENSG00000169515",78.1650810248789,-0.32902525575384,0.429916799163368,-0.765323095990047,0.44407917435355,0.842309956816114,94.7745037555587,89.6339010869942,99.8684705681686,72.4425650434151,24.785689452205,66.6074866169966,40.1589432086087,160.110619960593,66.7118106465133,66.5568199097362,"CCDC8"
"ENSG00000141232",144.219719936462,0.22245545990048,0.290717543831274,0.765194480418385,0.444155745936726,0.842309956816114,150.865536590481,138.997498787078,132.057481743033,103.230655186867,112.912585282267,144.798883949993,91.667152976172,164.904351097137,158.440550285469,244.32250346612,"TOB1"
"ENSG00000137845",455.02653702803,0.297728784852765,0.389295595992063,0.764788474151746,0.444397512164635,0.842309956816114,306.566507046042,374.124108884845,273.193915355899,646.54989301248,249.233877269394,345.586669693982,423.414944699461,1032.56968681173,400.27086387908,498.75490362739,"ADAM10"
"ENSG00000100478",42.3622652844423,0.229965815456842,0.300707127792465,0.764750131282404,0.444420348231778,0.842309956816114,51.255598969843,32.4760511184761,41.2679630446978,28.0714939543234,53.7023271464441,42.4743392919978,55.8733122902382,32.5973717285039,43.7796257367743,42.1245695631242,"AP4S1"
"ENSG00000182873",13.9829798198668,0.330654258791744,0.432420792919363,0.764658555291544,0.444474891342408,0.842309956816114,9.67086773015905,15.5885045368685,10.7296703916214,12.6774488825976,16.5237929681366,15.4452142879992,20.9524921088393,14.3811934096341,14.5932085789248,9.26740530388731,"PRKCZ-AS1"
"ENSG00000175198",45.7414128202224,-0.188598073206351,0.246664777499533,-0.764592639120145,0.444514153702432,0.842309956816114,55.1239460619066,46.7655136106057,47.8708371318494,47.9931993412625,37.1785341783074,51.1622723289973,44.5240457312835,45.0610726835201,39.6101375713672,42.1245695631242,"PCCA"
"ENSG00000103199",97.8970798410267,-0.246577148774867,0.322497534907566,-0.764586150543882,0.444518018670069,0.842309956816114,65.7619005650816,115.614741981775,89.1388001765472,162.090239284641,89.5038785774068,58.8848794729969,115.238706598616,124.637009550162,68.7965547292168,89.3040874738232,"ZNF500"
"ENSG00000102103",219.255177075231,0.2210332547826,0.289117468445961,0.764510204003508,0.444563258204776,0.842309956816114,186.64774719207,201.351516934552,206.339815223489,202.839182121562,320.83698013132,116.804433052994,316.906443146195,242.562795509161,227.237105014686,171.025752426284,"PQBP1"
"ENSG00000168612",58.7767242422432,-0.197440894512795,0.258347859154988,-0.764244360911642,0.444721635255279,0.842309956816114,56.0910328349225,89.6339010869942,51.1722741754252,58.8595840977748,61.9642236305124,48.2662946499975,59.365394308378,54.6485349566095,47.9491139021814,59.8168887796363,"ZSWIM1"
"ENSG00000133678",125.664370258879,0.179905750023978,0.23541762482974,0.764198305687988,0.444749076103517,0.842309956816114,118.951673080956,101.325279489646,96.5670335245927,148.507258339001,125.305430008369,114.873781266994,141.429321734665,180.24429073408,115.703296590046,113.736337820435,"TMEM254"
"ENSG00000168300",319.909438409609,-0.183345802157444,0.239961661326813,-0.764062897146466,0.44482976147602,0.842309956816114,342.348717647631,261.107450992548,319.414033965961,454.57709564743,333.229824857422,325.314825940983,208.651900583858,299.128822920389,258.508266255239,396.81344528463,"PCMTD1"
"ENSG00000170035",1184.91428592556,0.133182864615167,0.174329170611293,0.763973488476742,0.444883041655881,0.842309956816114,1109.24852864924,1075.60681304393,1379.1753249538,915.492915736159,1144.27266304346,1411.30645556593,1332.22928992037,1287.5961832759,1047.58390155853,1146.63078350824,"UBE2E3"
"ENSG00000108946",1454.04410527372,-0.231723967150976,0.303314760643426,-0.763971943401029,0.444883962425337,0.842309956816114,1774.60422848419,1852.43395579788,1562.40508087226,1196.20785527939,973.526802372717,1061.85848229994,831.988540821828,1330.73976350481,1561.47331794495,2395.20302535924,"PRKAR1A"
"ENSG00000198225",8.89836367947423,-0.502366357097252,0.657618372662241,-0.763917764437632,0.444916250420077,0.842309956816114,8.70378095714315,16.8875465816076,14.0311074351972,3.62212825217076,6.8849137367236,5.7919553579997,3.49208201813988,5.75247736385363,18.7626967443319,5.0549483475749,"FKBP1C"
"ENSG00000155636",37.222729751616,-0.3380728274929,0.442689905172339,-0.763678646255303,0.445058769048019,0.842309956816114,58.9922931539702,24.6817988500419,42.9186815664857,43.4655390260491,26.1626721995497,20.2718437529989,22.6985331179092,18.2161783188698,58.3728343156991,56.4469232145864,"RBM45"
"ENSG00000152601",2121.84827286707,-0.19367514479752,0.253624079977825,-0.763630743636224,0.445087322978072,0.842309956816114,2221.39831761753,2865.68675069433,2193.80491545613,1898.90073620052,1836.89498495786,2147.85011192489,1182.94278364489,1882.97759043475,2998.90436296904,1989.12217477072,"MBNL1"
"ENSG00000065621",17.5453136127797,-0.301825108114973,0.395315710467223,-0.763503954240134,0.445162905004583,0.842309956816114,21.2759090063499,15.5885045368685,19.8086222614549,22.6383015760672,9.63887923141304,13.5145625019993,17.4604100906994,24.9274019100324,14.5932085789248,16.0073364339872,"GSTO2"
"ENSG00000115289",177.292184658278,0.199888861357737,0.261889455943114,0.763256621531015,0.445310366684528,0.842309956816114,137.326321768259,140.296540831817,189.83263000561,182.917476734623,201.039481112329,186.30789734899,261.906151360491,206.130438871422,154.271062120062,112.893846429173,"PCGF1"
"ENSG00000197461",96.3973077474083,0.273852353286338,0.358858341248238,0.763121047524716,0.445391208771771,0.842309956816114,50.2885121968271,84.437732908038,49.5215556536373,158.468111032471,89.5038785774068,107.151174122994,90.794132471637,148.605665232885,95.8982278043628,89.3040874738232,"PDGFA"
"ENSG00000137038",287.958593544239,0.228820313098744,0.299905744286867,0.762974092553132,0.44547884671745,0.842309956816114,340.414544101599,274.097871439939,318.588674705067,111.380443754251,294.67430793177,284.771138434985,407.700575617832,274.201421010356,263.720126461998,310.036831984594,"DMAC1"
"ENSG00000249855",38.4082600956132,0.356490837455095,0.467259328251873,0.762940011896201,0.445499172433676,0.842309956816114,20.308822233334,18.1865886263466,40.4426037838038,51.6153275934333,60.5872408831677,20.2718437529989,33.1747791723289,54.6485349566095,64.6270665638097,20.2197933902996,"EEF1A1P19"
"ENSG00000115137",51.0949885519668,-0.223515056875455,0.292970472468996,-0.762926908612294,0.445506987377641,0.842309956816114,34.8151238285726,62.3540181474742,78.4091297849257,47.9931993412625,46.8174134097205,58.8848794729969,48.0161277494234,43.1435802289022,45.8643698194779,44.6520437369116,"DNAJC27"
"ENSG00000108785",7.66386653688222,-0.546988952451029,0.717058851204449,-0.762822955929277,0.445568988680002,0.842309956816114,9.67086773015905,12.9904204473905,3.30143704357582,11.771916819555,13.7698274734472,2.89597767899985,12.2222870634896,2.87623868192681,2.08474408270354,5.0549483475749,"HSD17B1P1"
"ENSG00000153015",184.502577129155,0.203249306996569,0.266444851519011,0.762819419620376,0.445571097954534,0.842309956816114,229.19956520477,127.306120384426,202.213018919019,117.71916819555,145.96017121854,201.75311163699,249.683864297002,157.234381278666,216.813384601168,197.142985555421,"CWC27"
"ENSG00000068323",2228.13476721454,0.15248271551226,0.199919335781344,0.762721199109193,0.44562968504891,0.842309956816114,1940.94315344292,2529.23486110692,2334.11598980811,1549.36535986604,2948.12006206505,2308.09421016288,2232.31343009592,2431.38043245547,2100.37966332382,1907.40050981826,"TFE3"
"ENSG00000251287",6.65578908300891,0.651777872050415,0.854591671163094,0.7626775383422,0.445655729465274,0.842309956816114,6.76960741111134,1.29904204473905,1.65071852178791,9.96085269346958,9.63887923141304,1.9306517859999,7.85718454081474,16.2986858642519,1.04237204135177,10.1098966951498,"ALG1L2"
"ENSG00000163930",781.436923956433,-0.15342055316719,0.20116389413935,-0.762664462345879,0.445663529696108,0.842309956816114,836.530058658758,967.786323330589,835.263572024683,687.298835849401,906.054647752826,838.868201016957,738.575346836586,536.897887293005,827.643400833305,639.450965968225,"BAP1"
"ENSG00000180376",71.5534674041908,0.270337763405166,0.354482165974706,0.762627261266666,0.445685721700557,0.842309956816114,59.9593799269861,27.27988293952,73.456974219562,93.269802493397,56.4562926411335,83.9833526909956,114.365686094081,73.8234595027882,78.1779031013827,54.7619404320614,"CCDC66"
"ENSG00000144579",2089.55019582223,0.178827125753646,0.234506704480527,0.762567220198581,0.445721540044674,0.842309956816114,1614.06782416355,2386.34023618563,2121.17330049746,1623.61898903554,2665.83859885938,2173.91391103589,2860.01517285657,2209.9100539471,1759.52400580179,1481.09986583945,"CTDSP1"
"ENSG00000072609",360.587751968125,-0.14307059956656,0.187640081990895,-0.762473550685734,0.445777423185787,0.842309956816114,333.644936690487,353.33943616902,401.124600794462,439.183050575704,403.455944972003,387.09568309298,339.604976264104,309.675031420787,374.211562845285,264.54229685642,"CHFR"
"ENSG00000178567",166.750821835816,-0.257490345690899,0.337754632596867,-0.762359182792413,0.445845660372485,0.842309956816114,156.668057228577,126.007078339687,125.454607655881,331.424735073624,117.043533524301,166.036053595991,118.730788616756,138.059456732487,152.186318037358,235.897589553495,"EPM2AIP1"
"ENSG00000180957",228.085207018244,-0.271072226405118,0.355572005857016,-0.76235536527058,0.445847938185589,0.842309956816114,236.936259388897,323.461469140022,287.225022791096,169.334495788983,209.301377596397,290.563093792985,114.365686094081,101.627100094747,327.304820984456,220.732744510771,"PITPNB"
"ENSG00000196961",1227.57410000749,-0.207740700217638,0.272555267493963,-0.762196607417391,0.445942670617606,0.842309956816114,1145.03073925083,1992.7304966297,1395.68251017168,806.829068171036,1655.13326230835,981.736433180949,962.941616502073,1115.9806085876,1009.01613602851,1210.66012924419,"AP2A1"
"ENSG00000215251",45.3873619729404,-0.24742954064045,0.324685533734026,-0.762059023064261,0.446024777878317,0.842309956816114,33.8480370555567,45.4664715658666,47.8708371318494,73.3480971064578,33.0475859362733,45.3703169709976,43.6510252267486,27.8036405919592,56.2880902329956,47.1795179106991,"FASTKD5"
"ENSG00000146757",21.7085469695961,-0.321700830964712,0.42216750790463,-0.762021768471547,0.446047012066144,0.842309956816114,22.2429957793658,23.3827568053028,30.5382926530763,22.6383015760672,11.0158619787578,26.0637991109986,10.4762460544197,14.3811934096341,30.2287891992013,26.117233129137,"ZNF92"
"ENSG00000132024",127.018300986407,-0.223326579068578,0.29308592417077,-0.761983297902952,0.446069972631942,0.842309956816114,104.445371485718,151.987919234468,99.8684705681686,200.122585932434,121.174481766335,78.1913973329959,162.381813843505,113.132054822455,99.0253439284181,139.853570949572,"CC2D1A"
"ENSG00000138346",14.9549486278232,-0.409994746940796,0.538174474831618,-0.761824958474802,0.446164482164671,0.842310807130246,15.4733883682545,14.2894624921295,14.8564666960912,25.3548977651953,12.3928447261025,20.2718437529989,10.4762460544197,3.83498490923575,25.0169289924425,7.58242252136235,"DNA2"
"ENSG00000183666",51.3835987300824,0.222802623327831,0.292479819488802,0.761770927366021,0.446196734826062,0.842310807130246,44.4859915587317,38.9712613421714,48.6961963927434,54.3319237825613,45.4404306623758,69.5034642959964,49.7621687584934,75.7409519574061,48.9914859435332,37.9121126068117,"GUSBP1"
"ENSG00000139323",159.219497847962,0.206433038970055,0.271115302980415,0.76142156750542,0.446405309418203,0.842334487208887,156.668057228577,122.10995220547,189.83263000561,114.097039943379,129.436378250404,207.545066994989,104.762460544197,167.780589779064,205.347292146299,194.615511381634,"POC1B"
"ENSG00000184343",8.25039826812307,0.790950576671885,1.03900243431549,0.761259599158663,0.446502026480322,0.842334487208887,5.80252063809543,2.59808408947809,3.30143704357582,10.8663847565123,37.1785341783074,13.5145625019993,4.36510252267486,3.83498490923575,1.04237204135177,0,"SRPK3"
"ENSG00000179899",10.5261182226192,-0.465926988704292,0.612192248708719,-0.76107952965275,0.446609566388142,0.842334487208887,10.637954503175,11.6913784026514,11.5550296525154,16.2995771347684,12.3928447261025,21.2371696459989,3.49208201813988,2.87623868192681,8.33897633081416,6.73993113009986,"PHC1P1"
"ENSG00000135299",70.4287262229159,0.404867849356671,0.532008126069169,0.761018167801505,0.446646215870308,0.842334487208887,41.5847312396839,58.4568920132571,71.8062556977741,64.2927764760309,37.1785341783074,35.7170580409981,41.0319637131436,170.656828460991,30.2287891992013,153.333433209772,"ANKRD6"
"ENSG00000196378",27.2190844076509,0.28325910897439,0.372214245142613,0.761010930320143,0.446650538700579,0.842334487208887,19.3417354603181,22.0837147605638,16.5071852178791,38.0323466477929,41.3094824203416,21.2371696459989,34.0477996768639,24.9274019100324,26.0593010337942,28.6447073029244,"ZNF34"
"ENSG00000225484",46.9954720140113,0.217926323640144,0.286411806205267,0.760884568717671,0.446726016273594,0.842334487208887,33.8480370555567,45.4664715658666,51.9976334363192,39.8434107738783,48.1943961570652,69.5034642959964,41.0319637131436,55.6072811839184,40.652509612719,43.8095523456491,"NUTM2B-AS1"
"ENSG00000188112",407.622205853584,0.26253417826687,0.34523833125374,0.760443306841019,0.446989645153083,0.842334487208887,266.91594935239,631.334433743176,385.442774837477,173.862156104196,404.832927719348,452.737843816977,487.145441530514,581.958959976525,256.423522172535,435.568049282704,"C6orf132"
"ENSG00000177707",246.307986281469,0.241461378210582,0.31754375123358,0.760403494865081,0.447013434896598,0.842334487208887,193.417354603181,175.370676039771,276.495352399475,242.682592895441,213.432325838432,423.778067026978,206.032839070253,233.934079463381,140.720225582489,357.216349895293,"NECTIN3"
"ENSG00000099783",524.091493462735,-0.17977022479749,0.236448209229256,-0.760294296089119,0.447078690588841,0.842334487208887,514.490163244462,602.755508758917,590.131871539178,548.752430203869,374.539307277764,461.425776853976,493.256585062259,371.993536195868,507.635184138312,775.934571352747,"HNRNPM"
"ENSG00000139971",21.2516119401692,-0.36901884944442,0.485366172996204,-0.760289591601404,0.447081502047975,0.842334487208887,16.4404751412704,15.5885045368685,18.983263000561,47.0876672782198,17.9007757154814,13.5145625019993,8.73020504534971,22.0511632281056,21.8898128683872,30.3296900854494,"C14orf37"
"ENSG00000170456",150.862558893249,0.173958128791386,0.228830200306056,0.760206164040938,0.447131361044168,0.842334487208887,167.306011731752,122.10995220547,107.296703916214,162.995771347684,181.761722649503,166.036053595991,115.238706598616,140.935695414414,168.864270698987,176.080700773859,"DENND5B"
"ENSG00000165757",1215.95958140642,0.313571739303207,0.41249707323942,0.76017930706918,0.447147412308046,0.842334487208887,1011.57276457464,592.363172401005,579.402201147557,2061.8965075482,1178.69723172708,1412.27178145893,1265.87973157571,1466.88172778268,513.889416386422,2076.74127946202,"JCAD"
"ENSG00000205476",112.657380745495,0.365336609970371,0.480702210699619,0.760006094914055,0.447250941680383,0.842334487208887,118.951673080956,159.782171502903,54.473711219001,51.6153275934333,112.912585282267,176.654638418991,39.2859227040737,67.1122359116257,230.364221138741,115.42132060296,"CCDC85C"
"ENSG00000102302",309.393545176757,-0.14694462387825,0.193375893975976,-0.759891115986289,0.447319672422347,0.842334487208887,334.612023463503,411.796328182278,293.827896878248,274.376215101935,352.507583320248,293.459071471985,336.112894245964,263.655212509958,278.313335040922,255.274891552532,"FGD1"
"ENSG00000118985",6230.50068781538,-0.1556691616495,0.204864985272535,-0.759862215802333,0.447336948976552,0.842334487208887,5695.17400629067,5374.13693908543,8806.5833137385,6673.77130462462,6208.81520777734,6789.13700546865,5061.77288529376,4975.89291973339,7235.10433902263,5484.61895711877,"ELL2"
"ENSG00000113851",197.082495649295,0.138910617589895,0.182832132508711,0.759771357932809,0.447391266358462,0.842334487208887,202.121135560324,151.987919234468,170.849367005049,217.327695130245,205.170429354363,205.614415208989,179.842223934204,234.89282569069,194.923571732781,208.095373641833,"CRBN"
"ENSG00000163608",408.942324245893,-0.142885346689201,0.188071069597745,-0.75974123502786,0.447409275503318,0.842334487208887,439.057394949221,340.34901572163,399.473882272674,553.280090519083,418.602755192795,405.436875059979,369.287673418293,385.415983378193,444.050489615854,334.469082331206,"NEPRO"
"ENSG00000154127",267.621300212464,-0.397098200774801,0.522832083224781,-0.759513835351371,0.447545240953271,0.842454305815229,406.17644466668,297.480628245242,469.62941944866,77.8757574216713,125.305430008369,213.337022352989,137.06421921199,95.8746227308938,549.330065792383,304.139392245756,"UBASH3B"
"ENSG00000135317",178.571700858851,-0.237108473650105,0.312261631208241,-0.759326314708135,0.447657379839443,0.842454305815229,176.009792688895,111.717615847558,156.818259569851,340.480055704051,162.483964186677,118.735084838994,171.985039393389,210.924170007966,164.69478253358,171.868243817547,"SNX14"
"ENSG00000205220",40.1678275763565,0.331362021093026,0.436465302781543,0.759194417016186,0.447736265309665,0.842454305815229,42.5518180126998,42.8683874763885,34.6650889575461,19.0161733238965,74.3570683566149,23.1678214319988,69.8416403627977,31.638625501195,23.9745569510907,39.5970953893367,"PSMB10"
"ENSG00000187049",129.694353453798,0.253573811607861,0.334045919556994,0.759098665070199,0.447793537654168,0.842454305815229,107.346631804766,74.0453965501256,105.645985394426,177.484284356367,150.091119460574,143.833558056993,213.890023611068,145.729426550959,76.0931590186792,102.783949734023,"TMEM216"
"ENSG00000163938",642.16853524782,-0.173055637212704,0.227977589184567,-0.759090566014368,0.4477983821531,0.842454305815229,703.072083982563,506.626397448228,819.581746067697,725.331182497194,557.678012674612,793.497884045959,648.654234869484,408.425892833608,681.711315044057,577.106603014801,"GNL3"
"ENSG00000234684",29.9466460773427,0.263528326943127,0.347204158218112,0.759001068119639,0.447851917839842,0.842454305815229,22.2429957793658,32.4760511184761,23.1100593050307,28.977026017366,49.5713789044099,31.8557544689983,37.5398816950038,25.8861481373413,20.8474408270354,26.9597245203995,"SDCBP2-AS1"
"ENSG00000151164",6.44720087478195,-0.559469329780269,0.737344311647756,-0.758762658017953,0.447994547304681,0.842524177896485,10.637954503175,12.9904204473905,6.60287408715164,1.81106412608538,6.8849137367236,11.5839107159994,2.61906151360491,1.91749245461788,5.21186020675885,4.21245695631242,"RAD9B"
"ENSG00000178752",20.1313946688554,-0.337332820985545,0.444729456759314,-0.758512430104464,0.448144274560004,0.842524177896485,18.3746486873022,20.7846727158247,25.5861370877126,27.1659618912807,16.5237929681366,26.0637991109986,26.1906151360491,20.1336707734877,14.5932085789248,5.89743973883738,"ERFE"
"ENSG00000115866",693.616276756747,-0.11509129227678,0.151735396168021,-0.758499962324785,0.448151735567911,0.842524177896485,769.801071320661,627.437307608959,680.096030976619,830.372901810146,673.344563451568,644.837696523967,722.860977754956,661.534896843167,592.067319487805,733.810001789623,"DARS"
"ENSG00000183155",159.799730218953,0.218385927758601,0.288032785955743,0.758198158011626,0.448332363778735,0.842524177896485,174.075619142863,157.184087413425,173.325444787731,77.8757574216713,137.698274734472,203.683763422989,130.080055175711,137.100710505178,219.940500725223,187.033088860271,"RABIF"
"ENSG00000161677",561.649809010226,0.312232177263427,0.411948072522585,0.757940619436468,0.448486531878257,0.842524177896485,531.897725158748,689.791325756433,583.528997452026,157.562578969428,600.364477842298,383.23437952098,1016.19586727871,831.232979076849,327.304820984456,495.38493806234,"JOSD2"
"ENSG00000110881",31.3025526947754,-0.395746116081536,0.522208325918592,-0.75783187750865,0.448551636159073,0.842524177896485,35.7822106015885,11.6913784026514,15.6818259569851,82.4034177368847,42.6864651676863,16.4105401809991,27.0636356405841,26.8448943646503,29.1864171578495,25.2747417378745,"ASIC1"
"ENSG00000113522",250.382766766383,0.198948043577542,0.262570127200281,0.757694889738125,0.448633658989622,0.842524177896485,296.895639315883,142.894624921295,223.672359702262,256.265573841081,190.023619133571,217.198325924989,331.747791723289,273.242674783047,240.787941552259,331.099116766156,"RAD50"
"ENSG00000161267",10.6206191888499,-0.453810545420332,0.598938491853144,-0.757691401693387,0.448635747603288,0.842524177896485,10.637954503175,7.79425226843427,5.77751482625769,26.260429828238,9.63887923141304,4.82662946499975,8.73020504534971,5.75247736385363,16.6779526616283,10.1098966951498,"BDH1"
"ENSG00000029363",472.739576921201,-0.196218898843621,0.25902053178468,-0.757541873193029,0.44872528927967,0.842524177896485,443.892828814301,465.057052016578,545.562471450904,593.123501292961,272.642583974255,465.287080425976,345.716119795849,392.127206969356,606.66052806673,597.3263964051,"BCLAF1"
"ENSG00000078804",196.765621800151,-0.209351793197097,0.276406499880807,-0.757405463646384,0.448806983822212,0.842524177896485,224.36413133969,190.95918057664,234.402030093883,206.461310373733,206.547412101708,145.764209842992,119.603809121291,153.39939636943,180.330363153856,305.824375028281,"TP53INP2"
"ENSG00000176401",18.9388309679811,0.312895859534076,0.413172222898952,0.757301295180726,0.44886937513373,0.842524177896485,16.4404751412704,19.4856306710857,11.5550296525154,19.0161733238965,23.4087067048602,20.2718437529989,16.5873895861645,17.2574320915609,12.5084644962212,32.8571642592368,"EID2B"
"ENSG00000142694",476.422740739641,0.322558731325379,0.425988048197801,0.757201364427961,0.448929232908791,0.842524177896485,470.971258458746,571.57849968518,447.344719404524,167.523431662897,395.194048487935,228.782236640988,741.194408350191,937.653810308141,282.48282320633,521.502171191477,"EVA1B"
"ENSG00000151135",1893.70167319546,-0.142583970441125,0.188311260053239,-0.75717177188881,0.448946959488146,0.842524177896485,2577.28625008739,1767.99622288984,2033.68521884271,1648.06835473769,1962.20041496623,1871.7669065269,1450.96007853712,1676.84715156333,2097.25254719976,1850.95358660368,"TMEM263"
"ENSG00000128951",580.241516635801,-0.174024490053536,0.229883635361646,-0.757011214738124,0.449043143662896,0.842524177896485,719.512559123834,771.630974574993,608.289775278845,393.000915360527,473.682065086584,616.843245626968,575.320512488546,599.216392068086,427.372536954226,617.5461897954,"DUT"
"ENSG00000182093",388.549108158234,0.12636270752298,0.166936075953253,0.756952664673663,0.449078221868329,0.842524177896485,379.098015022235,393.609739555931,378.839900750325,322.369414443197,374.539307277764,444.049910779977,397.224329563412,477.455621199851,380.465795093396,337.839047896256,"WRB"
"ENSG00000130818",81.531824332216,-0.222482983764517,0.293946434341126,-0.756882743834629,0.449120114509074,0.842524177896485,61.893553473018,135.100372652861,94.0909557419109,66.1038406021163,97.7657750614751,81.0873750119958,87.3020504534971,62.318504775081,69.8389267705686,59.8168887796363,"ZNF426"
"ENSG00000214199",25.9504474856436,0.376284276952618,0.497219499425457,0.756776991625267,0.449183479507445,0.842524177896485,15.4733883682545,9.09329431317332,25.5861370877126,37.1268145847502,30.2936204415838,21.2371696459989,28.809676649654,25.8861481373413,54.203346150292,11.7948794776748,"EEF1A1P12"
"ENSG00000105619",121.478817716859,0.201558388547531,0.266431407479517,0.756511367988878,0.449342659222095,0.842524177896485,161.503491093656,94.8300692659503,113.074218742472,76.0646932955859,140.452240229161,106.185848229994,167.619936870714,129.430740686707,117.78804067275,107.838898081598,"TFPT"
"ENSG00000233822",10.6883810342131,0.42795304673703,0.565724018774999,0.75646964338496,0.449367666344526,0.842524177896485,2.90126031904772,19.4856306710857,7.4282333480456,6.33872444129882,11.0158619787578,14.4798883949993,7.85718454081474,10.5462085003983,12.5084644962212,14.3223536514622,"HIST1H2BN"
"ENSG00000133318",1009.05653537268,0.176625438657586,0.23349519746047,0.756441419689108,0.449384582313159,0.842524177896485,770.768158093677,869.059127930422,849.29467945988,1254.16190731412,1105.71714611781,890.995799238954,1113.97416378662,1510.98405423889,840.151865329526,885.45845221687,"RTN3"
"ENSG00000145632",151.449622043645,0.224979305419806,0.297433688867228,0.756401557189561,0.449408474653846,0.842524177896485,152.799710136513,170.174507860815,123.803889134093,104.136187249909,169.368877923401,217.198325924989,133.572137193851,133.265725595942,88.6016235149004,221.575235902033,"PLK2"
"ENSG00000165626",205.540023933841,0.147597914436751,0.195144676860084,0.756351220087735,0.449438646174137,0.842524177896485,174.075619142863,184.463970352945,166.722570700579,246.304721147611,227.202153311879,228.782236640988,176.350141916064,211.882916235275,240.787941552259,198.827968337946,"BEND7"
"ENSG00000168876",83.6090596991122,-0.18843727619304,0.249179745342199,-0.756230310510426,0.449511122774599,0.842524177896485,99.6099376206383,61.0549761027352,95.7416742636988,103.230655186867,88.1268958300621,92.6712857279952,80.3178864172174,56.5660274112273,85.4745073908451,73.296751039836,"ANKRD49"
"ENSG00000142599",739.493690455618,-0.183486162049937,0.242643571321633,-0.756196263723466,0.449531532571897,0.842524177896485,625.705142141291,1223.69760614418,628.0983975403,709.937137425468,857.86025159576,563.750321511971,640.797050328669,793.841876211801,684.838431168113,666.410690488624,"RERE"
"ENSG00000131773",193.820444371835,0.338526024239124,0.447948089776107,0.755726013718076,0.449813483911492,0.84281573966389,316.237374776201,68.8492283711694,154.34218178717,129.491085015105,128.059395503059,236.504843784988,423.414944699461,152.440650142121,216.813384601168,112.05135503791,"KHDRBS3"
"ENSG00000213398",85.8096813144517,-0.508527578182584,0.673006208615009,-0.755606072682586,0.449885413903573,0.842832106367741,51.255598969843,12.9904204473905,36.315807479334,316.936222064941,55.0793098937888,55.0235759009971,118.730788616756,129.430740686707,42.7372536954226,39.5970953893367,"LCAT"
"ENSG00000128346",253.038081287265,0.206020973986195,0.272724025960919,0.755419231071769,0.449997477912925,0.842923646478186,160.53640432064,177.968760129249,232.751311572095,354.063036649691,333.229824857422,286.701790220985,242.699700260722,253.10900400956,302.287891992013,187.033088860271,"C22orf23"
"ENSG00000176678",121.634777005344,0.213456851668514,0.282718032907968,0.755016754583887,0.450238929314244,0.843139090180296,167.306011731752,76.6434806396037,120.502452090517,78.7812894847139,132.190343745093,119.700410731994,92.5401734807069,130.389486914016,158.440550285469,139.853570949572,"FOXL1"
"ENSG00000189050",47.7053610561533,-0.289451475055651,0.383446555393943,-0.75486784529405,0.450328280725516,0.843188021905967,58.0252063809543,24.6817988500419,43.7440408273796,86.9310780520981,41.3094824203416,52.1275982219973,38.4129021995387,38.3498490923575,65.6694386051615,27.8022159116619,"RNFT1"
"ENSG00000254685",86.6331419478667,0.20621338138016,0.273239096470684,0.754699397135083,0.450429368331813,0.843258911488123,94.7745037555587,76.6434806396037,101.519189089956,44.3710710890918,78.488016598649,111.977803587994,82.0639274262873,89.1633991397312,93.8134837216593,93.5165444301356,"FPGT"
"ENSG00000111863",43.260478037195,-0.316724818968617,0.419924705343487,-0.754241927036764,0.45070396604825,0.843381433688577,50.2885121968271,38.9712613421714,63.5526630888345,43.4655390260491,22.0317239575155,77.226071439996,27.9366561451191,18.2161783188698,47.9491139021814,42.9670609543866,"ADTRP"
"ENSG00000123352",374.559049648528,-0.180084030472146,0.238774353140258,-0.754201731064319,0.450728098323494,0.843381433688577,426.485266900014,340.34901572163,382.141337793901,460.915820088729,499.844737286133,385.16503130698,367.541632409223,304.881300284242,357.533610183657,220.732744510771,"SPATS2"
"ENSG00000170037",283.223765270008,-0.166372130713616,0.220659899797775,-0.75397537507308,0.450864008311803,0.843381433688577,271.751383217469,300.07871233472,323.54083027043,316.030690001898,287.789394195046,377.44242416298,252.302925810607,210.924170007966,291.864171578495,200.512951120471,"CNTROB"
"ENSG00000147650",136.37787048799,-0.264177639190257,0.350436521508726,-0.753853046060665,0.450937467468939,0.843381433688577,100.577024393654,102.624321534385,105.645985394426,297.014516678002,114.289568029612,147.694861628992,96.0322554988468,145.729426550959,148.016829871951,106.153915299073,"LRP12"
"ENSG00000132530",346.444950725527,-0.296342907513158,0.393174591317684,-0.753718358350665,0.451018355918862,0.843393749526584,378.130928249219,227.332357829333,173.325444787731,780.568638342798,236.841032543292,399.644919701979,390.240165527132,359.529835240852,320.008216694993,198.827968337946,"XAF1"
"ENSG00000116954",700.428865091477,0.201537613809312,0.267475391611984,0.753480956116048,0.451160950901095,0.843393749526584,681.796174976213,765.135764351298,817.93102754591,306.069837308429,689.868356419705,726.890397428962,672.225788491928,679.751075162037,913.11790822415,751.502321006135,"RRAGC"
"ENSG00000224861",59.1205130200249,0.214459035777323,0.284703393357476,0.753271793666492,0.451286604874475,0.843393749526584,39.6505576936521,45.4664715658666,60.2512260452587,69.725968854287,56.4562926411335,75.2954196539961,54.1272712811682,75.7409519574061,69.8389267705686,44.6520437369116,"YBX1P1"
"ENSG00000204590",724.464029921219,0.153531699990137,0.203822019295618,0.753263560633547,0.451291551259543,0.843393749526584,667.289873380975,701.482704159085,666.064923541422,679.149047282017,1042.37593973995,618.773897412968,902.70320168916,699.884745935525,631.677457059172,635.238509011912,"GNL1"
"ENSG00000258667",7.59837214775592,0.613231571559181,0.814157041147954,0.753210425711642,0.451323475322129,0.843393749526584,1.93417354603181,1.29904204473905,2.47607778268187,17.2051091978111,6.8849137367236,8.68793303699955,15.7143690816295,9.58746227308938,2.08474408270354,10.1098966951498,"HIF1A-AS2"
"ENSG00000272767",9.04567517930105,-0.406562194991909,0.540156974417362,-0.752674156305111,0.451645743566015,0.843860192730871,8.70378095714315,10.3923363579124,14.8564666960912,8.1497885673842,13.7698274734472,5.7919553579997,9.60322554988468,5.75247736385363,4.16948816540708,9.26740530388731,"JMJD1C-AS1"
"ENSG00000205978",40.198530043154,0.384401869148833,0.510775682960821,0.752584514048447,0.451699626295696,0.843860192730871,32.8809502825408,41.5693454316495,24.7607778268187,37.1268145847502,41.3094824203416,18.341191966999,20.0794716043043,60.4010123204631,21.8898128683872,103.626441125285,"NYNRIN"
"ENSG00000228775",12.6863534112226,0.501502341103835,0.666741448725274,0.752169138520853,0.451949350267902,0.844135778147104,8.70378095714315,2.59808408947809,10.7296703916214,18.1106412608538,24.785689452205,7.7226071439996,22.6985331179092,13.4224471823251,2.08474408270354,16.0073364339872,"WEE2-AS1"
"ENSG00000120696",27.1865097364263,0.283025543002456,0.376299403107636,0.752128599368253,0.451973726606319,0.844135778147104,22.2429957793658,28.578924984259,18.157903739667,28.0714939543234,20.6547412101708,28.9597767899985,28.809676649654,28.7623868192681,18.7626967443319,48.864500693224,"KBTBD7"
"ENSG00000140939",154.275269473833,-0.293515966327473,0.390319263257951,-0.751989445454289,0.452057406010129,0.844173848215778,113.149152442861,118.212826071253,118.85173356873,343.196651893179,145.96017121854,99.4285669789949,165.873895861645,224.346617190291,86.5168794321969,127.216200080635,"NOL3"
"ENSG00000244405",257.29255214415,-0.27240359241926,0.362410583016289,-0.751643592060931,0.452265420881244,0.844444059679848,220.495784247626,444.272379300754,321.064752487749,162.995771347684,130.813360997748,355.239928623982,169.365977879784,165.863097324446,305.415008116068,297.399461115657,"ETV5"
"ENSG00000023318",162.544436543523,0.252669285790847,0.336275154801067,0.751376609848922,0.452426035362095,0.844528043132582,117.98458630794,84.437732908038,111.423500220684,268.943022723679,117.043533524301,191.13452681399,199.048675033973,214.759154917202,174.076130905746,146.593502079672,"ERP44"
"ENSG00000153721",53.0956525863705,0.352065056033886,0.46857145363134,0.751358311108047,0.452437044926318,0.844528043132582,61.893553473018,63.6530601922132,37.9665260011219,19.0161733238965,55.0793098937888,41.5090133989979,28.809676649654,34.5148641831218,121.957528838157,66.5568199097362,"CNKSR3"
"ENSG00000132294",743.497289665803,-0.213881316266096,0.284842617495228,-0.750875406731154,0.452727642392504,0.844757446341585,1054.12458258734,798.910857514513,820.407105328591,568.674135590809,629.281115536537,709.514531354963,413.811719149576,527.310425019916,995.46529949094,917.473125084844,"EFR3A"
"ENSG00000256294",20.2466728056806,-0.364601527188161,0.485613757648362,-0.750805596929097,0.452769660571093,0.844757446341585,19.3417354603181,11.6913784026514,16.5071852178791,45.2766031521344,24.785689452205,15.4452142879992,10.4762460544197,12.4637009550162,27.101673075146,19.3773019990371,"ZNF225"
"ENSG00000119321",179.613235058846,-0.193370550706352,0.257564746453995,-0.750764820762811,0.452794204565161,0.844757446341585,152.799710136513,189.660138531901,145.263229917336,288.864728110618,196.908532870295,172.793334846991,147.54046526641,127.513248232089,175.118502947097,199.670459729208,"FKBP15"
"ENSG00000161654",333.109127547889,-0.161580477644487,0.215230257260585,-0.75073309720044,0.452813300134662,0.844757446341585,347.18415151271,446.870463390232,385.442774837477,243.588124958483,367.65439354104,349.447973265982,295.08093053282,288.58261441999,346.067517728787,261.17233129137,"LSM12"
"ENSG00000149657",442.156066207764,-0.155749230078052,0.207533008554129,-0.750479314896213,0.452966077332603,0.844924275997891,500.950948422239,535.205322432487,499.342352840843,348.629844271435,477.813013328618,470.113709890976,405.954534608762,329.808702194275,502.423323931553,351.318910156455,"LSM14B"
"ENSG00000198795",306.747358114262,0.261199935827008,0.348319233240363,0.749886629564215,0.453322987820358,0.845471778570846,321.072808641281,296.181586200502,308.684363574339,171.145559915068,285.035428700357,337.864062549982,424.287965203996,200.377961507568,166.779526616283,556.044318233239,"ZNF521"
"ENSG00000130254",172.848013776319,-0.221929149822562,0.296121731988498,-0.749452423948344,0.453584563758412,0.845787983431649,170.207272050799,181.865886263466,187.356552222928,217.327695130245,125.305430008369,105.220522336995,257.541048837817,202.295453962186,105.279576176529,176.080700773859,"SAFB2"
"ENSG00000173320",8.46427703062021,0.854161388871496,1.13994299400201,0.749301845237701,0.453675295888834,0.845787983431649,4.83543386507953,9.09329431317332,9.07895186983351,0,0,2.89597767899985,1.74604100906994,22.0511632281056,2.08474408270354,32.8571642592368,"STOX2"
"ENSG00000186104",37.7335201721546,-0.390853709945975,0.521632491371482,-0.749289425814596,0.453682779745821,0.845787983431649,31.9138635095249,12.9904204473905,25.5861370877126,105.041719312952,30.2936204415838,46.3356428639976,33.1747791723289,19.1749245461788,45.8643698194779,26.9597245203995,"CYP2R1"
"ENSG00000100883",158.623756963808,-0.245567478899781,0.32783252615051,-0.749063803348908,0.453818750380797,0.84582598125529,120.885846626988,145.492709010773,191.483348527398,242.682592895441,95.0118095667857,125.492366089993,128.334014166641,105.462085003983,180.330363153856,251.06243459622,"SRP54"
"ENSG00000130830",81.6134718394153,-0.170046636937055,0.227017877344728,-0.749045136559171,0.45383000088947,0.84582598125529,108.313718577781,71.4473124606475,70.1555371759862,99.6085269346958,74.3570683566149,81.0873750119958,71.5876813718676,73.8234595027882,82.3473912667898,83.4066477349858,"MPP1"
"ENSG00000151718",647.576116527049,-0.200670554138478,0.268016530143467,-0.748724543337162,0.454023247566492,0.846067912923614,634.408923098434,743.052049590734,645.430942019073,786.001830721054,649.935856746708,704.687901889963,330.001750714219,441.023264562111,849.533213701692,691.685432226499,"WWC2"
"ENSG00000189403",1198.74725636195,-0.183804045276951,0.245598963047362,-0.748390966298606,0.454224369855889,0.846210754043952,1237.87106946036,1213.30526978627,1682.90753296277,1032.30655186867,795.896027965248,1157.42574570694,1087.78354865057,894.510230079239,1212.27868409211,1673.18790304729,"HMGB1"
"ENSG00000110422",663.577900026107,-0.181883329319805,0.243046887255338,-0.748346672420964,0.454251079565835,0.846210754043952,585.087497674623,919.721767675244,623.97160123583,728.953310749365,705.015166640497,678.624102778965,386.748083508992,520.599201428753,791.160379385993,695.897889182811,"HIPK3"
"ENSG00000048162",170.873157702521,-0.193815450364963,0.259015341324722,-0.748277879502052,0.454292564230507,0.846210754043952,215.660350382547,168.875465816076,207.165174484383,147.601726275958,126.682412755714,213.337022352989,182.461285447809,111.214562367837,204.304920104947,131.428657036947,"NOP16"
"ENSG00000079819",448.917963248221,-0.188552318563445,0.252029952378623,-0.748134564102064,0.454378995555477,0.846210754043952,546.404026753987,414.394412271756,311.160441357021,665.566066336376,502.598702780823,417.986111668978,304.684156082705,395.003445651282,428.414908995577,502.967360583702,"EPB41L2"
"ENSG00000198517",91.2851856871243,0.244849352022174,0.327332298365893,0.748014642137395,0.454451325779493,0.846210754043952,65.7619005650816,118.212826071253,64.3780223497285,81.497885673842,88.1268958300621,88.8099821559954,68.9686198582627,136.141964277869,59.4152063570509,141.538553732097,"MAFK"
"ENSG00000171100",43.7551400965488,-0.270296754739407,0.361375663340931,-0.747966125445481,0.454480590178963,0.846210754043952,58.9922931539702,45.4664715658666,56.1244297407889,34.4102183956222,33.0475859362733,44.4049910779977,25.3175946315142,23.9686556827235,63.5846945224579,52.234466258274,"MTM1"
"ENSG00000090316",328.244501231702,-0.174196752592141,0.233028105152001,-0.747535377668349,0.454740456088558,0.846325964687302,324.941155733344,487.140766777142,361.507356271552,237.249400517185,296.051290679115,256.776687537987,337.858935255034,283.788883283446,309.584496281476,387.546039980742,"MAEA"
"ENSG00000197892",8.66308037824092,0.424364092324252,0.567700636985135,0.747513856207571,0.454753441970124,0.846325964687302,7.73669418412724,10.3923363579124,5.77751482625769,5.43319237825613,5.50793098937888,10.6185848229995,11.3492665589546,6.71122359116257,6.25423224811062,16.8498278252497,"KIF13B"
"ENSG00000137198",27.6890719403383,0.427137247465604,0.571456599261617,0.747453521435418,0.454789848614833,0.846325964687302,33.8480370555567,23.3827568053028,27.2368556095005,7.24425650434151,52.3253443990994,19.306517859999,39.2859227040737,17.2574320915609,7.29660428946239,49.7069920844865,"GMPR"
"ENSG00000164961",313.792413290273,-0.201239936036784,0.269266661040752,-0.747362986784048,0.454844481268884,0.846325964687302,387.801795979378,462.4589679271,313.636519139703,198.311521806349,356.638531562282,283.805812541985,275.874479433051,200.377961507568,308.542124240124,350.476418765193,"WASHC5"
"ENSG00000158195",1877.74067951162,-0.171090014891186,0.228932675407907,-0.747337681640866,0.454859752184043,0.846325964687302,1781.3738358953,2676.02661216243,1904.10381488235,1690.6283617007,1737.75222714904,2523.36188430187,1363.65802808362,1535.91145614892,1981.54925060971,1583.04132418221,"WASF2"
"ENSG00000186130",69.5550175906354,-0.219557218926354,0.293894160667738,-0.74706220235037,0.455026014577597,0.846375251489,74.4656815222247,75.3444385948647,75.9330520022439,78.7812894847139,45.4404306623758,61.7808571519968,39.2859227040737,73.8234595027882,72.9660428946239,97.729001386448,"ZBTB6"
"ENSG00000074071",413.749129850972,0.252258000647401,0.337729595838183,0.74692299329392,0.455110045636798,0.846375251489,544.469853207955,432.581000898102,378.839900750325,129.491085015105,418.602755192795,388.06100898598,534.288548775402,546.485349566095,336.686169356622,427.985626761341,"MRPS34"
"ENSG00000105829",422.067761171338,0.15380038429828,0.205942858247851,0.746810963035108,0.455177677046003,0.846375251489,494.181341011128,318.265300961066,482.00980836207,286.14813192149,447.519392887034,416.055459882978,457.462744376325,437.188279652876,411.736956333949,470.110196324466,"BET1"
"ENSG00000168014",128.186863753295,-0.266263234375016,0.356663196491186,-0.746539696258221,0.45534146119156,0.846375251489,89.9390698904792,172.772591950293,103.169907611744,204.650246247648,103.273706050854,129.353669661993,83.8099684353572,84.3696680031865,217.85575664252,92.6740530388731,"C2CD3"
"ENSG00000108592",213.315617901274,-0.231381742447701,0.30997992109977,-0.746441065043142,0.455401020494094,0.846375251489,171.174358823815,164.978339681859,205.514455962595,394.811979486612,147.337153965885,203.683763422989,301.192074064565,172.574320915609,190.754083567374,181.135649121434,"FTSJ3"
"ENSG00000143933",7660.47630670232,0.205658551405073,0.275534141720157,0.746399521021782,0.455426108519105,0.846375251489,8222.17174418123,6705.65503494295,9576.64350415256,3557.83547569473,6836.71934056653,8738.12998343555,8701.39536870006,5831.09455449296,8917.49281376439,9517.62524709227,"CALM2"
"ENSG00000146085",85.5160250271431,-0.173616345223376,0.232618898137873,-0.746355290190027,0.455452819937478,0.846375251489,94.7745037555587,84.437732908038,89.9641594374411,97.7974628086104,82.6189648406832,65.6421607239966,83.8099684353572,61.359758547772,88.6016235149004,106.153915299073,"MUT"
"ENSG00000131374",650.065502745923,-0.182787731225122,0.244911251566355,-0.746342726420629,0.455460407477671,0.846375251489,780.439025823836,862.563917706726,678.445312454831,479.026461349582,769.733355765698,640.976392951967,442.62139579923,493.754307064103,567.050390495363,786.044468047897,"TBC1D5"
"ENSG00000174945",11.5806821610455,0.42621423292908,0.571117067785924,0.746281729210799,0.455497246062595,0.846375251489,4.83543386507953,19.4856306710857,4.95215556536373,9.96085269346958,9.63887923141304,15.4452142879992,8.73020504534971,9.58746227308938,10.4237204135177,22.747267564087,"AMZ1"
"ENSG00000140563",13.5414120523803,0.542822705400072,0.727407774682707,0.746242649986591,0.455520848405791,0.846375251489,15.4733883682545,3.89712613421714,13.2057481743033,9.96085269346958,2.75396549468944,9.6532589299995,7.85718454081474,27.8036405919592,5.21186020675885,39.5970953893367,"MCTP2"
"ENSG00000145681",188.596562486144,-0.848065007012189,1.13764750100719,-0.745454990461788,0.455996711086133,0.846960636010243,200.186962014292,3.89712613421714,57.7751482625769,766.985657397158,27.5396549468944,30.8904285759984,119.603809121291,81.4934293212597,137.593109458434,460.000299629316,"HAPLN1"
"ENSG00000104343",344.357552124525,0.14844850916113,0.199143273235819,0.745435719464859,0.456008357117591,0.846960636010243,341.381630874615,306.573922558415,368.110230358704,277.092811291063,297.428273426459,392.88763845098,276.747499937586,384.457237150884,449.262349822613,349.63392737393,"UBE2W"
"ENSG00000244165",33.9479761836041,-0.41275806280478,0.553742130595823,-0.745397613796614,0.456031385988548,0.846960636010243,30.946776736509,12.9904204473905,18.157903739667,96.8919307455677,45.4404306623758,29.9251026829984,42.7780047222136,23.0099094554145,25.0169289924425,14.3223536514622,"P2RY11"
"ENSG00000178531",77.7240147120945,0.420848665921198,0.564669578475287,0.745300759884335,0.456089921858406,0.846960636010243,53.1897725158748,131.203246518644,56.9497890016829,18.1106412608538,48.1943961570652,38.613035719998,121.349850130361,118.884532186308,28.1440451164978,162.600838513659,"CTXN1"
"ENSG00000240225",235.858252308194,0.184704430639587,0.247969078144789,0.744868803890693,0.456351035754147,0.847327546130176,190.516094284133,196.155348755596,308.684363574339,176.578752293324,159.729998691988,289.597767899985,233.096474710837,282.830137056137,276.228590958219,245.164994857383,"ZNF542P"
"ENSG00000104687",348.631075988836,-0.189090041038404,0.254160892406256,-0.743977719184898,0.456889954671319,0.847917640767175,345.249977966678,565.083289461485,336.746578444734,259.887702093252,296.051290679115,397.714267915979,277.620520442121,295.293838011153,416.948816540708,295.714478333132,"GSR"
"ENSG00000157184",45.3350212333883,-0.233337435254479,0.313654304790674,-0.743931875604904,0.456917690067668,0.847917640767175,46.4201651047635,72.7463545053866,42.9186815664857,38.0323466477929,44.063447915031,30.8904285759984,34.0477996768639,38.3498490923575,46.9067418608296,58.9743973883738,"CPT2"
"ENSG00000122420",144.817872008011,-0.170446618771247,0.229116851603859,-0.743928775112305,0.456919565901901,0.847917640767175,189.549007511117,118.212826071253,177.4522410922,134.924277393361,121.174481766335,165.070727702991,111.746624580476,120.802024640926,158.440550285469,150.805959035984,"PTGFR"
"ENSG00000118640",7.48976770609882,0.503343648892161,0.676770291265152,0.74374371243633,0.457031538818358,0.847917640767175,4.83543386507953,3.89712613421714,4.12679630446978,10.8663847565123,12.3928447261025,2.89597767899985,10.4762460544197,15.339939636943,4.16948816540708,5.89743973883738,"VAMP8"
"ENSG00000110497",98.830279746423,-0.213539379455628,0.287125895321172,-0.743713412601703,0.45704987332356,0.847917640767175,74.4656815222247,120.810910160731,93.2655964810169,142.168533897702,121.174481766335,88.8099821559954,113.492665589546,56.5660274112273,82.3473912667898,95.2015272126606,"AMBRA1"
"ENSG00000076924",141.278732190353,0.191058059739962,0.256941626769462,0.743585467805052,0.457127297593519,0.847917640767175,82.202375706352,145.492709010773,108.122063177108,185.634072923751,136.321291987127,139.006928591993,160.635772834435,170.656828460991,127.169389044916,157.545890166084,"XAB2"
"ENSG00000099725",193.553651064478,-1.13998810852304,1.53350886477902,-0.743385405005345,0.457248377978697,0.847917640767175,183.746486873022,0,122.978529873199,844.861414818829,185.892670891537,185.34257145599,155.397649807225,169.698082233682,0,87.6191046912982,"PRKY"
"ENSG00000159216",1626.65554340715,-0.173099912151229,0.232880638837453,-0.743298854792518,0.457300764777419,0.847917640767175,1380.0328250937,1800.47227400832,1346.98631377893,2452.1808267196,1936.03774276668,1642.01934399291,1784.45391126948,1302.93612291285,1285.24472698673,1336.1913465423,"RUNX1"
"ENSG00000145349",701.73924134447,-0.252902770586507,0.340247163803493,-0.743291340798857,0.457305312979236,0.847917640767175,948.712124328603,1041.83171988071,726.31614958668,390.284319171399,711.90008037722,477.836317034975,332.620812227824,608.803854341176,842.23660941223,936.850427083881,"CAMK2D"
"ENSG00000100605",756.695127458298,0.160880961343253,0.216479201090452,0.743170524155952,0.457378446482737,0.847917640767175,736.92012103812,872.956254064639,792.344890458197,425.600069630064,751.832580050217,779.01799565096,883.496750589391,835.067963986085,778.651914889772,711.062734225536,"ITPK1"
"ENSG00000223546",12.1641054691097,0.366894649203542,0.493697059225098,0.743157453235424,0.457386359049666,0.847917640767175,4.83543386507953,12.9904204473905,8.25359260893955,15.3940450717257,16.5237929681366,16.4105401809991,8.73020504534971,9.58746227308938,14.5932085789248,14.3223536514622,"LINC00630"
"ENSG00000165704",334.480295999625,-0.188529635541915,0.253712942748121,-0.743082451765505,0.457431763164117,0.847917640767175,470.971258458746,300.07871233472,414.330348968765,258.076637967166,311.198100899907,419.916763454978,300.31905356003,217.635393599129,370.042074679878,282.234616072932,"HPRT1"
"ENSG00000197798",121.219531246864,0.185314961188297,0.24942317601072,0.742974105903983,0.457497357652073,0.847921381184783,131.523801130163,129.904204473905,122.153170612305,65.1983085390736,111.535602534922,139.006928591993,114.365686094081,115.049547277073,146.9744578306,136.483605384522,"FAM118B"
"ENSG00000182612",13.3980870064829,0.359953359166663,0.484607957153259,0.742772283973924,0.457619558273124,0.847964884231828,14.5063015952386,10.3923363579124,8.25359260893955,12.6774488825976,17.9007757154814,7.7226071439996,19.2064510997694,19.1749245461788,7.29660428946239,16.8498278252497,"TSPAN10"
"ENSG00000182742",24.8266059653118,0.334007331949351,0.449879463166142,0.742437384446688,0.457822376114587,0.847964884231828,7.73669418412724,25.9808408947809,27.2368556095005,25.3548977651953,16.5237929681366,26.0637991109986,27.9366561451191,34.5148641831218,15.6355806202765,41.2820781718617,"HOXB4"
"ENSG00000113742",174.22333984661,-0.21891170525123,0.294867125961524,-0.742407972870447,0.457840190410515,0.847964884231828,165.37183818572,206.547685113508,205.514455962595,183.823008797666,145.96017121854,236.504843784988,92.5401734807069,107.379577458601,215.771012559816,182.820631903959,"CPEB4"
"ENSG00000262468",12.2139672542486,0.426041589457668,0.573864670465197,0.742407768563801,0.457840314158357,0.847964884231828,8.70378095714315,6.49521022369523,14.0311074351972,10.8663847565123,19.2777584628261,11.5839107159994,22.6985331179092,18.2161783188698,5.21186020675885,5.0549483475749,"LINC01569"
"ENSG00000188811",56.0852964418883,-0.332434077514047,0.447850620802975,-0.742287856870687,0.457912947501673,0.847964884231828,38.6834709206362,36.3731772526933,33.0143704357582,147.601726275958,39.9324996729969,58.8848794729969,44.5240457312835,66.1534896843167,55.2457181916438,40.4395867805992,"NHLRC3"
"ENSG00000089351",420.92845465444,-0.188920304016505,0.254523778174291,-0.742250116557432,0.457935809038028,0.847964884231828,394.571403390489,528.710112208792,449.820797187206,443.710710890918,539.77723695913,266.429946467986,372.779755436433,473.620636290615,475.321650856407,264.54229685642,"GRAMD1A"
"ENSG00000158669",545.06381109269,0.146180191854489,0.196972526315337,0.742134929114258,0.458005588834478,0.847964884231828,488.378820373032,424.786748629668,487.787323188327,646.54989301248,633.412063778571,652.560303667966,553.494999875172,519.640455201444,616.041876438896,427.985626761341,"GPAT4"
"ENSG00000135334",405.55787874889,-0.20637756718514,0.278147138552532,-0.741972641743222,0.458103911580633,0.847964884231828,441.958655268269,553.391911058834,557.942860364314,210.988970688947,305.690169910528,337.864062549982,426.034006213066,363.364820150087,403.397980003135,454.945351281741,"AKIRIN2"
"ENSG00000013364",734.734172695823,0.168554144650633,0.22719041078542,0.741906949628396,0.458143714896318,0.847964884231828,528.029378066684,732.659713232822,723.014712543105,752.497144388475,718.784994113944,513.553375075973,955.084431961258,735.358356345955,694.219779540279,994.13984168973,"MVP"
"ENSG00000183337",122.965039916694,-0.166632711981915,0.224615524000739,-0.741857503942454,0.458173675665787,0.847964884231828,95.7415905285746,153.286961279207,128.756044699457,148.507258339001,140.452240229161,110.047151801994,97.7782965079168,106.420831231292,110.491436383288,138.168588167047,"BCOR"
"ENSG00000132510",381.387599255786,-0.263223215266485,0.354853140474426,-0.741780712197064,0.458220208492073,0.847964884231828,233.067912296833,743.052049590734,415.981067490553,303.353241119301,582.463702126816,279.944508969985,354.446324841198,363.364820150087,218.898128683872,319.304237288481,"KDM6B"
"ENSG00000103888",3313.37047968935,0.288951107386808,0.389814044853152,0.741253711101299,0.458539622273384,0.848207240084798,2270.71974304135,2564.30899631488,2480.20457898634,4381.86965306357,3761.91686574577,1271.33420108093,3188.27088256171,5979.70021972585,2078.48985045543,5156.88980591766,"CEMIP"
"ENSG00000166548",475.635611674712,0.206577637103396,0.278701296817266,0.741215198718078,0.458562969407029,0.848207240084798,546.404026753987,559.887121282529,408.552834142508,227.288547823715,660.951718725466,515.484026861973,405.081514104227,453.486965517128,405.482724085838,573.736637449751,"TK2"
"ENSG00000167491",1063.64024429521,-0.182652270742546,0.246480524622073,-0.741041390684337,0.458668344311315,0.848207240084798,1126.65609056353,1538.06578097103,1136.51970225098,780.568638342798,1199.35197293725,1303.18995554993,807.543966694848,754.533280892134,1102.82961975017,887.143434999395,"GATAD2A"
"ENSG00000139722",379.295499636769,0.169252824147331,0.228399026497222,0.741040041820799,0.458669162142278,0.848207240084798,389.73596952541,397.506865690148,392.045648924629,232.721740201971,425.487668929518,492.316205429975,448.732539330975,313.510016330023,373.169190803934,327.729151201106,"VPS37B"
"ENSG00000134138",729.196932191622,-0.23586790391493,0.318365550755983,-0.740871313981189,0.458771470154304,0.848278815672806,965.152599469874,998.963332404326,506.770586188888,735.292035190663,1301.24869624076,583.05683937197,551.748958866102,588.670183567688,515.974160469126,545.091930146827,"MEIS2"
"ENSG00000188690",1181.57944052841,0.169455058209338,0.228835193248064,0.740511351440788,0.458989775945395,0.848464936479086,1160.50412761909,867.760085885683,1305.71835073424,1062.18910994907,1484.38740163761,789.636580473959,1590.64335926272,1256.91630400202,1110.12622403963,1187.9128616801,"UROS"
"ENSG00000093009",33.1052724849404,-0.561988305924924,0.758995607839245,-0.740436835365657,0.459034974837764,0.848464936479086,35.7822106015885,50.6626397448228,56.1244297407889,21.7327695130245,9.63887923141304,85.9140044769955,4.36510252267486,2.87623868192681,47.9491139021814,16.0073364339872,"CDC45"
"ENSG00000075239",271.211897780558,0.162973624332005,0.220118421238399,0.740390665238766,0.459062981302623,0.848464936479086,281.422250947628,249.416072589897,276.495352399475,205.55577831069,247.85689452205,222.024955389988,282.858643469331,295.293838011153,250.169289924425,401.025902240942,"ACAT1"
"ENSG00000149451",358.637440178113,-0.360755481559382,0.487345849994703,-0.740245313596706,0.459151156808073,0.848510319848867,242.738780026992,270.200745305722,168.373289222367,972.541435707848,396.571031235279,220.094303603989,463.57388790807,466.909412699453,129.254133127619,256.117382943795,"ADAM33"
"ENSG00000213689",57.6462625431136,0.215052881623215,0.290589136575102,0.740058228459049,0.459264663309826,0.848602495783202,59.9593799269861,59.7559340579961,48.6961963927434,42.5600069630064,63.3412063778571,54.0582500079972,78.5718454081474,65.1947434570078,34.3982773646084,69.9267854747861,"TREX1"
"ENSG00000100416",203.513431512079,-0.169629142423813,0.229407862113535,-0.739421660883889,0.459650993193727,0.848820841795822,210.824916517467,179.267802173988,192.308707788292,289.77026017366,148.71413671323,178.585290204991,248.810843792467,189.83175300717,225.152360931982,171.868243817547,"TRMU"
"ENSG00000042088",94.8717023987589,-0.268760479164971,0.363504733385226,-0.739358953216576,0.459689060026042,0.848820841795822,99.6099376206383,136.3994146976,130.406763221245,56.1429879086467,96.3887923141304,124.527040196994,51.5082097675633,49.8548038200648,122.999900879509,80.8791735611984,"TDP1"
"ENSG00000063322",441.740427774354,0.187932152795163,0.254192261017233,0.739330741396656,0.459706186651244,0.848820841795822,445.827002360332,515.719691761401,459.725108317933,210.083438625904,552.170081685233,423.778067026978,442.62139579923,441.023264562111,415.906444499356,510.549783105065,"MED29"
"ENSG00000107833",201.0216780267,-0.225071031463757,0.304450055937961,-0.739270783742675,0.459742586491446,0.848820841795822,288.19185835874,207.846727158247,219.545563397792,164.806835473769,162.483964186677,206.579741101989,261.033130855956,154.358142596739,250.169289924425,95.2015272126606,"NPM3"
"ENSG00000163348",247.990035559668,0.162387606611189,0.219730969956433,0.739029216697974,0.459889256369996,0.848820841795822,235.969172615881,307.872964603154,225.32307822405,157.562578969428,313.952066394596,240.366147356988,271.509376910376,255.985242691486,226.194732973334,245.164994857383,"PYGO2"
"ENSG00000064703",77.0522917753681,-0.272122270037364,0.368262782723103,-0.738935029016962,0.459946450470582,0.848820841795822,58.9922931539702,67.5501863264304,80.0598483067136,136.735341519446,53.7023271464441,62.7461830449967,59.365394308378,46.978565138138,134.465993334378,69.9267854747861,"DDX20"
"ENSG00000203772",36.1410544546186,0.286415654063487,0.387779512985134,0.738604398821005,0.460147252364218,0.848820841795822,30.946776736509,36.3731772526933,18.983263000561,41.6544748999637,45.4404306623758,30.8904285759984,46.2700867403535,61.359758547772,20.8474408270354,28.6447073029244,"SPRN"
"ENSG00000130021",190.148489435098,-0.302965776661903,0.410325826732884,-0.738354149126299,0.46029926931385,0.848820841795822,152.799710136513,275.396913484678,373.062385924068,57.0485199716894,139.075257481817,210.441044673989,165.00087535711,147.646919005576,225.152360931982,155.860907383559,"PUDP"
"ENSG00000121236",15.3758707784995,-0.394830264275235,0.534896413736855,-0.738143412697235,0.460427305280837,0.848820841795822,10.637954503175,9.09329431317332,23.1100593050307,28.0714939543234,27.5396549468944,10.6185848229995,6.98416403627977,9.58746227308938,10.4237204135177,17.6923192165121,"TRIM6"
"ENSG00000239789",63.600520257246,0.215846778503491,0.292474929751306,0.738000958533531,0.46051386665248,0.848820841795822,64.7948137920657,64.9521022369523,71.8062556977741,30.7880901434514,59.2102581358229,61.7808571519968,85.5560094444272,69.9884745935525,69.8389267705686,57.2894146058489,"MRPS17"
"ENSG00000083544",136.921517814323,0.161390232655101,0.218725503387138,0.737866550337505,0.460595547287034,0.848820841795822,121.852933400004,114.315699937036,135.358918786609,138.546405645531,166.614912428711,139.972254484993,151.03254728455,149.564411460194,158.440550285469,93.5165444301356,"TDRD3"
"ENSG00000094975",151.374774372592,-0.289730249059886,0.39284190361128,-0.737523788568585,0.460803882257278,0.848820841795822,129.589627584131,88.3348590422551,117.201015046942,344.102183956222,99.1427578088198,157.348120558992,97.7782965079168,166.821843551755,202.220176022243,111.208863646648,"SUCO"
"ENSG00000163026",37.4156319989856,0.261258681145737,0.354313692676075,0.737365466100088,0.460900130455256,0.848820841795822,36.7492973746044,46.7655136106057,34.6650889575461,16.2995771347684,38.5555169256522,34.7517321479982,37.5398816950038,27.8036405919592,47.9491139021814,53.0769576495364,"WDCP"
"ENSG00000129347",108.865200078336,-0.285352563262281,0.38706919991113,-0.737213302757742,0.460992644955651,0.848820841795822,99.6099376206383,85.736774952777,80.0598483067136,222.760887508501,60.5872408831677,134.180299126993,152.77858829362,112.173308595146,75.0507869773274,65.7143285184737,"KRI1"
"ENSG00000159720",420.506393971051,0.181712059789529,0.246510039504879,0.737138577213737,0.461038081487705,0.848820841795822,491.28008069208,402.703033869104,431.662893447539,231.816208138928,355.261548814938,480.732294713975,493.256585062259,349.942372967762,432.584397160984,535.824524842939,"ATP6V0D1"
"ENSG00000143368",234.526872605679,-0.158444686263132,0.214951001305468,-0.737120019450223,0.461049365840591,0.848820841795822,203.08822233334,303.975838468937,293.827896878248,201.028117995477,191.400601880916,232.643540212988,225.239290170023,197.501722825641,212.643896435761,283.919598855457,"SF3B4"
"ENSG00000197044",33.284930967246,-0.266135780082135,0.361048348352579,-0.737119505729582,0.46104967821906,0.848820841795822,32.8809502825408,25.9808408947809,33.8397296966522,55.237455845604,22.0317239575155,27.0291250039986,21.8255126133743,28.7623868192681,44.8219977781261,40.4395867805992,"ZNF441"
"ENSG00000129493",160.317720191677,0.2185998858677,0.296599737090377,0.737019823456858,0.461110294326489,0.848820841795822,110.247892123813,137.698456742339,135.358918786609,201.028117995477,115.666550776956,134.180299126993,123.095891139431,217.635393599129,177.203247029801,251.06243459622,"HEATR5A"
"ENSG00000141458",83.7358311288976,-0.285999742321879,0.388057697552759,-0.737003141866539,0.461120438722337,0.848820841795822,53.1897725158748,68.8492283711694,84.1866446111834,169.334495788983,33.0475859362733,83.0180267979957,73.3337223809376,97.7921151855117,102.152460052473,72.4542596485736,"NPC1"
"ENSG00000127989",65.2571083995678,0.201003729487582,0.272857395002932,0.736662202193282,0.461327798015045,0.848820841795822,57.0581196079384,48.0645556553447,51.1722741754252,83.3089497999274,57.8332753884782,57.919553579997,78.5718454081474,66.1534896843167,61.4999504397544,90.9890702563482,"MTERF1"
"ENSG00000231770",24.5583995137882,-0.267842478607609,0.363650909426719,-0.736537353996589,0.4614037436385,0.848820841795822,19.3417354603181,18.1865886263466,31.3636519139703,39.8434107738783,26.1626721995497,23.1678214319988,26.1906151360491,19.1749245461788,17.7203247029801,24.432250346612,"TMEM44-AS1"
"ENSG00000118507",67.4111640534961,0.196694759907078,0.267069716640366,0.736492187813063,0.461431220116636,0.848820841795822,63.8277270190498,67.5501863264304,70.9808964368801,46.1821352151771,50.9483616517546,88.8099821559954,55.8733122902382,67.1122359116257,80.2626471840863,82.5641563437233,"AKAP7"
"ENSG00000184209",78.2923199688214,0.16601017505616,0.22542149471757,0.736443413544718,0.461460892570093,0.848820841795822,72.5315079761929,67.5501863264304,72.6316149586681,78.7812894847139,92.2578440720962,81.0873750119958,95.1592349943119,78.6171906393329,58.3728343156991,85.9341219087733,"SNRNP35"
"ENSG00000106479",115.619352250548,-0.297614964298613,0.404134875787279,-0.736424847568131,0.461472187700811,0.848820841795822,77.3669418412724,85.736774952777,70.9808964368801,286.14813192149,117.043533524301,108.116500015994,86.4290299489622,142.853187869032,85.4745073908451,96.0440186039231,"ZNF862"
"ENSG00000205571",37.7457048490675,-0.439135831842562,0.596326293616283,-0.736401927172327,0.461486132177163,0.848820841795822,33.8480370555567,31.1770090737371,47.0454778709554,67.009372665159,44.063447915031,29.9251026829984,47.1431072448884,23.9686556827235,1.04237204135177,52.234466258274,"SMN2"
"ENSG00000116489",1511.26528102081,-0.191776700994511,0.260433202939871,-0.736375772480857,0.461502044645257,0.848820841795822,1733.0194972445,1735.52017177137,1896.67558153431,1168.13636132507,1175.94326623239,1342.76831716293,940.243083384164,1215.69021622773,2010.73566776756,1893.92064755806,"CAPZA1"
"ENSG00000070413",156.536842442979,0.236541963560948,0.32125434308074,0.736307441924602,0.461543618281221,0.848820841795822,147.964276271434,116.913784026514,88.3134409156532,212.800034815032,119.797499018991,128.388343768993,203.413777556648,253.10900400956,121.957528838157,172.710735208809,"DGCR2"
"ENSG00000163959",13.7444433852098,0.400648402632666,0.544203066108714,0.736211218906711,0.461602165778647,0.848820841795822,9.67086773015905,12.9904204473905,5.77751482625769,18.1106412608538,5.50793098937888,8.68793303699955,14.8413485770945,26.8448943646503,15.6355806202765,19.3773019990371,"SLC51A"
"ENSG00000196459",111.818084062993,-0.215329147643895,0.292484945115097,-0.736205918424827,0.461605391010555,0.848820841795822,85.1036360253997,183.164928308205,105.645985394426,115.002572006422,99.1427578088198,72.3994419749963,96.9052760033818,91.0808915943491,150.101573954655,119.633777559273,"TRAPPC2"
"ENSG00000166770",204.974185511413,0.269297196212542,0.365838436002056,0.736109631222643,0.461663981941768,0.848820841795822,254.343821303183,131.203246518644,171.674726265943,172.956624041154,190.023619133571,187.27322324199,213.890023611068,174.491813370227,107.364320259232,446.520437369116,"ZNF667-AS1"
"ENSG00000107758",1046.41608603929,-0.111873537770895,0.151982035904973,-0.736097112430079,0.461671599954054,0.848820841795822,1231.10146204925,949.599734704243,1133.2182652074,1065.81123820125,1130.50283557001,1080.19967426694,996.989416178937,898.345214988475,1081.98217892314,896.410840303282,"PPP3CB"
"ENSG00000012983",696.757362955324,-0.147548412510542,0.20044802067831,-0.736093137818187,0.461674018623896,0.848820841795822,805.583281922249,680.69803144326,769.234831153166,703.598412984169,654.066804988742,759.711477790961,485.399400521444,533.062902383769,825.558656750601,750.659829614872,"MAP4K5"
"ENSG00000176171",4075.71283371037,0.124187808139533,0.168769152320602,0.735844237124683,0.461825496213007,0.848957471431338,4032.75184347633,4125.75753409121,3978.23163750886,3331.45245993405,4701.01909943487,4624.87635336276,3867.48083508992,4910.69817627638,3853.64943687749,3331.21096105186,"BNIP3"
"ENSG00000164144",214.51276843862,-0.201457392298851,0.27380787881531,-0.735761853057338,0.461875640151893,0.848957471431338,223.397044566674,228.631399874072,293.002537617354,186.539604986794,133.567326492438,207.545066994989,161.50879333897,173.533067142918,214.728640518465,322.674202853531,"ARFIP1"
"ENSG00000009307",6706.54344063374,0.120449941524181,0.163731280644092,0.735656259758978,0.461939915080734,0.84895861202036,5986.26712496845,5823.60548656514,6398.18499044994,7285.00544717843,7101.10002805672,8227.47258603857,5329.790180186,6888.59164321472,7128.78239080475,6896.63452887469,"CSDE1"
"ENSG00000185896",1024.81186667792,0.241927764785483,0.32895526426053,0.735442751856611,0.46206989317806,0.849080485714492,775.603591958756,714.473124606475,732.919023673832,1471.48960244437,911.562578742204,653.525629560966,1507.7064113319,1675.88840533602,744.253637525164,1060.69666159947,"LAMP1"
"ENSG00000228265",14.0074219067057,0.363920758677373,0.494978520275064,0.735225355789456,0.462202259261757,0.849206713290267,15.4733883682545,6.49521022369523,17.3325444787731,8.1497885673842,15.1468102207919,14.4798883949993,23.5715536224442,20.1336707734877,8.33897633081416,10.9523880864123,"RALY-AS1"
"ENSG00000106992",90.9840896352424,0.21089351416862,0.286962377887522,0.734916945284313,0.462390077664253,0.849306879745663,67.6960741111134,81.8396488185599,93.2655964810169,89.6476742412262,108.781637040233,77.226071439996,142.3023422392,97.7921151855117,55.2457181916438,96.0440186039231,"AK1"
"ENSG00000178440",10.7926103050385,-0.432519481875676,0.588562226702669,-0.734874686571038,0.462415816044715,0.849306879745663,6.76960741111134,12.9904204473905,12.3803889134093,19.0161733238965,6.8849137367236,15.4452142879992,2.61906151360491,16.2986858642519,6.25423224811062,9.26740530388731,"LINC00843"
"ENSG00000141540",8.02817368066065,-0.431795449432868,0.587738886209061,-0.734672249130843,0.462539125059924,0.849306879745663,9.67086773015905,6.49521022369523,9.90431113072746,11.771916819555,6.8849137367236,7.7226071439996,6.1111435317448,14.3811934096341,3.12711612405531,4.21245695631242,"TTYH2"
"ENSG00000130731",656.542914641967,0.272298318885536,0.37064646083054,0.734657814552912,0.462547918173494,0.849306879745663,586.054584447639,876.853380198856,498.516993579949,374.890274099673,527.384392233028,340.760040228982,1155.00612749977,1110.22813122375,564.965646412659,530.769576495364,"METTL26"
"ENSG00000148842",20.1791008091632,-0.3372798793367,0.459125893889866,-0.734613063269323,0.462575179910962,0.849306879745663,16.4404751412704,27.27988293952,11.5550296525154,37.1268145847502,23.4087067048602,13.5145625019993,28.809676649654,15.339939636943,11.4660924548695,16.8498278252497,"CNNM2"
"ENSG00000225921",82.0022607520156,-0.283725185868041,0.386295133535961,-0.73447776385624,0.462657607513409,0.849341295444782,134.425061449211,126.007078339687,72.6316149586681,35.3157504586649,56.4562926411335,51.1622723289973,68.9686198582627,91.0808915943491,71.9236708532721,112.05135503791,"NOL7"
"ENSG00000157379",102.37193699078,0.260907953243112,0.355342524311517,0.734243540788218,0.462800321110712,0.849486358746707,80.2682021603202,75.3444385948647,95.7416742636988,114.097039943379,150.091119460574,42.4743392919978,108.254542562336,111.214562367837,80.2626471840863,165.970804078709,"DHRS1"
"ENSG00000172922",363.506332761729,0.201337779965841,0.274258807318934,0.73411600500292,0.46287803979316,0.849512098076424,320.105721868265,376.722192974323,385.442774837477,252.64344558891,312.575083647251,359.101232195981,603.257168633665,466.909412699453,271.01673075146,287.289564420507,"RNASEH2C"
"ENSG00000206341",26.735483698556,0.327592942276463,0.446393185900639,0.733866359576064,0.46303019159775,0.84967441735542,25.1442560984135,5.19616817895618,29.7129333921824,31.6936222064941,35.8015514309627,33.7864062549982,25.3175946315142,38.3498490923575,18.7626967443319,23.5897589553495,"HLA-H"
"ENSG00000104064",139.144357972036,-0.178385176244393,0.243183812381626,-0.733540503775205,0.463228833404616,0.849708044592206,164.404751412704,128.605162429166,198.911581875443,105.947251375995,119.797499018991,138.041602698993,125.714952653036,103.544592549365,161.567666409524,144.908519297147,"GABPB1"
"ENSG00000065802",920.558209164304,-0.154256090781635,0.210331905238128,-0.73339368369717,0.463318350492786,0.849708044592206,782.373199369868,1187.32442889149,986.304316768276,965.297179203507,868.876113574518,1223.06790643094,718.495875232281,767.955728074459,935.007721092537,770.879623005172,"ASB1"
"ENSG00000232442",19.5790887414318,-0.372744740481,0.508274036456887,-0.733353887362329,0.463342616219011,0.849708044592206,25.1442560984135,18.1865886263466,8.25359260893955,38.9378787108356,26.1626721995497,8.68793303699955,22.6985331179092,12.4637009550162,12.5084644962212,22.747267564087,"MHENCR"
"ENSG00000259863",14.3786697151589,-0.547056130598053,0.746069084928671,-0.733251305608454,0.463405168479651,0.849708044592206,8.70378095714315,45.4664715658666,15.6818259569851,1.81106412608538,5.50793098937888,19.306517859999,6.98416403627977,6.71122359116257,8.33897633081416,25.2747417378745,"SH3RF3-AS1"
"ENSG00000213965",180.053740061104,-0.161268548586839,0.219944284448571,-0.733224548167552,0.463421485394945,0.849708044592206,176.976879461911,244.219904410941,218.720204136898,130.396617078147,150.091119460574,171.828008953991,160.635772834435,195.584230371023,170.94901478169,181.135649121434,"NUDT19"
"ENSG00000160799",248.153364435324,0.222835448752311,0.303917922057828,0.733209306129407,0.463430780262706,0.849708044592206,255.310908076199,265.004577126765,269.892478312323,112.285975817293,300.182238921149,248.088754500987,397.224329563412,202.295453962186,214.728640518465,216.520287554458,"CCDC12"
"ENSG00000196177",101.238698923122,-0.253386452057627,0.345996690103234,-0.732337791965655,0.463962417946907,0.850351554808885,150.865536590481,124.708036294948,100.693829829063,72.4425650434151,95.0118095667857,55.9889017939971,57.6193532993081,94.9158765035849,100.06771596977,160.073364339872,"ACADSB"
"ENSG00000163378",214.112057040415,-0.283635466960999,0.387310615292824,-0.732320405797704,0.463973027243327,0.850351554808885,203.08822233334,127.306120384426,133.708200264821,494.420506421308,196.908532870295,168.932031274991,123.968911643966,235.851571917999,256.423522172535,200.512951120471,"EOGT"
"ENSG00000124641",145.695689830651,-0.186896113656807,0.255266385050281,-0.732161085839772,0.464070252924505,0.850353955843541,175.042705915879,181.865886263466,169.198648483261,103.230655186867,126.682412755714,137.076276805993,97.7782965079168,130.389486914016,146.9744578306,188.718071642796,"MED20"
"ENSG00000144792",16.8439265816708,-0.333269054891553,0.455217619801547,-0.732109304197941,0.464101855333669,0.850353955843541,20.308822233334,12.9904204473905,12.3803889134093,30.7880901434514,20.6547412101708,6.75728125099965,17.4604100906994,16.2986858642519,15.6355806202765,15.1648450427247,"ZNF660"
"ENSG00000100632",1194.89504342516,0.223631846095053,0.305519573786803,0.731972237730035,0.464185512975424,0.850390410240829,1334.57974676195,1161.34358799671,1428.69688060744,418.355813125722,1096.0782668864,1383.31200466893,1532.15098545887,1216.64896245504,1301.92267964836,1075.86150664219,"ERH"
"ENSG00000106012",321.494093565918,0.181774305165012,0.24848198831922,0.731539160623141,0.464449893971624,0.850724036597377,301.731073180962,407.89920204806,278.146070921263,202.839182121562,472.305082339239,282.840486648985,307.30321759631,279.95389837421,313.753984446883,368.168737981705,"IQCE"
"ENSG00000122696",303.680876122679,-0.153051806723165,0.209240105765246,-0.731464965396638,0.464495196408645,0.850724036597377,242.738780026992,444.272379300754,307.859004313445,299.73111286713,276.773532216289,302.147004508984,268.017294892236,329.808702194275,251.211661965776,314.249288940906,"SLC25A51"
"ENSG00000134072",59.3032885395573,0.269264386156671,0.368271594715196,0.731157086293631,0.46468320880909,0.850731869155816,93.8074169825428,46.7655136106057,44.5694000882736,26.260429828238,66.0951718725465,43.4396651849978,75.0797633900075,69.0297283662435,47.9491139021814,80.0366821699359,"CAMK1"
"ENSG00000104812",692.160800122606,-0.216879900678979,0.296698779239313,-0.73097672068292,0.464793372262118,0.850731869155816,478.707952642873,837.882118856685,567.021812234147,1138.25380324466,721.538959608633,417.986111668978,746.4325313774,869.582828169207,501.380951890201,642.820931533275,"GYS1"
"ENSG00000272325",276.462840284204,-0.176996224691937,0.2421475279365,-0.730943760608415,0.464813505139636,0.850731869155816,291.093118677788,437.777169077058,272.368556095005,188.350669112879,282.281463205668,284.771138434985,224.366269665488,255.985242691486,242.872685634962,284.762090246719,"NUDT3"
"ENSG00000137338",50.2621720500659,-0.22319377207569,0.305362067500207,-0.730915185054998,0.46483096022929,0.850731869155816,51.255598969843,50.6626397448228,51.9976334363192,65.1983085390736,56.4562926411335,58.8848794729969,33.1747791723289,38.3498490923575,64.6270665638097,32.0146728679744,"PGBD1"
"ENSG00000247626",17.4807923987337,-0.316947961232048,0.433658509866423,-0.73086992188779,0.464858609526238,0.850731869155816,24.1771693253976,15.5885045368685,22.2847000441368,17.2051091978111,12.3928447261025,25.0984732179987,7.85718454081474,12.4637009550162,16.6779526616283,21.0622847815621,"MARS2"
"ENSG00000070610",359.735020298927,-0.214655296216263,0.293713875586502,-0.730831309169948,0.464882197076373,0.850731869155816,276.586817082549,311.770090737371,304.557567269869,675.526919029846,362.146462551661,328.210803619983,406.827555113297,377.746013559722,323.135332819049,230.84264120592,"GBA2"
"ENSG00000065600",11.2872272605946,0.354908520075395,0.485779527729457,0.73059587696963,0.465026031160827,0.850744675566924,10.637954503175,5.19616817895618,9.07895186983351,13.5829809456403,8.26189648406832,17.3758660739991,12.2222870634896,15.339939636943,9.38134837216593,11.7948794776748,"TMEM206"
"ENSG00000130733",273.893792574373,0.131725440706166,0.180301874928053,0.730582756051367,0.465034047934399,0.850744675566924,280.455164174613,205.248643068769,274.019274616793,275.281747164977,274.019566721599,305.042982187984,330.874771218754,294.335091783844,259.550638296591,240.110046509808,"YIPF2"
"ENSG00000116337",377.72610248691,-0.186384230601854,0.255198696534294,-0.730349461549102,0.465176601794214,0.850744675566924,379.098015022235,310.471048692632,307.859004313445,631.155847940754,408.963875961382,301.181678615984,432.145149744811,287.623868192681,356.491238142305,362.271298242868,"AMPD2"
"ENSG00000119401",159.267423442804,-0.179857117280341,0.246282376753184,-0.730288214899711,0.46521403038937,0.850744675566924,157.635144001593,145.492709010773,141.136433612866,240.871528769355,144.583188471196,177.619964311991,119.603809121291,139.976949187105,130.296505168971,195.458002772896,"TRIM32"
"ENSG00000180263",54.7729701042712,-0.420270301265378,0.57551457159621,-0.730251364617482,0.465236550865417,0.850744675566924,103.478284712702,53.2607238343009,42.0933223055917,58.8595840977748,85.3729303353726,16.4105401809991,14.8413485770945,16.2986858642519,103.194832093825,53.9194490407989,"FGD6"
"ENSG00000110811",158.545857075975,-0.296672980030136,0.406436890564857,-0.729936152246974,0.465429212758077,0.850915614880669,134.425061449211,94.8300692659503,105.645985394426,378.512402351844,145.96017121854,116.804433052994,217.382105629208,176.409305824845,100.06771596977,115.42132060296,"P3H3"
"ENSG00000122779",53.6425143220899,-0.199116377944424,0.273158364742531,-0.728941169830561,0.466037649721091,0.851629920322332,59.9593799269861,64.9521022369523,61.9019445670466,46.1821352151771,46.8174134097205,55.9889017939971,41.9049842176786,35.4736104104307,58.3728343156991,64.8718371272112,"TRIM24"
"ENSG00000107201",49.7842905951428,0.216139758822045,0.296532345378909,0.728891003596461,0.466068338328436,0.851629920322332,51.255598969843,38.9712613421714,49.5215556536373,40.748942836921,78.488016598649,43.4396651849978,34.9208201813988,52.7310425019916,47.9491139021814,59.8168887796363,"DDX58"
"ENSG00000114744",314.785263020482,-0.205105335165917,0.281411441811174,-0.728845045694845,0.466096453522489,0.851629920322332,440.024481722237,376.722192974323,326.016908053112,225.47748369763,268.51163573222,354.274602730982,228.731372188162,187.914260552552,424.24542083017,315.934271723431,"COMMD2"
"ENSG00000085832",617.265938194263,-0.182043033039007,0.249776324992865,-0.728824211198589,0.466109199538797,0.851629920322332,674.059480792086,862.563917706726,732.919023673832,389.378787108356,593.479564105574,605.259334910969,442.62139579923,493.754307064103,665.033362382429,713.590208399323,"EPS15"
"ENSG00000099817",1778.48046585554,0.264370652551467,0.36283525961222,0.728624480525991,0.466231399518722,0.851629920322332,1834.56360841117,2168.10117266947,1860.35977405497,485.365185790881,2284.41437784489,1322.49647340993,2670.56972337248,1925.16242443635,1688.64270698987,1545.12921157539,"POLR2E"
"ENSG00000107669",203.674199455953,-0.22491484867777,0.308726185845761,-0.728525337303709,0.466292064307433,0.851629920322332,282.389337720644,240.322778276723,245.131700485505,124.057892636848,195.53155012295,247.123428607987,116.984747607686,131.348233141324,249.126917883073,204.725408076783,"ATE1"
"ENSG00000160439",47.1791488671317,0.268275875045944,0.36827108523109,0.728473903612609,0.466323537816985,0.851629920322332,33.8480370555567,49.3635977000837,37.141166740228,47.9931993412625,46.8174134097205,65.6421607239966,47.1431072448884,84.3696680031865,33.3559053232566,26.117233129137,"RDH13"
"ENSG00000170604",174.209870622362,-0.290077381319151,0.398212174629148,-0.728449303664053,0.466338591532594,0.851629920322332,230.166651977786,316.966258916327,179.928318874882,56.1429879086467,163.860946934022,94.6019375139951,213.017003106533,190.790499234479,136.550737417082,160.073364339872,"IRF2BP1"
"ENSG00000143653",393.460423499003,0.155941064820009,0.214134021744756,0.728240489528039,0.466466384314052,0.851629920322332,504.819295514303,375.423150929584,308.684363574339,284.337067795404,414.471806950761,499.073486680974,366.668611904688,424.72457869786,403.397980003135,353.00389293898,"SCCPDH"
"ENSG00000170624",1103.79204357113,0.280095470292175,0.384763840439173,0.727967238221949,0.466633641545341,0.851629920322332,830.727538020663,771.630974574993,477.8830120576,1831.89136353536,1007.95137105633,1952.8542815389,784.845433576939,1484.13915987424,718.194336491369,1177.80296498495,"SGCD"
"ENSG00000139263",74.2169281524413,-0.235459042284723,0.323484056138898,-0.727884536552308,0.466684269829187,0.851629920322332,70.5973344301611,89.6339010869942,44.5694000882736,121.34129644772,97.7657750614751,75.2954196539961,63.7304968310529,61.359758547772,47.9491139021814,69.9267854747861,"LRIG3"
"ENSG00000005189",34.8229170743994,-0.269488137169186,0.370281592537403,-0.727792422308879,0.466740663887517,0.851629920322332,40.617644466668,50.6626397448228,40.4426037838038,23.5438336391099,39.9324996729969,53.0929241149972,25.3175946315142,24.9274019100324,21.8898128683872,27.8022159116619,"REXO5"
"ENSG00000105193",10582.7705180748,0.233085839268338,0.320351883715723,0.727593159636847,0.466862669147921,0.851629920322332,8353.69554531139,7882.58712747653,9513.91620032462,12550.6743937717,12989.0782557027,8694.69031825055,16816.1209583526,15265.1574312129,8614.16254973102,5147.62240061377,"RPS16"
"ENSG00000088899",148.841065475179,0.210372890385335,0.289137042835778,0.727588856557619,0.466865304047776,0.851629920322332,151.832623363497,144.193666966034,109.772781698896,138.546405645531,181.761722649503,129.353669661993,130.953075680246,232.016587008763,85.4745073908451,184.505614686484,"LZTS3"
"ENSG00000127241",255.723258679763,0.357492350061151,0.491381139044304,0.727525583819607,0.46690404872755,0.851629920322332,119.918759853972,331.255721408457,317.763315444173,106.852783439037,220.317239575155,137.076276805993,392.859227040737,540.732872202241,85.4745073908451,304.981883637019,"MASP1"
"ENSG00000164440",6.15555106803369,1.06841794655283,1.46885661624198,0.727380695119403,0.466992777168037,0.851629920322332,9.67086773015905,5.19616817895618,0,0,26.1626721995497,0.96532589299995,5.23812302720983,0,0,14.3223536514622,"TXLNB"
"ENSG00000166435",113.981367863647,0.399924839302969,0.549857093260403,0.727325052645218,0.467026854567068,0.851629920322332,73.4985947492088,207.846727158247,66.8541001324104,35.3157504586649,79.8649993459938,182.446593776991,49.7621687584934,46.019818910829,253.29640604848,144.908519297147,"XRRA1"
"ENSG00000065911",2414.43959796774,-0.290967614094441,0.400267977057389,-0.726932032468646,0.467267593152267,0.851629920322332,2284.25895786357,2553.91665995696,3602.69317380211,2405.09315944138,1915.38300155651,3966.52409433679,1471.91257064596,1624.11610906134,3577.42084591927,743.07740709351,"MTHFD2"
"ENSG00000135587",46.3624726498065,0.260861122795559,0.358920184347039,0.726794240536031,0.467352011810821,0.851629920322332,44.4859915587317,42.8683874763885,41.2679630446978,37.1268145847502,49.5713789044099,37.647709826998,77.6988249036124,55.6072811839184,56.2880902329956,21.0622847815621,"SMPD2"
"ENSG00000125844",735.342554841775,-0.261275916432695,0.359516267360839,-0.726742960341368,0.46738343094125,0.851629920322332,586.054584447639,583.269878087832,428.361456403963,1667.99006012463,685.73740817767,580.16086169297,890.480914625671,813.016800757979,577.47411090888,540.879473190514,"RRBP1"
"ENSG00000046651",67.5453174286539,-0.282564417951423,0.388857171401131,-0.726653482905526,0.467438256143019,0.851629920322332,40.617644466668,66.2511442816913,47.8708371318494,147.601726275958,61.9642236305124,36.6823839339981,72.4607018764026,71.9059670481704,67.754182687865,62.3443629534237,"OFD1"
"ENSG00000183580",531.134704447887,0.204248874927521,0.281143878982077,0.726492341455323,0.46753700078071,0.851629920322332,485.477560053985,472.851304285013,331.79442287937,655.605213642907,914.316544236894,519.345330433973,404.208493599692,562.784035430347,542.03346150292,422.930678413767,"FBXL7"
"ENSG00000198440",80.7731034978458,0.207363632198178,0.285433647630732,0.726486291715846,0.46754070817949,0.851629920322332,67.6960741111134,59.7559340579961,96.5670335245927,70.6315009173297,99.1427578088198,64.6768348309966,114.365686094081,88.2046529124223,92.7711116803075,53.9194490407989,"ZNF583"
"ENSG00000073111",77.3240364524765,-0.343754774000249,0.473266549319972,-0.726344962461817,0.467627322149447,0.851629920322332,80.2682021603202,122.10995220547,108.947422438002,43.4655390260491,45.4404306623758,127.423017875993,50.6351892630283,18.2161783188698,100.06771596977,76.666716604886,"MCM2"
"ENSG00000183060",55.7749478100012,-0.191101753433392,0.263126393878702,-0.726273600365184,0.467671059958775,0.851629920322332,58.0252063809543,63.6530601922132,47.8708371318494,72.4425650434151,38.5555169256522,45.3703169709976,65.4765378401228,61.359758547772,51.0762300262367,53.9194490407989,"LYSMD4"
"ENSG00000104825",156.408160582621,0.225614209897858,0.310651242452815,0.72626205553363,0.467678135995884,0.851629920322332,140.227582087306,164.978339681859,198.086222614549,65.1983085390736,139.075257481817,135.145625019993,199.921695538508,207.089185098731,132.381249251675,181.978140512696,"NFKBIB"
"ENSG00000108861",854.527667439633,0.206232391911383,0.283976033204819,0.726231680835673,0.467696753483779,0.851629920322332,593.791278631766,1223.69760614418,890.562642504578,422.883473440936,945.987147425823,939.262093888951,820.639274262873,885.881514033459,730.70280098759,1091.86884307618,"DUSP3"
"ENSG00000119514",15.9496469129207,0.54233539784854,0.746845250759738,0.72616836927977,0.467735560198026,0.851629920322332,20.308822233334,12.9904204473905,2.47607778268187,14.488513008683,11.0158619787578,5.7919553579997,8.73020504534971,62.318504775081,10.4237204135177,10.9523880864123,"GALNT12"
"ENSG00000141570",38.955439488425,-0.209891156636758,0.289139710266056,-0.725916050907099,0.467890236053845,0.851795260476403,36.7492973746044,44.1674295211276,43.7440408273796,45.2766031521344,35.8015514309627,30.8904285759984,34.0477996768639,41.2260877742843,27.101673075146,50.549483475749,"CBX8"
"ENSG00000069424",55.6192417319841,0.215954634590007,0.297635298861688,0.725567953182735,0.46810367294041,0.851967844051156,53.1897725158748,67.5501863264304,43.7440408273796,38.9378787108356,77.1110338513043,45.3703169709976,51.5082097675633,55.6072811839184,44.8219977781261,78.3516993874109,"KCNAB2"
"ENSG00000165821",9.50007382378491,-0.4782597732257,0.659313197946105,-0.725390868430325,0.468212273537346,0.851967844051156,15.4733883682545,9.09329431317332,4.95215556536373,16.2995771347684,9.63887923141304,0.96532589299995,8.73020504534971,8.62871604578044,5.21186020675885,16.0073364339872,"SALL2"
"ENSG00000099381",265.608711299703,-0.178931751310797,0.246683760978166,-0.725348724217944,0.468238121333485,0.851967844051156,255.310908076199,387.114529332236,272.368556095005,228.194079886758,323.590945626009,242.296799142987,327.382689200614,205.171692644113,189.711711526022,224.945201467083,"SETD1A"
"ENSG00000071564",930.73417876911,-0.176300973483109,0.243093081340165,-0.725240605414055,0.468304436135489,0.851967844051156,1060.89418999845,1353.60181061809,931.005246288381,653.794149516821,1120.8639563386,1072.47706712294,802.305843667639,827.397994167614,806.79596000627,678.205569966299,"TCF3"
"ENSG00000139546",216.253552242616,0.129023122225309,0.177964610606876,0.724993142093409,0.468456237640214,0.852127774332725,202.121135560324,237.724694187245,204.689096701701,175.673220230282,221.6942223225,227.816910747988,269.763335901306,217.635393599129,207.432036229002,197.985476946684,"TARBP2"
"ENSG00000177646",171.822811365749,-0.127232362784576,0.175590133712044,-0.724598587032395,0.468698326009981,0.852451871538949,199.219875241277,180.566844218727,187.356552222928,157.562578969428,141.829222976506,183.41191966999,173.731080402459,148.605665232885,174.076130905746,171.868243817547,"ACAD9"
"ENSG00000151690",57.8405114396201,0.311044084640453,0.429480508546665,0.724233296856722,0.468922519944373,0.852743339037101,92.8403302095269,38.9712613421714,42.0933223055917,28.0714939543234,78.488016598649,97.4979151929949,33.1747791723289,46.978565138138,38.5677655300155,81.7216649524609,"MFSD6"
"ENSG00000204397",8.20788281762349,0.536185724733031,0.740979526563109,0.723617462441945,0.469300617702815,0.853314565549072,3.86834709206362,2.59808408947809,8.25359260893955,10.8663847565123,11.0158619787578,0.96532589299995,20.9524921088393,5.75247736385363,9.38134837216593,8.42491391262483,"CARD16"
"ENSG00000169231",114.219913433619,-0.310812171809548,0.429719431871536,-0.723290939988175,0.46950115783196,0.853542640224751,88.9719831174633,77.9425226843427,64.3780223497285,285.242599858447,121.174481766335,75.2954196539961,121.349850130361,153.39939636943,76.0931590186792,78.3516993874109,"THBS3"
"ENSG00000187954",349.355389205647,0.191793745910113,0.265237964671265,0.723100654718949,0.469618047084743,0.853542640224751,298.829812861915,323.461469140022,264.114963486066,401.150703927911,428.241634424208,256.776687537987,515.082097675633,446.775741925965,253.29640604848,305.824375028281,"CYHR1"
"ENSG00000171798",8.97928080007623,0.625961380303536,0.865811149786865,0.722976806729305,0.469694133601226,0.853564608235394,17.4075619142863,6.49521022369523,1.65071852178791,1.81106412608538,4.13094824203416,6.75728125099965,5.23812302720983,17.2574320915609,2.08474408270354,26.9597245203995,"KNDC1"
"ENSG00000120256",359.232588397057,0.156326109673429,0.216280603805678,0.722793014827552,0.469807059461365,0.853653508451802,350.085411831758,310.471048692632,275.669993138581,408.394960432253,349.753617825559,376.477098269981,405.954534608762,508.135500473737,311.669240364179,295.714478333132,"LRP11"
"ENSG00000156381",61.3235919750703,-0.392784026008089,0.543560037862907,-0.722613876384993,0.469917140569481,0.853673068166904,53.1897725158748,158.483129458164,50.3469149145313,25.3548977651953,34.424568683618,35.7170580409981,43.6510252267486,90.1221453670402,20.8474408270354,101.098966951498,"ANKRD9"
"ENSG00000099968",790.835636052934,0.170852674109815,0.236486390637476,0.722463029053227,0.470009847758085,0.853673068166904,757.228943271454,844.37732908038,862.500427634183,477.215397223497,991.427578088198,1000.07762514795,572.701450974941,817.810531894524,748.423125690571,836.593951523646,"BCL2L13"
"ENSG00000172269",85.6150825798115,-0.249195489157317,0.345187313052793,-0.721913812397862,0.470347468629543,0.85382973144527,68.6631608841293,66.2511442816913,61.0765853061527,182.01194467158,86.7499130827173,83.0180267979957,83.8099684353572,87.2459066851134,61.4999504397544,75.8242252136235,"DPAGT1"
"ENSG00000198455",93.6514237788617,-0.163021015187474,0.225835706031501,-0.721856689768688,0.470382591406472,0.85382973144527,100.577024393654,105.222405623863,105.645985394426,89.6476742412262,67.4721546198913,115.839107159994,75.0797633900075,86.2871604578044,89.6439955562522,101.098966951498,"ZXDB"
"ENSG00000176731",205.431904688435,0.196988170638049,0.272931021248151,0.721750754960704,0.470447730978267,0.85382973144527,234.034999069849,120.810910160731,184.055115179352,215.51663100416,232.710084301258,203.683763422989,314.28738163259,213.800408689893,193.881199691429,141.538553732097,"C8orf59"
"ENSG00000170234",87.9785778376763,-0.17045636627416,0.236202325362448,-0.721654056591516,0.470507195389531,0.85382973144527,98.6428508476224,90.9329431317332,82.5359260893955,105.041719312952,72.9800856092701,94.6019375139951,65.4765378401228,71.9059670481704,112.576180465991,85.0916305175108,"PWWP2A"
"ENSG00000151338",30.3002164262332,-0.254684994402229,0.352978410346496,-0.721531365479893,0.470582649943129,0.85382973144527,37.7163841476203,35.0741352079542,37.9665260011219,23.5438336391099,22.0317239575155,31.8557544689983,22.6985331179092,20.1336707734877,45.8643698194779,26.117233129137,"MIPOL1"
"ENSG00000065989",458.210354728709,0.205483300647803,0.28482763769713,0.721430344011428,0.470644782765418,0.85382973144527,354.920845696837,636.530601922133,383.792056315689,304.258773182344,680.229477188292,386.13035719998,471.431072448884,548.402842020713,303.330264033365,513.077257278852,"PDE4A"
"ENSG00000100629",36.0263651997021,-0.400235888309205,0.554806034431808,-0.721397864244749,0.470664760269094,0.85382973144527,29.0126031904772,74.0453965501256,47.8708371318494,18.1106412608538,23.4087067048602,60.8155312589968,10.4762460544197,11.5049547277073,47.9491139021814,37.0696212155493,"CEP128"
"ENSG00000092847",549.924699185723,-0.179343453836735,0.248612712220834,-0.721376844468961,0.470677689264418,0.85382973144527,624.738055368275,844.37732908038,467.153341665979,430.127729945277,638.91999476795,596.571401873969,389.367145022597,423.765832470551,557.669042123197,526.557119539052,"AGO1"
"ENSG00000132718",96.1829548856055,0.276742896848668,0.383708667083344,0.721231810978503,0.470766902852859,0.85382973144527,76.3998550682565,62.3540181474742,57.7751482625769,144.88513008683,83.9959475880279,68.5381384029965,125.714952653036,170.656828460991,55.2457181916438,116.263811994223,"SYT11"
"ENSG00000204219",154.987870785373,0.237824026093813,0.329749605787322,0.721226111934163,0.470770408662679,0.85382973144527,225.331218112706,149.38983514499,94.9163150028048,90.5532063042689,176.253791660124,109.081825908994,200.794716043043,234.89282569069,131.338877210323,137.326096775785,"TCEA3"
"ENSG00000163485",11.9912505330049,0.57191497839968,0.793029434371048,0.721177491795454,0.470800318291109,0.85382973144527,22.2429957793658,1.29904204473905,11.5550296525154,1.81106412608538,12.3928447261025,9.6532589299995,28.809676649654,2.87623868192681,20.8474408270354,8.42491391262483,"ADORA1"
"ENSG00000105974",10389.9007011769,0.255882132834863,0.354993497528972,0.720807943289102,0.471027687553562,0.854125937308206,13008.2841838369,10127.3317807856,11077.9719997187,3011.79964167998,12566.3445522679,11193.9190552274,10991.3281520953,9081.24426507026,7337.25679907511,15503.5265820122,"CAV1"
"ENSG00000107957",2219.38236300779,-0.261727322459906,0.363212520881804,-0.720590033142267,0.471161787841562,0.854210083158035,1659.52090249529,1786.18281151619,1690.33576631082,4722.34970876762,1871.31955364147,2561.00959412887,1156.75216850884,1896.40003761708,3153.1754250891,1696.77766200264,"SH3PXD2A"
"ENSG00000137834",116.263753102282,-0.419153039590117,0.581816540383778,-0.720421319259221,0.471265627577764,0.854210083158035,77.3669418412724,272.7988293952,184.055115179352,14.488513008683,77.1110338513043,59.8502053659969,118.730788616756,118.884532186308,53.1609741089403,186.190597469009,"SMAD6"
"ENSG00000059728",91.9006430543793,-0.253115715931571,0.351344493230032,-0.720420330498395,0.471266236175813,0.854210083158035,94.7745037555587,89.6339010869942,79.2344890458197,143.074065960745,70.2261201145807,149.625513414992,48.0161277494234,62.318504775081,110.491436383288,71.6117682573111,"MXD1"
"ENSG00000132256",69.0921592108823,-0.249645913530879,0.346747869761147,-0.719963798776457,0.471547285033579,0.854494529990204,73.4985947492088,57.157849968518,70.1555371759862,104.136187249909,82.6189648406832,37.647709826998,41.9049842176786,61.359758547772,56.2880902329956,106.153915299073,"TRIM5"
"ENSG00000198648",243.498221760813,-0.181915919700562,0.25268463912374,-0.719932641459372,0.471566469387436,0.854494529990204,325.90824250636,258.50936690307,272.368556095005,191.97279736505,179.007757154814,265.464620574986,161.50879333897,226.264109644909,323.135332819049,230.84264120592,"STK39"
"ENSG00000109762",304.381443805411,0.186447299821048,0.259015306958873,0.719831202295131,0.471628931046163,0.854494529990204,246.607127119056,241.621820321463,214.593407832428,421.07240931485,315.329049141941,381.30372773498,336.985914750499,317.345001239258,361.703098349064,207.252882250571,"SNX25"
"ENSG00000130332",558.133909430131,0.191495490285003,0.266058644941884,0.719749175324983,0.471679442887297,0.854494529990204,632.474749552402,410.497286137538,540.610315885541,472.687736908284,757.340511039596,538.651848293972,807.543966694848,620.308809068883,448.219977781261,353.00389293898,"LSM7"
"ENSG00000253552",9.42364227873317,0.414960251156742,0.577288002574839,0.71880976099611,0.472258142639073,0.855342892443396,7.73669418412724,7.79425226843427,3.30143704357582,12.6774488825976,11.0158619787578,12.5492366089993,7.85718454081474,15.339939636943,4.16948816540708,11.7948794776748,"HOXA-AS2"
"ENSG00000101017",17.1303637021113,-0.422062605746075,0.587192394700982,-0.718780777058605,0.472276003595499,0.855342892443396,13.5392148222227,6.49521022369523,13.2057481743033,47.0876672782198,22.0317239575155,5.7919553579997,16.5873895861645,20.1336707734877,10.4237204135177,16.0073364339872,"CD40"
"ENSG00000170390",66.941272585142,-0.310330000962599,0.43190745973319,-0.718510398394844,0.472442638686923,0.855421872115947,43.5189047857157,103.923363579124,31.3636519139703,124.057892636848,85.3729303353726,84.9486785839956,33.1747791723289,52.7310425019916,65.6694386051615,44.6520437369116,"DCLK2"
"ENSG00000172340",434.849401818344,-0.146703774236355,0.204228615699477,-0.718331139511962,0.472553134262503,0.855421872115947,462.267477501603,475.449388374491,492.739478753691,415.639216936594,472.305082339239,432.466000063978,285.477704982936,354.736104104307,436.753885326391,520.659679800215,"SUCLG2"
"ENSG00000082126",21.8663367563558,-0.435683745589476,0.606621491035124,-0.718213502205529,0.472625653893701,0.855421872115947,23.2100825523817,16.8875465816076,16.5071852178791,47.0876672782198,13.7698274734472,49.2316205429974,18.3334305952344,3.83498490923575,10.4237204135177,19.3773019990371,"MPP4"
"ENSG00000175745",316.130984813273,-0.340609371613488,0.47425207763684,-0.718203224982624,0.472631989763461,0.855421872115947,244.672953573024,471.552262240274,626.447679018512,105.041719312952,148.71413671323,444.049910779977,419.922862681321,272.283928555738,121.957528838157,306.666866419544,"NR2F1"
"ENSG00000147872",1944.1137072481,0.22393463575802,0.311804284039948,0.718189733818185,0.472640307087232,0.855421872115947,1560.87805164767,2101.85002838778,2539.6304457707,862.972056079683,1686.80386549728,1676.77107614091,3278.19199452882,1858.05018852472,1808.51549174532,2067.47387415813,"PLIN2"
"ENSG00000077235",166.224503344496,-0.206131232708548,0.287225645383962,-0.717663050014188,0.472965071444798,0.855624633464735,127.6554540381,171.473549905554,126.279966916775,297.014516678002,176.253791660124,119.700410731994,180.715244438739,169.698082233682,137.593109458434,155.860907383559,"GTF3C1"
"ENSG00000168310",111.78929993592,0.211186551534704,0.294281567411643,0.717634316658696,0.472982792570869,0.855624633464735,95.7415905285746,124.708036294948,126.279966916775,62.4817123499455,114.289568029612,77.226071439996,120.476829625826,125.595755777471,100.06771596977,171.025752426284,"IRF2"
"ENSG00000107731",199.248713750294,-0.608766897209607,0.848439103734909,-0.717513955367873,0.473057028652187,0.855624633464735,281.422250947628,67.5501863264304,38.7918852620159,616.667334932071,52.3253443990994,295.389723257985,185.953367465949,185.996768097934,239.745569510907,28.6447073029244,"UNC5B"
"ENSG00000170638",242.468431648438,-0.163251774102502,0.227528991930568,-0.717498779901944,0.473066388986376,0.855624633464735,266.91594935239,289.686375976807,302.081489487188,178.38981641941,221.6942223225,193.06517859999,309.04925860538,249.274019100324,202.220176022243,212.307830598146,"TRABD"
"ENSG00000184792",17.9165302586867,0.403058908617855,0.561827610419337,0.717406729649722,0.47312316841382,0.855624633464735,25.1442560984135,20.7846727158247,6.60287408715164,8.1497885673842,16.5237929681366,24.1331473249987,27.9366561451191,12.4637009550162,6.25423224811062,31.1721814767119,"OSBP2"
"ENSG00000132763",41.6654721668149,-0.271758182371307,0.378863286509705,-0.717298804206899,0.47318974492268,0.855624633464735,56.0910328349225,67.5501863264304,42.0933223055917,20.8272374499818,33.0475859362733,41.5090133989979,26.1906151360491,28.7623868192681,50.0338579848849,50.549483475749,"MMACHC"
"ENSG00000120451",545.347687833755,0.163137784904645,0.22744053763,0.717276641202974,0.473203417363908,0.855624633464735,579.284977036527,411.796328182278,396.997804489992,647.455425075523,410.340858708727,511.622723289973,617.225496706225,719.059670481704,551.414809875086,608.278784491513,"SNX19"
"ENSG00000137414",270.269447745206,0.185716643372685,0.258955501382428,0.717175894627613,0.473265571048163,0.855624633464735,313.336114457153,209.145769202986,183.229755918458,293.392388425831,214.809308585776,212.371696459989,261.033130855956,392.127206969356,284.567567289033,338.681539287518,"FAM8A1"
"ENSG00000185475",111.143657126929,0.228088428198392,0.318242012408825,0.716713756527474,0.473550735907269,0.856024148115376,107.346631804766,71.4473124606475,78.4091297849257,145.790662149873,97.7657750614751,92.6712857279952,146.667444761875,184.079275643316,80.2626471840863,106.996406690335,"TMEM179B"
"ENSG00000169247",6.00976840175566,0.576977176323939,0.805219686839693,0.716546286378622,0.473654097605747,0.856076113175195,2.90126031904772,3.89712613421714,10.7296703916214,0.905532063042689,5.50793098937888,6.75728125099965,2.61906151360491,2.87623868192681,10.4237204135177,13.4798622601997,"SH3TC2"
"ENSG00000178537",118.830738690374,0.203615132627501,0.28419999921318,0.716450151974728,0.473713436860213,0.856076113175195,146.030102725402,98.7271954001675,127.930685438563,63.3872444129882,93.6348268194409,119.700410731994,118.730788616756,119.843278413617,125.084644962212,175.238209382596,"SLC25A20"
"ENSG00000167173",151.612350586176,-0.19650769333363,0.27431599840136,-0.71635520523347,0.473772047038023,0.856076113175195,129.589627584131,252.014156679375,160.945055874321,115.002572006422,167.991895176056,176.654638418991,152.77858829362,132.306979368633,112.576180465991,116.263811994223,"C15orf39"
"ENSG00000118961",105.795162653757,-0.167135985551668,0.233398832225004,-0.71609606594151,0.473932032794521,0.856077550613436,132.490887903179,76.6434806396037,133.708200264821,108.663847565123,99.1427578088198,105.220522336995,84.6829889398922,107.379577458601,119.872784755454,90.1465788650857,"LDAH"
"ENSG00000213639",1492.45783217413,-0.154401135613644,0.215631391296974,-0.716042013572123,0.473965407042784,0.856077550613436,1998.96835982388,1515.98206621047,1658.97211439685,1183.53040639679,1096.0782668864,1442.19688414193,1297.30846973897,1294.30740686707,1892.94762709481,1544.28672018413,"PPP1CB"
"ENSG00000163528",175.176005584784,0.144388239181083,0.201754825542732,0.715661887108129,0.474200149886837,0.856385565205247,205.989482652388,124.708036294948,182.404396657564,144.88513008683,172.12284341809,188.23854913499,184.207326456879,199.419215280259,189.711711526022,160.073364339872,"CHCHD4"
"ENSG00000138385",416.199719310502,0.210827797127941,0.294681632306023,0.715442613365867,0.474335588980892,0.856400908273002,452.596609771444,284.490207797851,543.086393668223,240.871528769355,320.83698013132,373.581120590981,516.828138684703,338.437418240055,466.982674525593,624.2861209255,"SSB"
"ENSG00000221909",65.9476859051293,0.211308124863343,0.295408930292177,0.715307166422988,0.474419261285053,0.856400908273002,76.3998550682565,62.3540181474742,65.2033816106225,37.1268145847502,82.6189648406832,50.1969464359974,77.6988249036124,60.4010123204631,57.3304622743473,90.1465788650857,"FAM200A"
"ENSG00000183671",76.5745988845936,0.254253234771008,0.355456193890765,0.715287113126357,0.474431649891421,0.856400908273002,58.0252063809543,77.9425226843427,59.4258667843648,79.6868215477566,60.5872408831677,91.7059598349952,83.8099684353572,150.523157687503,41.6948816540708,62.3443629534237,"GPR1"
"ENSG00000215769",14.7134191012639,-0.530710578510036,0.742233284787826,-0.715018565438957,0.474597571486671,0.856400908273002,10.637954503175,3.89712613421714,4.95215556536373,52.520859656476,12.3928447261025,7.7226071439996,19.2064510997694,23.0099094554145,5.21186020675885,7.58242252136235,"ARHGAP27P1-BPTFP1-KPNA2P3"
"ENSG00000256338",7.10966099729026,0.523592065893198,0.732341279358203,0.714956374372416,0.474636000643769,0.856400908273002,1.93417354603181,1.29904204473905,11.5550296525154,7.24425650434151,9.63887923141304,9.6532589299995,4.36510252267486,15.339939636943,4.16948816540708,5.89743973883738,"RPL41P2"
"ENSG00000177054",52.0014130964106,-0.225503191408622,0.315424124552391,-0.714920558878072,0.474658132560098,0.856400908273002,50.2885121968271,38.9712613421714,62.7273038279406,75.1591612325432,39.9324996729969,66.6074866169966,31.428738163259,46.019818910829,62.5423224811062,46.3370265194366,"ZDHHC13"
"ENSG00000196159",130.919169479255,-0.231533938813764,0.323948372966463,-0.714724808442654,0.474779105087223,0.856503303739793,86.0707227984156,194.856306710857,84.1866446111834,210.083438625904,154.222067702609,102.324544657995,102.143399030592,115.049547277073,109.449064341936,150.805959035984,"FAT4"
"ENSG00000154727",192.543943798268,-0.211149942359043,0.29558168273757,-0.714353949146811,0.475008340187757,0.856597763551576,259.179255168263,220.837147605638,193.959426310079,165.712367536812,111.535602534922,179.550616097991,125.714952653036,158.193127505975,225.152360931982,285.604581637982,"GABPA"
"ENSG00000101871",227.171224473495,0.250422860516463,0.350609655319832,0.714249755295595,0.475072755295459,0.856597763551576,179.878139780958,224.734273739855,189.83263000561,221.855355445459,265.757670237531,173.758660739991,302.0650945691,278.036405919592,80.2626471840863,355.531367112768,"MID1"
"ENSG00000105607",62.7737764541863,-0.210483390033077,0.294730834817464,-0.714154629132836,0.475131568729628,0.856597763551576,75.4327682952406,79.2415647290818,73.456974219562,46.1821352151771,44.063447915031,56.954227686997,66.3495583446578,39.3085953196665,66.7118106465133,80.0366821699359,"GCDH"
"ENSG00000210144",23.0916800728781,-0.457367651473521,0.640462751755956,-0.71412061079205,0.475152602141003,0.856597763551576,16.4404751412704,20.7846727158247,9.90431113072746,63.3872444129882,8.26189648406832,9.6532589299995,20.0794716043043,53.6897887293005,13.550836537573,15.1648450427247,"MT-TY"
"ENSG00000118894",67.8759179410016,0.186072443604355,0.260668411207144,0.71382812647939,0.475333465166466,0.856808004449947,72.5315079761929,55.858807923779,76.7584112631378,45.2766031521344,64.7181891252018,77.226071439996,81.1909069217523,63.2772510023899,85.4745073908451,56.4469232145864,"EEF2KMT"
"ENSG00000088832",3955.945312167,-0.209537382450429,0.293589187658894,-0.71370946635092,0.475406851596617,0.856824483749201,4564.64956863507,5176.6825482851,5724.69183356047,1754.92113817673,3489.27428177152,3818.8292327078,3080.88936050391,3503.25871458686,4285.19146199712,4161.0649814454,"FKBP1A"
"ENSG00000091622",139.222397742293,0.368653148185316,0.516812174816101,0.713321330552043,0.475646941105587,0.857018823056031,58.9922931539702,189.660138531901,127.105326177669,98.7029948716531,118.420516271646,388.06100898598,74.2067428854726,53.6897887293005,194.923571732781,88.4615960825607,"PITPNM3"
"ENSG00000176842",101.538606555757,-0.187321171193803,0.26264020583096,-0.713223516563822,0.475707456480753,0.857018823056031,110.247892123813,103.923363579124,150.2153854827,73.3480971064578,90.8808613247515,81.0873750119958,103.016419535127,89.1633991397312,129.254133127619,84.2491391262483,"IRX5"
"ENSG00000101473",129.612858931071,0.205107398614702,0.287679495272902,0.712971907921801,0.475863140641591,0.857133523412038,123.787106946036,157.184087413425,115.550296525154,78.7812894847139,184.515688144192,87.8446562629954,178.096182925134,111.214562367837,134.465993334378,124.688725906847,"ACOT8"
"ENSG00000165410",2441.59726474107,0.205081768623704,0.287667356783724,0.712912896745146,0.475899658158967,0.857133523412038,2365.4942467969,1988.83337049548,3282.45378057526,1308.49383109669,3252.43324922823,2595.76132627687,1632.5483434804,2176.35393599129,3332.46341620161,2481.13714726801,"CFL2"
"ENSG00000151617",6.58916251289238,0.639296020052835,0.897112898480474,0.712614901798506,0.476084087974272,0.857330244684736,1.93417354603181,2.59808408947809,3.30143704357582,11.771916819555,8.26189648406832,0.96532589299995,0.873020504534971,7.6699698184715,12.5084644962212,16.0073364339872,"EDNRA"
"ENSG00000148572",458.823250242307,0.165401090471487,0.232140106865929,0.712505446407039,0.47615184002502,0.857330244684736,448.72826267938,335.152847542674,417.631786012341,508.003487366949,476.436030581273,664.144214383966,460.08180588993,392.127206969356,547.245321709679,338.681539287518,"NRBF2"
"ENSG00000169718",514.614969697162,0.195691803235026,0.274685215215696,0.712422046746707,0.476203467324316,0.857330244684736,490.312993919064,274.097871439939,480.359089840282,647.455425075523,501.221720033478,445.980562565977,687.067137069022,559.90779674842,684.838431168113,374.908669111805,"DUS1L"
"ENSG00000130522",1026.45789506608,0.266891836717517,0.374745210856025,0.712195457035623,0.47634374974893,0.857330244684736,979.658901065112,1353.60181061809,743.648694065454,584.068180662534,692.622321914394,609.120638482968,1451.83309904166,1913.65746970864,643.143549514042,1293.22428558791,"JUND"
"ENSG00000125430",357.432129766159,-0.233092479975616,0.327341601147606,-0.712077166966961,0.476416992508727,0.857330244684736,387.801795979378,414.394412271756,195.610144831867,572.296263842979,373.162324530419,267.395272360986,323.017586677939,404.590907924372,452.389465946668,183.663123295221,"HS3ST3B1"
"ENSG00000095397",39.7470731700722,0.284528802988172,0.399587311533794,0.712056651388713,0.476429695957555,0.857330244684736,32.8809502825408,58.4568920132571,24.7607778268187,25.3548977651953,52.3253443990994,43.4396651849978,35.7938406859338,60.4010123204631,17.7203247029801,46.3370265194366,"WHRN"
"ENSG00000164649",272.296204293354,-0.279031250179329,0.391892561998973,-0.712009558834292,0.476458856834615,0.857330244684736,383.933448887314,420.889622495451,287.225022791096,125.868956762934,302.936204415838,358.135906302981,130.953075680246,126.55450200478,277.270962999571,309.194340593331,"CDCA7L"
"ENSG00000174021",1058.16742177829,0.175428071022562,0.246460090363687,0.711790987188607,0.476594214616058,0.857458119564869,889.719831174633,989.870038091153,1323.8762544739,724.425650434151,944.610164678478,1145.84183499094,1458.81726307794,1206.10275395464,1178.92277876885,719.487648138161,"GNG5"
"ENSG00000169499",406.784681515202,-0.247227474707004,0.347517043964856,-0.711411077529784,0.476829536457275,0.857637819450559,538.667332569859,400.104949779626,356.555200706189,500.759230862607,491.582840802065,494.246857215974,176.350141916064,228.181602099527,598.321551735916,283.077107464194,"PLEKHA2"
"ENSG00000164975",311.63592037143,-0.162639901713328,0.228644295255289,-0.711322806159388,0.476884222198775,0.857637819450559,351.052498604774,381.918361153279,361.507356271552,238.154932580227,258.872756500807,249.054080393987,238.334597738047,290.500106874608,358.575982225009,388.388531372005,"SNAPC3"
"ENSG00000225573",14.6669139013913,-0.458637693988882,0.644786494449404,-0.71130164471035,0.476897332616903,0.857637819450559,6.76960741111134,9.09329431317332,13.2057481743033,40.748942836921,13.7698274734472,2.89597767899985,18.3334305952344,13.4224471823251,20.8474408270354,7.58242252136235,"RPL35P5"
"ENSG00000100292",1222.37328642906,-0.316070196272601,0.444447273072172,-0.711153415539745,0.476989172427778,0.857637819450559,856.838880892092,1108.08286416241,2985.32444665344,593.123501292961,1404.52240229161,829.214942086957,2090.01108785672,803.42933848489,832.855261040064,720.330139529423,"HMOX1"
"ENSG00000204764",17.5593132386898,-0.307103352359784,0.431864320934414,-0.711110729627565,0.477015621555391,0.857637819450559,17.4075619142863,20.7846727158247,10.7296703916214,30.7880901434514,12.3928447261025,17.3758660739991,11.3492665589546,15.339939636943,16.6779526616283,22.747267564087,"RANBP17"
"ENSG00000111321",720.940768415929,0.200771705456084,0.282377361419441,0.711004963170045,0.477081160231882,0.8576400369339,645.046877601609,630.035391698437,510.072023232464,861.160991953597,934.971285447065,536.721196507972,988.259211133587,1037.36341794827,549.330065792383,516.447222843902,"LTBR"
"ENSG00000127863",25.3803527906309,-0.577376984819508,0.812524748450459,-0.710596182972403,0.477334509112623,0.857852862485037,16.4404751412704,5.19616817895618,2.47607778268187,102.325123123824,23.4087067048602,18.341191966999,18.3334305952344,5.75247736385363,17.7203247029801,43.8095523456491,"TNFRSF19"
"ENSG00000136717",541.762240764656,-0.25940239448277,0.365133266895058,-0.71043210247212,0.477436221656364,0.857852862485037,495.148427784144,1106.78382211767,355.729841445295,448.238371206131,527.384392233028,378.40775005598,756.035756927285,618.391316614265,264.762498503349,466.740230759416,"BIN1"
"ENSG00000145414",38.3844749989057,-0.226479211604683,0.31900328302815,-0.709958873948946,0.477729639662517,0.857852862485037,49.3214254238112,53.2607238343009,35.4904482184401,30.7880901434514,34.424568683618,37.647709826998,21.8255126133743,39.3085953196665,35.4406494059602,46.3370265194366,"NAF1"
"ENSG00000213096",39.0303880466997,-0.207518566980347,0.292326885658849,-0.709885327559385,0.477775249813922,0.857852862485037,55.1239460619066,40.2703033869104,36.315807479334,38.0323466477929,44.063447915031,30.8904285759984,38.4129021995387,33.5561179558128,28.1440451164978,45.4945351281741,"ZNF254"
"ENSG00000196976",140.475448241866,0.230778419569847,0.325105976883694,0.709855973064462,0.477793454811723,0.857852862485037,174.075619142863,124.708036294948,144.437870656442,66.1038406021163,125.305430008369,131.284321447993,210.397941592928,197.501722825641,92.7711116803075,138.168588167047,"LAGE3"
"ENSG00000163040",88.3241215843393,0.276860123370217,0.390049055556745,0.709808470052659,0.477822915915324,0.857852862485037,92.8403302095269,98.7271954001675,79.2344890458197,43.4655390260491,74.3570683566149,49.2316205429974,130.953075680246,155.316888824048,52.1186020675885,106.996406690335,"CCDC74A"
"ENSG00000151322",14.9434426383512,0.431140432675342,0.607495445962471,0.709701505650424,0.477889258279188,0.857852862485037,8.70378095714315,14.2894624921295,8.25359260893955,18.1106412608538,30.2936204415838,18.341191966999,5.23812302720983,11.5049547277073,5.21186020675885,29.4871986941869,"NPAS3"
"ENSG00000132341",4178.30429234562,-0.149318832356782,0.210406223507632,-0.709669276257722,0.477909248852404,0.857852862485037,4596.5634321446,4728.51304285013,5329.34474759227,3106.88050829947,3457.60367858259,4896.13292929575,3805.49637926794,3490.79501363184,4876.21640944358,3495.49678234804,"RAN"
"ENSG00000116521",197.963559548365,0.159363860304094,0.224590064484333,0.709576626508384,0.477966718246406,0.857852862485037,205.989482652388,154.586003323946,166.722570700579,212.800034815032,172.12284341809,175.689312525991,293.33488952375,216.67664737182,198.050687856836,183.663123295221,"SCAMP3"
"ENSG00000207561",26.98055582739,0.264476421274096,0.372760879910408,0.709506913219172,0.478009962953575,0.857852862485037,15.4733883682545,14.2894624921295,33.8397296966522,31.6936222064941,33.0475859362733,32.8210803619983,30.555717658724,29.7211330465771,28.1440451164978,20.2197933902996,"MIR635"
"ENSG00000115042",121.731706912623,-0.138932427679189,0.195879732958964,-0.709274132553035,0.478154377484695,0.857852862485037,140.227582087306,142.894624921295,109.772781698896,123.152360573806,115.666550776956,96.532589299995,129.207034671176,119.843278413617,131.338877210323,108.68138947286,"FAHD2A"
"ENSG00000126705",122.701265339204,-0.232648329570784,0.328033533980265,-0.709221178542009,0.478187232892391,0.857852862485037,146.997189498418,211.743853292464,113.074218742472,67.9149047282017,152.845084955264,88.8099821559954,109.127563066871,91.0808915943491,97.9829718870663,147.435993470935,"AHDC1"
"ENSG00000074696",214.715183494855,0.237372646961183,0.334699063146771,0.709212164293067,0.478192825921638,0.857852862485037,186.64774719207,120.810910160731,132.057481743033,335.952395388838,137.698274734472,252.915383965987,211.270962097463,330.767448421584,215.771012559816,223.260218684558,"HACD3"
"ENSG00000151065",100.642253088659,0.187265088584822,0.264097623832056,0.709075249779253,0.47827778103107,0.857852862485037,103.478284712702,109.11953175808,97.3923927854867,61.5761802869029,139.075257481817,101.359218764995,126.587973157571,86.2871604578044,103.194832093825,78.3516993874109,"DCP1B"
"ENSG00000106025",9.57319066850926,0.435463548905831,0.614143857075958,0.709057892362786,0.478288551853199,0.857852862485037,9.67086773015905,6.49521022369523,6.60287408715164,9.05532063042689,1.37698274734472,17.3758660739991,6.1111435317448,15.339939636943,9.38134837216593,14.3223536514622,"TSPAN12"
"ENSG00000224078",299.84517925022,-0.180716017617825,0.25487037233539,-0.709050706686363,0.478293010829927,0.857852862485037,282.389337720644,310.471048692632,390.394930402841,306.975369371472,247.85689452205,377.44242416298,169.365977879784,247.356526645706,367.957330597175,298.241952506919,"SNHG14"
"ENSG00000177432",58.268819460674,-0.21302672621752,0.300798941424976,-0.708203044892204,0.478819175558815,0.858443033368858,99.6099376206383,50.6626397448228,61.9019445670466,41.6544748999637,55.0793098937888,56.954227686997,49.7621687584934,45.0610726835201,56.2880902329956,65.7143285184737,"NAP1L5"
"ENSG00000223756",109.996803979094,-0.329919898941529,0.465874706047009,-0.708173023045038,0.4788378166595,0.858443033368858,49.3214254238112,70.1482704159085,127.105326177669,254.454509714996,110.158619787578,71.4341160819963,162.381813843505,138.059456732487,60.4575783984026,56.4469232145864,"TSSC2"
"ENSG00000007372",26.2234025575205,0.36814607908129,0.519917234706444,0.708085930810032,0.478891896024981,0.858443033368858,13.5392148222227,16.8875465816076,11.5550296525154,47.0876672782198,34.424568683618,53.0929241149972,32.3017586677939,19.1749245461788,15.6355806202765,18.5348106077746,"PAX6"
"ENSG00000065978",17316.5706715043,0.118591153648155,0.167501107057612,0.70800220805326,0.478943886278599,0.858443033368858,14111.7301918481,16587.4678692729,18313.896639976,16866.4402062331,16492.1223649477,19363.472087686,16289.689594118,22218.9438178846,18035.1210594683,14886.8228836081,"YBX1"
"ENSG00000106009",107.328955832225,-0.199727271244363,0.282305780567253,-0.707485588297343,0.479264765582215,0.858902738319,100.577024393654,94.8300692659503,97.3923927854867,172.956624041154,81.2419820933385,90.7406339419953,132.699116689316,101.627100094747,74.0084149359756,127.216200080635,"BRAT1"
"ENSG00000137575",1147.34488292297,-0.218603056578196,0.309055686467068,-0.707325786744551,0.479364044177705,0.858965236759109,1454.49850661592,1606.9150093422,1442.72798804263,508.909019429991,1007.95137105633,888.099821559954,1023.18003131499,906.973931034255,1110.12622403963,1524.06692679383,"SDCBP"
"ENSG00000266010",10.7464402429232,-0.494927882065327,0.699923069903222,-0.707117543837725,0.479493434374999,0.859052645592862,1.93417354603181,14.2894624921295,4.95215556536373,30.7880901434514,11.0158619787578,11.5839107159994,9.60322554988468,10.5462085003983,9.38134837216593,3.36996556504993,"GATA6-AS1"
"ENSG00000163013",53.1334377661144,0.322117082541766,0.455585401059225,0.707039957366614,0.479541647029981,0.859052645592862,43.5189047857157,44.1674295211276,21.4593407832428,76.0646932955859,46.8174134097205,38.613035719998,67.2225788491928,67.1122359116257,21.8898128683872,104.468932516548,"FBXO41"
"ENSG00000085788",566.906885269029,-0.171568141318474,0.242745374617231,-0.706782329381181,0.47970175743219,0.859224058403588,615.067187638116,519.616817895618,517.50025658051,777.85204215367,659.574735978121,625.531178663968,314.28738163259,493.754307064103,562.880902329956,583.004042753638,"DDHD2"
"ENSG00000112658",823.003525385641,0.123989875439507,0.175503220972518,0.706482050599641,0.47988841120799,0.859420297593987,654.717745331768,875.554338154117,715.586479195059,878.366101151408,885.399906542655,1063.78913408594,815.401151235663,795.759368666419,805.753587964918,739.70744152846,"SRF"
"ENSG00000169021",653.72409413836,0.128714849027854,0.182235922782918,0.706308871830835,0.479996077416539,0.859420297593987,757.228943271454,611.848803072091,648.732379062649,459.104755962643,625.150167294503,678.624102778965,756.035756927285,693.173522344362,592.067319487805,715.275191181848,"UQCRFS1"
"ENSG00000103415",225.566868617816,0.19971165590142,0.28283643686852,0.706102997593122,0.480124087715482,0.859420297593987,271.751383217469,207.846727158247,245.957059746399,103.230655186867,198.28551561764,243.262125035987,249.683864297002,180.24429073408,286.652311371737,268.754753812732,"HMOX2"
"ENSG00000183044",57.4818569426139,0.329254114792315,0.466299633580152,0.706099878879103,0.480126027040086,0.859420297593987,42.5518180126998,58.4568920132571,54.473711219001,44.3710710890918,37.1785341783074,39.5783616129979,29.682697154189,54.6485349566095,52.1186020675885,161.758347122397,"ABAT"
"ENSG00000124614",64.3778884112221,0.295762527775203,0.418890105398675,0.706062339414088,0.480149370717222,0.859420297593987,50.2885121968271,19.4856306710857,54.473711219001,101.419591060781,68.849137367236,80.1220491189958,75.0797633900075,90.1221453670402,71.9236708532721,32.0146728679744,"RPS10"
"ENSG00000077312",220.770923781643,-0.1492815326463,0.211451655888213,-0.705984221401511,0.48019794988906,0.859420297593987,235.002085842865,206.547685113508,246.782419007293,249.021317336739,260.249739248152,189.20387502799,271.509376910376,207.089185098731,159.482922326821,182.820631903959,"SNRPA"
"ENSG00000170759",1237.42074991771,-0.198593760803499,0.281360811354331,-0.70583305417541,0.480291963712195,0.859427427301765,1538.63505586831,1751.10867630823,1215.7541912968,859.349927827512,830.320596648866,1225.96388410994,872.147484030436,932.860079171597,1645.90545329444,1502.16215062101,"KIF5B"
"ENSG00000185513",15.4416983679137,-0.490345135019996,0.69477168330675,-0.705764421322138,0.480334651123045,0.859427427301765,8.70378095714315,12.9904204473905,6.60287408715164,46.1821352151771,19.2777584628261,5.7919553579997,16.5873895861645,25.8861481373413,3.12711612405531,9.26740530388731,"L3MBTL1"
"ENSG00000236088",37.3009157587864,-0.244086543864005,0.345917723673425,-0.705620230359874,0.480424339964733,0.859427427301765,27.0784296444454,45.4664715658666,38.7918852620159,53.4263917195186,27.5396549468944,46.3356428639976,19.2064510997694,34.5148641831218,42.7372536954226,37.9121126068117,"COX10-AS1"
"ENSG00000156876",27.8515039470948,-0.334828767343651,0.47455518059081,-0.705563401345228,0.48045969093214,0.859427427301765,25.1442560984135,57.157849968518,29.7129333921824,16.2995771347684,12.3928447261025,16.4105401809991,23.5715536224442,19.1749245461788,32.3135332819049,46.3370265194366,"SASS6"
"ENSG00000103148",513.268097316098,0.155845223514201,0.221187909636214,0.704582921238861,0.481069829994326,0.860125248621226,410.044791758744,501.430229269272,550.514627016268,460.010288025686,499.844737286133,604.294009017969,679.209952528208,585.793944885761,337.728541397973,503.809851974965,"NPRL3"
"ENSG00000204936",9.51368229111318,0.649036752812205,0.921204002331011,0.704552684497554,0.481088652599255,0.860125248621226,8.70378095714315,3.89712613421714,15.6818259569851,0,9.63887923141304,10.6185848229995,15.7143690816295,11.5049547277073,0,19.3773019990371,"CD177"
"ENSG00000146386",148.653922185194,-0.238536096914181,0.338578648356666,-0.704521971695339,0.481107771966285,0.860125248621226,204.055309106356,106.521447668602,231.100593050307,111.380443754251,187.269653638882,141.902906270993,83.8099684353572,95.8746227308938,199.093059898188,125.53121729811,"ABRACL"
"ENSG00000158006",128.848653092269,0.190713094752544,0.270741710379808,0.704409728685706,0.481177649125335,0.860134875537408,106.37954503175,150.688877189729,141.136433612866,77.8757574216713,128.059395503059,108.116500015994,141.429321734665,112.173308595146,127.169389044916,195.458002772896,"PAFAH2"
"ENSG00000171161",185.652925514164,0.15506291307615,0.220241487847142,0.704058597641561,0.481396282287212,0.860304985258543,168.273098504768,189.660138531901,200.562300397231,137.640873582489,166.614912428711,226.851584854988,247.937823287932,158.193127505975,163.652410492228,197.142985555421,"ZNF672"
"ENSG00000235092",16.2359977682247,0.327159339509124,0.464718775442618,0.703994236509001,0.481436362868848,0.860304985258543,14.5063015952386,20.7846727158247,14.0311074351972,7.24425650434151,23.4087067048602,13.5145625019993,8.73020504534971,24.9274019100324,16.6779526616283,18.5348106077746,"ID2-AS1"
"ENSG00000162836",18.9127442362629,-0.316550313154701,0.449748752105396,-0.703838113330704,0.481533595362879,0.860304985258543,27.0784296444454,12.9904204473905,13.2057481743033,31.6936222064941,27.5396549468944,17.3758660739991,13.0953075680246,12.4637009550162,21.8898128683872,11.7948794776748,"ACP6"
"ENSG00000088930",397.98877782291,-0.159838578198481,0.227096465151267,-0.703835606124536,0.481535156921654,0.860304985258543,409.077704985728,366.329856616411,458.899749057039,463.632416277857,389.686117498556,486.524250071975,298.57301255096,252.150257782251,460.728442277482,394.285971110842,"XRN2"
"ENSG00000108582",329.486232099937,0.302489872400359,0.429832479255761,0.703738984369233,0.481595337777632,0.860304985258543,352.986672150805,131.203246518644,142.787152134654,528.83072481693,265.757670237531,235.539517891988,191.191490493159,438.147025880185,474.279278815055,534.139542060414,"CPD"
"ENSG00000035687",401.700496232121,-0.184050526336504,0.261588632489429,-0.703587631408033,0.481689616188451,0.860358164069288,456.464956863507,432.581000898102,552.99070479895,288.864728110618,353.884566067593,489.420227750975,270.636356405841,299.128822920389,510.762300262367,362.271298242868,"ADSS"
"ENSG00000109738",37.1754162474357,0.337672100451422,0.48001999021248,0.703454246357431,0.48177271063358,0.860391355345482,47.3872518777794,18.1865886263466,16.5071852178791,46.1821352151771,39.9324996729969,53.0929241149972,27.9366561451191,52.7310425019916,12.5084644962212,57.2894146058489,"GLRB"
"ENSG00000075292",275.915626180549,-0.177446207576293,0.252448553004255,-0.702900474035604,0.482117775725614,0.860775695021638,270.784296444454,223.435231695116,256.68673013802,434.655390260491,251.987842764084,194.03050449299,353.573304336663,279.95389837421,252.254034007128,241.795029292333,"ZNF638"
"ENSG00000105204",207.842656096886,0.237966216671522,0.338650714280658,0.702689250713661,0.482249428019343,0.860775695021638,179.878139780958,290.985418021546,206.339815223489,74.2536291695005,268.51163573222,158.313446451992,268.017294892236,240.645303054543,169.906642740338,221.575235902033,"DYRK1B"
"ENSG00000106789",10.0233645839795,0.450617448182839,0.641332145494282,0.702627260069028,0.482288069557502,0.860775695021638,17.4075619142863,5.19616817895618,8.25359260893955,1.81106412608538,12.3928447261025,12.5492366089993,5.23812302720983,7.6699698184715,18.7626967443319,10.9523880864123,"CORO2A"
"ENSG00000257218",196.121746319038,-0.207374564236757,0.295197781928771,-0.702493639626312,0.482371366872678,0.860775695021638,184.713573646038,259.808408947809,263.289604225172,144.88513008683,214.809308585776,226.851584854988,112.619645085011,137.100710505178,255.381150131184,161.758347122397,"GATC"
"ENSG00000006704",121.267230586538,-0.197179009057628,0.280739836708894,-0.702354932485367,0.482457843443435,0.860775695021638,117.98458630794,149.38983514499,92.440237220123,164.806835473769,176.253791660124,84.9486785839956,116.984747607686,95.8746227308938,122.999900879509,90.9890702563482,"GTF2IRD1"
"ENSG00000110200",134.441233921044,0.140678776910356,0.200331411647632,0.702230248134026,0.482535584736632,0.860775695021638,132.490887903179,102.624321534385,145.263229917336,124.963424699891,134.944309239783,152.521491093992,137.06421921199,134.224471823251,165.737154574931,114.578829211698,"ANAPC15"
"ENSG00000131069",160.648617136244,0.171172181466372,0.243810405429823,0.702070861842858,0.482634972768814,0.860775695021638,142.161755633338,140.296540831817,133.708200264821,181.106412608538,192.777584628261,129.353669661993,147.54046526641,180.24429073408,125.084644962212,234.21260677097,"ACSS2"
"ENSG00000249459",20.407629288171,-0.277976612302045,0.396029981336007,-0.7019080004102,0.48273653927314,0.860775695021638,16.4404751412704,27.27988293952,20.6339815223489,27.1659618912807,16.5237929681366,17.3758660739991,29.682697154189,18.2161783188698,19.8050687856836,10.9523880864123,"ZNF286B"
"ENSG00000162664",152.034787989622,-0.177597428326453,0.253026904150441,-0.701891480365501,0.48274684244194,0.860775695021638,151.832623363497,109.11953175808,165.071852178791,227.288547823715,99.1427578088198,166.036053595991,164.127854852575,146.688172778268,146.9744578306,144.066027905885,"ZNF326"
"ENSG00000121743",7.27032292141882,0.805435614240306,1.14754485342744,0.701877239773822,0.482755724064628,0.860775695021638,4.83543386507953,10.3923363579124,4.95215556536373,0,17.9007757154814,11.5839107159994,0,16.2986858642519,0,6.73993113009986,"GJA3"
"ENSG00000116668",18.7431464075001,-0.270399881598451,0.385333228416214,-0.70172998760019,0.482847568026891,0.860775695021638,14.5063015952386,18.1865886263466,23.1100593050307,27.1659618912807,20.6547412101708,17.3758660739991,18.3334305952344,16.2986858642519,20.8474408270354,10.9523880864123,"SWT1"
"ENSG00000167393",92.39780567357,-0.175413641241705,0.249979585859947,-0.701711864343923,0.482858872500121,0.860775695021638,93.8074169825428,131.203246518644,89.9641594374411,83.3089497999274,77.1110338513043,89.7753080489953,119.603809121291,66.1534896843167,89.6439955562522,83.4066477349858,"PPP2R3B"
"ENSG00000175352",138.932020225239,0.289500805453434,0.412594388815964,0.701659579724834,0.482891486102714,0.860775695021638,108.313718577781,163.67929763712,175.801522570412,42.5600069630064,172.12284341809,225.886258961988,91.667152976172,89.1633991397312,206.38966418765,113.736337820435,"NRIP3"
"ENSG00000096872",53.184017287479,0.277068389724815,0.395068402790304,0.70131751303806,0.483104886726756,0.86082646206858,75.4327682952406,49.3635977000837,44.5694000882736,19.9217053869392,44.063447915031,42.4743392919978,44.5240457312835,60.4010123204631,54.203346150292,96.8865099951856,"IFT74"
"ENSG00000167555",230.655583439405,0.167499963622366,0.238865552998295,0.701231138269489,0.483158780309379,0.86082646206858,158.602230774609,214.341937381943,198.911581875443,287.053663984532,265.757670237531,256.776687537987,189.445449484089,287.623868192681,179.287991112504,268.754753812732,"ZNF528"
"ENSG00000187244",20.9786667825019,0.41533974995006,0.592307600930104,0.701223062641522,0.4831638192686,0.86082646206858,14.5063015952386,9.09329431317332,10.7296703916214,35.3157504586649,24.785689452205,9.6532589299995,37.5398816950038,44.1023264562111,15.6355806202765,8.42491391262483,"BCAM"
"ENSG00000117152",88.8569304356848,-0.651660040530446,0.92934960235709,-0.701200106910956,0.483178143139041,0.86082646206858,324.941155733344,72.7463545053866,39.6172445229098,17.2051091978111,57.8332753884782,74.3300937609961,15.7143690816295,12.4637009550162,192.838827650077,80.8791735611984,"RGS4"
"ENSG00000136560",515.46326925781,0.129662339810931,0.184987542930788,0.700924709613789,0.483350002963016,0.861017629159575,544.469853207955,472.851304285013,548.038549233586,385.756658856186,608.626374326366,552.166410795971,609.36831216541,430.477056061713,480.533511063166,522.344662582739,"TANK"
"ENSG00000239900",624.312236829604,-0.147950576321733,0.211165639232031,-0.700637550975628,0.483529237705744,0.861108285826535,717.578385577802,704.080788248563,719.713275499529,510.720083556077,596.233529600264,695.999968852964,536.907610289007,532.104156156461,780.736658972475,449.047911542903,"ADSL"
"ENSG00000135018",713.19321147363,-0.171497450928127,0.244794710855935,-0.700576619194421,0.483567273908143,0.861108285826535,942.909603690508,710.575998472258,745.299412587241,660.13287395812,521.876461243649,597.536727766969,473.177113457954,664.411135525094,876.634886776838,939.377901257669,"UBQLN1"
"ENSG00000143476",38.9205767075019,-0.491198040290759,0.701177729280014,-0.700532860327913,0.483594591050517,0.861108285826535,31.9138635095249,51.9616817895618,80.0598483067136,24.4493657021526,4.13094824203416,81.0873750119958,23.5715536224442,7.6699698184715,70.8812988119203,13.4798622601997,"DTL"
"ENSG00000174963",106.145716152114,0.211714889449765,0.30252076820664,0.69983588467272,0.484029801645988,0.861723456082891,96.7086773015905,100.026237444907,124.629248394987,67.009372665159,68.849137367236,175.689312525991,107.381522057801,104.503338776674,88.6016235149004,128.058691471897,"ZIC4"
"ENSG00000144736",102.368447733692,-0.186279388857381,0.266205547548557,-0.699757726962479,0.484078618692909,0.861723456082891,152.799710136513,106.521447668602,106.47134465532,76.0646932955859,92.2578440720962,96.532589299995,72.4607018764026,90.1221453670402,99.0253439284181,131.428657036947,"SHQ1"
"ENSG00000179476",166.177970230953,0.164996517064772,0.235820745143573,0.699669221061609,0.48413390240902,0.861723456082891,125.721280492068,110.418573802819,186.531192962034,195.594925617221,172.12284341809,170.862683060991,187.699408475019,209.965423780657,164.69478253358,138.168588167047,"C14orf28"
"ENSG00000151502",785.935642778806,0.118141603427616,0.168917412443721,0.699404529814103,0.484299257754767,0.861902748955874,863.608488303204,780.724268888167,609.940493800633,736.197567253706,973.526802372717,838.868201016957,789.210536099614,813.975546985288,694.219779540279,759.084743527497,"VPS26B"
"ENSG00000099992",68.1081898861754,-0.181050026384075,0.258987525789535,-0.699068520123259,0.484509210563967,0.862161353074266,64.7948137920657,76.6434806396037,64.3780223497285,87.8366101151408,64.7181891252018,57.919553579997,91.667152976172,54.6485349566095,51.0762300262367,67.3993113009986,"TBC1D10A"
"ENSG00000162522",254.940821093697,-0.284330712411999,0.406887369256483,-0.69879463924271,0.484680379198694,0.862350882787218,258.212168395247,513.121607671923,215.418767093322,155.751514843343,429.618617171553,280.909834862985,256.668028333282,123.678263322853,154.271062120062,161.758347122397,"KIAA1522"
"ENSG00000125170",535.11508946792,0.156632868680013,0.224212688090845,0.698590566010024,0.484807941117341,0.86246278653888,477.740865869857,649.521022369523,534.832801059283,341.385587767094,647.181891252018,523.206634005973,476.669195476094,654.823673252005,445.092861657206,600.69636197015,"DOK4"
"ENSG00000154222",288.815729646939,-0.169718411492568,0.243021172448237,-0.698368828455546,0.484946565251273,0.862545414649848,286.257684812708,318.265300961066,292.17717835646,339.574523641008,418.602755192795,266.429946467986,268.017294892236,177.368052052154,289.779427495792,231.685132597183,"CC2D1B"
"ENSG00000167766",257.146111749099,-0.268206562880896,0.384083142497095,-0.698303396335402,0.484987475689993,0.862545414649848,231.133738750801,157.184087413425,136.184278047503,620.289463184242,223.071205069845,204.649089315989,256.668028333282,262.696466282649,225.152360931982,254.43240016127,"ZNF83"
"ENSG00000107562",2247.76290390063,-0.220979140184503,0.31649564273977,-0.698205947707776,0.485048407428497,0.862545414649848,2097.6112106715,3263.19361638448,1968.48183723208,2500.17402606086,1679.91895176056,4027.33962559579,1322.62606437048,1664.38345060832,1749.10028538827,2204.79997093392,"CXCL12"
"ENSG00000169951",44.2707195767211,-0.2095771924989,0.300385162452965,-0.697694888747094,0.485368025326987,0.862840192058702,40.617644466668,74.0453965501256,37.9665260011219,41.6544748999637,30.2936204415838,39.5783616129979,44.5240457312835,41.2260877742843,48.9914859435332,43.8095523456491,"ZNF764"
"ENSG00000181045",66.9896563691641,0.237339290674471,0.340225851237041,0.697593348099561,0.485431542745512,0.862840192058702,44.4859915587317,57.157849968518,44.5694000882736,95.986398682525,66.0951718725465,55.0235759009971,97.7782965079168,91.0808915943491,42.7372536954226,74.981733822361,"SLC26A11"
"ENSG00000138166",269.011816840062,0.344030793720924,0.493209802074715,0.697534380447711,0.485468431250875,0.862840192058702,324.941155733344,129.904204473905,210.466611527959,260.793234156294,155.599050449953,720.133116177963,188.572428979554,127.513248232089,435.71151328504,136.483605384522,"DUSP5"
"ENSG00000166526",145.484227359478,-0.26109377442075,0.374325648218213,-0.697504367289696,0.485487207221515,0.862840192058702,115.083325988893,96.1291113106894,93.2655964810169,341.385587767094,111.535602534922,155.417468772992,121.349850130361,131.348233141324,129.254133127619,160.073364339872,"ZNF3"
"ENSG00000006652",672.179296475579,0.123416066336895,0.176959945067774,0.697423737838683,0.485537650251223,0.862840192058702,601.527972815893,591.064130356266,769.234831153166,588.595840977748,784.88016598649,640.011067058967,760.40085944996,566.619020339582,790.118007344641,629.341069273075,"IFRD1"
"ENSG00000186866",309.753111609013,-0.265389282061742,0.380830253935429,-0.696870270466327,0.48588398454328,0.863213988128536,200.186962014292,245.51894645568,187.356552222928,744.34735582109,327.721893868043,249.054080393987,300.31905356003,359.529835240852,254.338778089832,229.157658423395,"POFUT2"
"ENSG00000128872",348.607022740377,0.239195543808976,0.343335831950343,0.696680979815622,0.486002464544342,0.863213988128536,301.731073180962,294.882544155763,461.375826839721,200.122585932434,340.114738594146,380.33840184198,181.588264943274,267.490197419194,445.092861657206,613.333732839088,"TMOD2"
"ENSG00000182054",779.009360306526,-0.13407737115848,0.192458644417869,-0.69665548961973,0.486018420453426,0.863213988128536,881.01605021749,953.49686083846,870.754020243123,586.784776851663,709.146114882531,786.740602794959,794.448659126824,708.513461981305,880.804374942245,618.388681186663,"IDH2"
"ENSG00000150756",69.752163496962,-0.240327882663031,0.344980454652112,-0.696642025431222,0.486026848646121,0.863213988128536,71.564421203177,90.9329431317332,107.296703916214,38.0323466477929,41.3094824203416,76.260745546996,48.8891482539584,57.5247736385363,86.5168794321969,79.1941907786734,"FAM173B"
"ENSG00000082805",307.741858272316,-0.202817557937454,0.291178869045123,-0.696539410990101,0.486091084916303,0.863213988128536,251.442560984135,462.4589679271,307.033645052551,316.030690001898,280.904480458323,305.042982187984,182.461285447809,192.707991689097,364.830214473119,414.505764501142,"ERC1"
"ENSG00000197417",14.5019167270099,-0.35407496099629,0.508387177738551,-0.696467134697053,0.486136332371106,0.863213988128536,13.5392148222227,9.09329431317332,23.9354185659247,19.9217053869392,8.26189648406832,4.82662946499975,12.2222870634896,20.1336707734877,18.7626967443319,14.3223536514622,"SHPK"
"ENSG00000102189",489.354156109326,-0.173617623700635,0.249410901361317,-0.696110806516506,0.486359439407695,0.863380253344926,605.396319907957,606.652634893134,505.945226927994,383.9455947301,335.983790352112,395.783616129979,437.383272772021,460.19818910829,446.135233698557,716.117682573111,"EEA1"
"ENSG00000136866",16.0900980986503,0.314593772359975,0.452158428063041,0.695760054075811,0.48657910937263,0.863435125669327,13.5392148222227,16.8875465816076,13.2057481743033,12.6774488825976,20.6547412101708,18.341191966999,28.809676649654,7.6699698184715,15.6355806202765,13.4798622601997,"ZFP37"
"ENSG00000256537",8.11965758159606,-0.694599170460718,0.998420232607904,-0.695698211810476,0.486617845634861,0.863435125669327,13.5392148222227,20.7846727158247,8.25359260893955,0,1.37698274734472,0.96532589299995,13.9683280725595,8.62871604578044,1.04237204135177,12.6373708689372,"SMIM10L1"
"ENSG00000184857",62.7482306247856,0.195727499398261,0.281392936571197,0.695566497806312,0.486700353151286,0.863435125669327,81.2352889333361,40.2703033869104,66.8541001324104,41.6544748999637,74.3570683566149,52.1275982219973,68.9686198582627,69.9884745935525,64.6270665638097,67.3993113009986,"TMEM186"
"ENSG00000164494",138.742956588653,-0.168164980732631,0.241900957388356,-0.695181129286119,0.486941796857571,0.863435125669327,210.824916517467,126.007078339687,149.390026221806,107.75831550208,125.305430008369,140.937580377993,135.318178202921,104.503338776674,154.271062120062,133.113639819472,"PDSS2"
"ENSG00000145934",536.063796044188,-0.307180103327609,0.441891163679456,-0.695148780006913,0.486962067491411,0.863435125669327,373.295494384139,197.454390800335,411.02891192519,1440.70151230092,396.571031235279,468.183058104976,458.33576488086,578.12397506729,649.397781762152,387.546039980742,"TENM2"
"ENSG00000159176",3246.3475984996,0.329037568933637,0.473336599903319,0.695144996184204,0.486964438531812,0.863435125669327,2985.3968683001,2733.18446213095,3102.52546170038,2434.07018545875,2387.68808389574,3961.69746487179,1656.99291760738,2021.03704716724,9772.23788767284,1408.64560619087,"CSRP1"
"ENSG00000130939",585.634578191555,-0.174143929200998,0.250528737779557,-0.695105602432842,0.486989124037702,0.863435125669327,417.781485942871,811.901277961904,627.273038279406,656.510745705949,839.959475880279,447.911214351977,480.161277494234,537.856633520314,522.228392717237,514.762240061377,"UBE4B"
"ENSG00000204856",88.2139109705771,0.186058739739343,0.267786124325129,0.69480351234869,0.487178446742483,0.863435125669327,104.445371485718,80.5406067738208,91.614877959229,49.8042634673479,68.849137367236,107.151174122994,108.254542562336,88.2046529124223,99.0253439284181,84.2491391262483,"FAM216A"
"ENSG00000141959",1512.13817341564,-0.153329738644237,0.22068995614474,-0.694774430711634,0.487196674575924,0.863435125669327,1556.04261778259,2196.68009765373,1490.59882517448,1196.20785527939,1616.5777453827,1174.80161178094,1631.67532297586,1469.7579664646,1126.80417670126,1662.23551496088,"PFKL"
"ENSG00000101216",195.074196671476,-0.128005588693283,0.184296347722776,-0.694563892746445,0.487328646871469,0.863435125669327,201.154048787308,254.612240768853,205.514455962595,162.090239284641,190.023619133571,208.510392887989,178.969203429669,175.450559597536,190.754083567374,183.663123295221,"GMEB2"
"ENSG00000112787",320.138160051633,-0.197632053413835,0.284546297220777,-0.694551485449463,0.487336424785801,0.863435125669327,308.500680592074,566.382331506224,292.17717835646,221.855355445459,283.658445953012,262.568642895986,410.319637131436,338.437418240055,247.042173800369,270.439736595257,"FBRSL1"
"ENSG00000105676",172.009734186297,-0.188743617502996,0.27181111409907,-0.694392567899936,0.487436053304924,0.863435125669327,233.067912296833,216.940021471421,200.562300397231,92.3642704303543,184.515688144192,148.660187521992,187.699408475019,138.059456732487,165.737154574931,152.490941818509,"ARMC6"
"ENSG00000180834",45.2164174884841,0.246639655723403,0.355248067603799,0.694274447112476,0.48751011265951,0.863435125669327,45.4530783317476,53.2607238343009,28.8875741312884,35.3157504586649,55.0793098937888,62.7461830449967,38.4129021995387,52.7310425019916,58.3728343156991,21.9047761728246,"MAP6D1"
"ENSG00000196705",42.5386279465385,-0.284979748789856,0.410489413525548,-0.69424384502944,0.487529300539824,0.863435125669327,30.946776736509,32.4760511184761,34.6650889575461,92.3642704303543,28.9166376942391,39.5783616129979,28.809676649654,63.2772510023899,40.652509612719,33.6996556504993,"ZNF431"
"ENSG00000102870",116.505027800154,-0.214228089767163,0.308624590747558,-0.694138108853395,0.487595601552902,0.863435125669327,95.7415905285746,198.753432845074,107.296703916214,106.852783439037,140.452240229161,132.249647340993,73.3337223809376,71.9059670481704,118.830412714102,119.633777559273,"ZNF629"
"ENSG00000099998",7.11450104565581,0.629035222167088,0.906267365080321,0.694094531486674,0.487622927803977,0.863435125669327,4.83543386507953,3.89712613421714,9.07895186983351,3.62212825217076,0,0.96532589299995,18.3334305952344,5.75247736385363,18.7626967443319,5.89743973883738,"GGT5"
"ENSG00000174428",40.1567612078871,-0.304952303889069,0.439584978351135,-0.693727763475751,0.487852951384919,0.863435125669327,31.9138635095249,29.8779670289981,32.1890111748642,86.9310780520981,49.5713789044099,19.306517859999,45.3970662358185,46.978565138138,19.8050687856836,39.5970953893367,"GTF2IRD2B"
"ENSG00000142892",88.5560289531698,0.260380249068418,0.375522100743368,0.693381956888771,0.488069882333657,0.863435125669327,85.1036360253997,38.9712613421714,61.9019445670466,130.396617078147,50.9483616517546,93.6366116209951,68.9686198582627,138.059456732487,102.152460052473,115.42132060296,"PIGK"
"ENSG00000103365",269.371662890493,-0.186571847768284,0.269092867005548,-0.693336281427471,0.488098539295649,0.863435125669327,268.850122898422,283.191165753112,172.500085526837,437.371986449619,290.543359689736,220.094303603989,198.175654529438,290.500106874608,241.830313593611,290.659529985557,"GGA2"
"ENSG00000131351",42.520482869204,-0.284175309423338,0.409941854733184,-0.693208820085711,0.488178513836841,0.863435125669327,29.9796899634931,76.6434806396037,50.3469149145313,34.4102183956222,24.785689452205,66.6074866169966,35.7938406859338,20.1336707734877,46.9067418608296,39.5970953893367,"HAUS8"
"ENSG00000118181",6994.76924876985,0.219006116724652,0.315956427612514,0.693152908391655,0.488213597386372,0.863435125669327,5248.37991715732,4883.09904617407,5997.88574891637,9343.27982647447,9169.32811456849,5284.19393828173,9932.35428009437,10051.4954471069,6231.30006320088,3806.3761057239,"RPS25"
"ENSG00000146733",249.45933149271,-0.200844355325158,0.289765419563747,-0.693127411916634,0.488229596402281,0.863435125669327,270.784296444454,367.62889866115,299.605411704506,144.88513008683,218.94025682781,290.563093792985,237.461577233512,166.821843551755,307.499752198772,190.403054425321,"PSPH"
"ENSG00000172216",499.691621438777,-0.286287433800928,0.413090786605215,-0.693037567246758,0.488285976108081,0.863435125669327,482.576299734937,1004.15950058328,614.067290105103,141.263001834659,301.559221668494,394.81829023698,508.970954143888,509.094246701046,395.059003672321,645.348405707062,"CEBPB"
"ENSG00000229358",29.869243344729,0.283873932563155,0.409633524912821,0.69299487297474,0.48831276902807,0.863435125669327,26.1113428714294,12.9904204473905,21.4593407832428,44.3710710890918,45.4404306623758,31.8557544689983,32.3017586677939,26.8448943646503,17.7203247029801,39.5970953893367,"DPY19L1P1"
"ENSG00000176623",460.152454981737,0.168526500405615,0.243186741021362,0.692992141338872,0.488314483301433,0.863435125669327,515.457250017478,361.133688437455,492.739478753691,342.291119830136,674.721546198913,356.205254516982,383.256001490852,417.054608879388,564.965646412659,493.699955279815,"RMDN1"
"ENSG00000163132",265.168415183578,0.266177203177226,0.384257010042259,0.69270617378705,0.488493963882253,0.863435125669327,265.948862579374,287.088291887329,293.827896878248,99.6085269346958,181.761722649503,131.284321447993,371.906734931898,269.407689873812,308.542124240124,442.307980412804,"MSX1"
"ENSG00000263002",53.23136237017,-0.184328592929747,0.266183479770114,-0.692486975859434,0.488631562205443,0.863435125669327,49.3214254238112,59.7559340579961,49.5215556536373,70.6315009173297,56.4562926411335,59.8502053659969,35.7938406859338,44.1023264562111,52.1186020675885,54.7619404320614,"ZNF234"
"ENSG00000239521",40.460895821016,0.229025634625882,0.33079130915148,0.692356867577208,0.488713245673507,0.863435125669327,25.1442560984135,33.7750931632152,29.7129333921824,57.9540520347321,42.6864651676863,53.0929241149972,33.1747791723289,39.3085953196665,37.5253934886637,52.234466258274,"GATS"
"ENSG00000108821",96970.2093641921,-0.328550303030294,0.474683106088523,-0.692146610688568,0.488845262907364,0.863435125669327,93014.4058286698,62498.2118144402,64706.5153355643,221657.949455716,113941.191394534,127690.413148354,70284.2617585969,59294.6191741486,134766.196482288,21848.32924961,"COL1A1"
"ENSG00000103549",473.203404464958,-0.169932274863408,0.245535063759842,-0.692089643985099,0.488881034777841,0.863435125669327,424.551093353982,741.753007545995,508.421304710676,354.063036649691,567.316891906025,424.743392919978,446.986498321905,334.602433330819,458.643698194779,470.952687715728,"RNF40"
"ENSG00000077150",173.598906523081,-0.219568118568813,0.317346993375632,-0.691886556835655,0.489008573506852,0.863435125669327,130.556714357147,192.258222621379,148.564666960912,287.053663984532,195.53155012295,98.4632410859949,242.699700260722,162.986858642519,157.398178244117,120.476268950535,"NFKB2"
"ENSG00000113240",79.0371116189747,-0.26161243669619,0.378271482729937,-0.69159968075882,0.489188762220139,0.863435125669327,67.6960741111134,50.6626397448228,62.7273038279406,169.334495788983,89.5038785774068,45.3703169709976,99.5243375169867,68.0709821389346,66.7118106465133,70.7692768660486,"CLK4"
"ENSG00000161999",153.107086845753,0.189743281341716,0.27447611556016,0.691292504466122,0.489381741267844,0.863435125669327,126.688367265084,180.566844218727,162.595774396109,95.986398682525,130.813360997748,158.313446451992,192.937531502229,229.140348326836,120.915156796805,133.113639819472,"JMJD8"
"ENSG00000047315",343.628596849542,-0.156744769179296,0.22677016805823,-0.691205419661054,0.4894364584895,0.863435125669327,245.64004034604,342.947099811108,387.093493359265,488.987314043052,326.344911120699,309.869611652984,273.255417919446,321.179986148494,327.304820984456,413.663273109879,"POLR2B"
"ENSG00000092969",16.4924177402149,0.569326205035761,0.823730328242755,0.691156056194133,0.489467476060664,0.863435125669327,17.4075619142863,7.79425226843427,1.65071852178791,24.4493657021526,1.37698274734472,29.9251026829984,6.98416403627977,19.1749245461788,7.29660428946239,48.864500693224,"TGFB2"
"ENSG00000111229",1521.98050918296,0.142347258260441,0.205961384960697,0.691135662578716,0.489480290712999,0.863435125669327,1716.57902210323,1201.61389138362,1739.85732196446,1072.14996264254,1615.20076263536,1694.14694221491,1499.84922679108,1254.04006532009,1884.608650764,1541.75924601034,"ARPC3"
"ENSG00000137154",24555.8708352146,0.216282785129885,0.312940916814117,0.691129774053658,0.489483990894904,0.863435125669327,20126.042833234,15557.3275277948,22491.8652186212,31358.5753431683,31980.4243070811,19529.508141282,35509.2360014554,33455.4496019454,22901.9561205397,12648.3232570237,"RPS6"
"ENSG00000028310",355.757714709187,-0.105980379249187,0.153354136987766,-0.691082623076817,0.489513619772644,0.863435125669327,361.690453107949,357.236562303238,375.53846370675,390.284319171399,381.424221014487,370.685142911981,333.493832732359,308.716285193478,379.423423052044,299.084443898182,"BRD9"
"ENSG00000178996",895.424155887538,-0.155742283649249,0.225383060155948,-0.69101148747154,0.489558322012985,0.863435125669327,1140.19530538575,1011.95375285172,759.330520022439,903.720998916604,1186.95912821115,647.733674202966,646.035173355879,845.614172486483,912.075536182798,900.623297259594,"SNX18"
"ENSG00000087074",1346.12136198372,0.196454788516935,0.284327495019283,0.690945448323987,0.489599823561354,0.863435125669327,1147.93199956988,1634.19489228172,1324.7016137348,844.861414818829,1597.29998691987,2159.43402264089,1639.53250751668,1077.63075949525,1046.54152951718,989.084893342155,"PPP1R15A"
"ENSG00000237624",7.98577151045771,-0.54834760980065,0.793643439867066,-0.690924390293577,0.489613057638376,0.863435125669327,10.637954503175,16.8875465816076,8.25359260893955,3.62212825217076,11.0158619787578,1.9306517859999,0,10.5462085003983,9.38134837216593,7.58242252136235,"OXCT2P1"
"ENSG00000142676",13695.281092309,0.216286648747087,0.313061605808455,0.690875676653306,0.489643672828582,0.863435125669327,10477.4180988543,9479.10980046082,13244.5400595653,16733.3269929658,17022.2607226754,9751.72217108549,20718.5226136239,20030.1261809383,11720.4312329593,7775.35304996146,"RPL11"
"ENSG00000099246",1385.36415492206,0.189692689988185,0.27457427390474,0.690861118525606,0.489652822413539,0.863435125669327,1598.59443579529,1053.52309828337,1768.74489609575,689.109899975486,1454.09378119602,1609.19826363092,1148.89498396802,1206.10275395464,1546.88010936603,1778.4993269551,"RAB18"
"ENSG00000177082",182.449771988313,-0.185826837782052,0.269004703377068,-0.690794010101659,0.489695000333681,0.863435125669327,154.733883682545,161.081213547642,141.96179287376,328.708138884496,177.630774407469,173.758660739991,187.699408475019,170.656828460991,152.186318037358,176.080700773859,"WDR73"
"ENSG00000121064",58.5577689377436,0.253059620085413,0.366341378331181,0.690775421652317,0.489706683596276,0.863435125669327,51.255598969843,50.6626397448228,44.5694000882736,63.3872444129882,82.6189648406832,22.2024955389988,74.2067428854726,83.4109217758776,45.8643698194779,67.3993113009986,"SCPEP1"
"ENSG00000266053",19.7577042157115,0.369042447053623,0.534389425733573,0.690587106110917,0.489825052649089,0.863435125669327,10.637954503175,18.1865886263466,13.2057481743033,25.3548977651953,23.4087067048602,12.5492366089993,20.9524921088393,40.2673415469754,5.21186020675885,27.8022159116619,"NDUFV2-AS1"
"ENSG00000178695",524.235332392955,0.267756926004385,0.387745868534116,0.690547463514305,0.489849972663497,0.863435125669327,683.730348522245,413.095370227017,385.442774837477,386.662190919228,265.757670237531,470.113709890976,300.31905356003,815.893039439906,469.067418608296,1052.27174768684,"KCTD12"
"ENSG00000175376",146.104696659222,-0.176548246680997,0.255672656874572,-0.690524551350866,0.489864375952488,0.863435125669327,140.227582087306,162.380255592381,200.562300397231,124.057892636848,158.353015944643,188.23854913499,147.54046526641,99.7096076401295,135.50836537573,104.468932516548,"EIF1AD"
"ENSG00000148700",713.455079828374,0.205676768533915,0.297886990041136,0.690452337329375,0.489909773393218,0.863435125669327,676.960741111134,741.753007545995,649.557738323543,546.035834014741,658.197753230776,554.097062581971,548.256876847962,1168.7116510896,476.364022897759,1114.61611064027,"ADD3"
"ENSG00000183876",16.200780916639,-0.342634836092348,0.496250128371545,-0.690447853820635,0.489912592031588,0.863435125669327,14.5063015952386,9.09329431317332,28.0622148703945,21.7327695130245,19.2777584628261,18.341191966999,13.9683280725595,6.71122359116257,21.8898128683872,8.42491391262483,"ARSI"
"ENSG00000125675",150.446267669176,-0.309352696262503,0.448109010578989,-0.690351430029932,0.489973212692678,0.863435125669327,75.4327682952406,100.026237444907,122.153170612305,383.040062667057,89.5038785774068,155.417468772992,162.381813843505,158.193127505975,72.9660428946239,185.348106077746,"GRIA3"
"ENSG00000009335",1443.04737162557,-0.170905645215369,0.247584235903387,-0.690292920273246,0.49000999915169,0.863435125669327,1621.80451834767,1727.72591950293,1753.88842939965,1083.01634739906,1637.23248659287,1605.33696005892,906.1952837073,1005.72479244708,1683.43084678311,1406.11813201708,"UBE3C"
"ENSG00000142528",79.3518859326953,0.205696801713115,0.298001158774641,0.690255039808991,0.490033816282121,0.863435125669327,56.0910328349225,88.3348590422551,80.8852075676076,65.1983085390736,97.7657750614751,114.873781266994,68.9686198582627,61.359758547772,105.279576176529,54.7619404320614,"ZNF473"
"ENSG00000241945",61.2555068747999,-0.217743413347769,0.31545958320341,-0.690241872307829,0.49004209542083,0.863435125669327,47.3872518777794,62.3540181474742,57.7751482625769,100.514058997738,33.0475859362733,66.6074866169966,58.4923738038431,48.8960575927558,66.7118106465133,70.7692768660486,"PWP2"
"ENSG00000065613",330.912492134375,-0.189502685188066,0.274622233402849,-0.690048590894973,0.490163630829634,0.863435125669327,486.444646827,409.198244092799,298.780052443612,235.438336391099,293.297325184425,326.280151833983,233.969495215372,225.3053634176,404.440352044487,395.970953893367,"SLK"
"ENSG00000118292",12.5730072827187,-0.379688128108578,0.55029270304257,-0.689974855216653,0.490210000117579,0.863435125669327,6.76960741111134,9.09329431317332,11.5550296525154,30.7880901434514,9.63887923141304,7.7226071439996,7.85718454081474,11.5049547277073,15.6355806202765,15.1648450427247,"C1orf54"
"ENSG00000153140",127.380866654411,0.225012376627037,0.326198713270448,0.6898015457237,0.490318996506761,0.863513067002598,169.240185277783,115.614741981775,134.533559525715,43.4655390260491,122.55146451368,143.833558056993,140.55630123013,112.173308595146,151.143945996007,140.696062340835,"CETN3"
"ENSG00000105327",158.332389262386,0.212603630643445,0.308313354349368,0.689569970435115,0.490464657282588,0.863555636337746,160.53640432064,167.576423771337,149.390026221806,100.514058997738,249.233877269394,185.34257145599,189.445449484089,174.491813370227,85.4745073908451,121.318760341798,"BBC3"
"ENSG00000255052",16.4978895944422,0.450698762873542,0.653707786734459,0.689449891862187,0.490540195821665,0.863555636337746,13.5392148222227,22.0837147605638,14.0311074351972,4.52766031521344,37.1785341783074,4.82662946499975,23.5715536224442,25.8861481373413,4.16948816540708,15.1648450427247,"FAM66D"
"ENSG00000148248",1453.4952705513,-0.220607115072063,0.320008476581934,-0.689378973420973,0.490584811843065,0.863555636337746,1469.00480821116,939.20739834633,1084.52206881466,2861.4813192149,1012.08231929837,1737.58660739991,1374.13427413804,1552.21014201317,1471.8293223887,1032.8944456878,"SURF4"
"ENSG00000125962",20.1142158961892,-0.285274291873324,0.413860185626765,-0.689301125792746,0.490633789647614,0.863555636337746,18.3746486873022,27.27988293952,15.6818259569851,28.977026017366,22.0317239575155,20.2718437529989,17.4604100906994,7.6699698184715,19.8050687856836,23.5897589553495,"ARMCX5"
"ENSG00000119661",183.356816310276,0.155141346551625,0.225087687243459,0.689248481121143,0.490666912511617,0.863555636337746,135.392148222227,181.865886263466,176.626881831306,192.878329428093,180.384739902158,257.742013430987,158.889731825365,144.77068032365,205.347292146299,199.670459729208,"DNAL1"
"ENSG00000170260",70.8516582768835,-0.266594171561473,0.387063038099904,-0.688761636528733,0.490973281315196,0.863676326025599,49.3214254238112,48.0645556553447,52.8229926972131,164.806835473769,61.9642236305124,61.7808571519968,69.8416403627977,75.7409519574061,50.0338579848849,74.1392424310985,"ZNF212"
"ENSG00000065548",635.380211747193,0.179409287189259,0.260495685986256,0.688722680799886,0.490997800395695,0.863676326025599,787.208633234947,359.834646392716,731.268305152044,475.404333097412,497.090771791444,697.930620638964,816.274171740198,620.308809068883,770.312938558958,598.168887796363,"ZC3H15"
"ENSG00000124613",18.8085266115079,-0.395189107724989,0.573851992526926,-0.688660339027133,0.491037040227962,0.863676326025599,18.3746486873022,19.4856306710857,17.3325444787731,32.5991542695368,19.2777584628261,19.306517859999,2.61906151360491,7.6699698184715,17.7203247029801,33.6996556504993,"ZNF391"
"ENSG00000018699",80.0324042620469,0.19491197672129,0.283102268583744,0.688486099727715,0.491146720744622,0.863676326025599,78.3340286142883,83.1386908632989,70.1555371759862,63.3872444129882,96.3887923141304,58.8848794729969,93.4131939852419,57.5247736385363,76.0931590186792,123.003743124323,"TTC27"
"ENSG00000107897",252.478465681582,-0.198372798494018,0.288136236987385,-0.688468762444145,0.491157634973756,0.863676326025599,256.277994849215,288.387333932068,385.442774837477,163.901303410727,250.610860016739,282.840486648985,163.25483434804,167.780589779064,273.101474834164,293.187004159344,"ACBD5"
"ENSG00000100532",88.3525651285342,0.16887999536758,0.245311123610732,0.688431869219125,0.491180860563082,0.863676326025599,76.3998550682565,64.9521022369523,89.1388001765472,97.7974628086104,86.7499130827173,101.359218764995,122.222870634896,94.9158765035849,79.2202751427345,70.7692768660486,"CGRRF1"
"ENSG00000196812",8.08531604384144,0.426511468729167,0.619640715134771,0.688320599843735,0.491250912140686,0.863676326025599,9.67086773015905,5.19616817895618,5.77751482625769,6.33872444129882,1.37698274734472,6.75728125099965,12.2222870634896,13.4224471823251,12.5084644962212,7.58242252136235,"ZSCAN16"
"ENSG00000127418",517.267203443473,0.173558662133224,0.252223283345968,0.688115148731763,0.49138027157378,0.863676326025599,346.217064739694,545.597658790399,590.131871539178,440.088582638747,415.848789698105,437.292629528977,464.446908412605,703.719730844761,743.211265483812,486.117532758453,"FGFRL1"
"ENSG00000099901",572.497673910307,-0.217032600867964,0.315419310518452,-0.68807645451773,0.491404636893831,0.863676326025599,765.932724228597,749.547259814429,713.110401412377,271.659618912807,364.900428046351,766.46875904196,539.526671802612,445.816995698656,620.211364604303,487.802515540978,"RANBP1"
"ENSG00000100519",338.825948728634,-0.140272240383798,0.203955654936368,-0.687758524898763,0.491604858231526,0.863676326025599,383.933448887314,294.882544155763,349.952326619037,406.583896306167,231.333101553913,325.314825940983,347.462160804919,288.58261441999,401.313235920431,358.901332677818,"PSMC6"
"ENSG00000184378",35.3653786851626,-0.227693761765616,0.331168705682827,-0.687546129384843,0.491738642150455,0.863676326025599,40.617644466668,41.5693454316495,50.3469149145313,22.6383015760672,34.424568683618,24.1331473249987,44.5240457312835,33.5561179558128,28.1440451164978,33.6996556504993,"ACTRT3"
"ENSG00000142197",69.8300802167022,-0.28685863359733,0.417239421510947,-0.687515653622877,0.491757839859704,0.863676326025599,62.8606402460339,98.7271954001675,62.7273038279406,88.7421421781835,67.4721546198913,68.5381384029965,30.555717658724,36.4323566377396,137.593109458434,44.6520437369116,"DOPEY2"
"ENSG00000171858",3293.16330872894,0.209603237057099,0.30487988144806,0.687494484915061,0.491771174978712,0.863676326025599,2614.03554746199,2568.20612244909,3191.66426187692,3668.31038738593,3626.97255650599,2694.22456736286,4907.24825599107,4753.46379499772,3352.26848498729,1555.23910827054,"RPS21"
"ENSG00000018408",551.856288403692,-0.190295477790598,0.276799723743745,-0.687484348672144,0.491777560321706,0.863676326025599,690.499955933357,723.566418919649,489.438041710115,481.743057538711,374.539307277764,572.43825454897,323.890607182474,464.991920244835,758.846846104088,638.608474576962,"WWTR1"
"ENSG00000203668",146.702198769745,-0.214376782990971,0.311926397342154,-0.687267204114886,0.491914361581144,0.863676326025599,177.943966234927,123.408994250209,190.657989266504,147.601726275958,85.3729303353726,209.475718780989,93.4131939852419,116.008293504381,200.13543193954,123.003743124323,"CHML"
"ENSG00000138617",119.088844861595,0.147340310183456,0.214393536727759,0.687242313515037,0.491930043985021,0.863676326025599,108.313718577781,127.306120384426,103.995266872638,108.663847565123,123.928447261025,122.596388410994,123.968911643966,160.110619960593,90.6863675976039,121.318760341798,"PARP16"
"ENSG00000105520",710.281168761907,0.170854622292364,0.248638549968577,0.687160628607095,0.491981511713295,0.863676326025599,592.82419185875,606.652634893134,601.686901191693,840.333754503615,831.697579396211,791.567232259959,920.16361177986,876.294051760369,423.203048788818,618.388681186663,"PLPPR2"
"ENSG00000140395",197.084603728222,-0.138715354614777,0.201868667918157,-0.687156437129786,0.491984152741926,0.863676326025599,236.936259388897,185.763012397684,214.593407832428,197.405989743306,151.468102207919,164.105401809991,178.969203429669,185.038021870625,210.559152353057,246.007486248645,"WDR61"
"ENSG00000171865",352.254090243387,-0.133068639071408,0.193682312063989,-0.687045903435126,0.492053802208498,0.863676326025599,387.801795979378,392.310697511192,413.504989707872,294.297920488874,307.067152657872,430.535348277978,296.82697154189,304.881300284242,383.592911217451,311.721814767119,"RNASEH1"
"ENSG00000124067",424.359277997909,0.22850897821732,0.332625017868564,0.686986744657959,0.492091081496845,0.863676326025599,262.08051548731,301.377754379459,245.131700485505,729.858842812407,506.729651022857,507.761419717974,503.732831116678,516.764216519518,331.474309149863,338.681539287518,"SLC12A4"
"ENSG00000165650",549.416640608069,-0.148400727734674,0.216039927796828,-0.686913429605643,0.492137283556397,0.863676326025599,591.857105085734,723.566418919649,488.612682449221,530.641788943016,633.412063778571,578.23020990697,366.668611904688,466.909412699453,626.465596852414,487.802515540978,"PDZD8"
"ENSG00000004478",326.134910665847,0.114810666130092,0.167148768854369,0.68687712698693,0.492160161790099,0.863676326025599,329.776589598424,298.779670289981,322.715471009536,292.486856362789,260.249739248152,386.13035719998,346.589140300384,334.602433330819,325.220076901752,364.798772416655,"FKBP4"
"ENSG00000197081",181.817387638578,0.24519758225954,0.357122058697258,0.686593214527253,0.492339105627357,0.863876680930412,129.589627584131,155.885045368685,101.519189089956,268.037490660636,121.174481766335,156.382794665992,186.826387970484,323.097478603112,131.338877210323,244.32250346612,"IGF2R"
"ENSG00000139209",26.0726289269798,-0.572516460757802,0.834136137841498,-0.68635853883433,0.492487042938758,0.864022585066327,3.86834709206362,5.19616817895618,7.4282333480456,113.191507880336,17.9007757154814,10.6185848229995,10.4762460544197,41.2260877742843,14.5932085789248,36.2271298242868,"SLC38A4"
"ENSG00000160753",305.977225979192,-0.169100466525106,0.246449371084966,-0.68614687787865,0.492620492419569,0.864143036617097,273.685556763501,415.693454316495,394.521726707311,227.288547823715,289.166376942391,356.205254516982,234.842515719907,311.592523875405,337.728541397973,219.047761728246,"RUSC1"
"ENSG00000260942",10.2344215319812,-0.555668838640823,0.810290067505451,-0.685765333828537,0.492861099940999,0.86443610775624,1.93417354603181,6.49521022369523,4.12679630446978,38.0323466477929,4.13094824203416,3.8613035719998,5.23812302720983,13.4224471823251,16.6779526616283,8.42491391262483,"CAPN10-AS1"
"ENSG00000175606",150.797958552994,0.210361763082988,0.306794522062988,0.685676398875852,0.492917192733464,0.86443610775624,170.207272050799,126.007078339687,188.181911483822,67.009372665159,106.027671545543,159.278772344992,181.588264943274,152.440650142121,202.220176022243,155.018415992297,"TMEM70"
"ENSG00000148153",285.787616287162,-0.226074967586705,0.329776435280311,-0.685540091409323,0.493003170817875,0.864473217091506,272.718469990485,450.767589524449,379.665260011219,149.412790402044,265.757670237531,334.968084870983,157.143690816295,220.511632281056,356.491238142305,270.439736595257,"INIP"
"ENSG00000197265",425.639372338159,0.123233043659057,0.179886246280209,0.685060954949812,0.493305457449847,0.864615515237353,441.958655268269,396.207823645409,390.394930402841,387.567722982271,396.571031235279,529.963915256973,448.732539330975,442.940757016729,490.957231476683,331.099116766156,"GTF2E2"
"ENSG00000165996",115.282442440859,0.196328681873523,0.286604506760451,0.685016031648162,0.493333804597309,0.864615515237353,138.293408541274,90.9329431317332,110.59814095979,84.2144818629701,85.3729303353726,147.694861628992,77.6988249036124,117.925785958999,167.821898657635,132.27114842821,"HACD1"
"ENSG00000117069",40.1870428950411,-0.348012866044494,0.508043430931339,-0.685006133051501,0.493340050848982,0.864615515237353,70.5973344301611,19.4856306710857,25.5861370877126,67.9149047282017,75.7340511039596,30.8904285759984,35.7938406859338,14.3811934096341,21.8898128683872,39.5970953893367,"ST6GALNAC5"
"ENSG00000122882",88.1933921527793,-0.184014083493214,0.268633521317405,-0.685000451882516,0.493343635821868,0.864615515237353,79.3011153873043,90.9329431317332,88.3134409156532,121.34129644772,96.3887923141304,91.7059598349952,73.3337223809376,58.4835198658452,66.7118106465133,115.42132060296,"ECD"
"ENSG00000004660",119.144101482626,-0.220059759207288,0.321316338842066,-0.684869496522715,0.493426276099785,0.864646727676104,131.523801130163,116.913784026514,153.516822526276,118.624700258592,85.3729303353726,170.862683060991,93.4131939852419,61.359758547772,168.864270698987,90.9890702563482,"CAMKK1"
"ENSG00000160050",33.5497089278234,-0.295246880110471,0.431291362151776,-0.684564788493424,0.493618592878151,0.864771258038392,56.0910328349225,42.8683874763885,26.4114963486066,25.3548977651953,44.063447915031,22.2024955389988,32.3017586677939,13.4224471823251,50.0338579848849,22.747267564087,"CCDC28B"
"ENSG00000180035",55.2990670620359,0.17095370013452,0.249761959831921,0.684466522642458,0.493680622024471,0.864771258038392,55.1239460619066,59.7559340579961,44.5694000882736,47.0876672782198,52.3253443990994,73.3647678679962,63.7304968310529,55.6072811839184,50.0338579848849,51.3919748670115,"ZNF48"
"ENSG00000154328",195.029702657031,0.117693575005991,0.171953824977354,0.684448717680405,0.493691861640872,0.864771258038392,194.384441376197,200.052474889813,193.959426310079,154.8459827803,179.007757154814,210.441044673989,225.239290170023,197.501722825641,209.516780311706,185.348106077746,"NEIL2"
"ENSG00000091409",96.2196717566763,0.317768440813364,0.464352281665316,0.684326218175873,0.493769194776715,0.86479313863914,112.182065669845,90.9329431317332,81.7105668285016,50.7097955303906,57.8332753884782,203.683763422989,33.1747791723289,69.9884745935525,166.779526616283,95.2015272126606,"ITGA6"
"ENSG00000112306",14957.7362749903,0.196431725177196,0.287191963562183,0.683973613818286,0.493991827786359,0.864926404137035,11559.5881978591,11013.2784552976,13992.3155499352,18450.2157844948,17166.8439111466,12265.4307964574,22368.531367195,20656.1874673711,13376.7604066673,8728.21081347933,"RPS12"
"ENSG00000173875",140.114027825249,-0.226313697212413,0.33091752721608,-0.683897583534875,0.494039840047682,0.864926404137035,107.346631804766,92.2319851764723,128.756044699457,285.242599858447,100.519740556165,147.694861628992,127.460993662106,162.028112415211,116.745668631398,133.113639819472,"ZNF791"
"ENSG00000137821",66.9592540326211,0.167585930698923,0.245125810082503,0.68367313357381,0.494181592214646,0.864954949563076,62.8606402460339,50.6626397448228,62.7273038279406,72.4425650434151,66.0951718725465,74.3300937609961,76.8258043990775,59.4422660931542,88.6016235149004,55.6044318233239,"LRRC49"
"ENSG00000140830",91.7936804491599,-0.196852687618163,0.287964528936906,-0.68360047101945,0.494227487169254,0.864954949563076,97.6757640746064,115.614741981775,129.581403960351,55.237455845604,66.0951718725465,83.9833526909956,95.1592349943119,80.5346830939508,115.703296590046,78.3516993874109,"TXNL4B"
"ENSG00000109381",268.625078241658,-0.161759749439918,0.236664730407125,-0.68349749099348,0.494292535080158,0.864954949563076,253.376734530167,344.246141855847,329.318345096688,220.044291319373,330.475859362733,278.013857183986,239.207618242582,185.996768097934,299.160775867958,206.410390859308,"ELF2"
"ENSG00000166025",431.271649539035,-0.173399389018145,0.253717867983356,-0.68343388818607,0.494332712437385,0.864954949563076,461.300390728587,597.559340579961,382.966697054795,410.206024558338,363.523445299006,475.905665248975,256.668028333282,336.519925785437,488.87248739398,539.194490407989,"AMOTL1"
"ENSG00000156313",33.0087561643512,-0.279012667922679,0.408296257062037,-0.683358377885608,0.49438041392512,0.864954949563076,44.4859915587317,22.0837147605638,47.8708371318494,32.5991542695368,24.785689452205,37.647709826998,31.428738163259,19.1749245461788,53.1609741089403,16.8498278252497,"RPGR"
"ENSG00000163950",394.560453907696,-0.196751791896348,0.288012796508026,-0.683135590785687,0.494521167692343,0.865087724752463,545.436939980971,471.552262240274,468.804060187766,223.666419571544,301.559221668494,494.246857215974,288.969787001075,290.500106874608,464.897930442889,395.970953893367,"SLBP"
"ENSG00000182979",768.747332183863,-0.182705442986516,0.267615915214577,-0.682715162287793,0.494786846883527,0.865334192078832,706.940431074627,1166.53975617566,779.964501544788,658.321809832035,962.510940393959,597.536727766969,967.306719024748,780.419429029476,564.965646412659,502.967360583702,"MTA1"
"ENSG00000162910",152.085945164474,0.175662548932263,0.257361325264051,0.682552239548949,0.494889822307295,0.865392101758541,163.437664639688,146.791751055512,168.373289222367,86.0255459890555,161.106981439332,137.076276805993,216.509085124673,165.863097324446,145.932085789248,129.743674254422,"MRPL55"
"ENSG00000224165",10.6593354093625,0.391644774740012,0.573913913234905,0.682410315743138,0.49497953467468,0.865435507860017,10.637954503175,12.9904204473905,9.07895186983351,3.62212825217076,11.0158619787578,4.82662946499975,16.5873895861645,17.2574320915609,6.25423224811062,14.3223536514622,"DNAJC27-AS1"
"ENSG00000134996",287.872712859185,0.219024887937234,0.321097936766925,0.682112411380012,0.495167873173067,0.865561329207795,283.35642449366,248.117030545158,387.918852620159,128.585552952062,287.789394195046,342.690692014982,192.937531502229,242.562795509161,429.457281036929,335.311573722468,"OSTF1"
"ENSG00000171608",289.927130164783,-0.18107796828308,0.265504644239268,-0.682014315801932,0.495229898681147,0.865561329207795,300.763986407947,380.61931910854,288.05038205199,277.998343354106,428.241634424208,304.077656294984,230.477413197232,165.863097324446,245.999801759018,277.179667725357,"PIK3CD"
"ENSG00000121417",57.1427874936079,-0.271255764884905,0.397745125061541,-0.68198388312851,0.495249142002856,0.865561329207795,34.8151238285726,49.3635977000837,48.6961963927434,121.34129644772,70.2261201145807,37.647709826998,68.0955993537277,63.2772510023899,37.5253934886637,40.4395867805992,"ZNF211"
"ENSG00000153774",386.781279373063,0.204021473736799,0.299221491102974,0.681840976678336,0.495339510578054,0.865561329207795,498.049688103191,224.734273739855,480.359089840282,213.705566878075,442.011461897655,413.159482203979,527.304384739123,343.2311493766,421.118304706115,304.139392245756,"CFDP1"
"ENSG00000070961",322.856992022804,0.180206570680392,0.264393646754716,0.68158434551029,0.495501816421855,0.865561329207795,268.850122898422,396.207823645409,258.337448659808,274.376215101935,223.071205069845,405.436875059979,407.700575617832,447.734488153274,237.660825428203,309.194340593331,"ATP2B1"
"ENSG00000064999",71.9216717173244,-0.216042769670009,0.317045913574387,-0.681424236743302,0.495603091258421,0.865561329207795,60.926466700002,74.0453965501256,65.2033816106225,113.191507880336,88.1268958300621,58.8848794729969,40.1589432086087,56.5660274112273,67.754182687865,94.3590358213981,"ANKS1A"
"ENSG00000175806",94.1873060971771,0.24446554410149,0.35885504840569,0.681237578202102,0.495721173779197,0.865561329207795,128.622540811115,84.437732908038,97.3923927854867,28.977026017366,81.2419820933385,123.561714303994,85.5560094444272,85.3284142304955,110.491436383288,116.263811994223,"MSRA"
"ENSG00000272645",21.0634654855205,-0.407130749515183,0.597643877103396,-0.681226337477806,0.495728285280951,0.865561329207795,21.2759090063499,12.9904204473905,7.4282333480456,57.0485199716894,17.9007757154814,18.341191966999,30.555717658724,26.8448943646503,7.29660428946239,10.9523880864123,"GTF2IP20"
"ENSG00000089177",71.5217769380077,0.256686727627668,0.376813400502513,0.681203819411289,0.49574253161479,0.865561329207795,77.3669418412724,92.2319851764723,42.9186815664857,44.3710710890918,85.3729303353726,95.567263406995,44.5240457312835,39.3085953196665,82.3473912667898,111.208863646648,"KIF16B"
"ENSG00000205464",49.3388574661412,0.209910836432222,0.308163230809365,0.681167691164544,0.495765389054386,0.865561329207795,44.4859915587317,36.3731772526933,39.6172445229098,58.8595840977748,78.488016598649,61.7808571519968,49.7621687584934,36.4323566377396,43.7796257367743,43.8095523456491,"ATP6AP1L"
"ENSG00000023287",903.304673447559,0.164240488941379,0.241186832444414,0.680967892304946,0.495891806960816,0.865668721130419,1002.86898361749,878.152422243595,978.876083420231,509.814551493034,939.102233689099,784.809951008959,1252.78442400768,763.161996937915,1015.27036827662,908.205719780957,"RB1CC1"
"ENSG00000130724",815.349871352419,0.162830580805438,0.239205201665854,0.680715049971599,0.496051811502063,0.865762916867947,935.172909506381,765.135764351298,830.311416459319,512.531147682162,999.689474572267,723.994419749963,1172.46653759047,743.028326164427,677.54182687865,793.626890569259,"CHMP2A"
"ENSG00000163510",71.1864092540237,-0.165971145202333,0.243832288260706,-0.680677470511517,0.496075595014235,0.865762916867947,61.893553473018,96.1291113106894,71.8062556977741,76.0646932955859,59.2102581358229,79.1567232259959,72.4607018764026,54.6485349566095,60.4575783984026,80.0366821699359,"CWC22"
"ENSG00000136878",100.360245643967,-0.224757990056876,0.330474767982232,-0.680106355559831,0.49643712051051,0.866181711698781,74.4656815222247,109.11953175808,77.5837705240318,178.38981641941,106.027671545543,62.7461830449967,117.857768112221,104.503338776674,62.5423224811062,110.366372255385,"USP20"
"ENSG00000068724",663.317411738308,-0.175138061124209,0.257520678529652,-0.68009319532778,0.496445452817387,0.866181711698781,516.424336790493,630.035391698437,661.938127236952,1039.55080837301,768.356373018354,600.432705445969,728.099100782166,690.297283662435,398.186119796376,599.853870578888,"TTC7A"
"ENSG00000130725",597.424067060734,0.202481872099099,0.297802094007429,0.679920914505214,0.496554538067109,0.866205595114721,570.581196079384,697.585578024868,692.476419890028,231.816208138928,486.074909812686,672.832147420965,752.543674909145,707.554715753996,620.211364604303,542.564455973039,"UBE2M"
"ENSG00000137563",67.6556221903527,-0.27188595347755,0.399910834958642,-0.679866434490749,0.49658903653349,0.866205595114721,97.6757640746064,40.2703033869104,48.6961963927434,115.002572006422,37.1785341783074,47.3009687569975,60.238414812913,113.132054822455,65.6694386051615,51.3919748670115,"GGH"
"ENSG00000089486",300.504487666139,0.214585295950257,0.31576706401522,0.679568328696605,0.496777829164702,0.866330917079419,339.447457328583,381.918361153279,276.495352399475,99.6085269346958,294.67430793177,311.800263438984,300.31905356003,351.85986542238,348.152261811491,300.769426680706,"CDIP1"
"ENSG00000157916",751.845903216732,-0.20627299403785,0.303568299540349,-0.679494513591112,0.496824582732213,0.866330917079419,854.90470734606,496.234061090315,549.689267755374,1367.35341519446,592.102581358229,733.647678679962,751.67065440461,939.571302762759,706.7282440365,526.557119539052,"RER1"
"ENSG00000160688",178.298360886513,0.127244299463217,0.187297755573437,0.679369056365048,0.496904051154918,0.866330917079419,184.713573646038,138.997498787078,172.500085526837,178.38981641941,187.269653638882,206.579741101989,200.794716043043,181.203036961389,187.626967443319,144.908519297147,"FLAD1"
"ENSG00000159899",138.749623273174,-0.280577734235111,0.413035615391314,-0.679306393394885,0.496943746322651,0.866330917079419,116.050412761909,94.8300692659503,71.8062556977741,337.763459514923,136.321291987127,99.4285669789949,136.191198707455,186.955514325243,96.9405998457146,111.208863646648,"NPR2"
"ENSG00000160058",663.762838773956,0.153469664272117,0.225977245676502,0.679137688454777,0.497050624390171,0.866330917079419,561.877415122241,785.920437067123,727.966868108468,412.017088684423,860.61421709045,754.884848325961,604.1301891382,598.257645840777,614.999504397544,716.960173964373,"BSDC1"
"ENSG00000154175",208.907399872447,-0.324230939055976,0.477612707867835,-0.678857437657828,0.497228196131886,0.866466904717847,213.726176836515,63.6530601922132,139.485715091078,533.358385132144,152.845084955264,146.729535735992,214.763044115603,170.656828460991,126.127017003564,327.729151201106,"ABI3BP"
"ENSG00000204344",149.171319537116,-0.165020713955761,0.243113454674898,-0.678780671256694,0.497276842543762,0.866466904717847,125.721280492068,149.38983514499,159.294337352533,202.839182121562,179.007757154814,134.180299126993,186.826387970484,120.802024640926,115.703296590046,117.948794776748,"STK19"
"ENSG00000224596",19.2675041725199,0.370265581619381,0.545627535842856,0.678605014036571,0.497388165015729,0.866466904717847,13.5392148222227,10.3923363579124,10.7296703916214,30.7880901434514,22.0317239575155,14.4798883949993,35.7938406859338,27.8036405919592,5.21186020675885,21.9047761728246,"ZMIZ1-AS1"
"ENSG00000072134",206.389630674701,-0.210696724066303,0.310563143444494,-0.678434413464004,0.497496295548813,0.866541477567522,232.100825523817,327.35859527424,207.990533745277,131.30214914119,313.952066394596,204.649089315989,161.50879333897,132.306979368633,169.906642740338,182.820631903959,"EPN2"
"ENSG00000110801",201.052869709103,0.144955269868835,0.213764925362753,0.678105959725852,0.497704512260906,0.866677775169566,197.285701695245,214.341937381943,220.370922658686,124.963424699891,183.138705396848,231.678214319988,215.636064620138,199.419215280259,232.448965221445,191.245545816584,"PSMD9"
"ENSG00000177192",174.186872342956,-0.180045016310133,0.265576007328191,-0.677941573568573,0.497808739010496,0.866702709218913,226.298304885722,128.605162429166,189.007270744716,204.650246247648,167.991895176056,164.105401809991,221.747208151883,157.234381278666,184.499851319263,97.729001386448,"PUS1"
"ENSG00000174547",503.83195203104,0.147558043800694,0.21771393759949,0.677761127411807,0.497923161752479,0.866702709218913,547.371113527003,466.356094061317,492.739478753691,386.662190919228,521.876461243649,426.674044705978,692.305260096232,638.524987387753,455.516582070723,410.293307544829,"MRPL11"
"ENSG00000161202",1336.80400912604,-0.158151268049214,0.233351950785728,-0.677737072763683,0.497938416106518,0.866702709218913,1104.41309478416,1462.72134237617,1238.86425060183,1895.27860794835,1677.16498626587,1169.00965642294,1200.40319373559,1276.0912285482,1464.53271809924,879.561012478032,"DVL3"
"ENSG00000134759",337.656159992189,-0.179422239210944,0.264762094345471,-0.67767343982718,0.497978770393982,0.866702709218913,275.619730309533,331.255721408457,288.875741312884,555.996686708211,419.97973794014,222.024955389988,325.636648191544,324.056224830421,287.694683413088,345.421470417618,"ELP2"
"ENSG00000225614",141.947725301992,-0.293167745820984,0.432810583171401,-0.677358080462842,0.498178788455532,0.86693769593312,115.083325988893,314.368174826849,113.899578003366,95.0808666194824,235.464049795947,74.3300937609961,165.873895861645,101.627100094747,135.50836537573,68.2418026922611,"ZNF469"
"ENSG00000136169",72.2032791341801,-0.214345817925492,0.316522553960751,-0.677189714424177,0.498285592852039,0.867010430772034,80.2682021603202,93.5310272212113,88.3134409156532,53.4263917195186,44.063447915031,84.9486785839956,48.0161277494234,52.7310425019916,100.06771596977,76.666716604886,"SETDB2"
"ENSG00000120820",174.568624906602,-0.256686736505047,0.379146138212772,-0.677012662492153,0.498397920353858,0.867027194237928,166.338924958736,76.6434806396037,154.34218178717,375.795806162716,196.908532870295,148.660187521992,171.985039393389,155.316888824048,104.237204135177,195.458002772896,"GLT8D2"
"ENSG00000161551",53.4717190269628,-0.307255743792681,0.453869340348613,-0.676969595603617,0.498425245424173,0.867027194237928,54.1568592888907,32.4760511184761,29.7129333921824,124.963424699891,55.0793098937888,40.5436875059979,80.3178864172174,49.8548038200648,40.652509612719,26.9597245203995,"ZNF577"
"ENSG00000073921",1438.25433225662,-0.21149548768666,0.31252643464369,-0.67672831556724,0.498578347464186,0.867178264086959,1753.32831947784,1399.06828218395,1625.95774396109,1486.8836475161,1141.51869754877,1304.15528144293,770.004084999845,994.219837719369,2622.60805604105,1284.79937167529,"PICALM"
"ENSG00000120063",748.217001609464,-0.201423185500226,0.297686827729247,-0.676627807272093,0.498642131460065,0.867178264086959,778.504852277804,839.181160901424,890.562642504578,738.008631379791,749.078614555528,1015.52283943595,345.716119795849,484.166844791014,976.702602746608,664.725707706099,"GNA13"
"ENSG00000145331",47.7326136360386,-0.196422189145906,0.290425643653208,-0.676325226227095,0.498834179887293,0.86728607184941,52.2226857428589,55.858807923779,56.9497890016829,41.6544748999637,42.6864651676863,34.7517321479982,33.1747791723289,46.978565138138,66.7118106465133,46.3370265194366,"TRMT10A"
"ENSG00000141580",2313.34224072999,0.123746986064963,0.183074085558219,0.675939391900503,0.499079126251731,0.867509511114128,1794.91305071752,2292.80920896442,2292.02266750251,2401.47103118921,2541.91015159835,2586.10806734687,2512.55301205165,2859.93999606256,1958.61706569998,1893.0781561668,"WDR45B"
"ENSG00000141526",729.082290907007,0.221382921467495,0.327529317178876,0.675917879273657,0.49909278539242,0.867509511114128,634.408923098434,413.095370227017,512.548101015146,1092.07166802948,535.646288717096,756.815500111961,1023.18003131499,1152.41296522534,612.91476031484,557.729301015764,"SLC16A3"
"ENSG00000178385",19.9382182102684,-0.487291310290914,0.721460170877617,-0.675423717012889,0.499406601463829,0.867646302181727,12.5721280492068,51.9616817895618,24.7607778268187,7.24425650434151,23.4087067048602,24.1331473249987,3.49208201813988,1.91749245461788,22.9321849097389,26.9597245203995,"PLEKHM3"
"ENSG00000149929",50.6446222834165,-0.261208120664439,0.386763800852707,-0.675368584362206,0.49944161976373,0.867646302181727,54.1568592888907,76.6434806396037,70.9808964368801,23.5438336391099,45.4404306623758,61.7808571519968,51.5082097675633,22.0511632281056,53.1609741089403,47.1795179106991,"HIRIP3"
"ENSG00000118873",217.968003285558,-0.17571256324355,0.260184611578378,-0.675338030860516,0.499461026823449,0.867646302181727,217.594523928579,155.885045368685,198.086222614549,364.023889343161,181.761722649503,193.06517859999,174.604100906994,222.429124735674,243.915057676314,228.315167032133,"RAB3GAP2"
"ENSG00000158427",24.5708050487427,0.237269580550793,0.35136441583702,0.675280619938618,0.499497494338547,0.867646302181727,23.2100825523817,16.8875465816076,22.2847000441368,26.260429828238,22.0317239575155,24.1331473249987,40.1589432086087,21.0924170007966,26.0593010337942,23.5897589553495,"TMSB15B"
"ENSG00000106546",470.660664575643,-0.25071358778552,0.371314888287817,-0.675204780884478,0.49954566960191,0.867646302181727,376.196754703187,1057.42022441758,345.000171053673,305.164305245386,333.229824857422,546.374455437972,358.811427363873,477.455621199851,305.415008116068,601.538853361413,"AHR"
"ENSG00000154370",115.244398982488,-0.132436260959161,0.196149746925355,-0.675179361865603,0.499561817084313,0.867646302181727,118.951673080956,107.820489713341,132.057481743033,126.774488825976,123.928447261025,94.6019375139951,132.699116689316,105.462085003983,107.364320259232,102.783949734023,"TRIM11"
"ENSG00000153933",48.3801894822921,-0.321734596047333,0.476828906589168,-0.674738027836338,0.499842219577812,0.867951586616217,31.9138635095249,35.0741352079542,31.3636519139703,121.34129644772,35.8015514309627,50.1969464359974,41.9049842176786,78.6171906393329,32.3135332819049,25.2747417378745,"DGKE"
"ENSG00000086848",55.5246580734649,-0.213314094189509,0.316162400867034,-0.674697856558916,0.499867746629614,0.867951586616217,44.4859915587317,50.6626397448228,46.2201186100615,100.514058997738,50.9483616517546,47.3009687569975,45.3970662358185,64.2359972296989,44.8219977781261,60.6593801708988,"ALG9"
"ENSG00000101189",487.820387007348,0.156832360758043,0.232534636710717,0.674447312350932,0.500026971891978,0.868115038287335,379.098015022235,474.150346329752,506.770586188888,465.443480403942,532.892323222407,504.865442038974,725.480039268561,544.567857111477,391.931887548265,353.00389293898,"MRGBP"
"ENSG00000230148",13.883527017006,0.436915296107282,0.648122927979248,0.674124116345521,0.500232408395269,0.868241135785709,10.637954503175,3.89712613421714,16.5071852178791,14.488513008683,12.3928447261025,11.5839107159994,33.1747791723289,25.8861481373413,5.21186020675885,5.0549483475749,"HOXB-AS1"
"ENSG00000128692",17.5920854617864,0.286207923143523,0.424601538481021,0.67406237897161,0.500271656269283,0.868241135785709,15.4733883682545,11.6913784026514,18.983263000561,15.3940450717257,23.4087067048602,18.341191966999,20.9524921088393,13.4224471823251,28.1440451164978,10.1098966951498,"EIF2S2P4"
"ENSG00000139874",246.173619537797,0.251007804000939,0.372420514000725,0.673990273265265,0.500317497599428,0.868241135785709,300.763986407947,128.605162429166,212.117330049746,241.777060832398,286.412411447702,451.772517923977,188.572428979554,104.503338776674,243.915057676314,303.296900854494,"SSTR1"
"ENSG00000258704",7.3435187585994,0.451828143319544,0.670892111996931,0.673473625997276,0.500646022174806,0.868241135785709,12.5721280492068,5.19616817895618,1.65071852178791,4.52766031521344,15.1468102207919,5.7919553579997,9.60322554988468,5.75247736385363,7.29660428946239,5.89743973883738,"SRP54-AS1"
"ENSG00000110002",16.265243469234,-0.304545794122365,0.452211667582121,-0.673458506169702,0.500655638261017,0.868241135785709,19.3417354603181,11.6913784026514,14.0311074351972,28.0714939543234,19.2777584628261,12.5492366089993,12.2222870634896,14.3811934096341,8.33897633081416,22.747267564087,"VWA5A"
"ENSG00000268471",14.6265645181739,-0.34923122045156,0.518616519072707,-0.673390082282743,0.50069915651559,0.868241135785709,12.5721280492068,6.49521022369523,13.2057481743033,34.4102183956222,13.7698274734472,17.3758660739991,9.60322554988468,17.2574320915609,11.4660924548695,10.1098966951498,"LINC02486"
"ENSG00000106034",349.15531627456,0.260443566189096,0.386799886300723,0.673328962632141,0.500738030900661,0.868241135785709,333.644936690487,452.066631569188,338.397296966522,124.963424699891,442.011461897655,288.632442006985,270.636356405841,213.800408689893,349.194633852843,678.205569966299,"CPED1"
"ENSG00000148690",182.830166479197,0.21140265187035,0.313971612305824,0.673317725503262,0.500745178309269,0.868241135785709,223.397044566674,89.6339010869942,142.787152134654,211.894502751989,115.666550776956,218.163651817989,245.318761774327,176.409305824845,244.957429717666,160.073364339872,"FRA10AC1"
"ENSG00000159210",878.823264661499,0.133834495169397,0.198826186135725,0.673123081876334,0.500868990536683,0.868241135785709,870.378095714315,744.351091635473,856.722912807925,849.389075134042,881.268958300621,956.63795996295,1028.4181543422,1063.24956608561,954.812789878221,583.004042753638,"SNF8"
"ENSG00000163041",266.545226059244,-0.184673910267906,0.274368118768426,-0.673088079973955,0.500891256862842,0.868241135785709,305.599420273026,349.442310034803,347.476248836355,146.696194212916,283.658445953012,269.325924146986,273.255417919446,172.574320915609,273.101474834164,244.32250346612,"H3F3A"
"ENSG00000154217",158.830826616111,0.183486930003891,0.272628550123415,0.673029035003229,0.500928819283711,0.868241135785709,114.116239215877,167.576423771337,170.849367005049,135.829809456403,112.912585282267,192.09985270699,157.143690816295,111.214562367837,199.093059898188,227.47267564087,"PITPNC1"
"ENSG00000213064",482.971244521234,-0.261126221633456,0.3880388782025,-0.67293829639716,0.500986547037091,0.868241135785709,380.065101795251,450.767589524449,203.863737440807,1110.18230929034,414.471806950761,397.714267915979,394.605268049807,643.318718524297,447.177605739909,387.546039980742,"SFT2D2"
"ENSG00000163686",27.9254719477185,0.30091179420537,0.44729641004212,0.6727346507812,0.501116118879228,0.868241135785709,27.0784296444454,9.09329431317332,22.2847000441368,38.9378787108356,24.785689452205,30.8904285759984,18.3334305952344,46.978565138138,40.652509612719,20.2197933902996,"ABHD6"
"ENSG00000092531",304.574450992542,-0.158072347848072,0.235023815328067,-0.672580128219861,0.501214447464265,0.868241135785709,377.163841476203,305.274880513676,367.28487109781,249.021317336739,311.198100899907,365.858513446981,214.763044115603,211.882916235275,301.245519950661,342.051504852568,"SNAP23"
"ENSG00000186318",955.391413720935,-0.150304598939031,0.223510276131378,-0.672472879281321,0.501282700052667,0.868241135785709,882.950223763522,1088.59723349132,1003.63686124705,1086.63847565123,1083.68542216029,1013.59218764995,601.511127624595,838.902948895321,1202.89733571994,751.502321006135,"BACE1"
"ENSG00000137207",905.356059370001,0.183171845580858,0.272436811767624,0.672346164941524,0.501363346650904,0.868241135785709,663.421526288911,1006.75758467276,1039.12730946549,640.211168571181,1136.01076655939,1030.96805372395,1332.22928992037,900.262707443093,595.19443561186,709.377751443011,"YIPF3"
"ENSG00000213563",220.364677123159,0.232522026869703,0.345876567080264,0.672268806275459,0.501412584497985,0.868241135785709,193.417354603181,335.152847542674,189.007270744716,81.497885673842,240.971980785326,173.758660739991,298.57301255096,285.706375738064,173.033758864394,232.527623988445,"C8orf82"
"ENSG00000259612",28.6164468537818,0.408263812501924,0.607453390993951,0.672090762114109,0.501525917163055,0.868241135785709,7.73669418412724,12.9904204473905,27.2368556095005,47.0876672782198,41.3094824203416,28.9597767899985,14.8413485770945,23.9686556827235,71.9236708532721,10.1098966951498,"EEF1A1P22"
"ENSG00000131269",69.4336288394236,-0.184887390237432,0.275114080241463,-0.672038995878217,0.501558871114179,0.868241135785709,63.8277270190498,68.8492283711694,78.4091297849257,86.9310780520981,97.7657750614751,50.1969464359974,45.3970662358185,64.2359972296989,68.7965547292168,69.9267854747861,"ABCB7"
"ENSG00000113391",519.374153065976,0.145552127550218,0.216585060700911,0.672032166388499,0.501563218795595,0.868241135785709,494.181341011128,474.150346329752,603.337619713481,381.228998540972,521.876461243649,595.606075980969,371.906734931898,577.165228839981,504.508068014256,669.780656053674,"FAM172A"
"ENSG00000112294",11.3959307159311,0.412472338513696,0.614116753366455,0.671651337066791,0.501805687894387,0.868241135785709,14.5063015952386,5.19616817895618,5.77751482625769,12.6774488825976,2.75396549468944,12.5492366089993,10.4762460544197,7.6699698184715,18.7626967443319,23.5897589553495,"ALDH5A1"
"ENSG00000183023",220.703668647225,-0.220550126616876,0.328399601465698,-0.671590725544508,0.501844284188101,0.868241135785709,215.660350382547,171.473549905554,213.768048571534,364.023889343161,118.420516271646,359.101232195981,166.74691636618,173.533067142918,213.686268477113,210.622847815621,"SLC8A1"
"ENSG00000233016",521.094815331809,0.179181114469524,0.266860100158703,0.671442131524962,0.501938912752158,0.868241135785709,511.588902925414,478.047472463969,350.777685879931,590.406905103833,724.292925103323,350.413299158982,693.178280600767,643.318718524297,419.033560623411,449.890402934166,"SNHG7"
"ENSG00000172775",466.164737715306,-0.0988136117477767,0.147194168591777,-0.671314717784932,0.502020060678423,0.868241135785709,528.029378066684,472.851304285013,517.50025658051,422.883473440936,462.666203107826,465.287080425976,467.06596992621,398.838430560518,490.957231476683,435.568049282704,"FAM192A"
"ENSG00000188846",9583.9649371179,0.207721500035739,0.309516060876642,0.671117031689437,0.502145977767552,0.868241135785709,7707.68158093677,7178.50633922797,8809.05939152118,11380.7269683205,12073.3847287185,6712.87625992165,15382.6212899062,13420.5296898705,7417.51944625919,5756.74367649655,"RPL14"
"ENSG00000149474",107.69551613399,0.15790490994299,0.235315142412851,0.671035906673412,0.502197655563269,0.868241135785709,120.885846626988,103.923363579124,100.693829829063,76.9702253586286,147.337153965885,96.532589299995,124.841932148501,111.214562367837,87.5592514735486,106.996406690335,"KAT14"
"ENSG00000119946",12.2904645422813,0.354755822631277,0.528730025967495,0.670958343971724,0.502247066744506,0.868241135785709,12.5721280492068,7.79425226843427,7.4282333480456,14.488513008683,6.8849137367236,20.2718437529989,15.7143690816295,18.2161783188698,5.21186020675885,14.3223536514622,"CNNM1"
"ENSG00000170325",39.2982410362182,-0.270833190624192,0.403672857273839,-0.670922470371763,0.502269920827317,0.868241135785709,25.1442560984135,36.3731772526933,32.1890111748642,81.497885673842,26.1626721995497,41.5090133989979,21.8255126133743,45.0610726835201,38.5677655300155,44.6520437369116,"PRDM10"
"ENSG00000130270",12.3031017686053,-0.370584157125514,0.552394512249799,-0.670868643528326,0.502304213459108,0.868241135785709,11.6050412761909,20.7846727158247,4.12679630446978,20.8272374499818,9.63887923141304,19.306517859999,11.3492665589546,8.62871604578044,8.33897633081416,8.42491391262483,"ATP8B3"
"ENSG00000118705",376.196637833657,0.197401553778825,0.29433535691313,0.670668844712005,0.502431514442976,0.868241135785709,301.731073180962,205.248643068769,307.033645052551,568.674135590809,276.773532216289,389.02633487898,492.383564557724,478.41436742716,345.025145687436,397.655936675892,"RPN2"
"ENSG00000131165",1099.60799975237,0.183886221433166,0.274297094347865,0.670390701258981,0.502608760789999,0.868241135785709,1062.82836354448,1370.48935719969,1168.70871342584,465.443480403942,1286.10188601997,1139.08455373994,1330.4832489113,1022.02347831133,1120.54994445315,1030.36697151402,"CHMP1A"
"ENSG00000163002",32.7731067493184,-0.27249143440436,0.406550227833077,-0.670252814410526,0.502696641157337,0.868241135785709,29.9796899634931,50.6626397448228,47.0454778709554,19.0161733238965,23.4087067048602,40.5436875059979,18.3334305952344,20.1336707734877,36.4830214473119,42.1245695631242,"NUP35"
"ENSG00000189159",679.592068844815,-0.24011034324007,0.35825895234361,-0.670214496160803,0.502721064231497,0.868241135785709,992.231029114319,840.480202946163,882.309049895638,278.903875417148,535.646288717096,824.388312621957,501.986790107608,416.095862652079,978.787346829312,545.091930146827,"JPT1"
"ENSG00000035141",572.0399822806,0.130994026343375,0.195550796375193,0.669872119017322,0.50293931451983,0.868241135785709,579.284977036527,402.703033869104,614.067290105103,566.863071464723,587.971633116195,745.231589395961,523.812302720983,574.288990158054,635.846945224579,490.329989714765,"FAM136A"
"ENSG00000102781",584.432413071295,-0.230121740772645,0.343655425775917,-0.669629295836281,0.503094133903277,0.868241135785709,497.082601330175,805.406067738208,838.565009068258,423.789005503978,455.781289371102,807.012446547958,310.79529961445,319.262493693876,807.838332047621,578.791585797326,"KATNAL1"
"ENSG00000171827",24.6527110045795,-0.262621493010572,0.39220185810009,-0.669607977592882,0.503107727206913,0.868241135785709,32.8809502825408,31.1770090737371,20.6339815223489,24.4493657021526,35.8015514309627,22.2024955389988,11.3492665589546,16.2986858642519,28.1440451164978,23.5897589553495,"ZNF570"
"ENSG00000197746",1576.04994650515,0.290937356844371,0.434507161628013,0.669580118666598,0.503125491385321,0.868241135785709,927.436215322253,766.434806396037,790.694171936409,3074.28135402993,1169.05835249567,1163.21770106494,2383.34597738047,2509.03887686749,955.855161919573,2021.1368476387,"PSAP"
"ENSG00000197380",99.6126231506767,-0.217036572393267,0.32416116309544,-0.669532927142684,0.503155583704939,0.868241135785709,68.6631608841293,107.820489713341,118.85173356873,139.451937708574,89.5038785774068,70.4687901889964,61.111435317448,70.9472208208614,130.296505168971,139.01107955831,"DACT3"
"ENSG00000099622",1802.12949396006,-0.185390516959321,0.277022791001695,-0.669224782152262,0.503352099938213,0.868241135785709,1405.17708119211,1904.39563758744,1842.20187031531,2618.79872631946,1712.96653769683,1992.4326431519,2127.55096955172,2170.60145862744,1284.20235494538,962.967660213018,"CIRBP"
"ENSG00000255717",355.15076679325,-0.225356859925746,0.336764725651972,-0.669181902853567,0.503379448973409,0.868241135785709,324.941155733344,233.827568053028,335.92121918384,660.13287395812,311.198100899907,333.037433084983,436.510252267486,328.849955966966,421.118304706115,165.970804078709,"SNHG1"
"ENSG00000161681",39.5575285893739,-0.267773017032438,0.400188737672641,-0.66911682370102,0.503420958894979,0.868241135785709,45.4530783317476,61.0549761027352,29.7129333921824,39.8434107738783,55.0793098937888,49.2316205429974,17.4604100906994,19.1749245461788,40.652509612719,37.9121126068117,"SHANK1"
"ENSG00000172339",77.7666884678016,0.167617695640505,0.250535964759009,0.66903646269603,0.503472218648675,0.868241135785709,73.4985947492088,51.9616817895618,85.0120038720774,78.7812894847139,55.0793098937888,87.8446562629954,85.5560094444272,97.7921151855117,85.4745073908451,76.666716604886,"ALG14"
"ENSG00000102053",18.1834369860558,0.28483610973363,0.425753573944383,0.66901636807126,0.50348503680758,0.868241135785709,12.5721280492068,25.9808408947809,14.8564666960912,11.771916819555,17.9007757154814,17.3758660739991,21.8255126133743,23.0099094554145,10.4237204135177,26.117233129137,"ZC3H12B"
"ENSG00000147324",215.462714166409,-0.156864445481265,0.23447857072129,-0.668992671691607,0.503500152711098,0.868241135785709,248.541300665088,239.023736231984,189.83263000561,240.871528769355,224.448187817189,269.325924146986,159.7627523299,161.069366187902,257.465894213887,164.285821296184,"MFHAS1"
"ENSG00000100612",124.196523224778,0.195069383097759,0.291591060872331,0.668982727091101,0.503506496435986,0.868241135785709,126.688367265084,71.4473124606475,89.9641594374411,168.42896372594,126.682412755714,96.532589299995,140.55630123013,166.821843551755,103.194832093825,151.648450427247,"DHRS7"
"ENSG00000123609",84.9934290564324,-0.243957432681332,0.364751741493742,-0.668831440481327,0.503603008345866,0.868241135785709,148.931363044449,100.026237444907,74.282333480456,51.6153275934333,99.1427578088198,79.1567232259959,71.5876813718676,37.3911028650486,109.449064341936,78.3516993874109,"NMI"
"ENSG00000138944",415.354761469213,-0.357582442529432,0.534754395603837,-0.668685373077962,0.503696199977245,0.868241135785709,247.574213892072,1024.94417329911,271.543196834111,370.36261378446,344.24568683618,334.002758977983,359.684447868408,582.917706203834,52.1186020675885,566.154214928389,"KIAA1644"
"ENSG00000101361",526.172978492958,-0.217058641787617,0.324714438440412,-0.668460087054149,0.503839951275408,0.868241135785709,436.156134630173,353.33943616902,630.574475322982,876.555037025323,363.523445299006,750.058218860961,550.002917857032,374.869774877795,601.448667859971,325.201677027318,"NOP56"
"ENSG00000124587",172.44095573488,0.239206205341102,0.357851129210194,0.668451727032549,0.503845286084011,0.868241135785709,123.787106946036,67.5501863264304,177.4522410922,252.64344558891,177.630774407469,154.452142879992,233.096474710837,267.490197419194,135.50836537573,134.798622601997,"PEX6"
"ENSG00000128713",90.966965148337,-0.175929684812863,0.263242435164044,-0.668318102676833,0.503930560288329,0.868241135785709,112.182065669845,123.408994250209,86.6627223938653,68.8204367912444,104.650688798199,79.1567232259959,57.6193532993081,91.0808915943491,91.7287396389557,94.3590358213981,"HOXD11"
"ENSG00000113575",763.735900863234,-0.199176651455675,0.298054904060693,-0.668254904522948,0.503970893704545,0.868241135785709,1017.37528521273,793.714689335557,1036.65123168281,463.632416277857,523.253443990994,753.919522432961,603.257168633665,505.25926179181,1059.0499940134,881.245995260557,"PPP2CA"
"ENSG00000113648",561.904143187216,-0.149556301902787,0.223809317130152,-0.668230902182749,0.503986212578995,0.868241135785709,676.960741111134,422.18866454019,550.514627016268,738.914163442834,378.670255519798,617.808571519968,515.082097675633,513.887977837591,629.592712976469,575.421620232276,"H2AFY"
"ENSG00000136933",250.976890302741,0.119964858070919,0.179527591426195,0.668225185431942,0.503989861183954,0.868241135785709,262.08051548731,231.22948396355,253.385293094444,206.461310373733,296.051290679115,275.117879504986,206.905859574788,277.077659692283,268.931986668757,232.527623988445,"RABEPK"
"ENSG00000132603",243.56702184767,-0.192696918433807,0.28839289702704,-0.668174980799684,0.504021903912213,0.868241135785709,322.039895414296,239.023736231984,320.239393226855,172.051091978111,179.007757154814,270.291250039986,196.429613520369,143.811934096341,318.965844653642,273.809702160307,"NIP7"
"ENSG00000143977",526.376783218915,0.18759460294323,0.280787574634902,0.668101511212353,0.504068797260233,0.868241135785709,567.679935760337,429.982916808624,670.191719845891,275.281747164977,495.713789044099,666.074866169966,649.527255374019,504.300515564501,641.058805431338,363.956281025393,"SNRPG"
"ENSG00000041880",451.244955054792,0.142587970155732,0.21345338766401,0.668005187063018,0.504130281450182,0.868241135785709,372.328407611124,419.590580450712,458.074389796145,448.238371206131,575.578788390093,505.830767931974,470.558051944349,559.90779674842,314.796356488234,387.546039980742,"PARP3"
"ENSG00000154358",24.1780671711098,-0.299881491259749,0.44899427414812,-0.667896025687,0.504199964488961,0.868241135785709,22.2429957793658,18.1865886263466,16.5071852178791,51.6153275934333,30.2936204415838,18.341191966999,14.8413485770945,19.1749245461788,17.7203247029801,32.8571642592368,"OBSCN"
"ENSG00000183741",688.540026095725,-0.228683404053231,0.342441894375014,-0.667802064553454,0.504259948539196,0.868241135785709,604.429233134941,1323.72384358909,762.631957066014,330.519203010581,586.594650368851,607.189986696969,654.765378401228,593.463914704233,474.279278815055,947.802815170293,"CBX6"
"ENSG00000155754",7.58106962106546,0.520802262484224,0.78001294092177,0.667684130815539,0.50433524183882,0.868241135785709,18.3746486873022,1.29904204473905,2.47607778268187,1.81106412608538,8.26189648406832,12.5492366089993,6.1111435317448,4.79373113654469,8.33897633081416,11.7948794776748,"C2CD6"
"ENSG00000173040",53.6173872778856,-0.232711558972392,0.348555435196246,-0.667645761545416,0.504359739491136,0.868241135785709,47.3872518777794,42.8683874763885,47.8708371318494,96.8919307455677,57.8332753884782,51.1622723289973,68.0955993537277,56.5660274112273,31.2711612405531,36.2271298242868,"EVC2"
"ENSG00000155254",1313.27837479137,0.114039938986855,0.170818413220242,0.667609169509258,0.50438310301639,0.868241135785709,1464.16937434608,1214.60431183101,1016.01725016046,1311.21042728581,1411.40731602834,1177.69758945994,1403.81697129223,1605.89993074247,1342.57518926108,1185.38538750631,"MARVELD1"
"ENSG00000133739",28.2766092781031,-0.291322660180364,0.436620608230361,-0.66722150693048,0.504630655433522,0.868241135785709,61.893553473018,18.1865886263466,32.1890111748642,14.488513008683,24.785689452205,30.8904285759984,28.809676649654,25.8861481373413,27.101673075146,18.5348106077746,"LRRCC1"
"ENSG00000198909",859.508490225372,0.177259984023413,0.265727742962955,0.667073682434901,0.504725069627305,0.868241135785709,548.338200300018,1080.80298122289,957.416742636988,602.178821923388,834.4515448909,1227.89453589594,709.765670186932,691.256029889744,1064.26185422016,878.71852108677,"MAP3K3"
"ENSG00000070540",737.348722023845,0.136419497584536,0.20457413836788,0.666846252771288,0.504870345116688,0.868241135785709,616.034274411132,700.183662114346,680.096030976619,786.001830721054,1094.70128413905,753.919522432961,784.845433576939,699.884745935525,614.999504397544,642.820931533275,"WIPI1"
"ENSG00000227124",27.5176127442658,0.289022802357329,0.433431672678164,0.666824370659079,0.504884323938965,0.868241135785709,25.1442560984135,37.6722192974323,15.6818259569851,19.0161733238965,39.9324996729969,34.7517321479982,35.7938406859338,26.8448943646503,30.2287891992013,10.1098966951498,"ZNF717"
"ENSG00000099904",589.312954131329,0.16699643632887,0.250442468868609,0.66680558246885,0.504896326451838,0.868241135785709,504.819295514303,667.70761099587,526.579208450343,497.137102610436,707.769132135186,469.148383997976,902.70320168916,682.627313843964,419.033560623411,515.60473145264,"ZDHHC8"
"ENSG00000130193",31.2333042970752,0.22140600085824,0.332112687392886,0.666659267359811,0.50498980249314,0.868241135785709,34.8151238285726,24.6817988500419,30.5382926530763,23.5438336391099,34.424568683618,32.8210803619983,31.428738163259,38.3498490923575,18.7626967443319,42.9670609543866,"THEM6"
"ENSG00000198863",97.9317634457127,0.152922423225808,0.229435226812766,0.666516756603388,0.505080856821067,0.868241135785709,80.2682021603202,89.6339010869942,86.6627223938653,110.474911691208,97.7657750614751,70.4687901889964,108.254542562336,113.132054822455,119.872784755454,102.783949734023,"RUNDC1"
"ENSG00000086712",95.202029508723,-0.213550125176641,0.320398145389942,-0.666514860492525,0.505082068360561,0.868241135785709,113.149152442861,119.511868115992,73.456974219562,109.569379628165,60.5872408831677,82.0527009049957,62.8574763265179,73.8234595027882,158.440550285469,98.5714927777105,"TXLNG"
"ENSG00000084093",351.282803441372,-0.142387886955751,0.213642622105648,-0.666476967715457,0.505106280660375,0.868241135785709,398.439750482553,452.066631569188,330.969063618476,308.786433497557,300.182238921149,289.597767899985,349.208201813988,287.623868192681,469.067418608296,326.886659809843,"REST"
"ENSG00000124275",247.2964191076,0.178419419589197,0.267768006977055,0.666320900705979,0.505206009045317,0.868241135785709,213.726176836515,185.763012397684,260.81352644249,256.265573841081,173.499826165435,387.09568309298,203.413777556648,202.295453962186,313.753984446883,276.337176334094,"MTRR"
"ENSG00000144224",651.584515359122,-0.162290438277189,0.243597699481617,-0.666223197602225,0.505268447587766,0.868241135785709,832.661711566695,533.906280387748,562.069656668783,855.727799575341,428.241634424208,556.993040260971,530.796466757262,788.089398847947,677.54182687865,749.81733822361,"UBXN4"
"ENSG00000162065",124.468919915606,-0.158003193988944,0.237193167502036,-0.666137206450467,0.505323404805372,0.868241135785709,124.754193719052,187.062054442423,114.72493726426,105.947251375995,121.174481766335,126.457691982993,121.349850130361,135.18321805056,87.5592514735486,120.476268950535,"TBC1D24"
"ENSG00000197712",1522.3302106101,-0.0987871259589495,0.14831309966069,-0.666071481109586,0.505365412201704,0.868241135785709,1509.62245267783,1704.34316269763,1394.03179164989,1733.18836866371,1641.36343483491,1662.29118774591,1330.4832489113,1360.46089655138,1381.14295479109,1506.37460757732,"FAM114A1"
"ENSG00000165264",290.044736562733,0.216611669400117,0.325217162796556,0.666052392615027,0.505377612680175,0.868241135785709,379.098015022235,268.901703260983,312.811159878809,96.8919307455677,264.380687490186,303.112330401984,343.970078786779,242.562795509161,349.194633852843,339.524030678781,"NDUFB6"
"ENSG00000160993",83.3985157430474,0.236509377957933,0.355099987502444,0.666036007552112,0.505388085374517,0.868241135785709,90.9061566634951,97.4281533554284,87.4880816547592,26.260429828238,82.6189648406832,75.2954196539961,108.254542562336,105.462085003983,62.5423224811062,97.729001386448,"ALKBH4"
"ENSG00000102871",187.491909908506,0.240767571492783,0.361523150664929,0.665981061102042,0.505423205840579,0.868241135785709,208.890742971436,232.528526008289,154.34218178717,81.497885673842,187.269653638882,129.353669661993,229.604392692697,286.665121965372,105.279576176529,259.487348508845,"TRADD"
"ENSG00000248008",100.486475297264,0.171020697000671,0.256796709704903,0.665976979211293,0.505425814939497,0.868241135785709,100.577024393654,110.418573802819,103.169907611744,59.7651161608175,119.797499018991,109.081825908994,128.334014166641,88.2046529124223,106.321948217881,79.1941907786734,"NRAV"
"ENSG00000231445",10.0454995950432,0.422735281446318,0.634777499436606,0.665958200820784,0.505437817968077,0.868241135785709,10.637954503175,6.49521022369523,9.07895186983351,7.24425650434151,8.26189648406832,3.8613035719998,29.682697154189,8.62871604578044,7.29660428946239,9.26740530388731,"TIMM8AP1"
"ENSG00000157800",163.511363102898,-0.254695425856001,0.382636468556388,-0.665632909526152,0.505645765928128,0.868486488111196,141.194668860322,105.222405623863,113.899578003366,364.023889343161,86.7499130827173,174.723986632991,119.603809121291,197.501722825641,159.482922326821,172.710735208809,"SLC37A3"
"ENSG00000160401",12.1700158267968,-0.333111434004884,0.500577982368798,-0.665453627082355,0.505760394510858,0.86857151449798,17.4075619142863,18.1865886263466,14.0311074351972,6.33872444129882,9.63887923141304,14.4798883949993,10.4762460544197,5.75247736385363,9.38134837216593,16.0073364339872,"CFAP157"
"ENSG00000237172",175.538057881869,-0.175264490606705,0.263522888220545,-0.665082611192482,0.505997655961539,0.868867096376857,192.450267830165,180.566844218727,139.485715091078,241.777060832398,155.599050449953,156.382794665992,177.223162420599,240.645303054543,105.279576176529,165.970804078709,"B3GNT9"
"ENSG00000111199",32.9083942463914,0.221564281406155,0.333307649892402,0.664744062963092,0.506214205715984,0.869097129644511,29.0126031904772,27.27988293952,42.9186815664857,19.9217053869392,41.3094824203416,26.0637991109986,41.0319637131436,29.7211330465771,40.652509612719,31.1721814767119,"TRPV4"
"ENSG00000234494",29.2221625370094,0.21326971272885,0.320865834584119,0.664669434205339,0.506261947979921,0.869097129644511,32.8809502825408,25.9808408947809,30.5382926530763,17.2051091978111,30.2936204415838,31.8557544689983,25.3175946315142,37.3911028650486,31.2711612405531,29.4871986941869,"SP2-AS1"
"ENSG00000164898",11.2798180779439,0.378936043398053,0.570338547992304,0.664405456604638,0.506430841404344,0.869098972280212,17.4075619142863,6.49521022369523,10.7296703916214,3.62212825217076,11.0158619787578,8.68793303699955,14.8413485770945,7.6699698184715,10.4237204135177,21.9047761728246,"FMC1"
"ENSG00000182771",6.51454678251929,0.488133035044105,0.734853686464527,0.664258809658524,0.506524679229331,0.869098972280212,4.83543386507953,0,4.95215556536373,10.8663847565123,8.26189648406832,7.7226071439996,10.4762460544197,4.79373113654469,3.12711612405531,10.1098966951498,"GRID1"
"ENSG00000180801",195.48100425176,-0.154838461792962,0.233174520857004,-0.664045373499094,0.506661271097457,0.869098972280212,201.154048787308,202.650558979291,162.595774396109,266.226426534551,180.384739902158,257.742013430987,149.28650627548,166.821843551755,205.347292146299,162.600838513659,"ARSJ"
"ENSG00000175390",3399.91892342264,0.217142874641136,0.327006380853472,0.664032530724332,0.506669490653188,0.869098972280212,2950.58174447153,3454.15279696112,2677.46544233999,3309.71969042103,4844.22530515872,1908.4492904609,4724.78697054326,5500.32710607138,2126.43896435761,2503.04192344084,"EIF3F"
"ENSG00000221838",130.381261987765,0.162131864802267,0.24416450694812,0.664027162787903,0.506672926228462,0.869098972280212,104.445371485718,103.923363579124,114.72493726426,162.995771347684,162.483964186677,117.769758945994,171.985039393389,123.678263322853,101.110088011122,140.696062340835,"AP4M1"
"ENSG00000100949",122.236006331066,0.131697326580586,0.198350572418919,0.663962422565836,0.506714362092358,0.869098972280212,114.116239215877,114.315699937036,108.122063177108,125.868956762934,128.059395503059,119.700410731994,121.349850130361,162.986858642519,107.364320259232,120.476268950535,"RABGGTA"
"ENSG00000121486",56.6415042288805,-0.225880506110183,0.340204589145027,-0.663954906304605,0.506719172861283,0.869098972280212,75.4327682952406,77.9425226843427,56.9497890016829,38.9378787108356,37.1785341783074,33.7864062549982,65.4765378401228,43.1435802289022,58.3728343156991,79.1941907786734,"TRMT1L"
"ENSG00000167700",67.4701976258091,0.261180304694222,0.39346057511061,0.663802986158902,0.506816414212474,0.869153981786262,90.9061566634951,49.3635977000837,69.3301779150922,31.6936222064941,59.2102581358229,41.5090133989979,93.4131939852419,113.132054822455,42.7372536954226,83.4066477349858,"MFSD3"
"ENSG00000224051",265.279824739797,0.242454981530665,0.365359998139322,0.663605711532247,0.506942700785937,0.8692587812268,247.574213892072,352.040394124281,283.098226486627,74.2536291695005,278.150514963633,242.296799142987,378.017878463643,341.313656921982,199.093059898188,256.959874335057,"CPTP"
"ENSG00000221995",10.6923583086696,-0.483452355445631,0.728939304275091,-0.663227174896833,0.507185069654203,0.86956257539248,7.73669418412724,2.59808408947809,5.77751482625769,35.3157504586649,4.13094824203416,5.7919553579997,7.85718454081474,15.339939636943,15.6355806202765,6.73993113009986,"TIAF1"
"ENSG00000164953",23.886928784374,-0.339399782665802,0.511865790646243,-0.6630640079254,0.507289560728063,0.869629932060434,22.2429957793658,12.9904204473905,12.3803889134093,61.5761802869029,13.7698274734472,17.3758660739991,21.8255126133743,33.5561179558128,22.9321849097389,20.2197933902996,"TMEM67"
"ENSG00000087301",10.0172383258298,0.35625328502017,0.537396722390157,0.662924186503553,0.507379110457808,0.869671661248656,5.80252063809543,6.49521022369523,7.4282333480456,14.488513008683,9.63887923141304,13.5145625019993,12.2222870634896,4.79373113654469,11.4660924548695,14.3223536514622,"TXNDC16"
"ENSG00000167136",37.1255662633762,-0.430544979110704,0.649638408471445,-0.662745572762157,0.507493517108511,0.869755980169136,34.8151238285726,105.222405623863,33.8397296966522,2.71659618912807,17.9007757154814,18.341191966999,45.3970662358185,41.2260877742843,22.9321849097389,48.864500693224,"ENDOG"
"ENSG00000242114",15.226964910688,-0.352736853005701,0.532588483271857,-0.662306572682024,0.507774765389073,0.869823777942189,25.1442560984135,22.0837147605638,15.6818259569851,7.24425650434151,19.2777584628261,9.6532589299995,26.1906151360491,9.58746227308938,7.29660428946239,10.1098966951498,"MTFP1"
"ENSG00000081760",215.946279701202,-0.165664443883983,0.250150944292718,-0.662257919323016,0.507805940517503,0.869823777942189,220.495784247626,190.95918057664,206.339815223489,304.258773182344,312.575083647251,166.036053595991,158.889731825365,198.46046905295,204.304920104947,197.142985555421,"AACS"
"ENSG00000172315",196.106978029538,-0.147214078339331,0.222347754433993,-0.662089341599508,0.507913966156687,0.869823777942189,241.771693253976,211.743853292464,229.44987452852,150.318322465086,163.860946934022,252.915383965987,159.7627523299,172.574320915609,186.584595401967,192.088037207846,"TP53RK"
"ENSG00000168005",292.750966349413,-0.134861047240038,0.203722051641213,-0.661985514840337,0.507980504981024,0.869823777942189,323.974068960328,332.554763453196,287.225022791096,293.392388425831,313.952066394596,296.355049150985,343.970078786779,278.036405919592,271.01673075146,187.033088860271,"C11orf84"
"ENSG00000267750",9.32687627406157,0.458786806634771,0.693182380969082,0.661855839430568,0.508063615696122,0.869823777942189,9.67086773015905,10.3923363579124,1.65071852178791,9.05532063042689,6.8849137367236,2.89597767899985,5.23812302720983,21.0924170007966,14.5932085789248,11.7948794776748,"RUNDC3A-AS1"
"ENSG00000103544",383.036440889411,-0.139956174020526,0.211468639992759,-0.661829451522071,0.50808052893528,0.869823777942189,411.01187853176,489.73885086662,448.170078665418,273.470683038892,403.455944972003,378.40775005598,307.30321759631,321.179986148494,429.457281036929,368.168737981705,"C16orf62"
"ENSG00000135002",271.563112983501,0.171128475543797,0.258585250172748,0.661787458602045,0.508107444761932,0.869823777942189,313.336114457153,232.528526008289,319.414033965961,144.88513008683,205.170429354363,309.869611652984,262.779171865026,300.087569147698,315.838728529586,311.721814767119,"RFK"
"ENSG00000227232",43.8674887318886,0.218183990010408,0.32987307626697,0.661417998945234,0.50834428625459,0.869866643457653,43.5189047857157,31.1770090737371,27.2368556095005,57.9540520347321,38.5555169256522,44.4049910779977,69.8416403627977,46.978565138138,38.5677655300155,40.4395867805992,"WASH7P"
"ENSG00000100908",145.73803547755,0.168016089741055,0.254047861993628,0.661356046937598,0.508384006152349,0.869866643457653,137.326321768259,145.492709010773,152.691463265382,107.75831550208,134.944309239783,149.625513414992,199.921695538508,201.336707734877,105.279576176529,123.003743124323,"EMC9"
"ENSG00000115317",227.286947946506,0.169276956543035,0.255967154637855,0.661322960684271,0.508405219732854,0.869866643457653,169.240185277783,266.303619171504,282.272867225733,128.585552952062,227.202153311879,218.163651817989,243.572720765257,237.769064372617,290.821799537144,208.937865033096,"HTRA2"
"ENSG00000146112",1314.88390154761,0.166194909428,0.251307175547073,0.661321783057759,0.508405974788363,0.869866643457653,1140.19530538575,1105.48478007293,1338.73272117,1314.83255553798,1656.5102450557,1851.4950627739,1105.24395874127,1060.37332740369,1711.57489189961,864.396167435308,"PPP1R18"
"ENSG00000183891",15.128118124039,-0.368029268387679,0.556740787646643,-0.661042403491485,0.508585120422778,0.869966474953562,18.3746486873022,10.3923363579124,9.07895186983351,31.6936222064941,22.0317239575155,13.5145625019993,5.23812302720983,8.62871604578044,10.4237204135177,21.9047761728246,"TTC32"
"ENSG00000197619",49.5089737848544,0.167873498612898,0.253986863226609,0.660953470113609,0.508642153821411,0.869966474953562,47.3872518777794,42.8683874763885,50.3469149145313,43.4655390260491,57.8332753884782,47.3009687569975,55.0002917857032,59.4422660931542,37.5253934886637,53.9194490407989,"ZNF615"
"ENSG00000163913",122.031454942564,-0.21771507966992,0.329409348434238,-0.660925625531797,0.508660011373463,0.869966474953562,82.202375706352,120.810910160731,93.2655964810169,236.343868454142,125.305430008369,139.006928591993,137.937239716525,107.379577458601,93.8134837216593,84.2491391262483,"IFT122"
"ENSG00000108064",210.817133859137,-0.17887834845643,0.270817125277883,-0.660513430503646,0.508924402647001,0.870042227515081,298.829812861915,197.454390800335,252.55993383355,157.562578969428,179.007757154814,265.464620574986,156.27067031176,144.77068032365,261.635382379294,194.615511381634,"TFAM"
"ENSG00000130787",76.7935491120325,0.162394910500627,0.245881690832213,0.660459548455943,0.508958969139972,0.870042227515081,66.7289873380975,83.1386908632989,63.5526630888345,74.2536291695005,72.9800856092701,99.4285669789949,73.3337223809376,78.6171906393329,57.3304622743473,98.5714927777105,"HIP1R"
"ENSG00000187534",13.7615037893195,0.424443979510022,0.642651862369661,0.660457090943395,0.508960545716481,0.870042227515081,16.4404751412704,14.2894624921295,13.2057481743033,1.81106412608538,19.2777584628261,27.9944508969985,4.36510252267486,9.58746227308938,10.4237204135177,20.2197933902996,"PRR13P5"
"ENSG00000148158",498.357507593436,-0.25538865020335,0.386688984968224,-0.660449767464508,0.508965243988353,0.870042227515081,493.214254238112,667.70761099587,461.375826839721,585.87924478862,508.106633770202,540.582500079972,190.318469988624,244.480287963779,924.58400067902,367.326246590443,"SNX30"
"ENSG00000005884",255.350489636643,0.225101354929822,0.340942394638389,0.660232809030889,0.509104440838977,0.870091670356695,323.006982187312,176.66971808451,197.260863353655,230.005144012843,271.26560122691,391.92231255798,179.842223934204,128.471994459398,406.52509612719,248.534960422433,"ITGA3"
"ENSG00000120158",34.8309499273208,-0.217395438574194,0.329335760700483,-0.660102741687701,0.509187899400709,0.870091670356695,36.7492973746044,32.4760511184761,42.0933223055917,40.748942836921,19.2777584628261,32.8210803619983,27.0636356405841,35.4736104104307,52.1186020675885,29.4871986941869,"RCL1"
"ENSG00000129355",140.74604730425,0.211621360425372,0.320590021428775,0.660099648399029,0.509189884316863,0.870091670356695,110.247892123813,176.66971808451,148.564666960912,79.6868215477566,100.519740556165,239.400821463988,148.413485770945,153.39939636943,151.143945996007,99.413984168973,"CDKN2D"
"ENSG00000169946",46.7636392345858,0.290078954667369,0.439584945236328,0.659892832570547,0.509322604072857,0.870206965221585,39.6505576936521,54.5597658790399,33.8397296966522,37.1268145847502,55.0793098937888,26.0637991109986,20.9524921088393,99.7096076401295,63.5846945224579,37.0696212155493,"ZFPM2"
"ENSG00000166689",6.86499894884955,0.739364178538701,1.12065917116391,0.659758290088146,0.509408953637662,0.870243014559434,1.93417354603181,1.29904204473905,0,16.2995771347684,5.50793098937888,4.82662946499975,0.873020504534971,19.1749245461788,1.04237204135177,17.6923192165121,"PLEKHA7"
"ENSG00000176597",12.6491268476618,-0.488527725040807,0.740692954289924,-0.659554977823625,0.509539454293854,0.870302470135159,25.1442560984135,15.5885045368685,15.6818259569851,4.52766031521344,11.0158619787578,2.89597767899985,4.36510252267486,10.5462085003983,33.3559053232566,3.36996556504993,"B3GNT5"
"ENSG00000171848",332.002930973834,-0.589819626921639,0.894458469318079,-0.659415330229148,0.509629100455081,0.870302470135159,333.644936690487,597.559340579961,595.909386365436,135.829809456403,82.6189648406832,871.689281378955,89.0480914625671,24.9274019100324,438.838629409095,149.963467644722,"RRM2"
"ENSG00000108395",275.210963827272,-0.192823012582212,0.292422317656332,-0.659399098289163,0.509639521013391,0.870302470135159,335.579110236519,348.143267990064,344.174811792779,162.090239284641,311.198100899907,318.557544689984,186.826387970484,170.656828460991,317.92347261229,256.959874335057,"TRIM37"
"ENSG00000148187",227.826583011143,-0.139909533558592,0.212311277227659,-0.658983052551507,0.509906651541115,0.870550166144696,210.824916517467,196.155348755596,263.289604225172,292.486856362789,265.757670237531,214.302348245989,205.159818565718,216.67664737182,250.169289924425,163.443329904922,"MRRF"
"ENSG00000106829",154.750808031943,0.244961221673482,0.371733568022332,0.658969871827032,0.509915115687363,0.870550166144696,148.931363044449,126.007078339687,119.677092829623,162.090239284641,236.841032543292,276.083205397986,95.1592349943119,102.585846322056,81.305019225438,198.827968337946,"TLE4"
"ENSG00000182272",37.4218851896488,-0.435992795119714,0.662034763474306,-0.658564805315747,0.510175269415751,0.870670309618634,72.5315079761929,20.7846727158247,24.7607778268187,59.7651161608175,8.26189648406832,11.5839107159994,96.9052760033818,28.7623868192681,10.4237204135177,40.4395867805992,"B4GALNT4"
"ENSG00000087152",986.481936356824,-0.140440424643406,0.213255138570671,-0.658555876236788,0.510181004893411,0.870670309618634,857.805967665108,1092.49435962554,1107.63212811969,1119.23762992076,1222.76067964211,1127.50064302394,897.46507866195,813.016800757979,975.660230705256,651.245845445899,"ATXN7L3"
"ENSG00000112276",204.557923466594,0.207560468688025,0.31517542903515,0.658555361766086,0.510181335357998,0.870670309618634,165.37183818572,223.435231695116,160.119696613427,199.217053869392,348.376635078214,162.174750023992,103.016419535127,251.191511554942,239.745569510907,192.930528599109,"BVES"
"ENSG00000132031",7.88790137975284,-0.551715787192674,0.838024452606303,-0.658352850536529,0.510311424910806,0.870674064224928,4.83543386507953,3.89712613421714,4.12679630446978,26.260429828238,0,9.6532589299995,13.0953075680246,8.62871604578044,4.16948816540708,4.21245695631242,"MATN3"
"ENSG00000136238",3690.11294140205,0.123123371573798,0.187058962252548,0.658206215255108,0.510405631591573,0.870674064224928,4464.07254424142,2992.99287107876,3823.0640964608,2731.08470213675,3423.17910989897,4253.22588455778,3696.36881620107,3387.25042108248,3918.2765034413,4211.61446492115,"RAC1"
"ENSG00000143889",325.208549180574,-0.155460275317832,0.236230514196754,-0.658087190160161,0.510482106635059,0.870674064224928,476.773779096841,337.750931632152,331.79442287937,239.06046464327,355.261548814938,301.181678615984,238.334597738047,266.531451191885,365.872586514471,339.524030678781,"HNRNPLL"
"ENSG00000054282",323.057216931443,-0.134897977429522,0.205014290925407,-0.657993044390275,0.510542600658482,0.870674064224928,335.579110236519,227.332357829333,373.062385924068,427.411133756149,331.852842110077,316.626892903984,332.620812227824,289.541360647299,321.050588736345,275.494684942832,"SDCCAG8"
"ENSG00000227888",7.51793132736042,0.504529126791451,0.766828875161342,0.657942264739702,0.510575231034203,0.870674064224928,6.76960741111134,2.59808408947809,10.7296703916214,3.62212825217076,6.8849137367236,20.2718437529989,1.74604100906994,4.79373113654469,13.550836537573,4.21245695631242,"FAM66A"
"ENSG00000130347",20.7441594118608,-0.274474393595725,0.41728295271776,-0.65776565231835,0.510688728482309,0.870756273557728,28.0455164174613,24.6817988500419,24.7607778268187,15.3940450717257,15.1468102207919,12.5492366089993,22.6985331179092,10.5462085003983,29.1864171578495,24.432250346612,"RTN4IP1"
"ENSG00000043514",114.413214563162,-0.209685515425723,0.319088855548103,-0.657138323008943,0.511091979280793,0.871172842144975,106.37954503175,97.4281533554284,103.169907611744,191.067265302007,66.0951718725465,123.561714303994,112.619645085011,139.018202959796,136.550737417082,68.2418026922611,"TRIT1"
"ENSG00000152582",30.1732441117013,-0.300300384978386,0.457027524881665,-0.657072864607315,0.511134065889949,0.871172842144975,34.8151238285726,14.2894624921295,21.4593407832428,65.1983085390736,24.785689452205,24.1331473249987,31.428738163259,42.1848340015933,15.6355806202765,27.8022159116619,"SPEF2"
"ENSG00000134013",1404.95683952762,0.300233008967939,0.456958301317881,0.657024958518223,0.511164868352152,0.871172842144975,702.104997209547,514.420649716662,916.974138853184,2800.81067099104,1145.64964579081,1180.59356713894,2033.26475506195,2424.6692088643,1603.16819959902,727.912562050785,"LOXL2"
"ENSG00000186448",193.327218324317,0.127369142256201,0.193870904002129,0.656979152760348,0.511194321258647,0.871172842144975,186.64774719207,163.67929763712,187.356552222928,193.783861491135,231.333101553913,151.556165200992,219.128146638278,215.717901144511,214.728640518465,169.340769643759,"ZNF197"
"ENSG00000033327",226.271545089186,0.176134968191873,0.268398771049604,0.656243571843036,0.511667418023634,0.871398072774641,173.108532369847,249.416072589897,254.210652355338,162.995771347684,232.710084301258,322.418848261983,164.127854852575,183.120529416007,311.669240364179,208.937865033096,"GAB2"
"ENSG00000145990",18.3818851023504,-0.31586222385337,0.48136522894426,-0.656179974914528,0.511708331801636,0.871398072774641,18.3746486873022,33.7750931632152,17.3325444787731,14.488513008683,9.63887923141304,17.3758660739991,14.8413485770945,8.62871604578044,33.3559053232566,16.0073364339872,"GFOD1"
"ENSG00000165752",161.672822859672,0.175321910217131,0.267206538353144,0.656128818170693,0.511741243681387,0.871398072774641,158.602230774609,202.650558979291,151.040744743594,88.7421421781835,202.416463859674,148.660187521992,206.905859574788,168.739336006373,122.999900879509,165.970804078709,"STK32C"
"ENSG00000154258",47.6968555651321,0.522466399072569,0.79629156843769,0.656124489799181,0.511744028405846,0.871398072774641,11.6050412761909,29.8779670289981,16.5071852178791,93.269802493397,24.785689452205,14.4798883949993,108.254542562336,153.39939636943,6.25423224811062,18.5348106077746,"ABCA9"
"ENSG00000132330",10.0925641369242,-0.415509109393699,0.633305195607848,-0.656096163864395,0.511762252527377,0.871398072774641,12.5721280492068,5.19616817895618,10.7296703916214,19.0161733238965,1.37698274734472,11.5839107159994,6.98416403627977,4.79373113654469,17.7203247029801,10.9523880864123,"SCLY"
"ENSG00000083535",57.9387203098927,-0.225783364534749,0.344208723479732,-0.655948990055284,0.511856945529223,0.871398072774641,85.1036360253997,75.3444385948647,58.6005075234708,35.3157504586649,52.3253443990994,42.4743392919978,58.4923738038431,30.679879273886,67.754182687865,73.296751039836,"PIBF1"
"ENSG00000104219",458.126239542607,0.14770964884394,0.225226410446714,0.655827389651918,0.511935191260448,0.871398072774641,411.01187853176,410.497286137538,422.583941577705,476.309865160454,517.745513001615,643.872370630967,349.208201813988,349.942372967762,567.050390495363,433.040575108916,"ZDHHC2"
"ENSG00000238271",60.3658909808527,0.229431458984155,0.349900472682546,0.655704912957665,0.51201400716298,0.871398072774641,51.255598969843,45.4664715658666,61.9019445670466,59.7651161608175,49.5713789044099,62.7461830449967,46.2700867403535,93.9571302762759,99.0253439284181,33.6996556504993,"IFNWP19"
"ENSG00000080947",18.163303275924,-0.383031620610532,0.584239523485182,-0.655607170027836,0.51207691099548,0.871398072774641,15.4733883682545,10.3923363579124,5.77751482625769,52.520859656476,20.6547412101708,10.6185848229995,16.5873895861645,21.0924170007966,12.5084644962212,16.0073364339872,"CROCCP3"
"ENSG00000160193",91.0135974504816,-0.226231762699445,0.345096839017002,-0.655560228670477,0.512107122196816,0.871398072774641,113.149152442861,128.605162429166,97.3923927854867,59.7651161608175,90.8808613247515,110.047151801994,87.3020504534971,51.7722962746827,124.042272920861,47.1795179106991,"WDR4"
"ENSG00000172183",11.3421684882618,0.385313948673745,0.587858623756871,0.655453425538424,0.512175863573548,0.871398072774641,12.5721280492068,15.5885045368685,4.95215556536373,5.43319237825613,22.0317239575155,7.7226071439996,16.5873895861645,15.339939636943,7.29660428946239,5.89743973883738,"ISG20"
"ENSG00000203875",5850.82613054543,0.488332233547444,0.745165797005394,0.655333666024273,0.512252949750739,0.871411393624575,3577.25397338583,2149.91458404312,7223.54425134389,5896.82479453399,10354.9102600323,3446.21343800982,14486.9022522533,7078.42339622189,3792.14948643774,502.12486919244,"SNHG5"
"ENSG00000010072",52.8960188865212,-0.224974227236087,0.343360330548338,-0.65521321836104,0.512330484974524,0.871411393624575,59.9593799269861,74.0453965501256,61.9019445670466,36.2212825217076,52.3253443990994,57.919553579997,38.4129021995387,25.8861481373413,48.9914859435332,73.296751039836,"SPRTN"
"ENSG00000170266",159.771073631926,0.120236647574439,0.183529081299701,0.655136759378713,0.51237970674094,0.871411393624575,146.997189498418,151.987919234468,159.294337352533,149.412790402044,158.353015944643,162.174750023992,206.032839070253,172.574320915609,141.762597623841,149.12097625346,"GLB1"
"ENSG00000253293",198.901750491605,0.171794976942116,0.262268616263273,0.655034442892179,0.51244557857154,0.871412301594878,177.943966234927,206.547685113508,221.19628191958,134.018745330318,247.85689452205,158.313446451992,243.572720765257,205.171692644113,132.381249251675,262.014822682632,"HOXA10"
"ENSG00000179922",39.1512368903737,0.196937854672225,0.300735530013386,0.654853966418463,0.512561780927671,0.871434695768439,22.2429957793658,50.6626397448228,33.8397296966522,38.0323466477929,41.3094824203416,38.613035719998,37.5398816950038,47.9373113654469,37.5253934886637,43.8095523456491,"ZNF784"
"ENSG00000171307",437.505470352784,0.12616427867386,0.192683285930575,0.654775415856868,0.512612361118879,0.871434695768439,436.156134630173,383.217403198019,377.189182228538,461.821352151771,479.189996075962,415.090133989978,548.256876847962,475.538128745233,478.448766980462,320.146728679744,"ZDHHC16"
"ENSG00000043143",289.187137432009,-0.258363991518704,0.394684371194673,-0.654609126621002,0.512719446483715,0.871434695768439,352.986672150805,518.317775850879,332.619782140264,79.6868215477566,305.690169910528,198.85713395799,221.747208151883,244.480287963779,292.906543619847,344.578979026356,"JADE2"
"ENSG00000239779",98.8789154151591,0.243759459953445,0.372445940308655,0.654482794876045,0.51280080819484,0.871434695768439,87.0378095714315,46.7655136106057,76.7584112631378,144.88513008683,121.174481766335,102.324544657995,135.318178202921,143.811934096341,48.9914859435332,81.7216649524609,"WBP1"
"ENSG00000065154",409.870353012416,-0.220704964602015,0.337350422510508,-0.65423058598701,0.512963258960542,0.871434695768439,422.616919807951,442.973337256015,496.866275058161,430.127729945277,305.690169910528,272.221901825986,260.160110351421,282.830137056137,363.787842431768,821.429106480921,"OAT"
"ENSG00000096063",224.546147033684,-0.183249062982325,0.280109106536041,-0.654206017249735,0.51297908541142,0.871434695768439,234.034999069849,266.303619171504,265.765682007854,201.93365005852,155.599050449953,236.504843784988,149.28650627548,144.77068032365,302.287891992013,288.974547203032,"SRPK1"
"ENSG00000182648",7.61317477791332,0.438801823850225,0.6708575716472,0.654090886643504,0.513053252517585,0.871434695768439,10.637954503175,7.79425226843427,4.95215556536373,1.81106412608538,13.7698274734472,8.68793303699955,8.73020504534971,6.71122359116257,2.08474408270354,10.9523880864123,"LINC01006"
"ENSG00000132840",86.4103761230069,0.350671687211085,0.536135714064454,0.654072612608918,0.51306502515949,0.871434695768439,94.7745037555587,9.09329431317332,89.1388001765472,103.230655186867,78.488016598649,64.6768348309966,132.699116689316,102.585846322056,34.3982773646084,155.018415992297,"BHMT2"
"ENSG00000157601",15.0782649164859,0.312645151472048,0.478033413625126,0.654023636341923,0.513096577728316,0.871434695768439,15.4733883682545,11.6913784026514,9.07895186983351,16.2995771347684,23.4087067048602,13.5145625019993,20.0794716043043,19.1749245461788,5.21186020675885,16.8498278252497,"MX1"
"ENSG00000100104",146.1946766376,0.131127847331057,0.200501456684458,0.653999474614398,0.513112144100589,0.871434695768439,138.293408541274,120.810910160731,165.071852178791,127.680020889019,163.860946934022,184.37724556299,124.841932148501,144.77068032365,153.22869007871,139.01107955831,"SRRD"
"ENSG00000077463",103.825048383724,-0.145372800950973,0.222357409769991,-0.653779881234219,0.513253630041557,0.87143637218802,95.7415905285746,132.502288563383,113.899578003366,98.7029948716531,114.289568029612,95.567263406995,100.397358021522,70.9472208208614,112.576180465991,103.626441125285,"SIRT6"
"ENSG00000178202",356.336428074532,-0.189359614126127,0.28966699539417,-0.653714841997971,0.513295539291428,0.87143637218802,474.83960555081,292.284460066285,271.543196834111,499.853698799564,311.198100899907,373.581120590981,178.096182925134,433.35329474364,381.508167134748,347.106453200143,"KDELC2"
"ENSG00000163900",73.8464947565403,0.268565048882921,0.410842327149762,0.653693719306148,0.5133091504768,0.87143637218802,56.0910328349225,44.1674295211276,38.7918852620159,124.057892636848,42.6864651676863,60.8155312589968,88.1750709580321,138.059456732487,74.0084149359756,71.6117682573111,"TMEM41A"
"ENSG00000162373",65.6021800265952,0.342045949304133,0.523355578950778,0.653563204561353,0.513393256633495,0.871468227532255,82.202375706352,20.7846727158247,22.2847000441368,100.514058997738,82.6189648406832,55.0235759009971,144.04838324827,72.8647132754793,34.3982773646084,41.2820781718617,"BEND5"
"ENSG00000123106",189.218312673792,0.204780306164834,0.313634247535531,0.652927120599721,0.513803263778442,0.871671406937188,244.672953573024,122.10995220547,229.44987452852,96.8919307455677,133.567326492438,204.649089315989,232.223454206302,223.387870962983,245.999801759018,159.230872948609,"CCDC91"
"ENSG00000198756",33.6294427680607,0.274533363807572,0.42075567349542,0.652476914991761,0.514093560351311,0.871671406937188,29.9796899634931,20.7846727158247,42.0933223055917,26.260429828238,27.5396549468944,24.1331473249987,20.0794716043043,28.7623868192681,63.5846945224579,53.0769576495364,"COLGALT2"
"ENSG00000121671",137.011053787113,-0.209186352824738,0.320674946277308,-0.652331450439665,0.514187375417809,0.871671406937188,85.1036360253997,150.688877189729,117.201015046942,243.588124958483,95.0118095667857,136.110950912993,89.921111967102,156.275635051357,156.355806202765,139.853570949572,"CRY2"
"ENSG00000184787",930.558173884758,-0.191260680392095,0.293277580200746,-0.652148999119466,0.514305057102253,0.871671406937188,974.823467200033,623.540181474742,713.110401412377,1709.6445350246,779.372234997111,1089.85293319694,719.368895736816,962.581212218174,994.422927449588,738.864950137198,"UBE2G2"
"ENSG00000170854",166.956386131041,-0.192744999502803,0.295580011326469,-0.652090777850049,0.514342612954368,0.871671406937188,231.133738750801,163.67929763712,193.959426310079,133.113213267275,128.059395503059,228.782236640988,123.095891139431,105.462085003983,224.10998889063,138.168588167047,"RIOX2"
"ENSG00000123154",52.0364519903681,0.203276501821606,0.311747175568545,0.652055632744332,0.514365284129134,0.871671406937188,48.3543386507953,40.2703033869104,53.6483519581071,47.9931993412625,63.3412063778571,41.5090133989979,78.5718454081474,67.1122359116257,45.8643698194779,33.6996556504993,"WDR83"
"ENSG00000119812",252.706461815898,-0.20152010609156,0.309106989531951,-0.651942896524925,0.514438010777863,0.871671406937188,227.265391658738,203.94960102403,247.607778268187,417.45028106268,201.039481112329,316.626892903984,160.635772834435,154.358142596739,289.779427495792,308.351849202069,"FAM98A"
"ENSG00000167065",74.5495340905962,0.223000759577121,0.34211439245257,0.651830979627778,0.514510214165369,0.871671406937188,45.4530783317476,114.315699937036,76.7584112631378,35.3157504586649,96.3887923141304,91.7059598349952,82.0639274262873,60.4010123204631,74.0084149359756,69.0842940835236,"DUSP18"
"ENSG00000139318",101.055251428669,-0.2277477952099,0.349430582895086,-0.651768352165899,0.514550620683633,0.871671406937188,132.490887903179,122.10995220547,96.5670335245927,92.3642704303543,68.849137367236,173.758660739991,68.0955993537277,48.8960575927558,106.321948217881,101.098966951498,"DUSP6"
"ENSG00000055044",195.583036536419,0.17780136528734,0.272800538973599,0.651763247815825,0.514553914024301,0.871671406937188,163.437664639688,110.418573802819,197.260863353655,253.548977651953,141.829222976506,189.20387502799,268.890315396771,193.666737916405,234.533709304148,203.040425294258,"NOP58"
"ENSG00000221818",42.7911923006552,0.559521010523618,0.858478547837691,0.651758872639185,0.51455673690899,0.871671406937188,17.4075619142863,3.89712613421714,91.614877959229,19.9217053869392,13.7698274734472,26.0637991109986,35.7938406859338,27.8036405919592,186.584595401967,5.0549483475749,"EBF2"
"ENSG00000169093",178.397055646473,-0.143852454762631,0.220761969975125,-0.651617915797905,0.514647687237651,0.871671406937188,155.700970455561,211.743853292464,238.528826398353,151.223854528129,169.368877923401,171.828008953991,206.032839070253,155.316888824048,135.50836537573,188.718071642796,"ASMTL"
"ENSG00000125249",799.465580467999,-0.145223670789259,0.222889629338899,-0.65154969847632,0.514691706461016,0.871671406937188,708.874604620659,991.169080135892,935.957401853745,757.024804703688,738.06275257677,1067.65043765794,536.907610289007,787.130652620638,813.05019225438,658.828267967262,"RAP2A"
"ENSG00000132837",27.0107492772684,0.332606435121477,0.510541103362817,0.651478270663565,0.514737799444626,0.871671406937188,14.5063015952386,5.19616817895618,28.8875741312884,44.3710710890918,20.6547412101708,36.6823839339981,32.3017586677939,42.1848340015933,16.6779526616283,28.6447073029244,"DMGDH"
"ENSG00000155621",145.183621673597,0.108204003645109,0.166101909754024,0.651431424270469,0.514768030990832,0.871671406937188,151.832623363497,137.698456742339,141.136433612866,124.057892636848,150.091119460574,153.486816986992,144.04838324827,155.316888824048,150.101573954655,144.066027905885,"C9orf85"
"ENSG00000004700",123.267004008704,-0.229705997043094,0.352640195190312,-0.651389150119791,0.514795312707817,0.871671406937188,117.98458630794,126.007078339687,159.294337352533,137.640873582489,72.9800856092701,146.729535735992,64.6035173355879,67.1122359116257,188.66933948467,151.648450427247,"RECQL"
"ENSG00000067836",152.313740492969,-0.222811846992115,0.342075174417118,-0.651353455777017,0.514818348716134,0.871671406937188,132.490887903179,281.892123708373,171.674726265943,81.497885673842,125.305430008369,107.151174122994,109.127563066871,155.316888824048,205.347292146299,153.333433209772,"ROGDI"
"ENSG00000256223",23.174810513103,-0.387440746546072,0.594982629436302,-0.651179929258003,0.514930344914694,0.871671406937188,10.637954503175,12.9904204473905,17.3325444787731,67.009372665159,6.8849137367236,13.5145625019993,21.8255126133743,35.4736104104307,25.0169289924425,21.0622847815621,"ZNF10"
"ENSG00000112697",701.215661089975,0.272513821303516,0.418636797615134,0.65095525012602,0.515075374454907,0.871671406937188,563.811588668273,241.621820321463,428.361456403963,1259.59509969238,440.63447915031,628.427156342967,695.797342114372,1340.3272257779,645.228293596745,768.352148831385,"TMEM30A"
"ENSG00000105835",270.384756374503,-0.155878641264231,0.239465337138695,-0.65094448794461,0.51508232193522,0.871671406937188,334.612023463503,218.23906351616,270.717837573217,328.708138884496,188.646636386227,249.054080393987,232.223454206302,215.717901144511,353.36412201825,312.564306158381,"NAMPT"
"ENSG00000104880",107.415149376591,0.141434567021971,0.217294131131016,0.650889954025932,0.515117526822007,0.871671406937188,95.7415905285746,126.007078339687,85.0120038720774,99.6085269346958,89.5038785774068,97.4979151929949,130.080055175711,115.049547277073,126.127017003564,109.523880864123,"ARHGEF18"
"ENSG00000178951",655.307122463082,0.165117620748962,0.253708027140796,0.65081748736838,0.515164310291501,0.871671406937188,529.963551612716,843.078287035641,664.414205019634,407.48942836921,627.904132789192,604.294009017969,826.750417794618,886.840260260768,499.296207807498,663.040724923574,"ZBTB7A"
"ENSG00000112379",47.9656274931084,0.349599006452658,0.537280580957923,0.650682378710495,0.515251540459743,0.871671406937188,89.9390698904792,40.2703033869104,20.6339815223489,14.488513008683,26.1626721995497,47.3009687569975,48.8891482539584,60.4010123204631,27.101673075146,104.468932516548,"ARFGEF3"
"ENSG00000166783",685.954966957689,-0.155874021173994,0.239575366459346,-0.650626245417617,0.515287784038317,0.871671406937188,592.82419185875,1023.64513125437,699.904653238074,607.612014301644,769.733355765698,787.705928687959,448.732539330975,574.288990158054,740.084149359756,615.018715621613,"MARF1"
"ENSG00000118418",174.532736739064,0.189409546762784,0.291184077845592,0.650480438917485,0.515381933093747,0.871671406937188,196.318614922229,126.007078339687,233.576670832989,87.8366101151408,133.567326492438,178.585290204991,220.001167142813,177.368052052154,194.923571732781,197.142985555421,"HMGN3"
"ENSG00000175575",105.221462194978,0.131962854911543,0.202973275091047,0.65014891666082,0.515596034336746,0.871837199515272,97.6757640746064,98.7271954001675,111.423500220684,90.5532063042689,100.519740556165,92.6712857279952,121.349850130361,102.585846322056,105.279576176529,131.428657036947,"PAAF1"
"ENSG00000171503",152.948621575155,0.147078108627735,0.226414813261033,0.649595786200475,0.51595335567745,0.872176632480566,133.457974676195,133.801330608122,157.643618830745,150.318322465086,133.567326492438,160.244098237992,171.112018888854,176.409305824845,107.364320259232,205.567899468046,"ETFDH"
"ENSG00000100823",930.510415338794,-0.161244433948215,0.248238080065169,-0.649555595603557,0.515979323739986,0.872176632480566,831.694624793679,996.365248314848,1039.12730946549,1105.65464897512,1324.65740294562,549.270433116972,957.703493474863,969.292435809336,806.79596000627,724.542596485735,"APEX1"
"ENSG00000095209",37.3715292597175,0.227367479541409,0.350142568735961,0.649356861584188,0.51610774029224,0.872176632480566,30.946776736509,42.8683874763885,35.4904482184401,27.1659618912807,20.6547412101708,53.0929241149972,26.1906151360491,45.0610726835201,41.6948816540708,50.549483475749,"TMEM38B"
"ENSG00000226950",180.040742205552,-0.155378371325843,0.239330329032525,-0.649221400204264,0.516195281273402,0.872176632480566,177.943966234927,163.67929763712,192.308707788292,232.721740201971,154.222067702609,131.284321447993,207.778880079323,181.203036961389,230.364221138741,128.90118286316,"DANCR"
"ENSG00000121964",334.598758399915,0.123407722775874,0.190086027236591,0.649220379687741,0.516195940804377,0.872176632480566,381.999275341283,275.396913484678,288.875741312884,323.27494650624,391.0631002459,337.864062549982,396.351309058877,371.993536195868,269.974358710108,309.194340593331,"GTDC1"
"ENSG00000102078",79.2720258104424,-0.143905719801529,0.221677383257545,-0.649167351611778,0.516230211951832,0.872176632480566,72.5315079761929,75.3444385948647,91.614877959229,95.986398682525,74.3570683566149,87.8446562629954,73.3337223809376,77.658444412024,83.3897633081416,60.6593801708988,"SLC25A14"
"ENSG00000198722",208.477502613394,-0.203977240330634,0.314274063682734,-0.64904255203367,0.516310872461095,0.872202420014393,259.179255168263,252.014156679375,205.514455962595,188.350669112879,246.479911774705,259.672665216987,91.667152976172,149.564411460194,273.101474834164,159.230872948609,"UNC13B"
"ENSG00000159110",68.3283226343931,0.159054347125948,0.245123256455637,0.64887497590313,0.51641919060424,0.872228699757566,68.6631608841293,54.5597658790399,59.4258667843648,72.4425650434151,75.7340511039596,55.0235759009971,79.4448659126824,88.2046529124223,57.3304622743473,72.4542596485736,"IFNAR2"
"ENSG00000067208",310.179320803743,-0.18989647071769,0.292681486515842,-0.648816134488955,0.516457227411374,0.872228699757566,245.64004034604,552.092869014095,293.002537617354,250.832381462825,243.725946280015,220.094303603989,240.953659251652,395.962191878591,324.1777048604,335.311573722468,"EVI5"
"ENSG00000109911",43.0888610538233,0.198320822542952,0.305722269784381,0.6486960295134,0.516534871279371,0.872249376836285,32.8809502825408,49.3635977000837,48.6961963927434,28.0714939543234,38.5555169256522,42.4743392919978,35.7938406859338,50.8135500473737,42.7372536954226,61.5018715621613,"ELP4"
"ENSG00000119682",336.332050658095,-0.146811248100619,0.226384956777521,-0.648502666389171,0.516659886811075,0.872277672062261,291.093118677788,311.770090737371,345.825530314567,479.026461349582,318.08301463663,434.396651849978,261.906151360491,278.036405919592,291.864171578495,351.318910156455,"AREL1"
"ENSG00000007376",246.800406017082,0.199872129746177,0.308222136613489,0.648467796447782,0.516682433027807,0.872277672062261,267.883036125406,289.686375976807,242.655622702823,106.852783439037,279.527497710978,207.545066994989,358.811427363873,305.840046511551,187.626967443319,221.575235902033,"RPUSD1"
"ENSG00000007080",666.664033624503,0.185052743553146,0.285421202356862,0.648349674183541,0.516758812343971,0.872296200510258,764.965637455581,653.41814850374,771.710908935848,274.376215101935,662.32870147281,832.110919765957,811.909069217523,614.556331705029,710.897732201907,570.366671884701,"CCDC124"
"ENSG00000186638",23.743237020099,-0.343610017964848,0.530115140832144,-0.648179973553424,0.516868553107705,0.872371031738479,14.5063015952386,53.2607238343009,27.2368556095005,14.488513008683,13.7698274734472,39.5783616129979,15.7143690816295,8.62871604578044,29.1864171578495,21.0622847815621,"KIF24"
"ENSG00000188158",35.2158155979571,-0.295334013703208,0.455773550552385,-0.647984099439888,0.51699523455652,0.872372151153896,59.9593799269861,42.8683874763885,32.1890111748642,23.5438336391099,37.1785341783074,14.4798883949993,17.4604100906994,23.0099094554145,45.8643698194779,55.6044318233239,"NHS"
"ENSG00000243742",10.4127047234968,0.444651872799179,0.686215861616912,0.647976675665086,0.517000036194076,0.872372151153896,16.4404751412704,3.89712613421714,7.4282333480456,6.33872444129882,13.7698274734472,4.82662946499975,27.9366561451191,13.4224471823251,4.16948816540708,5.89743973883738,"RPLP0P2"
"ENSG00000123496",127.608504540611,-0.607051171192237,0.937642566724441,-0.647422794928038,0.517358346917997,0.872826099765882,104.445371485718,98.7271954001675,430.837534186645,9.05532063042689,23.4087067048602,37.647709826998,110.873604075941,91.0808915943491,66.7118106465133,303.296900854494,"IL13RA2"
"ENSG00000150776",521.687341580486,0.123971998793852,0.191504397595165,0.64735849594392,0.51739995086969,0.872826099765882,490.312993919064,414.394412271756,536.483519581071,536.980513384315,633.412063778571,557.958366153971,577.939574002151,537.856633520314,556.626670081845,374.908669111805,"C11orf57"
"ENSG00000122435",72.3106098888044,-0.181357243445113,0.280244950462359,-0.647138309346531,0.517542433308491,0.872956043130813,65.7619005650816,59.7559340579961,82.5359260893955,103.230655186867,52.3253443990994,75.2954196539961,61.984455821983,54.6485349566095,69.8389267705686,97.729001386448,"TRMT13"
"ENSG00000170734",210.601174741143,-0.223813375371497,0.345940863412499,-0.646970043271882,0.517651331736793,0.873029313527265,155.700970455561,368.927940705889,241.830263441929,156.657046906385,163.860946934022,167.966705381991,113.492665589546,204.212946416804,198.050687856836,335.311573722468,"POLH"
"ENSG00000103449",39.2619268608924,-0.243969768926575,0.377159321242132,-0.646861300214159,0.517721714369259,0.873037615949274,45.4530783317476,33.7750931632152,66.8541001324104,26.260429828238,45.4404306623758,53.0929241149972,25.3175946315142,25.8861481373413,42.7372536954226,27.8022159116619,"SALL1"
"ENSG00000129467",25.3896341520348,0.564422801843375,0.873164778783529,0.646410409075037,0.518013601039661,0.873346908792836,30.946776736509,12.9904204473905,12.3803889134093,22.6383015760672,9.63887923141304,3.8613035719998,16.5873895861645,116.008293504381,1.04237204135177,27.8022159116619,"ADCY4"
"ENSG00000075188",81.1519307968433,-0.193706590153634,0.299683626076974,-0.646370282852492,0.518039581077222,0.873346908792836,112.182065669845,85.736774952777,107.296703916214,46.1821352151771,56.4562926411335,79.1567232259959,62.8574763265179,79.5759368666419,92.7711116803075,89.3040874738232,"NUP37"
"ENSG00000135929",33.7032580490737,0.29203762092718,0.45193626168542,0.64619205336185,0.518154985302272,0.873346908792836,45.4530783317476,12.9904204473905,25.5861370877126,34.4102183956222,35.8015514309627,25.0984732179987,53.2542507766332,60.4010123204631,18.7626967443319,25.2747417378745,"CYP27A1"
"ENSG00000109743",133.829631628677,0.349062337971318,0.540199171161145,0.646173405303485,0.518167060754121,0.873346908792836,106.37954503175,49.3635977000837,68.5048186541983,235.438336391099,75.7340511039596,59.8502053659969,244.445741269792,318.303747466567,83.3897633081416,96.8865099951856,"BST1"
"ENSG00000161835",24.7327569515657,0.322693892355393,0.499533745243185,0.645990176696267,0.518285717210793,0.873436518883035,27.0784296444454,24.6817988500419,10.7296703916214,23.5438336391099,45.4404306623758,9.6532589299995,20.9524921088393,26.8448943646503,14.5932085789248,43.8095523456491,"GRASP"
"ENSG00000073584",399.237804270214,-0.13136501529962,0.203395657840995,-0.645859487336325,0.518370358517948,0.873468789836245,494.181341011128,454.664715658666,399.473882272674,337.763459514923,330.475859362733,403.506223273979,310.79529961445,348.983626740453,417.99118858206,494.542446671078,"SMARCE1"
"ENSG00000197958",14056.1054843961,0.236457377813768,0.366506080806511,0.645166315640476,0.518819412410522,0.873956221400934,10045.1303113162,8634.73247138044,11594.6468970383,20521.1676126734,18642.9694163002,10983.4780105534,21277.2557365263,21980.2160072847,10010.9410851424,6870.51729574555,"RPL12"
"ENSG00000110719",214.885573518369,-0.254405509019951,0.394329664503994,-0.645159448858491,0.518823861887944,0.873956221400934,184.713573646038,118.212826071253,149.390026221806,498.948166736522,185.892670891537,219.128977710989,243.572720765257,203.254200189495,234.533709304148,111.208863646648,"TCIRG1"
"ENSG00000139269",11.6240182596414,-0.378156048736494,0.586188916030787,-0.645109517418158,0.518856216619375,0.873956221400934,7.73669418412724,6.49521022369523,14.0311074351972,25.3548977651953,8.26189648406832,17.3758660739991,10.4762460544197,9.58746227308938,13.550836537573,3.36996556504993,"INHBE"
"ENSG00000189298",27.9706744576863,-0.222974013266014,0.345797758289675,-0.644810464847574,0.519050019454676,0.874080938141851,17.4075619142863,36.3731772526933,39.6172445229098,28.977026017366,26.1626721995497,24.1331473249987,21.8255126133743,23.0099094554145,34.3982773646084,27.8022159116619,"ZKSCAN3"
"ENSG00000153179",196.288811962738,0.169894917426597,0.263567526663311,0.644597305204543,0.51918818167154,0.874080938141851,191.483181057149,188.361096487162,189.007270744716,161.184707221599,227.202153311879,234.574191998988,103.016419535127,183.120529416007,257.465894213887,227.47267564087,"RASSF3"
"ENSG00000168917",37.8031832338157,0.230699428111788,0.357968895980837,0.644467803493568,0.51927212917405,0.874080938141851,47.3872518777794,15.5885045368685,36.315807479334,37.1268145847502,31.6706031889286,30.8904285759984,53.2542507766332,32.5973717285039,51.0762300262367,42.1245695631242,"SLC35G2"
"ENSG00000072518",210.195470407199,-0.180867398000663,0.280658450341882,-0.644439523486076,0.519290462188286,0.874080938141851,231.133738750801,316.966258916327,213.768048571534,143.074065960745,254.741808258773,216.233000031989,194.683572511299,152.440650142121,244.957429717666,133.956131210735,"MARK2"
"ENSG00000149547",2330.55496468408,0.111757995762252,0.173451112597596,0.644319855252407,0.519368042932081,0.874080938141851,2255.24635467309,1827.75215694784,2232.59680071815,2575.33318729341,2537.77920335632,2462.54635304287,2549.21987324212,2824.46638565213,2082.65933862084,1957.94999329401,"EI24"
"ENSG00000134186",246.724919093965,-0.222762315208376,0.345765047961579,-0.644259205844105,0.519407364140474,0.874080938141851,235.002085842865,135.100372652861,213.768048571534,495.326038484351,166.614912428711,216.233000031989,312.54134062352,278.036405919592,233.491337262796,181.135649121434,"PRPF38B"
"ENSG00000106537",85.7024337368244,0.455282188471023,0.706783510603631,0.644160738954122,0.519471207064354,0.874080938141851,36.7492973746044,16.8875465816076,148.564666960912,77.8757574216713,20.6547412101708,274.152553611986,19.2064510997694,44.1023264562111,82.3473912667898,136.483605384522,"TSPAN13"
"ENSG00000164520",17.3114237941698,0.466990283684519,0.725044122070958,0.644085331456305,0.519520101720811,0.874080938141851,14.5063015952386,35.0741352079542,6.60287408715164,0.905532063042689,17.9007757154814,13.5145625019993,16.5873895861645,31.638625501195,5.21186020675885,31.1721814767119,"RAET1E"
"ENSG00000115825",789.693430834919,-0.1211719387045,0.188193022788762,-0.64387051607386,0.519659402271777,0.874085272330252,889.719831174633,793.714689335557,954.115305593412,680.054579345059,972.149819625372,788.671254580959,656.511419410298,618.391316614265,760.931590186792,782.674502482847,"PRKD3"
"ENSG00000114686",681.095976871013,-0.184653558830538,0.286841350473146,-0.64374804583074,0.519738828729944,0.874085272330252,1109.24852864924,666.408568951131,752.727645935287,407.48942836921,592.102581358229,768.39941082796,535.161569279937,512.929231610282,886.016235149004,580.476568579851,"MRPL3"
"ENSG00000106771",289.79524262317,0.205278193597692,0.318882242766181,0.64374294352982,0.519742137895683,0.874085272330252,229.19956520477,219.538105560899,167.547929961473,445.521775017003,254.741808258773,227.816910747988,246.191782278862,453.486965517128,273.101474834164,380.806108850642,"TMEM245"
"ENSG00000163320",1377.77152854239,-0.123411274229264,0.191768921585567,-0.643541577065173,0.519872745497496,0.874085272330252,1390.67077959687,1438.03954352612,1555.80220678511,1410.81895422051,1416.91524701772,1709.59215650291,996.989416178937,1116.93935481491,1527.07504058034,1214.8725862005,"CGGBP1"
"ENSG00000214922",8.28893327638712,0.347427015535047,0.539943586196376,0.643450583388704,0.519931770141948,0.874085272330252,4.83543386507953,5.19616817895618,9.07895186983351,9.05532063042689,9.63887923141304,11.5839107159994,7.85718454081474,5.75247736385363,11.4660924548695,8.42491391262483,"HLA-F-AS1"
"ENSG00000185972",16.3736481358144,-0.326525281952419,0.507503891513374,-0.643394636795241,0.519968062596904,0.874085272330252,9.67086773015905,27.27988293952,25.5861370877126,12.6774488825976,5.50793098937888,15.4452142879992,10.4762460544197,15.339939636943,15.6355806202765,26.117233129137,"CCIN"
"ENSG00000087274",1533.70375499282,-0.148621758964424,0.231003673898648,-0.643374005513137,0.519981446402356,0.874085272330252,1836.4977819572,2122.6347011036,1478.21843626107,1081.20528327297,1732.24429615966,1148.73781266994,1389.84864321967,1354.70841918753,1379.05821070839,1813.88396538813,"ADD1"
"ENSG00000166263",24.5148717820592,-0.288549679020609,0.449068544598768,-0.642551526913159,0.520515144615611,0.874872146658904,21.2759090063499,38.9712613421714,21.4593407832428,28.977026017366,11.0158619787578,25.0984732179987,9.60322554988468,21.0924170007966,36.4830214473119,31.1721814767119,"STXBP4"
"ENSG00000184009",45040.4914843801,-0.171628436005072,0.267300465828105,-0.64208057203852,0.520820869604914,0.875217265329601,34515.3269289377,54598.7371403821,63436.2874330485,40609.4908992124,58306.9574535648,36654.3894831011,35293.5999368353,37859.9297702027,58832.5203859352,30297.6754125814,"ACTG1"
"ENSG00000140993",12.5524618402307,-0.313723840734408,0.488659445214077,-0.642009161609408,0.520867234461282,0.875217265329601,10.637954503175,18.1865886263466,14.8564666960912,13.5829809456403,9.63887923141304,7.7226071439996,7.85718454081474,8.62871604578044,12.5084644962212,21.9047761728246,"TIGD7"
"ENSG00000160194",312.790509578862,0.105436475308689,0.164248671282208,0.641931983288501,0.520917346643651,0.875217265329601,296.895639315883,287.088291887329,295.478615400036,316.936222064941,333.229824857422,313.730915224984,394.605268049807,322.138732375803,289.779427495792,278.022159116619,"NDUFV3"
"ENSG00000147789",145.862522251944,-0.210142120449479,0.327581866190173,-0.641494973129812,0.521201145856148,0.875583786658704,106.37954503175,137.698456742339,106.47134465532,284.337067795404,143.206205723851,130.318995554993,175.477121411529,163.945604869828,106.321948217881,104.468932516548,"ZNF7"
"ENSG00000166825",1329.12048003669,-0.147543901968692,0.230092496861668,-0.641237345767932,0.521368489187366,0.875754602051877,1553.14135746354,1395.17115604974,1167.88335416495,1530.34918654214,1131.87981831736,1721.17606721891,1650.0087535711,1051.7446113579,894.355211479818,1195.49528420146,"ANPEP"
"ENSG00000007168",1354.57920879208,-0.133071380187855,0.207887682597898,-0.64011190333602,0.522099850887432,0.876736835677228,1448.69598597783,1618.60638774485,1456.75909547783,1197.11338734243,1306.75662723014,1387.17330824093,1035.40231837848,935.736317853523,1635.48173288093,1524.06692679383,"PAFAH1B1"
"ENSG00000144115",156.079557786421,-0.19734351641673,0.308356086056095,-0.639985799991086,0.522181831201767,0.876736835677228,155.700970455561,231.22948396355,141.136433612866,149.412790402044,143.206205723851,97.4979151929949,166.74691636618,150.523157687503,88.6016235149004,236.740080944758,"THNSL2"
"ENSG00000100359",340.176369364027,-0.133878199949654,0.209216108967563,-0.639903880300204,0.522235091082223,0.876736835677228,326.875329279376,318.265300961066,327.6676265749,463.632416277857,373.162324530419,321.453522368983,411.192657635971,262.696466282649,274.143846875515,322.674202853531,"SGSM3"
"ENSG00000105849",152.995454702558,0.159807573787953,0.249777121593772,0.63980068618077,0.522302186452492,0.876736835677228,178.911053007943,163.67929763712,133.708200264821,96.8919307455677,117.043533524301,139.972254484993,155.397649807225,185.996768097934,155.313434161414,203.040425294258,"TWISTNB"
"ENSG00000140553",339.016249982671,0.123814871014221,0.193558682137965,0.639676141863622,0.522383169321726,0.876736835677228,279.488077401597,336.451889587413,329.318345096688,342.291119830136,346.999652330869,289.597767899985,392.859227040737,353.777357876998,276.228590958219,443.150471804066,"UNC45A"
"ENSG00000213699",206.696376892535,-0.191103871444091,0.298800612319529,-0.639569878925582,0.522452270129425,0.876736835677228,197.285701695245,200.052474889813,141.136433612866,354.968568712734,148.71413671323,199.82245985099,209.524921088393,266.531451191885,211.601524394409,137.326096775785,"SLC35F6"
"ENSG00000058404",9.39421645101944,0.489980187728383,0.766150265885835,0.639535362115759,0.522474716777948,0.876736835677228,12.5721280492068,7.79425226843427,8.25359260893955,1.81106412608538,8.26189648406832,9.6532589299995,3.49208201813988,3.83498490923575,6.25423224811062,32.0146728679744,"CAMK2B"
"ENSG00000126226",314.967087094196,0.09765164825357,0.152693180085527,0.639528551300543,0.522479145982051,0.876736835677228,290.126031904772,328.657637318979,315.287237661491,275.281747164977,348.376635078214,318.557544689984,354.446324841198,333.64368710351,288.73705545444,296.556969724394,"PCID2"
"ENSG00000157613",1586.69617245002,-0.161411462709364,0.252520964299347,-0.639200246827911,0.522692671569993,0.876874485626288,1865.51038514768,1695.24986838445,1733.25444787731,1482.35598720088,1975.97024243967,1529.07621451192,1966.91519671729,1404.56322300759,1410.32937194894,803.736787264409,"CREB3L1"
"ENSG00000079387",190.839159117202,-0.165240600170203,0.258656375621373,-0.63884216955118,0.522925612152846,0.876935718610676,206.956569425404,248.117030545158,203.038378179913,158.468111032471,187.269653638882,231.678214319988,142.3023422392,121.760770868235,247.042173800369,161.758347122397,"SENP1"
"ENSG00000117153",404.472444508414,-0.0955867380862871,0.149654166885462,-0.63871751836649,0.523006714192973,0.876935718610676,455.497870090491,383.217403198019,382.966697054795,460.010288025686,408.963875961382,437.292629528977,358.811427363873,403.632161697063,379.423423052044,374.908669111805,"KLHL12"
"ENSG00000181381",100.059180887392,0.163255825798499,0.255634134125764,0.638630777367871,0.523063154466016,0.876935718610676,112.182065669845,68.8492283711694,83.3612853502895,108.663847565123,82.6189648406832,87.8446562629954,109.127563066871,141.894441641723,116.745668631398,89.3040874738232,"DDX60L"
"ENSG00000025770",264.303565593885,-0.238726484953389,0.373830827292631,-0.638594967360773,0.52308645608469,0.876935718610676,277.553903855565,433.880042942841,326.842267314006,125.868956762934,251.987842764084,384.19970541398,265.398233378631,132.306979368633,290.821799537144,154.175924601034,"NCAPH2"
"ENSG00000179630",158.327296816328,0.322288997723603,0.504729742873281,0.638537756639631,0.523123684281813,0.876935718610676,110.247892123813,226.033315784594,170.024007744155,45.2766031521344,72.9800856092701,101.359218764995,165.00087535711,108.33832368591,167.821898657635,416.190747283667,"LACC1"
"ENSG00000184900",2239.42536996506,0.106305499098262,0.166535768403641,0.638334335724228,0.523256065484671,0.876937188410286,2177.87941283182,2323.98621803815,2344.84566019973,1718.69985565502,2199.04144750952,2561.00959412887,2300.40902944965,2698.87062987466,2057.64240962839,2011.86944233481,"SUMO3"
"ENSG00000152942",231.380040008899,-0.122985653735891,0.192736886051873,-0.63810128022298,0.523407753258513,0.877075995748181,285.290598039692,200.052474889813,248.43313752908,238.154932580227,240.971980785326,246.158102714987,236.588556728977,175.450559597536,248.084545841721,194.615511381634,"RAD17"
"ENSG00000135269",390.982462989998,0.192208421323315,0.301338375817589,0.637849131567848,0.523571893514049,0.877075995748181,317.204461549217,290.985418021546,447.344719404524,384.851126793143,280.904480458323,744.266263502961,295.08093053282,372.952282423177,440.923373491799,335.311573722468,"TES"
"ENSG00000108001",67.7229127886316,0.303694473658119,0.476149888517716,0.637812758086616,0.523595573600523,0.877075995748181,29.9796899634931,105.222405623863,84.1866446111834,19.0161733238965,38.5555169256522,48.2662946499975,68.0955993537277,103.544592549365,75.0507869773274,105.31142390781,"EBF3"
"ENSG00000204516",82.145633753771,-0.219181858754913,0.34376022948006,-0.637600978700844,0.523733458423552,0.877075995748181,50.2885121968271,106.521447668602,112.248859481578,90.5532063042689,60.5872408831677,73.3647678679962,59.365394308378,82.4521755485687,52.1186020675885,133.956131210735,"MICB"
"ENSG00000116918",166.222352488003,0.174056880117326,0.272987164265144,0.63760096774466,0.52373346555736,0.877075995748181,171.174358823815,140.296540831817,181.57903739667,124.963424699891,101.896723303509,152.521491093992,154.52462930269,199.419215280259,177.203247029801,258.644857117582,"TSNAX"
"ENSG00000213621",14.0279252676244,0.436554863693995,0.684883625576519,0.637414660522089,0.52385478142072,0.877169016925066,15.4733883682545,5.19616817895618,14.0311074351972,10.8663847565123,39.9324996729969,2.89597767899985,11.3492665589546,11.5049547277073,23.9745569510907,5.0549483475749,"RPSAP54"
"ENSG00000138326",10128.7184180618,0.18767961254795,0.294736876661022,0.636770039345301,0.524274644277863,0.877725427870468,8095.48337691615,6512.09777027684,9946.40445303305,12842.2557180714,13029.0107553757,7476.44904128461,14645.7919840787,11953.6479620878,10910.508156829,5875.53496266456,"RPS24"
"ENSG00000204767",105.339680488771,-0.354171388684447,0.556273486778306,-0.636685725821041,0.52432957318388,0.877725427870468,96.7086773015905,188.361096487162,133.708200264821,66.1038406021163,103.273706050854,248.088754500987,22.6985331179092,39.3085953196665,48.9914859435332,106.153915299073,"FAM196B"
"ENSG00000188157",238.724084612896,0.232633252209991,0.365430001369667,0.63660140475073,0.524384509955154,0.877725427870468,186.64774719207,171.473549905554,119.677092829623,385.756658856186,374.539307277764,165.070727702991,297.699992046425,315.427508784641,159.482922326821,211.465339206883,"AGRN"
"ENSG00000137962",1812.94932100192,-0.26205330557535,0.41172988381862,-0.636468995509668,0.524470783029953,0.877759672891264,3615.93744430647,1652.38148090807,2023.78090771198,762.457997081944,1741.88317539107,2620.85979949486,1221.35568584442,1294.30740686707,826.601028791953,2369.92828362137,"ARHGAP29"
"ENSG00000132405",187.664958807166,-0.241214626233383,0.379053789655094,-0.63635988563224,0.524541880546079,0.877768514534888,194.384441376197,274.097871439939,243.480981963717,115.002572006422,227.202153311879,225.886258961988,75.9527838945425,90.1221453670402,224.10998889063,206.410390859308,"TBC1D14"
"ENSG00000164219",97.0692443608176,-0.184796356681893,0.29061728271831,-0.63587531668243,0.52485769206381,0.877986153958334,123.787106946036,93.5310272212113,141.96179287376,58.8595840977748,83.9959475880279,102.324544657995,64.6035173355879,91.0808915943491,109.449064341936,101.098966951498,"PGGT1B"
"ENSG00000178464",82.7454829820596,0.241719552866405,0.380159805983657,0.635836690417494,0.524882870418953,0.877986153958334,46.4201651047635,53.2607238343009,70.1555371759862,127.680020889019,106.027671545543,64.6768348309966,106.508501553266,99.7096076401295,112.576180465991,40.4395867805992,"RPL10P16"
"ENSG00000165416",536.501956083514,-0.118424460702745,0.186282570514058,-0.63572485807956,0.524955771306773,0.877986153958334,586.054584447639,568.980415595702,671.84243836768,425.600069630064,472.305082339239,522.241308112973,525.558343730053,477.455621199851,638.974061348635,476.007636063303,"SUGT1"
"ENSG00000114982",461.176900307253,-0.139603173634979,0.219618562491859,-0.635661995284,0.52499675236986,0.877986153958334,394.571403390489,480.645556553447,423.409300838599,652.888617453779,563.18594366399,420.882089347978,377.144857959108,477.455621199851,475.321650856407,346.263961808881,"KANSL3"
"ENSG00000168306",81.7571140623271,-0.227036555718678,0.357169274724175,-0.635655337077937,0.525001093035744,0.877986153958334,73.4985947492088,79.2415647290818,63.5526630888345,142.168533897702,77.1110338513043,36.6823839339981,93.4131939852419,94.9158765035849,54.203346150292,102.783949734023,"ACOX2"
"ENSG00000131323",532.613079049441,-0.122774464811864,0.19334344311034,-0.635007129472691,0.525423765165881,0.878566072947973,603.462146361925,674.202821219565,552.99070479895,410.206024558338,556.301029927267,606.224660803969,467.06596992621,432.394548516331,503.465695972905,519.817188408952,"TRAF3"
"ENSG00000175287",43.8586522227511,0.219554448432475,0.345797782140217,0.634921505492619,0.525479610400089,0.878566072947973,63.8277270190498,29.8779670289981,30.5382926530763,35.3157504586649,50.9483616517546,34.7517321479982,70.7146608673327,38.3498490923575,39.6101375713672,44.6520437369116,"PHYHD1"
"ENSG00000171103",60.4768552474863,-0.222042755982541,0.349778025762898,-0.634810478726457,0.525552028230243,0.878575744326042,83.1694624793679,75.3444385948647,66.0287408715164,39.8434107738783,79.8649993459938,37.647709826998,52.3812302720983,30.679879273886,65.6694386051615,74.1392424310985,"TRMT61B"
"ENSG00000134324",192.292630293227,-0.201728264149285,0.317844876530173,-0.634675211227245,0.525640264111814,0.878575744326042,170.207272050799,162.380255592381,128.756044699457,373.079209973588,161.106981439332,139.006928591993,158.889731825365,193.666737916405,199.093059898188,236.740080944758,"LPIN1"
"ENSG00000072954",9.87353326433434,0.467563828545817,0.736773880119174,0.634609669482566,0.525683020148595,0.878575744326042,7.73669418412724,11.6913784026514,5.77751482625769,7.24425650434151,8.26189648406832,2.89597767899985,11.3492665589546,25.8861481373413,1.04237204135177,16.8498278252497,"TMEM38A"
"ENSG00000186230",23.6844850499856,-0.241131323013209,0.380093500754234,-0.634400016140035,0.525819799063892,0.878694231313762,31.9138635095249,28.578924984259,16.5071852178791,27.1659618912807,30.2936204415838,27.0291250039986,23.5715536224442,17.2574320915609,21.8898128683872,12.6373708689372,"ZNF749"
"ENSG00000102910",344.60004498778,-0.158166767227635,0.249359850089373,-0.634291234819665,0.52589077572404,0.878702740645393,345.249977966678,339.049973676891,279.796789443051,506.192423240863,282.281463205668,347.517321479982,222.620228656418,348.024880513144,330.431937108511,444.835454586591,"LONP2"
"ENSG00000220848",16.8259323928499,0.33622195334944,0.53016832468457,0.634179632571371,0.525963598047572,0.878714331349175,6.76960741111134,10.3923363579124,9.07895186983351,31.6936222064941,17.9007757154814,12.5492366089993,20.0794716043043,30.679879273886,15.6355806202765,13.4798622601997,"RPS18P9"
"ENSG00000179119",127.434416662196,-0.17323724300844,0.273215424619151,-0.63406831166258,0.52603624192717,0.878725621064964,140.227582087306,131.203246518644,114.72493726426,161.184707221599,82.6189648406832,148.660187521992,72.4607018764026,133.265725595942,145.932085789248,144.066027905885,"SPTY2D1"
"ENSG00000047579",93.97276977186,0.198901540561134,0.313903184963506,0.633639765662965,0.526315942949198,0.87899209420609,96.7086773015905,114.315699937036,97.3923927854867,38.0323466477929,66.0951718725465,103.289870550995,110.873604075941,102.585846322056,100.06771596977,110.366372255385,"DTNBP1"
"ENSG00000160539",54.4662731296384,-0.34164937159844,0.539345151114481,-0.633452198267602,0.526438387295838,0.879067080426267,54.1568592888907,126.007078339687,49.5215556536373,19.9217053869392,101.896723303509,32.8210803619983,46.2700867403535,22.0511632281056,22.9321849097389,69.0842940835236,"PLPP7"
"ENSG00000138785",138.194810923681,0.130520883933166,0.206172640098813,0.633065977476987,0.526690558770167,0.879194112899384,117.98458630794,138.997498787078,155.992900308958,110.474911691208,128.059395503059,152.521491093992,177.223162420599,129.430740686707,144.889713747896,126.373708689372,"INTS12"
"ENSG00000130313",849.048194096953,0.176033622047771,0.278087279748188,0.633015728756713,0.52672337172382,0.879194112899384,956.448818512731,792.415647290818,857.548272068819,544.224769888656,1093.32430139171,662.213562597966,1167.22841456326,1161.04168127112,583.728343156991,672.308130227462,"PGLS"
"ENSG00000204176",48.0271625927332,-0.385023272283119,0.608298259572397,-0.632951461267981,0.526765340604874,0.879194112899384,23.2100825523817,18.1865886263466,28.0622148703945,153.940450717257,16.5237929681366,60.8155312589968,29.682697154189,75.7409519574061,43.7796257367743,30.3296900854494,"SYT15"
"ENSG00000170909",38.3933331995062,0.341085533419153,0.539167807707398,0.632614797366125,0.526985221608844,0.879429667241886,28.0455164174613,10.3923363579124,25.5861370877126,67.9149047282017,49.5713789044099,20.2718437529989,58.4923738038431,60.4010123204631,13.550836537573,49.7069920844865,"OSCAR"
"ENSG00000105063",601.045409697421,0.145747927846593,0.230454159511634,0.632437826921651,0.527100822841241,0.879486146087103,630.54057600637,691.090367801172,600.036182669905,338.668991577966,760.094476534285,606.224660803969,555.241040884242,515.805470292209,659.82150217567,652.930828228424,"PPP6R1"
"ENSG00000108961",17.9933613558508,0.265423908727572,0.419734724962081,0.632361091285814,0.52715095237462,0.879486146087103,13.5392148222227,15.5885045368685,21.4593407832428,13.5829809456403,17.9007757154814,19.306517859999,33.1747791723289,14.3811934096341,16.6779526616283,14.3223536514622,"RANGRF"
"ENSG00000131711",2009.52339664564,-0.258226663355468,0.40844447608258,-0.632219747056291,0.52724329550518,0.87952525544376,1783.30800944133,4397.25732144167,1772.04633313932,963.486115077421,1354.9510233872,1402.61852252893,1012.70378526057,2045.96444907727,2348.46420916554,3014.43419793716,"MAP1B"
"ENSG00000178927",258.991943726699,0.213821210102219,0.338258686777647,0.63212333773049,0.527306286460846,0.87952525544376,188.581920738102,181.865886263466,179.102959613988,395.717511549655,213.432325838432,222.990281282988,388.494124518062,418.972101334006,209.516780311706,191.245545816584,"C17orf62"
"ENSG00000214717",580.135367216251,0.146884641436617,0.232429070662098,0.631954690599593,0.527416484658143,0.8795754882263,608.297580227005,653.41814850374,521.62705288498,396.623043612698,888.153872037344,602.363357231969,572.701450974941,484.166844791014,548.287693751031,525.714628147789,"ZBED1"
"ENSG00000164091",1247.17524634982,-0.135027857888614,0.21377789390101,-0.631626850768481,0.52763073690083,0.879723840864426,1526.0629278191,1467.91751055512,1389.07963608453,888.326953844878,1273.70904129387,1326.35777698193,900.084140175555,1054.62085003983,1393.65141928732,1251.94220741605,"WDR82"
"ENSG00000104671",224.062297989014,0.160134511087732,0.253562981379365,0.631537420078482,0.527689189991408,0.879723840864426,237.903346161913,207.846727158247,265.765682007854,125.868956762934,232.710084301258,182.446593776991,229.604392692697,250.232765327633,203.262548063595,304.981883637019,"DCTN6"
"ENSG00000130935",85.550921250523,-0.195302910429855,0.309359082686646,-0.631314615797718,0.527834832195845,0.879856662541681,78.3340286142883,72.7463545053866,102.34454835085,116.813636132507,61.9642236305124,81.0873750119958,68.9686198582627,47.9373113654469,107.364320259232,117.948794776748,"NOL11"
"ENSG00000182858",60.3113855811104,0.166187230319083,0.263300148526773,0.631170287023916,0.52792918764069,0.879903970952747,38.6834709206362,68.8492283711694,49.5215556536373,67.9149047282017,77.1110338513043,56.954227686997,66.3495583446578,65.1947434570078,55.2457181916438,57.2894146058489,"ALG12"
"ENSG00000100503",562.92665148555,-0.212063463399169,0.33614252726545,-0.630873650901374,0.528123141539054,0.879955506291007,814.287062879392,769.032890485515,502.643789884419,366.740485532289,724.292925103323,463.356428639976,350.081222318523,303.922554056933,819.304424502491,515.60473145264,"NIN"
"ENSG00000229132",7.68806008953221,-0.370614013926928,0.58746422792293,-0.630870776995718,0.528125020804034,0.879955506291007,7.73669418412724,3.89712613421714,9.07895186983351,14.488513008683,9.63887923141304,4.82662946499975,7.85718454081474,3.83498490923575,6.25423224811062,9.26740530388731,"EIF4A1P10"
"ENSG00000107789",48.1367437225738,0.22472472490463,0.356320054097625,0.630682226050235,0.528248322897321,0.879955506291007,45.4530783317476,28.578924984259,45.3947593491675,55.237455845604,35.8015514309627,35.7170580409981,48.8891482539584,91.0808915943491,39.6101375713672,55.6044318233239,"MINPP1"
"ENSG00000144395",9.90238339673168,-0.353636320691899,0.560729338687661,-0.630672048513736,0.528254978871401,0.879955506291007,5.80252063809543,10.3923363579124,14.8564666960912,14.488513008683,5.50793098937888,17.3758660739991,4.36510252267486,8.62871604578044,8.33897633081416,9.26740530388731,"CCDC150"
"ENSG00000091947",106.341394490359,0.187438411588349,0.297306904190071,0.630454284601873,0.528397403821571,0.879955506291007,103.478284712702,81.8396488185599,76.7584112631378,130.396617078147,110.158619787578,96.532589299995,149.28650627548,157.234381278666,84.4321353494933,73.296751039836,"TMEM101"
"ENSG00000005801",94.3471098525637,0.173297720250682,0.274939063682087,0.630313197149268,0.528489690217953,0.879955506291007,69.6302476571452,61.0549761027352,84.1866446111834,134.924277393361,82.6189648406832,99.4285669789949,103.016419535127,97.7921151855117,124.042272920861,86.7766133000358,"ZNF195"
"ENSG00000084090",1332.02949876734,0.136119003215917,0.216009068177402,0.630154115123198,0.528593756848516,0.879955506291007,1290.09375520322,1382.18073560234,1478.21843626107,879.271633214451,1316.39550646155,1716.34943775391,1088.65656915511,1140.90801049764,1605.25294368173,1422.96795984233,"STARD7"
"ENSG00000145014",115.377519282358,-0.238523979558683,0.378525731434354,-0.630139405991874,0.528603379642495,0.879955506291007,79.3011153873043,94.8300692659503,86.6627223938653,246.304721147611,139.075257481817,114.873781266994,96.9052760033818,114.090801049764,126.127017003564,55.6044318233239,"TMEM44"
"ENSG00000168411",166.490370108128,-0.226152156623205,0.35890663870476,-0.630114164060474,0.52861989325962,0.879955506291007,113.149152442861,220.837147605638,221.19628191958,174.767688167239,89.5038785774068,214.302348245989,94.2862144897769,102.585846322056,248.084545841721,186.190597469009,"RFWD3"
"ENSG00000169583",86.2352156205018,0.397524751168509,0.631223224565107,0.629768892680385,0.528845800889086,0.880143409740851,26.1113428714294,119.511868115992,133.708200264821,10.8663847565123,56.4562926411335,55.9889017939971,52.3812302720983,179.285544506771,46.9067418608296,181.135649121434,"CLIC3"
"ENSG00000116514",118.864526301022,0.17451810452822,0.277127268803478,0.629739921595294,0.528864758616119,0.880143409740851,121.852933400004,135.100372652861,121.327811351411,63.3872444129882,137.698274734472,149.625513414992,101.270378526057,88.2046529124223,148.016829871951,122.16125173306,"RNF19B"
"ENSG00000257122",36.1912411736249,-0.205994166652262,0.327241275237156,-0.629487116204933,0.529030200840891,0.880219721839777,31.9138635095249,29.8779670289981,35.4904482184401,59.7651161608175,26.1626721995497,38.613035719998,35.7938406859338,33.5561179558128,43.7796257367743,26.9597245203995,"RRN3P3"
"ENSG00000157353",31.387172696468,-0.238517342453755,0.378920806885624,-0.629464885853446,0.529044750203251,0.880219721839777,28.0455164174613,24.6817988500419,24.7607778268187,60.6706482238602,26.1626721995497,25.0984732179987,37.5398816950038,30.679879273886,20.8474408270354,35.3846384330243,"FUK"
"ENSG00000103550",82.923345330111,0.194323557548356,0.308760165482717,0.629367318949807,0.529108608381907,0.880219721839777,72.5315079761929,48.0645556553447,89.1388001765472,95.0808666194824,70.2261201145807,88.8099821559954,134.445157698386,99.7096076401295,60.4575783984026,70.7692768660486,"KNOP1"
"ENSG00000143621",532.138775626897,-0.139773096150234,0.222134580680257,-0.629227091622553,0.529200394955741,0.8802626175511,614.1001008651,511.822565627184,617.368727148678,510.720083556077,356.638531562282,555.062388474971,503.732831116678,383.498490923575,626.465596852414,641.978440142012,"ILF2"
"ENSG00000135776",192.563652626796,-0.170698582014807,0.271435787419301,-0.628872793958889,0.529432338534376,0.880369263087132,195.351528149213,194.856306710857,189.83263000561,244.493657021526,221.6942223225,174.723986632991,99.5243375169867,170.656828460991,266.847242586053,167.655786861234,"ABCB10"
"ENSG00000120697",116.694971815393,0.173883962914078,0.276592044878778,0.628665813546033,0.529567863706136,0.880369263087132,96.7086773015905,70.1482704159085,94.9163150028048,171.145559915068,97.7657750614751,146.729535735992,137.06421921199,115.049547277073,117.78804067275,119.633777559273,"ALG5"
"ENSG00000187678",109.009843743573,-0.381937243457303,0.607610413285032,-0.628589035188465,0.529618140580933,0.880369263087132,104.445371485718,72.7463545053866,132.057481743033,197.405989743306,37.1785341783074,270.291250039986,46.2700867403535,17.2574320915609,150.101573954655,62.3443629534237,"SPRY4"
"ENSG00000117461",25.4769340974921,0.348045867304028,0.553728667482295,0.628549482342192,0.529644041971286,0.880369263087132,18.3746486873022,32.4760511184761,27.2368556095005,9.96085269346958,13.7698274734472,34.7517321479982,8.73020504534971,15.339939636943,42.7372536954226,51.3919748670115,"PIK3R3"
"ENSG00000174353",9.87673699356927,-0.365346230134894,0.581292410092877,-0.628506795876656,0.529671996151256,0.880369263087132,6.76960741111134,9.09329431317332,8.25359260893955,21.7327695130245,2.75396549468944,8.68793303699955,14.8413485770945,8.62871604578044,10.4237204135177,7.58242252136235,"STAG3L3"
"ENSG00000114779",638.006895425684,0.187654923389735,0.29863192242265,0.628381995693515,0.529753728624406,0.880369263087132,785.274459688915,439.076211121797,564.545734451465,565.957539401681,912.939561489549,437.292629528977,876.512586553111,830.27423284954,391.931887548265,576.264111623538,"ABHD14B"
"ENSG00000072422",404.392804844374,-0.149390970439693,0.237795161175917,-0.628233853460018,0.529850756282433,0.880369263087132,348.151238285726,413.095370227017,391.220289663735,565.052007338638,574.201805642748,345.586669693982,369.287673418293,403.632161697063,312.711612405531,320.989220071006,"RHOBTB1"
"ENSG00000100027",14.7829548219255,0.316071680412557,0.503212633773239,0.628107601437899,0.529933453793062,0.880369263087132,4.83543386507953,25.9808408947809,10.7296703916214,10.8663847565123,13.7698274734472,20.2718437529989,13.9683280725595,20.1336707734877,10.4237204135177,16.8498278252497,"YPEL1"
"ENSG00000173933",31.5077948837043,0.19839597154633,0.315879342530296,0.628075169326092,0.529954698510861,0.880369263087132,27.0784296444454,24.6817988500419,28.8875741312884,35.3157504586649,24.785689452205,36.6823839339981,31.428738163259,37.3911028650486,25.0169289924425,43.8095523456491,"RBM4"
"ENSG00000089248",816.547100955291,0.196816440058939,0.313391822812771,0.628020343008512,0.529990613580759,0.880369263087132,659.553179196848,445.571421345493,762.631957066014,1133.72614292945,1098.83223238109,644.837696523967,1073.81522057801,1099.68192272335,742.16889344246,504.652343366227,"ERP29"
"ENSG00000147471",470.223322602298,0.107993545733941,0.171986716045129,0.627917947486154,0.530057693115972,0.880371040235083,501.918035195255,492.336934956098,456.423671274357,346.81878014535,488.828875307376,491.350879536975,446.11347781737,455.404457971746,568.092762536714,454.945351281741,"PLPBP"
"ENSG00000115540",257.743730242278,0.179424631080015,0.285882905371199,0.627615809511396,0.530255649515349,0.880538544708062,304.63233350001,250.715114634636,279.796789443051,120.435764384678,210.678360343742,300.216352722984,218.255126133743,232.975333236072,321.050588736345,338.681539287518,"MOB4"
"ENSG00000168538",146.504828965999,-0.140458289192863,0.223815623240009,-0.62756248719171,0.530290589420046,0.880538544708062,168.273098504768,142.894624921295,134.533559525715,174.767688167239,134.944309239783,143.833558056993,103.889440039662,116.96703973169,168.864270698987,176.080700773859,"TRAPPC11"
"ENSG00000137161",263.34174579676,0.153653751018077,0.244978769924693,0.627212517498193,0.530519939063396,0.880725712348577,237.903346161913,196.155348755596,226.973796745838,325.086010632325,293.297325184425,227.816910747988,357.065386354803,340.354910694673,210.559152353057,218.205270336983,"CNPY3"
"ENSG00000104998",7.50038818765823,-0.517103094064462,0.824477357133025,-0.627188957453723,0.53053538074593,0.880725712348577,17.4075619142863,1.29904204473905,3.30143704357582,14.488513008683,2.75396549468944,9.6532589299995,3.49208201813988,1.91749245461788,15.6355806202765,5.0549483475749,"IL27RA"
"ENSG00000215808",13.5719379498213,-0.670363660908549,1.06980068937792,-0.62662481672017,0.530905196997429,0.881165535481882,37.7163841476203,1.29904204473905,0,30.7880901434514,9.63887923141304,6.75728125099965,10.4762460544197,35.4736104104307,1.04237204135177,2.52747417378745,"LINC01139"
"ENSG00000100603",310.910058148573,0.110028479902495,0.175600740774549,0.626583233175304,0.530932461807933,0.881165535481882,268.850122898422,266.303619171504,349.952326619037,301.542176993215,307.067152657872,289.597767899985,363.176529886548,276.118913464974,320.008216694993,366.48375519918,"SNW1"
"ENSG00000154945",771.140075682885,-0.152352894787447,0.243201978606375,-0.62644595105878,0.53102247771798,0.881203556333012,723.380906215897,991.169080135892,897.990875852623,669.188194588547,860.61421709045,938.296767995951,462.700867403535,582.917706203834,858.914562073858,726.22757926826,"ANKRD40"
"ENSG00000141127",89.0928479301772,-0.16432744771182,0.262397839518089,-0.62625305152519,0.531148975060418,0.881203556333012,91.873243436511,113.016657892297,83.3612853502895,94.1753345564397,48.1943961570652,100.393892871995,84.6829889398922,72.8647132754793,106.321948217881,96.0440186039231,"PRPSAP2"
"ENSG00000075336",193.190518920823,0.147344741771127,0.235323153644898,0.626137885239588,0.531224504711629,0.881203556333012,149.898449817465,164.978339681859,228.624515267626,182.01194467158,159.729998691988,223.955607175988,225.239290170023,219.552886053747,239.745569510907,138.168588167047,"TIMM21"
"ENSG00000136758",1235.6443118487,-0.113536001775127,0.181335240712374,-0.626111071014668,0.531242091100506,0.881203556333012,1397.44038700798,1196.41772320466,1408.06289908509,1174.47508576637,1276.46300678856,1308.98191090793,934.131939852419,1026.81720944787,1489.54964709168,1144.10330933445,"YME1L1"
"ENSG00000147687",259.662146662974,0.12828443440215,0.204912633797177,0.626044534321518,0.531285731159462,0.881203556333012,297.862726088899,179.267802173988,297.129333921824,208.272374499818,261.626721995497,261.603317002986,306.430197091775,280.912644601519,253.29640604848,250.219943204957,"TATDN1"
"ENSG00000196569",74.9320577050102,0.283078138211748,0.452404682392476,0.625718851349483,0.531499366197146,0.881356225135388,25.1442560984135,101.325279489646,37.141166740228,102.325123123824,71.6031028619254,55.9889017939971,95.1592349943119,138.059456732487,41.6948816540708,80.8791735611984,"LAMA2"
"ENSG00000238266",12.5578600040539,0.64961328330278,1.03821392227347,0.625702727892789,0.531509943672785,0.881356225135388,11.6050412761909,19.4856306710857,5.77751482625769,0.905532063042689,4.13094824203416,55.0235759009971,2.61906151360491,0,8.33897633081416,17.6923192165121,"LINC00707"
"ENSG00000215193",739.364384217903,-0.152218103607891,0.243343749977326,-0.625527072801642,0.531625185643116,0.881437730099731,727.249253307961,1131.46562096771,782.440579327469,506.192423240863,783.503183239146,776.12201797196,614.60643519262,599.216392068086,862.041678197913,610.8062586653,"PEX26"
"ENSG00000164171",31.9953501996845,0.334173463676462,0.534471722064545,0.62524068136968,0.531813105516528,0.881639700220501,13.5392148222227,15.5885045368685,51.1722741754252,29.8825580804087,28.9166376942391,40.5436875059979,24.4445741269792,8.62871604578044,58.3728343156991,48.864500693224,"ITGA2"
"ENSG00000152193",34.3597249740998,-0.201287710304674,0.3220748609189,-0.624971814721543,0.531989556876888,0.881769449602134,34.8151238285726,35.0741352079542,37.141166740228,42.5600069630064,17.9007757154814,46.3356428639976,27.0636356405841,31.638625501195,32.3135332819049,38.7546039980742,"RNF219"
"ENSG00000123243",88.4436694252808,0.831110798890805,1.33004526976436,0.624874068412763,0.532053713013188,0.881769449602134,7.73669418412724,19.4856306710857,8.25359260893955,205.55577831069,111.535602534922,86.8793303699955,176.350141916064,26.8448943646503,0,241.795029292333,"ITIH5"
"ENSG00000156508",187561.741572487,0.197682062160483,0.31639512610979,0.62479490310444,0.532105676316116,0.881769449602134,139247.923186241,142187.946048957,171732.501414205,236324.852280818,275844.068861831,132885.79710448,246202.258524916,278134.198034778,143474.17251574,109583.697752902,"EEF1A1"
"ENSG00000167815",587.591173472542,0.196274642038087,0.31418449190933,0.62471142622383,0.532160472475288,0.881769449602134,706.940431074627,600.157424669439,614.892649365997,239.965996706313,586.594650368851,399.644919701979,687.067137069022,674.957344025492,509.719928221015,855.971253522683,"PRDX2"
"ENSG00000092330",398.479481986576,0.133658139114673,0.214060272379749,0.624394884808705,0.532368283557685,0.881769449602134,421.649833034935,414.394412271756,429.186815664857,240.871528769355,465.420168602515,448.876540244977,432.145149744811,378.704759787031,414.864072458004,338.681539287518,"TINF2"
"ENSG00000162493",100.908455098177,0.437049073448236,0.700021191118164,0.624336918644028,0.532406343095961,0.881769449602134,110.247892123813,22.0837147605638,42.0933223055917,158.468111032471,60.5872408831677,54.0582500079972,218.255126133743,215.717901144511,6.25423224811062,121.318760341798,"PDPN"
"ENSG00000196839",156.554532552117,0.172769458365273,0.276752488696493,0.624274271855761,0.532447477396007,0.881769449602134,136.359234995243,200.052474889813,153.516822526276,92.3642704303543,190.023619133571,168.932031274991,158.01671132083,110.255816140528,217.85575664252,138.168588167047,"ADA"
"ENSG00000178718",34.4878730394794,-0.419561382195964,0.672085903909331,-0.624267492824199,0.532451928649919,0.881769449602134,58.9922931539702,41.5693454316495,59.4258667843648,2.71659618912807,17.9007757154814,26.0637991109986,45.3970662358185,5.75247736385363,54.203346150292,32.8571642592368,"RPP25"
"ENSG00000138777",280.98157022972,-0.141390582847453,0.226627275437852,-0.62389040584052,0.532699561514117,0.882012917680171,425.518180126998,236.425652142506,312.811159878809,215.51663100416,253.364825511428,269.325924146986,267.144274387701,240.645303054543,290.821799537144,298.241952506919,"PPA2"
"ENSG00000197083",23.5518854747911,-0.273606591110127,0.438841942190866,-0.623474114037913,0.532973007832248,0.882356132753065,20.308822233334,14.2894624921295,26.4114963486066,43.4655390260491,19.2777584628261,24.1331473249987,14.8413485770945,18.2161783188698,38.5677655300155,16.0073364339872,"ZNF300P1"
"ENSG00000149289",116.518646571895,-0.174386453603879,0.279763622850442,-0.623334984824325,0.533064412370166,0.882397923269319,158.602230774609,126.007078339687,98.2177520463807,117.71916819555,92.2578440720962,113.908455373994,68.0955993537277,99.7096076401295,162.610038450876,128.058691471897,"ZC3H12C"
"ENSG00000189320",151.473826016836,0.256133511480128,0.411097975823695,0.623047367156033,0.533253395373554,0.882601208004107,134.425061449211,183.164928308205,184.880474440246,40.748942836921,111.535602534922,288.632442006985,155.397649807225,106.420831231292,151.143945996007,158.388381557347,"FAM180A"
"ENSG00000168256",969.659323995777,0.128139303874918,0.205773147608906,0.622721211994387,0.533467740927253,0.882652800573926,821.056670290504,1027.54225738859,1078.7445539884,746.158419947176,1164.92740425363,1085.99162962494,1135.7996764,931.901332944288,1011.10088011122,693.370415009024,"NKIRAS2"
"ENSG00000135414",253.803051349291,0.142895709506246,0.229507454987026,0.622619032197992,0.533534901313135,0.882652800573926,205.022395879372,211.743853292464,243.480981963717,293.392388425831,375.916290025108,223.955607175988,231.350433701767,279.95389837421,271.01673075146,202.197933902996,"GDF11"
"ENSG00000088682",260.270398656269,0.148993509797247,0.23936431826035,0.62245497106712,0.533642743787864,0.882652800573926,293.994378996835,266.303619171504,274.019274616793,143.074065960745,305.690169910528,248.088754500987,329.128730209684,247.356526645706,257.465894213887,237.58257233602,"COQ9"
"ENSG00000223518",17.380722516177,-0.381327874869414,0.612669779281805,-0.62240359776913,0.533676515315956,0.882652800573926,26.1113428714294,28.578924984259,10.7296703916214,15.3940450717257,26.1626721995497,11.5839107159994,1.74604100906994,11.5049547277073,12.5084644962212,29.4871986941869,"CSNK1A1P1"
"ENSG00000204564",67.9311817584843,0.133957669783839,0.215229076116918,0.622395784996397,0.533681651332994,0.882652800573926,58.0252063809543,70.1482704159085,62.7273038279406,66.1038406021163,77.1110338513043,67.5728125099965,72.4607018764026,66.1534896843167,61.4999504397544,77.5092079961484,"C6orf136"
"ENSG00000088808",49.0465790220308,-0.225223940361964,0.362028377930119,-0.622116812084378,0.533865060929206,0.882846660584355,54.1568592888907,55.858807923779,20.6339815223489,84.2144818629701,50.9483616517546,49.2316205429974,47.1431072448884,44.1023264562111,47.9491139021814,36.2271298242868,"PPP1R13B"
"ENSG00000180229",22.7166484430081,-0.645141169200538,1.03762874688105,-0.621745659167336,0.534109123240272,0.883140760805295,3.86834709206362,50.6626397448228,30.5382926530763,30.7880901434514,48.1943961570652,7.7226071439996,0.873020504534971,0,3.12711612405531,51.3919748670115,"HERC2P3"
"ENSG00000130881",617.64999432717,0.269159573273957,0.432981642469427,0.621641997889003,0.534177298768958,0.883143998225064,537.700245796843,988.570996046414,510.897382493358,163.901303410727,570.070857400714,460.460450960976,774.369187522519,1022.02347831133,308.542124240124,839.963917088696,"LRP3"
"ENSG00000185483",150.502949861265,0.24784711218944,0.399030014855074,0.621123983065427,0.534518050478941,0.883507419802691,118.951673080956,131.203246518644,78.4091297849257,212.800034815032,130.813360997748,87.8446562629954,110.873604075941,331.726194648893,127.169389044916,175.238209382596,"ROR1"
"ENSG00000196730",69.5807058961756,0.637934344678303,1.02746210572283,0.620883574318793,0.534676229333702,0.883507419802691,38.6834709206362,68.8492283711694,85.0120038720774,16.2995771347684,37.1785341783074,14.4798883949993,64.6035173355879,158.193127505975,1.04237204135177,211.465339206883,"DAPK1"
"ENSG00000144231",328.964300330785,-0.198074328362079,0.319033609032578,-0.620857247494111,0.534693552712816,0.883507419802691,331.710763144456,501.430229269272,403.600678577144,189.256201175922,313.952066394596,484.593598285975,240.953659251652,244.480287963779,364.830214473119,214.835304771933,"POLR2D"
"ENSG00000062582",42.074987915011,0.287450092950461,0.463009848359275,0.620829327862186,0.53471192448834,0.883507419802691,45.4530783317476,42.8683874763885,37.9665260011219,22.6383015760672,53.7023271464441,28.9597767899985,75.0797633900075,48.8960575927558,10.4237204135177,54.7619404320614,"MRPS24"
"ENSG00000175970",758.099010098171,0.165419108588766,0.266459313380051,0.620804379064163,0.534728341654594,0.883507419802691,795.91241419209,974.281533554284,704.856808803438,352.251972523606,936.348268194409,768.39941082796,723.733998259491,709.472208208614,710.897732201907,904.835754215907,"UNC119B"
"ENSG00000165916",788.939818267237,0.126690501759242,0.204159689369402,0.620546113439717,0.53489830424772,0.883678766722637,773.669418412724,772.930016619732,908.720546244245,536.074981321272,692.622321914394,994.285669789948,838.972704858107,682.627313843964,911.033164141447,778.462045526534,"PSMC3"
"ENSG00000129292",382.646023071658,-0.0949243014262557,0.153018763357025,-0.62034419403049,0.535031204811186,0.883784615436073,413.913138850808,365.030814571672,392.871008185523,420.166877251808,311.198100899907,359.101232195981,396.351309058877,354.736104104307,400.27086387908,412.820781718617,"PHF20L1"
"ENSG00000166794",1284.19197510322,0.204657719861206,0.33000460331998,0.620166257689337,0.535148333850398,0.883784615436073,822.990843836536,733.958755277561,1089.47422438002,2059.17991135907,1233.77654162087,1489.49785289892,1655.24687659831,1760.25807333921,1247.71933349807,749.81733822361,"PPIB"
"ENSG00000185261",10.467398843696,-0.320191967243258,0.516316443526762,-0.620146755459014,0.535161172247261,0.883784615436073,14.5063015952386,18.1865886263466,9.90431113072746,5.43319237825613,8.26189648406832,12.5492366089993,6.1111435317448,9.58746227308938,8.33897633081416,11.7948794776748,"KIAA0825"
"ENSG00000068137",140.305162975128,-0.163955397725218,0.264424858603834,-0.62004532626359,0.535227945999327,0.883785454474808,173.108532369847,166.277381726598,151.866104004488,108.663847565123,161.106981439332,98.4632410859949,176.350141916064,159.151873733284,105.279576176529,102.783949734023,"PLEKHH3"
"ENSG00000100304",338.023308578652,-0.211495685043927,0.341365421797778,-0.619558020639873,0.53554881183373,0.88420580631672,473.872518777794,431.281958853363,414.330348968765,153.034918654214,349.753617825559,286.701790220985,287.223745992006,199.419215280259,506.59281209696,278.022159116619,"TTLL12"
"ENSG00000127948",93.6617737508932,0.199020931001196,0.321358421568099,0.619311390783086,0.535711241912655,0.884364504689822,64.7948137920657,64.9521022369523,60.2512260452587,153.940450717257,89.5038785774068,84.9486785839956,117.857768112221,109.297069913219,78.1779031013827,112.893846429173,"POR"
"ENSG00000196954",458.031119409318,0.144395213613257,0.233221291653213,0.619133924650261,0.535828136210164,0.884448001563732,453.56369654446,342.947099811108,446.51936014363,479.931993412625,433.749565413587,370.685142911981,638.177988815064,619.350062841574,360.660726307712,434.725557891441,"CASP4"
"ENSG00000131002",85.4378397121897,-0.836623932166823,1.35154981899779,-0.619010798127444,0.535909245363545,0.884472417450019,117.017499534925,0,116.375655786048,230.910676075886,61.9642236305124,105.220522336995,70.7146608673327,73.8234595027882,0,78.3516993874109,"TXLNGY"
"ENSG00000123965",30.7738491430994,-0.226389624422403,0.366026438988953,-0.618506206949809,0.536241707557338,0.884802134565411,37.7163841476203,41.5693454316495,35.4904482184401,20.8272374499818,22.0317239575155,34.7517321479982,40.1589432086087,32.5973717285039,15.6355806202765,26.9597245203995,"PMS2P5"
"ENSG00000122641",414.443029098677,0.328409530006423,0.531159254731705,0.618288257393363,0.536385341029329,0.884929650335003,136.359234995243,132.502288563383,184.880474440246,983.40782046436,246.479911774705,468.183058104976,624.209660742504,432.394548516331,285.609939330385,650.403354054637,"INHBA"
"ENSG00000177731",1044.00641596779,-0.123724490804895,0.20016007611028,-0.618127716621808,0.53649115325082,0.884939834592227,963.218425923842,1348.40564243913,1017.66796868225,1064.00017407516,1129.12585282267,1293.53669661993,953.338390952189,746.863311073663,912.075536182798,1011.83216090624,"FLII"
"ENSG00000100522",726.859744908454,-0.163715462447943,0.264923092633203,-0.617973544022506,0.536592778102199,0.884943474904047,1020.27654553178,789.81756320134,775.012345979424,522.492000375632,614.134305315745,979.805781394949,446.986498321905,626.061286432737,831.812888998712,662.198233532312,"GNPNAT1"
"ENSG00000140451",77.9124912534228,-0.220242811201483,0.356500353381191,-0.617791284391762,0.53671292937081,0.885032188305947,77.3669418412724,67.5501863264304,56.9497890016829,137.640873582489,110.158619787578,55.0235759009971,56.7463327947731,88.2046529124223,86.5168794321969,42.9670609543866,"PIF1"
"ENSG00000141873",101.149534942057,0.196093399812211,0.317489629445259,0.617637181267432,0.536814529542686,0.885061597216409,119.918759853972,93.5310272212113,91.614877959229,67.9149047282017,57.8332753884782,107.151174122994,130.953075680246,156.275635051357,70.8812988119203,115.42132060296,"SLC39A3"
"ENSG00000132768",183.709332478662,-0.125180046449291,0.202719692720932,-0.617503138294594,0.536902911923447,0.885061597216409,195.351528149213,179.267802173988,180.753678135776,217.327695130245,187.269653638882,194.99583038599,203.413777556648,141.894441641723,201.177803980892,135.64111399326,"DPH2"
"ENSG00000092853",36.8394270687638,-0.359164450884742,0.581837723440726,-0.617293166831475,0.537041373109107,0.885061597216409,22.2429957793658,72.7463545053866,56.1244297407889,19.0161733238965,20.6547412101708,77.226071439996,20.9524921088393,11.5049547277073,51.0762300262367,16.8498278252497,"CLSPN"
"ENSG00000149016",31.1718480076336,-0.21243004133177,0.344144221159394,-0.617270400810771,0.537056386752561,0.885061597216409,26.1113428714294,28.578924984259,28.8875741312884,51.6153275934333,37.1785341783074,33.7864062549982,32.3017586677939,23.0099094554145,29.1864171578495,21.0622847815621,"TUT1"
"ENSG00000166396",40.2723204216013,0.321793919003634,0.521441372597318,0.617123872240453,0.537153023871633,0.885101294709164,45.4530783317476,14.2894624921295,22.2847000441368,57.9540520347321,20.6547412101708,43.4396651849978,30.555717658724,18.2161783188698,69.8389267705686,80.0366821699359,"SERPINB7"
"ENSG00000137364",340.960310489649,0.167644899589814,0.27179644079994,0.616803145384866,0.537364577071488,0.885119667336002,423.584006580967,283.191165753112,312.811159878809,249.926849399782,348.376635078214,509.692071503974,249.683864297002,271.325182328429,466.982674525593,294.029495550607,"TPMT"
"ENSG00000174371",42.0003132432218,-0.473404011098847,0.767574142330336,-0.616753463921549,0.537397350982431,0.885119667336002,25.1442560984135,90.9329431317332,74.282333480456,11.771916819555,11.0158619787578,103.289870550995,13.9683280725595,4.79373113654469,68.7965547292168,16.0073364339872,"EXO1"
"ENSG00000166260",275.964211975791,-0.141764102044641,0.22987362110496,-0.616704523830124,0.537429636806399,0.885119667336002,391.670143071442,276.695955529417,243.480981963717,258.076637967166,240.971980785326,257.742013430987,187.699408475019,274.201421010356,288.73705545444,340.366522070043,"COX11"
"ENSG00000237523",43.422611242714,0.275350685909583,0.446616413969933,0.616526122410092,0.537547336639718,0.885120088882874,43.5189047857157,63.6530601922132,28.0622148703945,19.9217053869392,48.1943961570652,18.341191966999,43.6510252267486,54.6485349566095,33.3559053232566,80.8791735611984,"LINC00857"
"ENSG00000103152",470.785974945114,0.186773729563024,0.303087531890643,0.616236927985586,0.537738159347214,0.885120088882874,561.877415122241,518.317775850879,401.949960055356,257.171105904124,610.003357073711,372.615794697981,665.241624455648,621.267555296192,312.711612405531,386.70354858948,"MPG"
"ENSG00000092470",79.4589467951333,-0.330872703964153,0.537033126280849,-0.61611228017826,0.537820417729338,0.885120088882874,90.9061566634951,114.315699937036,113.899578003366,43.4655390260491,37.1785341783074,174.723986632991,27.0636356405841,31.638625501195,116.745668631398,44.6520437369116,"WDR76"
"ENSG00000126870",252.159757486414,0.2428724184711,0.39437215270448,0.61584576092799,0.537996322019864,0.885120088882874,176.009792688895,110.418573802819,143.612511395548,478.12092928654,260.249739248152,250.984732179987,382.382980986317,308.716285193478,166.779526616283,244.32250346612,"WDR60"
"ENSG00000119899",110.150484979289,0.236964387966867,0.384917360693661,0.615624058992384,0.53814266861589,0.885120088882874,86.0707227984156,51.9616817895618,77.5837705240318,182.01194467158,83.9959475880279,104.255196443995,110.873604075941,204.212946416804,79.2202751427345,121.318760341798,"SLC17A5"
"ENSG00000185122",846.856561576079,0.158810108554834,0.257968657641552,0.615617842906719,0.538146772174144,0.885120088882874,718.545472350818,1130.16657892297,836.914290546471,481.743057538711,990.050595340854,809.908424226958,1101.75187672313,940.530048990068,820.346796543843,638.608474576962,"HSF1"
"ENSG00000119471",465.673833188136,0.137414003894787,0.223222770190248,0.615591338543431,0.538164269245452,0.885120088882874,483.543386507953,433.880042942841,522.452412145874,317.841754127984,407.586893214037,566.646299190971,369.287673418293,496.63054574603,443.008117574502,615.861207012875,"HSDL2"
"ENSG00000159228",417.190044820011,0.240644385347259,0.391039820487023,0.615396112466364,0.538293158125721,0.885120088882874,590.890018312718,350.741352079542,473.75621575313,89.6476742412262,346.999652330869,415.090133989978,450.478580340045,407.467146606299,507.635184138312,539.194490407989,"CBR1"
"ENSG00000213445",132.222689278208,-0.181431986692523,0.294963919063317,-0.615098915381501,0.53848939832148,0.885120088882874,179.878139780958,180.566844218727,126.279966916775,82.4034177368847,185.892670891537,118.735084838994,130.953075680246,89.1633991397312,118.830412714102,109.523880864123,"SIPA1"
"ENSG00000140474",165.445177653692,-0.17233475589487,0.280181105599949,-0.615083431574915,0.53849962331239,0.885120088882874,138.293408541274,162.380255592381,133.708200264821,275.281747164977,130.813360997748,149.625513414992,165.00087535711,196.542976598332,190.754083567374,112.05135503791,"ULK3"
"ENSG00000235363",18.9173164838454,-0.275643080310997,0.448265237498274,-0.614910676208878,0.538613711814676,0.885120088882874,25.1442560984135,20.7846727158247,30.5382926530763,8.1497885673842,13.7698274734472,18.341191966999,27.0636356405841,14.3811934096341,16.6779526616283,14.3223536514622,"SNRPGP10"
"ENSG00000188171",42.1193953322827,0.190013910456973,0.309034316600198,0.614863464185424,0.538644892978443,0.885120088882874,36.7492973746044,40.2703033869104,48.6961963927434,29.8825580804087,41.3094824203416,38.613035719998,41.9049842176786,55.6072811839184,29.1864171578495,58.9743973883738,"ZNF626"
"ENSG00000185164",29.5525612455905,-0.24535827739646,0.399076971615683,-0.61481442139624,0.538677284229273,0.885120088882874,27.0784296444454,31.1770090737371,20.6339815223489,51.6153275934333,24.785689452205,37.647709826998,15.7143690816295,19.1749245461788,32.3135332819049,35.3846384330243,"NOMO2"
"ENSG00000183161",44.2945141006777,-0.19065212476405,0.310145121294208,-0.614719083661466,0.538740254659652,0.885120088882874,55.1239460619066,40.2703033869104,58.6005075234708,37.1268145847502,33.0475859362733,37.647709826998,29.682697154189,46.978565138138,61.4999504397544,42.9670609543866,"FANCF"
"ENSG00000171174",25.6220596562467,0.299333810482975,0.487106209060876,0.614514462995822,0.538875418761674,0.885120088882874,23.2100825523817,33.7750931632152,26.4114963486066,7.24425650434151,19.2777584628261,11.5839107159994,42.7780047222136,24.9274019100324,37.5253934886637,29.4871986941869,"RBKS"
"ENSG00000143437",386.46524475542,-0.131483187770918,0.213979151297923,-0.614467283253473,0.538906586194927,0.885120088882874,359.756279561917,478.047472463969,378.014541489431,414.733684873552,509.483616517546,304.077656294984,281.112602460261,348.024880513144,379.423423052044,411.978290327354,"ARNT"
"ENSG00000123472",442.756973914242,0.126018945379071,0.205127752289285,0.614343714941853,0.538988221001484,0.885120088882874,544.469853207955,426.085790674407,426.710737882175,281.620471606276,516.36853025427,481.697620606975,430.399108735741,416.095862652079,457.601326153427,446.520437369116,"ATPAF1"
"ENSG00000119707",432.560609325195,-0.269844166887693,0.439369720865141,-0.614161955349031,0.539108310858267,0.885120088882874,329.776589598424,159.782171502903,311.160441357021,1126.48188642511,263.003704742841,334.968084870983,474.923154467024,494.713053291412,439.881001450447,390.916005545792,"RBM25"
"ENSG00000197375",23.0221816689512,-0.342929751465297,0.558484717937574,-0.61403605228752,0.539191503766904,0.885120088882874,16.4404751412704,12.9904204473905,10.7296703916214,65.1983085390736,17.9007757154814,20.2718437529989,20.0794716043043,32.5973717285039,10.4237204135177,23.5897589553495,"SLC22A5"
"ENSG00000164920",316.25726945641,0.389586555901097,0.634544006122995,0.613963022488282,0.539239762581539,0.885120088882874,135.392148222227,489.73885086662,407.727474881614,34.4102183956222,223.071205069845,214.302348245989,769.13106449531,285.706375738064,74.0084149359756,529.084593712839,"OSR2"
"ENSG00000144815",389.687978857884,0.154449676250162,0.25158487525589,0.61390684194775,0.539276888711743,0.885120088882874,385.867622433346,353.33943616902,307.859004313445,412.017088684423,567.316891906025,493.281531322974,421.668903690391,255.985242691486,300.20314790931,399.340919458417,"NXPE3"
"ENSG00000145348",167.335201517328,0.169015611018393,0.275359074819993,0.613800765886804,0.539346991095156,0.885120088882874,125.721280492068,135.100372652861,142.787152134654,219.138759256331,184.515688144192,176.654638418991,185.953367465949,163.945604869828,101.110088011122,238.425063727283,"TBCK"
"ENSG00000184156",37.8014593343805,0.296288193936179,0.482720364385292,0.613788470087603,0.539355117303257,0.885120088882874,26.1113428714294,31.1770090737371,27.2368556095005,48.8987314043052,13.7698274734472,43.4396651849978,32.3017586677939,76.699698184715,17.7203247029801,60.6593801708988,"KCNQ3"
"ENSG00000176410",123.78714218454,0.19448780506488,0.316938892986829,0.613644489106493,0.539450277894959,0.885120088882874,143.128842406354,150.688877189729,104.820626133532,57.9540520347321,139.075257481817,82.0527009049957,171.112018888854,140.935695414414,103.194832093825,144.908519297147,"DNAJC30"
"ENSG00000185973",40.1643752403534,-0.212815315188007,0.346856286676135,-0.613554729618368,0.53950960641562,0.885120088882874,39.6505576936521,28.578924984259,64.3780223497285,41.6544748999637,37.1785341783074,31.8557544689983,21.8255126133743,39.3085953196665,50.0338579848849,47.1795179106991,"TMLHE"
"ENSG00000070831",1960.8811961351,-0.162838302174239,0.265419789135798,-0.613512288230046,0.539537660128504,0.885120088882874,2282.32478431754,2278.51974647229,2511.56823090031,1308.49383109669,1426.55412624913,2091.86121013089,1380.24541766979,1494.68536837463,2255.69309748523,2578.86614865446,"CDC42"
"ENSG00000130584",34.3064660728294,0.184297835528972,0.300414185247744,0.61347913840016,0.539559572639173,0.885120088882874,35.7822106015885,25.9808408947809,36.315807479334,28.0714939543234,44.063447915031,32.8210803619983,44.5240457312835,36.4323566377396,31.2711612405531,27.8022159116619,"ZBTB46"
"ENSG00000095794",159.037908013981,0.135342189293737,0.220615942681983,0.613474201584933,0.539562835982622,0.885120088882874,167.306011731752,123.408994250209,189.007270744716,120.435764384678,132.190343745093,160.244098237992,155.397649807225,177.368052052154,203.262548063595,161.758347122397,"CREM"
"ENSG00000197061",12.1657880045435,-0.510686833450427,0.832612040328559,-0.613355090624083,0.539641573943299,0.885120088882874,8.70378095714315,31.1770090737371,14.0311074351972,5.43319237825613,12.3928447261025,22.2024955389988,6.1111435317448,0.958746227308938,19.8050687856836,0.842491391262483,"HIST1H4C"
"ENSG00000130511",614.653268413798,-0.206038348487561,0.33593154532424,-0.613334327649085,0.53965529983746,0.885120088882874,777.537765504788,1047.02788805967,606.639056757057,241.777060832398,616.888270810435,492.316205429975,701.035465141582,673.998597798183,488.87248739398,500.439886409915,"SSBP4"
"ENSG00000037749",154.921334732369,-0.206647802140699,0.337130981498241,-0.612959987309196,0.539902797047323,0.885120088882874,131.523801130163,115.614741981775,113.899578003366,312.408561749728,104.650688798199,135.145625019993,115.238706598616,179.285544506771,181.372735195208,160.073364339872,"MFAP3"
"ENSG00000052749",87.512793297784,0.150481101642961,0.245514508075062,0.612921422944805,0.539928297319892,0.885120088882874,70.5973344301611,59.7559340579961,93.2655964810169,104.136187249909,75.7340511039596,77.226071439996,110.873604075941,92.039637821658,97.9829718870663,93.5165444301356,"RRP12"
"ENSG00000132471",423.93295323666,0.187442311364998,0.305820586138527,0.612915937843675,0.53993192433318,0.885120088882874,353.953758923821,584.568920132571,365.634152576022,262.60429828238,475.059047833928,290.563093792985,481.907318503304,512.929231610282,275.186218916867,636.923491794437,"WBP2"
"ENSG00000111716",2574.60891954902,-0.140846327218653,0.229814218605937,-0.61287037883484,0.539962050617344,0.885120088882874,2456.4004034604,2187.58680334055,2726.16163873273,3535.19717411866,3279.97290417512,1857.2870181319,2940.33305927378,2457.26658059281,2420.38788001881,1885.49573364544,"LDHB"
"ENSG00000092010",526.848379545634,0.179372887265179,0.292695023708387,0.61283203585958,0.539987405889493,0.885120088882874,596.692538950814,487.140766777142,496.866275058161,371.268145847502,786.257148733835,326.280151833983,744.68649036833,559.90779674842,345.025145687436,554.359335450714,"PSME1"
"ENSG00000170291",346.396633883377,0.131216974062441,0.214150186581133,0.612733409936715,0.540052627538303,0.885120088882874,334.612023463503,287.088291887329,368.935589619598,319.652818254069,337.360773099456,420.882089347978,446.986498321905,405.549654151681,274.143846875515,268.754753812732,"ELP5"
"ENSG00000172239",902.174215111867,0.0986777415011996,0.161057823136754,0.612685180883218,0.540084523005836,0.885120088882874,982.56016138416,791.116605246079,965.670335245928,720.80352218198,1023.09818127713,984.632410859949,916.67152976172,891.633991397312,948.55855763011,796.996856134309,"PAIP1"
"ENSG00000225138",39.2907343584184,-0.3505575559503,0.572267432506891,-0.612576456456097,0.540156429521114,0.885129168266752,23.2100825523817,38.9712613421714,10.7296703916214,107.75831550208,27.5396549468944,34.7517321479982,34.0477996768639,64.2359972296989,14.5932085789248,37.0696212155493,"SLC9A3-AS1"
"ENSG00000089091",17.523579613912,-0.283314425387263,0.462663496877069,-0.61235525884278,0.540302736632132,0.885169863012609,13.5392148222227,27.27988293952,11.5550296525154,26.260429828238,17.9007757154814,26.0637991109986,10.4762460544197,17.2574320915609,15.6355806202765,9.26740530388731,"DZANK1"
"ENSG00000170561",229.327180551081,-0.158716021076584,0.259196656423738,-0.612338227145618,0.540314002758165,0.885169863012609,211.792003290483,314.368174826849,268.241759790535,184.728540860709,253.364825511428,221.059629496989,303.81113557817,183.120529416007,143.847341706544,208.937865033096,"IRX2"
"ENSG00000060656",135.071099344505,0.214862010434859,0.351093724830181,0.611979067808132,0.540551606816098,0.885366269470952,149.898449817465,62.3540181474742,98.2177520463807,181.106412608538,223.071205069845,83.9833526909956,132.699116689316,146.688172778268,108.406692300584,164.285821296184,"PTPRU"
"ENSG00000120333",176.169872972781,0.166710384812947,0.272445808513296,0.611902916483338,0.540601991902906,0.885366269470952,216.627437155563,164.978339681859,177.4522410922,97.7974628086104,183.138705396848,152.521491093992,193.810552006764,155.316888824048,156.355806202765,263.699805465157,"MRPS14"
"ENSG00000213533",15.7645947839052,0.24624439116894,0.402517678724126,0.611760437329036,0.540696268723059,0.885366269470952,12.5721280492068,14.2894624921295,13.2057481743033,16.2995771347684,22.0317239575155,18.341191966999,14.8413485770945,13.4224471823251,20.8474408270354,11.7948794776748,"TMEM110"
"ENSG00000140350",434.781876450659,-0.16118684906868,0.263483750820059,-0.611752521994269,0.540701506450133,0.885366269470952,588.955844766686,478.047472463969,481.184449101176,308.786433497557,404.832927719348,389.02633487898,361.430488877478,269.407689873812,595.19443561186,470.952687715728,"ANP32A"
"ENSG00000161179",148.29846159459,-0.213981473583225,0.34983994661913,-0.611655345969358,0.540765811735051,0.885366269470952,224.36413133969,211.743853292464,152.691463265382,58.8595840977748,110.158619787578,122.596388410994,167.619936870714,183.120529416007,109.449064341936,142.38104512336,"YDJC"
"ENSG00000099957",9.79453549659684,0.431874622739572,0.706210712467822,0.61153790945822,0.540843529299483,0.885384822666896,12.5721280492068,2.59808408947809,4.12679630446978,12.6774488825976,23.4087067048602,5.7919553579997,15.7143690816295,10.5462085003983,2.08474408270354,8.42491391262483,"P2RX6"
"ENSG00000118503",59.5166892297109,-0.193415485051872,0.316344450208222,-0.611407865459829,0.540929596805603,0.88541703885571,52.2226857428589,76.6434806396037,36.315807479334,93.269802493397,38.5555169256522,52.1275982219973,61.111435317448,62.318504775081,59.4152063570509,63.1868543446862,"TNFAIP3"
"ENSG00000177971",426.631259146958,0.20234533687717,0.331071169238643,0.611183804806983,0.541077903758769,0.885522534208318,494.181341011128,488.439808821881,446.51936014363,136.735341519446,426.864651676863,360.066558088981,551.748958866102,475.538128745233,355.448866100953,530.769576495364,"IMP3"
"ENSG00000164896",821.641706815452,0.0986913501866377,0.161495261893222,0.611109880436559,0.541126839154067,0.885522534208318,823.957930609551,806.705109782947,871.579379504017,650.172021264651,907.43163050017,708.549205461963,963.814637006608,866.70658948728,825.558656750601,791.941907786734,"FASTK"
"ENSG00000173917",177.823777035181,0.178804284249651,0.292649859117293,0.61098366761211,0.541210392820059,0.885550608396654,142.161755633338,154.586003323946,222.847000441368,139.451937708574,162.483964186677,194.03050449299,303.81113557817,195.584230371023,142.804969665192,120.476268950535,"HOXB2"
"ENSG00000136271",246.442049350412,-0.170485931881401,0.279102147301794,-0.610837048476932,0.541307463679489,0.885600790369645,173.108532369847,210.444811247725,232.751311572095,440.088582638747,184.515688144192,216.233000031989,255.795007828747,238.727810599926,235.5760813455,277.179667725357,"DDX56"
"ENSG00000132646",271.75230575724,-0.291307230709833,0.477067192959145,-0.610620967044322,0.541450538687621,0.88566362410543,340.414544101599,410.497286137538,404.426037838038,66.1038406021163,159.729998691988,339.794714335982,227.858351683627,88.2046529124223,350.237005894195,330.256625374893,"PCNA"
"ENSG00000251322",77.0487055178937,0.191951154527518,0.314383957689708,0.610562816048554,0.541489045702187,0.88566362410543,56.0910328349225,88.3348590422551,85.0120038720774,54.3319237825613,121.174481766335,74.3300937609961,55.8733122902382,74.7822057300972,55.2457181916438,105.31142390781,"SHANK3"
"ENSG00000100647",126.470658504005,-0.284261431188803,0.465637327613849,-0.610478186200184,0.541545089193955,0.88566362410543,89.9390698904792,67.5501863264304,69.3301779150922,339.574523641008,79.8649993459938,115.839107159994,71.5876813718676,135.18321805056,171.991386823042,123.846234515585,"SUSD6"
"ENSG00000089225",136.003814923822,0.132722899218784,0.217538369037443,0.610112596715938,0.54178722275707,0.885755244586528,139.26049531429,138.997498787078,132.057481743033,103.230655186867,183.138705396848,139.972254484993,131.826096184781,136.141964277869,150.101573954655,105.31142390781,"TBX5"
"ENSG00000114062",652.354343425998,-0.108507377891725,0.177880646638773,-0.610001031264934,0.541861124426056,0.885755244586528,702.104997209547,743.052049590734,746.950131109029,536.980513384315,530.138357727717,600.432705445969,625.082681247039,595.38140715885,774.482426724365,668.938164662412,"UBE3A"
"ENSG00000118690",28.7852506093091,-0.202857283682507,0.332585620091029,-0.609940031763805,0.54190153301292,0.885755244586528,26.1113428714294,22.0837147605638,35.4904482184401,40.748942836921,23.4087067048602,35.7170580409981,20.9524921088393,29.7211330465771,29.1864171578495,24.432250346612,"ARMC2"
"ENSG00000163735",22.4148514273304,0.636615389371709,1.04411640886861,0.609716870613628,0.542049376978815,0.885755244586528,5.80252063809543,9.09329431317332,49.5215556536373,2.71659618912807,0,102.324544657995,21.8255126133743,3.83498490923575,23.9745569510907,5.0549483475749,"CXCL5"
"ENSG00000104957",155.585602211096,-0.217387582785139,0.356584317041907,-0.609638653176077,0.542101200688984,0.885755244586528,109.280805350797,126.007078339687,122.978529873199,320.558350317112,165.237929681366,126.457691982993,184.207326456879,192.707991689097,111.533808424639,96.8865099951856,"CCDC130"
"ENSG00000162604",106.096203064199,0.247703450469266,0.406397324661199,0.609510534243227,0.542186092450378,0.885755244586528,100.577024393654,51.9616817895618,58.6005075234708,170.240027852026,81.2419820933385,76.260745546996,171.112018888854,173.533067142918,72.9660428946239,104.468932516548,"TM2D1"
"ENSG00000133321",12.7164008920292,0.455100704216111,0.746977232847618,0.60925645950571,0.542354462290393,0.885755244586528,27.0784296444454,3.89712613421714,2.47607778268187,8.1497885673842,13.7698274734472,4.82662946499975,26.1906151360491,23.9686556827235,4.16948816540708,12.6373708689372,"RARRES3"
"ENSG00000140497",220.915490961474,0.159894039717475,0.262523738388603,0.609065072358489,0.542481307630813,0.885755244586528,250.47547421112,136.3994146976,153.516822526276,284.337067795404,223.071205069845,286.701790220985,220.001167142813,244.480287963779,236.618453386852,173.553226600072,"SCAMP2"
"ENSG00000122783",194.05403038102,0.167859493830095,0.275656483061638,0.608944480339181,0.542561239796445,0.885755244586528,201.154048787308,236.425652142506,194.784785570973,91.4587383673116,195.53155012295,226.851584854988,231.350433701767,171.6155746883,160.525294368173,230.84264120592,"C7orf49"
"ENSG00000123297",110.508546110768,-0.15074199811511,0.247601194448571,-0.608809656394532,0.542650612277651,0.885755244586528,139.26049531429,133.801330608122,130.406763221245,67.009372665159,104.650688798199,93.6366116209951,111.746624580476,110.255816140528,111.533808424639,102.783949734023,"TSFM"
"ENSG00000198142",419.492110891281,0.162670993781958,0.26724964186372,0.608685544525106,0.542732890392911,0.885755244586528,446.794089133348,394.90878160067,401.949960055356,322.369414443197,345.622669583525,683.450732243965,306.430197091775,340.354910694673,554.541925999141,398.498428067155,"SOWAHC"
"ENSG00000133316",123.146136066688,0.166905992384399,0.274267089353089,0.608552753369273,0.542820929194975,0.885755244586528,94.7745037555587,119.511868115992,99.0431113072746,145.790662149873,125.305430008369,141.902906270993,194.683572511299,122.719517095544,95.8982278043628,91.8315616476107,"WDR74"
"ENSG00000100994",506.919861421686,0.115343466697275,0.189588694293094,0.608387895319121,0.542930237828396,0.885755244586528,465.168737820651,544.29861674566,477.8830120576,444.61624295396,492.95982354941,712.410509033963,425.160985708531,467.868158926762,527.440252923995,511.392274496327,"PYGB"
"ENSG00000125505",304.416200925066,0.137086404889295,0.225334413794598,0.608368702235848,0.54294296445699,0.885755244586528,231.133738750801,340.34901572163,231.925952311201,346.81878014535,265.757670237531,248.088754500987,387.621104013527,376.787267332413,324.1777048604,291.502021376819,"MBOAT7"
"ENSG00000100344",20.023531743177,0.418053171015626,0.687223808906577,0.608321722265093,0.542974116756261,0.885755244586528,8.70378095714315,33.7750931632152,5.77751482625769,19.0161733238965,15.1468102207919,33.7864062549982,5.23812302720983,5.75247736385363,25.0169289924425,48.0220093019615,"PNPLA3"
"ENSG00000099364",169.492096681096,-0.17070622089889,0.280636317289036,-0.60828271461058,0.542999983309393,0.885755244586528,207.92365619842,232.528526008289,153.516822526276,133.113213267275,214.809308585776,136.110950912993,220.874187647348,124.637009550162,110.491436383288,160.915855731134,"FBXL19"
"ENSG00000120690",189.482143958995,-0.185411494921886,0.304839937070103,-0.608225735459484,0.543037768130985,0.885755244586528,231.133738750801,231.22948396355,222.847000441368,132.207681204233,198.28551561764,159.278772344992,121.349850130361,134.224471823251,158.440550285469,305.824375028281,"ELF1"
"ENSG00000066583",57.8657924808239,-0.225034457853925,0.369990424746269,-0.608216977529212,0.543043575929842,0.885755244586528,97.6757640746064,64.9521022369523,61.0765853061527,29.8825580804087,45.4404306623758,82.0527009049957,33.1747791723289,56.5660274112273,61.4999504397544,46.3370265194366,"ISOC1"
"ENSG00000158467",55.4401277683196,0.240169024352975,0.394916939460434,0.608150728305331,0.543087509933786,0.885755244586528,45.4530783317476,67.5501863264304,38.7918852620159,48.8987314043052,59.2102581358229,54.0582500079972,40.1589432086087,25.8861481373413,61.4999504397544,112.893846429173,"AHCYL2"
"ENSG00000232600",7.28087798915664,0.413504240050642,0.680027433676167,0.608069938907134,0.543141088832226,0.885755244586528,3.86834709206362,3.89712613421714,9.07895186983351,7.24425650434151,8.26189648406832,6.75728125099965,4.36510252267486,16.2986858642519,2.08474408270354,10.9523880864123,"TONSL-AS1"
"ENSG00000091436",1264.77060487577,-0.16864323656746,0.277480311573608,-0.607766495615759,0.543342353562936,0.885784444025774,1733.98658401752,1774.49143311354,1244.64176542808,665.566066336376,1142.89568029612,1046.41326801195,1038.02137989208,1099.68192272335,1487.46490300898,1414.54304592971,"MAP3K20"
"ENSG00000132329",6.8113735851539,0.476905720643744,0.784692420137742,0.607761344961163,0.543345770156321,0.885784444025774,3.86834709206362,15.5885045368685,3.30143704357582,0,6.8849137367236,5.7919553579997,9.60322554988468,6.71122359116257,6.25423224811062,10.1098966951498,"RAMP1"
"ENSG00000180008",265.194534185853,-0.120811426499389,0.198839325755587,-0.607583163140928,0.543463970422074,0.885868855233341,294.961465769851,287.088291887329,265.765682007854,267.131958597593,232.710084301258,270.291250039986,192.937531502229,219.552886053747,310.626868322827,310.879323375856,"SOCS4"
"ENSG00000182154",360.263590254918,0.230025904839152,0.378730663771185,0.607360129091964,0.543611942292553,0.8859745919781,460.333303955571,368.927940705889,356.555200706189,120.435764384678,291.920342437081,222.990281282988,387.621104013527,607.845108113867,289.779427495792,496.227429453603,"MRPL41"
"ENSG00000155368",804.234822260751,0.134315779634992,0.221203441563455,0.607204746389362,0.543715042746088,0.8859745919781,954.514644966699,641.726770101089,821.232464589485,620.289463184242,970.772836878027,816.665705477958,904.44924269823,619.350062841574,1027.77883277284,665.568199097362,"DBI"
"ENSG00000125944",586.80532747158,-0.148328008545554,0.244287987713777,-0.607185027531292,0.543728127415517,0.8859745919781,672.125307246054,645.623896235306,685.873545802877,489.892846106095,601.741460589643,676.693450992965,517.701159189238,326.932463512348,515.974160469126,735.494984572148,"HNRNPR"
"ENSG00000234390",10.4375276247924,-0.320746155746107,0.528402648743355,-0.607010877990305,0.543843693097731,0.88605464632842,7.73669418412724,19.4856306710857,9.07895186983351,11.771916819555,8.26189648406832,6.75728125099965,10.4762460544197,9.58746227308938,5.21186020675885,16.0073364339872,"USP27X-AS1"
"ENSG00000134871",351.103889989478,0.288224502209358,0.475112576592041,0.606644648888855,0.544086762686141,0.886311400720579,258.212168395247,190.95918057664,129.581403960351,661.038406021163,148.71413671323,357.170580409981,292.461869019215,417.054608879388,756.762102021385,299.084443898182,"COL4A2"
"ENSG00000157911",252.58344569201,0.119713907027076,0.197370056558255,0.606545436094262,0.544152620419351,0.886311400720579,255.310908076199,267.602661216243,236.052748615671,201.93365005852,290.543359689736,226.851584854988,257.541048837817,327.891209739657,204.304920104947,257.80236572632,"PEX10"
"ENSG00000125629",297.431622830477,0.165187332961565,0.272382264209147,0.606454070866845,0.544213272420732,0.886311400720579,260.146341941279,196.155348755596,254.210652355338,398.434107738783,218.94025682781,297.320375043985,399.843391077017,399.797176787827,229.321849097389,320.146728679744,"INSIG2"
"ENSG00000166135",700.454546985799,-0.120012483894859,0.197918586713294,-0.606372983395995,0.544267104438895,0.886311400720579,743.689728449231,891.142842690986,704.856808803438,603.989886049474,674.721546198913,754.884848325961,500.240749098539,588.670183567688,780.736658972475,761.612217701285,"HIF1AN"
"ENSG00000138698",581.630630481084,-0.148237920179393,0.244654629616187,-0.605906867210926,0.544576599075991,0.886638597489327,679.862001430182,561.186163327268,625.622319757618,603.989886049474,520.499478496304,698.895946531964,415.557760158646,449.651980607892,833.897633081416,427.143135370079,"RAP1GDS1"
"ENSG00000163374",256.750623485227,-0.120636842304179,0.199178252921824,-0.605672760627781,0.544732075559972,0.886638597489327,260.146341941279,283.191165753112,230.275233789413,305.164305245386,274.019566721599,299.251026829984,271.509376910376,193.666737916405,248.084545841721,202.197933902996,"YY1AP1"
"ENSG00000136522",201.33595338955,0.1334942247122,0.220438572620352,0.605584690217118,0.544790571197913,0.886638597489327,227.265391658738,211.743853292464,197.260863353655,125.868956762934,176.253791660124,240.366147356988,229.604392692697,180.24429073408,211.601524394409,213.150321989408,"MRPL47"
"ENSG00000108515",19.3726061915174,-0.374369463015051,0.618207691864444,-0.605572314841305,0.544798791070123,0.886638597489327,11.6050412761909,6.49521022369523,10.7296703916214,60.6706482238602,16.5237929681366,13.5145625019993,26.1906151360491,22.0511632281056,16.6779526616283,9.26740530388731,"ENO3"
"ENSG00000149212",420.487454942173,0.319193092029555,0.527095415532763,0.605569850587545,0.544800427864215,0.886638597489327,709.841691393675,227.332357829333,383.792056315689,143.074065960745,419.97973794014,221.059629496989,116.984747607686,536.897887293005,1002.7619037804,443.150471804066,"SESN3"
"ENSG00000196466",9.0797121585701,-0.314144348225563,0.518933986142206,-0.605364760479335,0.544936660332485,0.886752103325324,6.76960741111134,9.09329431317332,9.90431113072746,15.3940450717257,5.50793098937888,11.5839107159994,6.98416403627977,6.71122359116257,10.4237204135177,8.42491391262483,"ZNF799"
"ENSG00000087263",256.078420709164,-0.148536822928476,0.245456404784953,-0.605145435331422,0.545082367237157,0.886880996930825,309.46776736509,253.313198724114,326.842267314006,198.311521806349,224.448187817189,257.742013430987,181.588264943274,191.749245461788,328.347193025807,288.974547203032,"OGFOD1"
"ENSG00000012822",484.52327743292,-0.256953807521023,0.42495578786263,-0.604660096085302,0.54540486722099,0.887134286029032,209.857829744451,478.047472463969,418.457145273235,1042.26740456213,380.047238267143,296.355049150985,385.875063004457,515.805470292209,275.186218916867,843.333882653746,"CALCOCO1"
"ENSG00000185532",162.380933573864,0.130868216889838,0.216433600957386,0.604657577709501,0.54540654088738,0.887134286029032,142.161755633338,181.865886263466,152.691463265382,139.451937708574,126.682412755714,192.09985270699,148.413485770945,161.069366187902,159.482922326821,219.890253119508,"PRKG1"
"ENSG00000133884",302.25441292131,-0.112521914931822,0.186165144430271,-0.604419883626323,0.545564519488753,0.887134286029032,264.981775806358,361.133688437455,323.54083027043,316.936222064941,315.329049141941,246.158102714987,310.79529961445,239.686556827235,296.033659743903,347.948944591406,"DPF2"
"ENSG00000186812",66.1925789351508,-0.174228942451794,0.288259525105259,-0.604416948193381,0.545566470607236,0.887134286029032,64.7948137920657,61.0549761027352,51.1722741754252,106.852783439037,61.9642236305124,56.954227686997,54.1272712811682,52.7310425019916,82.3473912667898,69.9267854747861,"ZNF397"
"ENSG00000103021",44.2002248272373,-0.241712691416679,0.399977264387278,-0.604316077282434,0.545633519412847,0.887134286029032,75.4327682952406,61.0549761027352,37.9665260011219,20.8272374499818,44.063447915031,36.6823839339981,23.5715536224442,45.0610726835201,37.5253934886637,59.8168887796363,"CCDC113"
"ENSG00000144635",161.842277092869,0.182167987257604,0.301447597436058,0.60431062913429,0.545637140908461,0.887134286029032,144.09592917937,159.782171502903,198.911581875443,96.8919307455677,118.420516271646,149.625513414992,169.365977879784,129.430740686707,173.033758864394,278.864650507882,"DYNC1LI1"
"ENSG00000106003",19.8133730117264,-0.406647703001932,0.673319326604407,-0.603944795484607,0.545880345302723,0.887352794861508,16.4404751412704,5.19616817895618,11.5550296525154,59.7651161608175,6.8849137367236,27.0291250039986,17.4604100906994,5.75247736385363,17.7203247029801,30.3296900854494,"LFNG"
"ENSG00000011295",254.982057165549,-0.163570358108802,0.270955511092944,-0.603679760743799,0.546056572653407,0.887406220853618,321.072808641281,155.885045368685,251.734574572656,360.40176109099,199.662498364984,290.563093792985,221.747208151883,245.439034191088,313.753984446883,189.560563034059,"TTC19"
"ENSG00000140694",214.510688648172,0.102384243832983,0.169638890534702,0.603542286266241,0.546147993523933,0.887406220853618,238.870432934929,206.547685113508,186.531192962034,190.161733238965,229.956118806568,219.128977710989,241.826679756187,186.955514325243,216.813384601168,228.315167032133,"PARN"
"ENSG00000131196",153.574293300111,-0.148249215794094,0.245684619771536,-0.603412683838135,0.546234186408493,0.887406220853618,176.009792688895,210.444811247725,141.136433612866,124.963424699891,199.662498364984,136.110950912993,109.127563066871,167.780589779064,136.550737417082,133.956131210735,"NFATC1"
"ENSG00000173905",427.426286484209,-0.151230740592422,0.250646981328231,-0.603361507850677,0.546268223167255,0.887406220853618,536.733159023828,407.89920204806,425.885378621281,447.332839143088,359.392497056972,462.391102746976,266.271253883166,379.663506014339,630.635085017821,358.058841286555,"GOLIM4"
"ENSG00000250903",36.2105399663873,0.23963937465276,0.397259882699473,0.603230744127384,0.546355197895349,0.887406220853618,29.0126031904772,22.0837147605638,23.9354185659247,55.237455845604,48.1943961570652,24.1331473249987,51.5082097675633,43.1435802289022,21.8898128683872,42.9670609543866,"GMDS-AS1"
"ENSG00000166136",113.495179655743,-0.120044897500591,0.199058804405707,-0.603062486278799,0.546467121142455,0.887406220853618,142.161755633338,105.222405623863,113.899578003366,115.002572006422,110.158619787578,107.151174122994,123.095891139431,102.585846322056,122.999900879509,92.6740530388731,"NDUFB8"
"ENSG00000106266",242.29948773196,0.197585405511574,0.327738262970656,0.602875610923908,0.546591441859317,0.887406220853618,309.46776736509,248.117030545158,245.957059746399,87.8366101151408,221.6942223225,297.320375043985,262.779171865026,188.873006779861,218.898128683872,342.051504852568,"SNX8"
"ENSG00000160131",685.273225753401,-0.1372750414505,0.2277264379499,-0.60280678293796,0.54663723390164,0.887406220853618,610.231753773036,971.683449464806,750.251568152605,568.674135590809,470.928099591894,768.39941082796,653.019337392158,808.223069621435,673.372338713243,577.949094406063,"VMA21"
"ENSG00000121931",102.892922752855,0.14577476497666,0.241864587557692,0.60271231290479,0.54670008898331,0.887406220853618,144.09592917937,83.1386908632989,79.2344890458197,80.5923536107993,95.0118095667857,103.289870550995,110.000583571406,108.33832368591,115.703296590046,109.523880864123,"LRIF1"
"ENSG00000163832",194.481217930401,0.122878788473624,0.20390363027432,0.602631685901377,0.546753736517184,0.887406220853618,190.516094284133,162.380255592381,217.06948561511,168.42896372594,162.483964186677,225.886258961988,244.445741269792,216.67664737182,191.796455608726,165.128312687447,"ELP6"
"ENSG00000121104",22.8772947321623,-0.293080947318812,0.486371911630943,-0.60258608753953,0.546784077874312,0.887406220853618,30.946776736509,37.6722192974323,17.3325444787731,17.2051091978111,31.6706031889286,14.4798883949993,13.0953075680246,13.4224471823251,12.5084644962212,40.4395867805992,"FAM117A"
"ENSG00000112033",836.512748778116,-0.156521923729651,0.259792280014098,-0.602488741086367,0.546848855436222,0.887406220853618,767.866897774629,1117.17615847558,1032.52443537834,648.360957138565,974.903785120062,1102.40216980594,717.622854727746,519.640455201444,822.431540626546,662.198233532312,"PPARD"
"ENSG00000107020",127.347741083166,0.212764653014349,0.353183001156656,0.60242042317313,0.546894318712738,0.887406220853618,183.746486873022,84.437732908038,128.756044699457,67.9149047282017,89.5038785774068,201.75311163699,123.968911643966,122.719517095544,181.372735195208,89.3040874738232,"PLGRKT"
"ENSG00000137267",219.989138459954,-0.160722029949109,0.266804961009503,-0.602395207873906,0.546911099120171,0.887406220853618,285.290598039692,236.425652142506,274.844633877687,143.074065960745,183.138705396848,213.337022352989,177.223162420599,152.440650142121,267.889614627405,266.227279638945,"TUBB2A"
"ENSG00000156709",91.8142557900031,-0.136316228041394,0.226327919530708,-0.60229523747687,0.546977630444278,0.887406220853618,98.6428508476224,97.4281533554284,112.248859481578,80.5923536107993,66.0951718725465,81.0873750119958,97.7782965079168,79.5759368666419,105.279576176529,99.413984168973,"AIFM1"
"ENSG00000213700",8.46687661278563,0.44100301382754,0.732248688402519,0.602258523384503,0.547002065054929,0.887406220853618,6.76960741111134,2.59808408947809,5.77751482625769,12.6774488825976,1.37698274734472,6.75728125099965,11.3492665589546,23.9686556827235,8.33897633081416,5.0549483475749,"RPL17P50"
"ENSG00000123395",238.244612703189,0.162764965216099,0.270357373130293,0.602036346675325,0.547149943546229,0.887538165540751,290.126031904772,210.444811247725,261.638885703384,126.774488825976,267.134652984876,296.355049150985,306.430197091775,212.841662462584,226.194732973334,184.505614686484,"ATG101"
"ENSG00000171121",9.66655647619783,0.358803172999796,0.596234499661098,0.601781972032383,0.547319276933951,0.887704876136217,5.80252063809543,7.79425226843427,4.12679630446978,15.3940450717257,8.26189648406832,16.4105401809991,12.2222870634896,3.83498490923575,13.550836537573,9.26740530388731,"KCNMB3"
"ENSG00000105928",263.025345655804,-0.19987184633537,0.332274222555003,-0.601526789524829,0.547489174151869,0.887872460562194,284.323511266676,231.22948396355,308.684363574339,316.030690001898,293.297325184425,202.71843752999,123.968911643966,297.211330465771,153.22869007871,419.560712848717,"DFNA5"
"ENSG00000145779",124.372824230303,0.280136506240339,0.465808877513729,0.601397954748259,0.547574960590494,0.88790049136009,215.660350382547,92.2319851764723,87.4880816547592,45.2766031521344,201.039481112329,51.1622723289973,96.9052760033818,139.018202959796,95.8982278043628,219.047761728246,"TNFAIP8"
"ENSG00000112130",223.477623855594,0.137514322058523,0.228724868803278,0.601221558364065,0.547692427371699,0.88790049136009,235.969172615881,233.827568053028,237.703467137459,135.829809456403,264.380687490186,210.441044673989,258.414069342351,178.326798279462,257.465894213887,222.417727293296,"RNF8"
"ENSG00000159840",3627.18086096651,-0.157293232220529,0.261674322022697,-0.601103046736417,0.547771354237106,0.88790049136009,4643.95068402238,4545.34811454192,4251.42555286476,2026.58075708954,4168.12677621247,3010.85146026684,3376.84331154127,2606.830992053,4207.01355889574,3434.83740217714,"ZYX"
"ENSG00000237424",12.9315828362189,-0.30502854852056,0.507449792506078,-0.601100942448227,0.547772755710491,0.88790049136009,15.4733883682545,23.3827568053028,8.25359260893955,11.771916819555,8.26189648406832,15.4452142879992,9.60322554988468,12.4637009550162,18.7626967443319,5.89743973883738,"FOXD2-AS1"
"ENSG00000171428",29.7776729861652,-0.187811104705678,0.312536239079052,-0.600925848660301,0.547889375835426,0.887920163783323,37.7163841476203,27.27988293952,37.9665260011219,25.3548977651953,27.5396549468944,32.8210803619983,24.4445741269792,23.0099094554145,27.101673075146,34.5421470417618,"NAT1"
"ENSG00000147164",859.76363071442,0.160926995129809,0.267817605308922,0.600882809568037,0.547918043633257,0.887920163783323,867.476835395267,948.300692659504,992.907190855428,402.961768053997,1043.7529224873,1005.86958050595,768.258043990775,691.256029889744,1022.56697256609,854.286270740158,"SNX12"
"ENSG00000181264",129.548365606427,0.229292416402299,0.381672787878567,0.600756521513531,0.548002166796684,0.887943605899946,129.589627584131,61.0549761027352,95.7416742636988,182.917476734623,111.535602534922,85.9140044769955,220.874187647348,207.089185098731,97.9829718870663,102.783949734023,"TMEM136"
"ENSG00000167977",317.345898935161,-0.188077011937467,0.313116630085979,-0.60066120373684,0.548065664224965,0.887943605899946,384.90053566033,427.384832719146,399.473882272674,158.468111032471,265.757670237531,404.471549166979,230.477413197232,231.057840781454,408.609840209894,262.857314073895,"KCTD5"
"ENSG00000025293",403.143832207516,0.104084290165487,0.173327762664101,0.600505588750926,0.548169337395145,0.888003698875142,311.401940911122,458.561841792883,377.189182228538,397.52857567574,381.424221014487,386.13035719998,365.795591400153,451.56947306251,454.474210029372,447.362928760379,"PHF20"
"ENSG00000004534",512.273907921707,-0.221479789143042,0.368981891173777,-0.600245688043084,0.548342508968602,0.888176347111276,383.933448887314,315.667216871588,349.126967358143,1190.77466290114,585.217667621506,510.657397396974,519.447200198308,458.280696653672,470.109790649648,339.524030678781,"RBM6"
"ENSG00000155304",134.46318463798,-0.277304874496512,0.462159575560257,-0.600019753264544,0.548493071030694,0.888299236996886,114.116239215877,74.0453965501256,95.7416742636988,316.936222064941,42.6864651676863,180.515941990991,100.397358021522,153.39939636943,169.906642740338,96.8865099951856,"HSPA13"
"ENSG00000166508",537.945011079158,0.156942989065786,0.261601317549886,0.599931951932382,0.54855158700655,0.888299236996886,338.480370555567,442.973337256015,498.516993579949,732.575439001535,565.93990915868,570.50760276297,698.416403627977,679.751075162037,398.186119796376,454.102859890478,"MCM7"
"ENSG00000165119",1734.08270524104,-0.122087595911135,0.203603614383554,-0.599633735780068,0.548750358816278,0.888513237286962,1701.10563373498,1695.24986838445,1985.81438171086,1909.76712095703,1281.97093777793,1771.37301365491,1403.81697129223,1470.71671269191,1781.41381867017,2339.59859353592,"HNRNPK"
"ENSG00000106153",2157.94737908996,0.170898903726443,0.285182309783979,0.599261938287463,0.548998225025174,0.888801345663105,2101.47955776356,2370.75173164876,2703.0515794277,851.200139260128,2310.57705004444,2021.3924199419,2702.87148204027,2227.16748603866,2210.8710997071,2080.11124502707,"CHCHD2"
"ENSG00000086289",114.708776883628,0.787104456277546,1.31366473971147,0.599166920207071,0.549061579584488,0.888801345663105,63.8277270190498,15.5885045368685,193.959426310079,46.1821352151771,23.4087067048602,104.255196443995,28.809676649654,517.722962746827,0,153.333433209772,"EPDR1"
"ENSG00000124787",50.7361196268412,-0.201081609150138,0.33566172305217,-0.599060289989886,0.549132680984402,0.888801721292906,64.7948137920657,48.0645556553447,73.456974219562,33.5046863325795,39.9324996729969,52.1275982219973,41.9049842176786,34.5148641831218,76.0931590186792,42.9670609543866,"RPP40"
"ENSG00000178607",104.449121697995,-0.24103832596603,0.402423588170179,-0.598966693433732,0.549195095236923,0.888801721292906,78.3340286142883,67.5501863264304,78.4091297849257,235.438336391099,88.1268958300621,139.972254484993,66.3495583446578,120.802024640926,106.321948217881,63.1868543446862,"ERN1"
"ENSG00000143156",99.5033870760823,0.184815194196634,0.308713641171536,0.598662221388338,0.549398154636636,0.88881836535765,101.54411116667,68.8492283711694,87.4880816547592,108.663847565123,158.353015944643,101.359218764995,65.4765378401228,64.2359972296989,121.957528838157,117.106303385485,"NME7"
"ENSG00000145743",208.463873392335,0.178093287150122,0.297534677375203,0.598563127905724,0.549464250340708,0.88881836535765,249.508387438104,218.23906351616,162.595774396109,143.074065960745,250.610860016739,162.174750023992,160.635772834435,168.739336006373,208.474408270354,360.586315460343,"FBXL17"
"ENSG00000104522",517.56536562016,0.136924489231724,0.228755302301829,0.598563127734896,0.549464250454654,0.88881836535765,466.135824593666,479.346514508708,613.241930844209,394.811979486612,418.602755192795,648.699000095966,568.336348452266,442.940757016729,708.812988119203,434.725557891441,"TSTA3"
"ENSG00000123096",50.3271098474413,0.235287623232277,0.393251753825011,0.598312966042043,0.549631126630919,0.888968025209382,66.7289873380975,31.1770090737371,32.1890111748642,51.6153275934333,52.3253443990994,29.9251026829984,30.555717658724,90.1221453670402,56.2880902329956,62.3443629534237,"SSPN"
"ENSG00000163466",6933.58876848758,0.123590664264341,0.206638603112732,0.598100560120973,0.549772836550225,0.889089404761773,7108.08778166691,5345.55801410117,7875.57806745012,5991.00012909043,7085.95321783593,7983.24513510959,6165.27080302597,7046.78477072069,9393.85683666215,5340.55292921288,"ARPC2"
"ENSG00000111711",347.12307085028,-0.217269679156015,0.363501395052506,-0.597713467164635,0.55003113794665,0.889307077500923,368.46006051906,172.772591950293,274.844633877687,699.070752668956,223.071205069845,449.841866137977,257.541048837817,393.085953196665,363.787842431768,268.754753812732,"GOLT1B"
"ENSG00000182405",9.10814081570702,-0.310132555967145,0.518964916444753,-0.597598307977647,0.550107993503331,0.889307077500923,10.637954503175,10.3923363579124,7.4282333480456,12.6774488825976,9.63887923141304,9.6532589299995,3.49208201813988,7.6699698184715,9.38134837216593,10.1098966951498,"PGBD4"
"ENSG00000112964",19.9565630815259,0.271244715971442,0.453955110850839,0.597514400626648,0.550163995372865,0.889307077500923,12.5721280492068,12.9904204473905,20.6339815223489,24.4493657021526,15.1468102207919,19.306517859999,12.2222870634896,31.638625501195,35.4406494059602,15.1648450427247,"GHR"
"ENSG00000234608",68.7106540720342,0.179011797694056,0.299657722551416,0.597387566620582,0.550248652897916,0.889307077500923,68.6631608841293,41.5693454316495,72.6316149586681,70.6315009173297,95.0118095667857,49.2316205429974,94.2862144897769,79.5759368666419,53.1609741089403,62.3443629534237,"MAPKAPK5-AS1"
"ENSG00000102981",9.66904313547242,0.410412068112827,0.6870898846199,0.597319327936064,0.550294202628204,0.889307077500923,14.5063015952386,10.3923363579124,3.30143704357582,4.52766031521344,6.8849137367236,6.75728125099965,27.0636356405841,11.5049547277073,4.16948816540708,7.58242252136235,"PARD6A"
"ENSG00000067704",742.560854541986,-0.158659004623665,0.265627268501316,-0.597299386914707,0.550307513729858,0.889307077500923,1049.28914872226,866.461043840944,817.105668285016,435.560922323533,773.864304007732,683.450732243965,553.494999875172,554.155319384566,789.07563530329,903.150771433382,"IARS2"
"ENSG00000110442",331.450811073371,0.131797289476395,0.220750323093766,0.597042340093937,0.550479112732643,0.889476608494701,356.855019242869,355.937520258499,349.126967358143,191.97279736505,406.209910466692,355.239928623982,331.747791723289,294.335091783844,333.559053232566,339.524030678781,"COMMD9"
"ENSG00000164989",15.8145097432047,-0.308349423757431,0.516548085165744,-0.596942342083198,0.55054587639879,0.889476723625762,15.4733883682545,28.578924984259,15.6818259569851,11.771916819555,20.6547412101708,22.2024955389988,5.23812302720983,8.62871604578044,19.8050687856836,10.1098966951498,"CCDC171"
"ENSG00000105135",142.624998816806,-0.211449317260057,0.354357997408117,-0.596711006402174,0.550700342926954,0.889526453030821,98.6428508476224,105.222405623863,120.502452090517,296.108984614959,167.991895176056,118.735084838994,165.00087535711,150.523157687503,116.745668631398,86.7766133000358,"ILVBL"
"ENSG00000117222",133.850953294149,-0.146899231393508,0.246187531602947,-0.596696471332383,0.550710048937204,0.889526453030821,131.523801130163,158.483129458164,148.564666960912,129.491085015105,148.71413671323,146.729535735992,72.4607018764026,118.884532186308,148.016829871951,135.64111399326,"RBBP5"
"ENSG00000183604",7.78296055544145,-0.516882917693408,0.866561162936635,-0.596475978616184,0.55085729656986,0.889548827261439,3.86834709206362,15.5885045368685,12.3803889134093,6.33872444129882,4.13094824203416,0,0.873020504534971,10.5462085003983,11.4660924548695,12.6373708689372,"SMG1P5"
"ENSG00000169957",326.381594879572,0.159134265611415,0.266854873045089,0.596332620032489,0.550953043510164,0.889595731391653,308.500680592074,359.834646392716,355.729841445295,196.500457680264,362.146462551661,334.002758977983,515.082097675633,279.95389837421,304.372636074717,247.69246903117,"ZNF768"
"ENSG00000073803",301.119749150615,-0.133483288980954,0.223979323203813,-0.595962551683797,0.551200244167915,0.889795870231242,339.447457328583,257.210324858331,287.225022791096,387.567722982271,296.051290679115,273.187227718986,411.192657635971,282.830137056137,239.745569510907,236.740080944758,"MAP3K13"
"ENSG00000116741",8.03624825530038,-0.333253515536141,0.559199632647706,-0.595947307687323,0.551210428121055,0.889795870231242,13.5392148222227,5.19616817895618,9.90431113072746,8.1497885673842,2.75396549468944,6.75728125099965,6.98416403627977,8.62871604578044,8.33897633081416,10.1098966951498,"RGS2"
"ENSG00000163848",474.702885066012,-0.113012366187885,0.189670144301588,-0.59583634843546,0.551284558701982,0.889807837275606,573.482456398432,584.568920132571,460.550467578827,371.268145847502,469.551116844549,451.772517923977,419.922862681321,399.797176787827,483.660627187221,532.454559277889,"ZNF148"
"ENSG00000115520",282.692207557327,0.164300273348818,0.275821148677316,0.595676851237516,0.551391125504039,0.889831713081763,301.731073180962,255.911282813592,326.016908053112,171.145559915068,223.071205069845,354.274602730982,240.953659251652,209.965423780657,333.559053232566,410.293307544829,"COQ10B"
"ENSG00000176273",91.0665378041806,0.161622598525382,0.271354372814471,0.595614497931406,0.551432789129547,0.889831713081763,99.6099376206383,76.6434806396037,92.440237220123,71.5370329803724,83.9959475880279,72.3994419749963,78.5718454081474,129.430740686707,77.1355310600309,128.90118286316,"SLC35G1"
"ENSG00000092199",1940.93419013634,-0.116422185764229,0.195590343398663,-0.59523483491683,0.551686508149061,0.890133433242683,2365.4942467969,1887.50809100583,2130.2522523673,1759.44879849194,1836.89498495786,1476.94861628992,1864.7717976867,1646.16727228945,1877.31204647454,2564.543795003,"HNRNPC"
"ENSG00000133059",512.307819915797,-0.124288153235704,0.20886458654554,-0.595065708798866,0.551799549243509,0.890208127284467,512.55598969843,645.623896235306,592.60794932186,406.583896306167,448.896375634379,446.945888458977,452.224621349115,441.023264562111,503.465695972905,673.150621618724,"DSTYK"
"ENSG00000145740",275.078448716802,-0.158418086195211,0.266270636978531,-0.594951392285825,0.551875962950489,0.890223720110145,279.488077401597,181.865886263466,262.464244964278,449.143903269174,198.28551561764,266.429946467986,279.366561451191,310.633777648096,293.948915661199,229.157658423395,"SLC30A5"
"ENSG00000029639",40.6271828474486,-0.217686694842566,0.365968603628916,-0.594823415681023,0.55196151377238,0.89025404633961,64.7948137920657,40.2703033869104,39.6172445229098,32.5991542695368,34.424568683618,57.919553579997,30.555717658724,24.9274019100324,54.203346150292,26.9597245203995,"TFB1M"
"ENSG00000136273",187.288532092947,-0.152250070064206,0.256157438349895,-0.594361307815085,0.552270481534939,0.890644668951811,203.08822233334,253.313198724114,196.435504092761,144.88513008683,166.614912428711,202.71843752999,122.222870634896,147.646919005576,248.084545841721,187.875580251534,"HUS1"
"ENSG00000120992",664.509611355771,-0.150189230668438,0.252944774969125,-0.593762929820436,0.552670686324314,0.891015608683214,811.385802560345,566.382331506224,762.631957066014,684.582239660273,563.18594366399,860.105370662955,393.732247545272,529.227917474534,845.363725536285,628.498577881812,"LYPLA1"
"ENSG00000089053",1211.20627108812,-0.131422342580856,0.221376501428673,-0.593659858804843,0.552739636231603,0.891015608683214,1239.80524300639,1010.65471080698,1284.25900995099,1575.62578969428,1276.46300678856,1476.94861628992,1155.00612749977,1002.84855376515,1306.09216781377,784.359485265372,"ANAPC5"
"ENSG00000228889",8.53722262079741,-0.331303011788992,0.558247945840238,-0.593469289511377,0.552867129691477,0.891015608683214,7.73669418412724,14.2894624921295,9.90431113072746,7.24425650434151,9.63887923141304,4.82662946499975,10.4762460544197,10.5462085003983,3.12711612405531,7.58242252136235,"UBAC2-AS1"
"ENSG00000154678",666.075575789071,0.182604453356769,0.307700408829996,0.593448848674288,0.552880805747005,0.891015608683214,469.037084912714,975.580575599023,584.35435671292,437.371986449619,713.277063124565,524.171959898973,773.496167017984,637.566241160444,456.558954112075,1089.34136890239,"PDE1C"
"ENSG00000179195",1624.05246303542,-0.0957256828340582,0.161307670853874,-0.593435404078052,0.552889801019195,0.891015608683214,1667.25759667942,1505.58972985255,1858.70905553319,1722.32198390719,1902.9901568304,1722.14139311191,1318.26096184781,1487.97414478347,1636.52410492228,1418.75550288602,"ZNF664"
"ENSG00000163714",312.480083863248,-0.159803573800431,0.269374924099325,-0.593238492167548,0.55302155557332,0.891101665661637,329.776589598424,213.042895337204,273.193915355899,517.058807997375,249.233877269394,321.453522368983,250.556884801537,300.087569147698,389.847143465562,280.549633290407,"U2SURP"
"ENSG00000148288",24.3470507885882,-0.303739282727764,0.512148551757126,-0.593068713531782,0.55313516750058,0.891177063174104,13.5392148222227,25.9808408947809,14.0311074351972,56.1429879086467,26.1626721995497,22.2024955389988,16.5873895861645,39.3085953196665,17.7203247029801,11.7948794776748,"GBGT1"
"ENSG00000164038",309.825701222281,0.139807042424563,0.235967568118142,0.592484143221603,0.553526435895271,0.891340536135785,293.994378996835,281.892123708373,377.189182228538,214.611098941117,291.920342437081,361.997209874981,212.143982601998,324.056224830421,377.338678969341,363.11378963413,"SLC9B2"
"ENSG00000158717",98.9460732692374,0.140809036054074,0.237741470880324,0.59227797124615,0.553664464596095,0.891340536135785,98.6428508476224,80.5406067738208,91.614877959229,101.419591060781,122.55146451368,68.5381384029965,123.095891139431,97.7921151855117,90.6863675976039,114.578829211698,"RNF166"
"ENSG00000154310",38.6730481126861,0.25658761284235,0.433435940078369,0.591985087337143,0.553860574470637,0.891340536135785,25.1442560984135,37.6722192974323,58.6005075234708,17.2051091978111,28.9166376942391,47.3009687569975,20.9524921088393,36.4323566377396,47.9491139021814,66.5568199097362,"TNIK"
"ENSG00000111348",21.3024703575437,0.4192134355752,0.708150088779646,0.591983877736469,0.553861384468327,0.891340536135785,35.7822106015885,7.79425226843427,9.07895186983351,18.1106412608538,12.3928447261025,56.954227686997,2.61906151360491,11.5049547277073,38.5677655300155,20.2197933902996,"ARHGDIB"
"ENSG00000141385",275.033259153727,-0.152667009487253,0.257917174047087,-0.591922620319114,0.553902405678921,0.891340536135785,324.941155733344,281.892123708373,267.416400529641,295.203452551917,382.801203761832,289.597767899985,235.715536224442,146.688172778268,291.864171578495,234.21260677097,"AFG3L2"
"ENSG00000204271",36.2746644410693,-0.16244180142128,0.274431085834457,-0.59192201542091,0.553902810758208,0.891340536135785,33.8480370555567,35.0741352079542,40.4426037838038,45.2766031521344,34.424568683618,30.8904285759984,35.7938406859338,41.2260877742843,35.4406494059602,30.3296900854494,"SPIN3"
"ENSG00000138161",7.80299692489423,0.337851598254648,0.570811065854347,0.591879902939472,0.553931012378756,0.891340536135785,4.83543386507953,6.49521022369523,5.77751482625769,9.96085269346958,5.50793098937888,10.6185848229995,13.0953075680246,9.58746227308938,6.25423224811062,5.89743973883738,"CUZD1"
"ENSG00000179715",37.7287156999771,-0.368381409919379,0.622680958243295,-0.591605388028334,0.554114865014979,0.891340536135785,9.67086773015905,33.7750931632152,27.2368556095005,103.230655186867,61.9642236305124,57.919553579997,11.3492665589546,21.0924170007966,33.3559053232566,17.6923192165121,"PCED1B"
"ENSG00000156502",113.336397046305,-0.133583739561578,0.225849273636134,-0.591472965181169,0.554203564096861,0.891340536135785,109.280805350797,106.521447668602,111.423500220684,152.129386591172,75.7340511039596,106.185848229994,128.334014166641,118.884532186308,109.449064341936,115.42132060296,"SUPV3L1"
"ENSG00000165655",425.009533691857,-0.212050352349317,0.358616418127802,-0.591301294726967,0.554318562236696,0.891340536135785,361.690453107949,671.604737130087,502.643789884419,316.936222064941,382.801203761832,174.723986632991,498.494708089469,544.567857111477,239.745569510907,556.886809624501,"ZNF503"
"ENSG00000122042",1645.80954648442,0.153191761959347,0.259083746994983,0.591282794602754,0.554330955746746,0.891340536135785,1935.14063280483,1441.93666966034,1522.78783634935,1267.74488825976,2413.85075609529,1929.6864601069,1527.7858829362,940.530048990068,1840.82902502723,1637.80326461427,"UBL3"
"ENSG00000162944",24.8872784075837,-0.216212488019899,0.365675066546475,-0.591269429611002,0.554339909239065,0.891340536135785,25.1442560984135,27.27988293952,18.157903739667,38.0323466477929,27.5396549468944,24.1331473249987,17.4604100906994,26.8448943646503,15.6355806202765,28.6447073029244,"RFTN2"
"ENSG00000119227",70.0330243795016,0.264076677058918,0.446638858774326,0.591253250520123,0.554350748050929,0.891340536135785,55.1239460619066,46.7655136106057,27.2368556095005,120.435764384678,118.420516271646,41.5090133989979,93.4131939852419,87.2459066851134,38.5677655300155,71.6117682573111,"PIGZ"
"ENSG00000118096",185.746703518663,0.0933084637960769,0.157846303072348,0.591134933032351,0.554430015297037,0.891340536135785,175.042705915879,176.66971808451,190.657989266504,172.051091978111,188.646636386227,190.16920092099,208.651900583858,194.625484143714,168.864270698987,192.088037207846,"IFT46"
"ENSG00000135338",56.1470147150307,-0.194592761042306,0.329194428724491,-0.591118026499664,0.554441342344954,0.891340536135785,72.5315079761929,67.5501863264304,75.9330520022439,27.1659618912807,50.9483616517546,45.3703169709976,40.1589432086087,57.5247736385363,59.4152063570509,64.8718371272112,"LCA5"
"ENSG00000154743",47.5388747611719,-0.202254090070758,0.342172970729119,-0.591087278576636,0.554461943145213,0.891340536135785,42.5518180126998,31.1770090737371,49.5215556536373,82.4034177368847,46.8174134097205,36.6823839339981,50.6351892630283,28.7623868192681,56.2880902329956,50.549483475749,"TSEN2"
"ENSG00000133250",93.6830160342332,-0.197765855330007,0.334606852441475,-0.59103946582982,0.554493977950152,0.891340536135785,102.511197939686,159.782171502903,99.8684705681686,44.3710710890918,115.666550776956,78.1913973329959,105.635481048732,70.9472208208614,82.3473912667898,77.5092079961484,"ZNF414"
"ENSG00000161542",324.360266574138,-0.114679458669085,0.194070362119666,-0.590916909808066,0.554576095297016,0.891340536135785,256.277994849215,365.030814571672,319.414033965961,419.261345188765,301.559221668494,278.013857183986,281.985622964796,346.107388058527,361.703098349064,314.249288940906,"PRPSAP1"
"ENSG00000214029",12.1916558622047,-0.297477595648229,0.503460841657067,-0.590865408060586,0.554610605264855,0.891340536135785,7.73669418412724,16.8875465816076,17.3325444787731,12.6774488825976,15.1468102207919,9.6532589299995,7.85718454081474,5.75247736385363,18.7626967443319,10.1098966951498,"ZNF891"
"ENSG00000259431",43.9591873424847,-0.152633736538332,0.258497650812686,-0.590464694972931,0.554879148444898,0.891340536135785,45.4530783317476,48.0645556553447,46.2201186100615,47.9931993412625,34.424568683618,41.5090133989979,55.0002917857032,38.3498490923575,39.6101375713672,42.9670609543866,"THTPA"
"ENSG00000125779",345.226721970613,0.110389520760702,0.18700762466894,0.590294224399273,0.554993410825344,0.891340536135785,341.381630874615,340.34901572163,327.6676265749,307.880901434514,392.440082993245,383.23437952098,297.699992046425,353.777357876998,435.71151328504,272.124719377782,"PANK2"
"ENSG00000066926",331.896022695201,-0.172762036039392,0.292676873012809,-0.590282499129445,0.555001270418152,0.891340536135785,479.675039415889,376.722192974323,386.268134098371,181.106412608538,364.900428046351,369.719817018981,211.270962097463,247.356526645706,374.211562845285,327.729151201106,"FECH"
"ENSG00000134259",218.996266437034,0.211023446068593,0.357521538594409,0.590239812958482,0.555029883943888,0.891340536135785,219.528697474611,140.296540831817,137.009637308397,303.353241119301,156.976033197298,197.89180806499,294.207910028285,352.818611649689,274.143846875515,113.736337820435,"NGF"
"ENSG00000174744",327.214635977768,0.162522142779775,0.275354096988056,0.590229615457017,0.555036719671199,0.891340536135785,342.348717647631,315.667216871588,391.220289663735,172.051091978111,363.523445299006,345.586669693982,458.33576488086,268.448943646503,373.169190803934,241.795029292333,"BRMS1"
"ENSG00000163754",448.9223530868,0.100849135269304,0.170866132760275,0.59022308072481,0.555041100143038,0.891340536135785,482.576299734937,400.104949779626,460.550467578827,377.606870288801,410.340858708727,420.882089347978,409.446616626901,465.950666472144,550.372437833734,511.392274496327,"GYG1"
"ENSG00000162441",300.951736865717,-0.151203769554264,0.256357053653671,-0.589817082850915,0.555313288609373,0.891562938507669,290.126031904772,388.413571376975,351.603045140825,249.926849399782,355.261548814938,412.194156310979,252.302925810607,192.707991689097,275.186218916867,241.795029292333,"LZIC"
"ENSG00000188681",42.1884126339441,0.306481170094175,0.520313607831037,0.5890316253149,0.555840058857886,0.892301259627783,33.8480370555567,23.3827568053028,45.3947593491675,45.2766031521344,6.8849137367236,22.2024955389988,80.3178864172174,44.1023264562111,61.4999504397544,58.9743973883738,"TEKT4P2"
"ENSG00000168496",78.5272608780132,-0.3161911463531,0.536889333261638,-0.588931697398825,0.555907093399645,0.892301468849568,94.7745037555587,110.418573802819,119.677092829623,31.6936222064941,19.2777584628261,140.937580377993,48.8891482539584,28.7623868192681,120.915156796805,69.9267854747861,"FEN1"
"ENSG00000197157",1632.79842447795,0.148717529481043,0.252567793746828,0.588822221847161,0.555980537300572,0.892311964618258,1150.83325988893,1992.7304966297,1738.20660344267,1249.63424699891,2511.61653115677,1332.14973233993,1806.27942388286,1721.90822424685,1536.45638895251,1288.16933724034,"SND1"
"ENSG00000189136",33.4731334091967,-0.287345087539411,0.488357020440166,-0.58839143395629,0.556269586085484,0.892433211328832,15.4733883682545,20.7846727158247,23.9354185659247,89.6476742412262,26.1626721995497,32.8210803619983,28.809676649654,39.3085953196665,33.3559053232566,24.432250346612,"UBE2Q2P1"
"ENSG00000143870",475.923483912995,-0.18819519288514,0.319883795710595,-0.588323620666936,0.556315093921951,0.892433211328832,451.629522998428,307.872964603154,387.093493359265,907.343127168774,338.737755846801,631.323134021967,376.271837454573,453.486965517128,530.567369048051,374.908669111805,"PDIA6"
"ENSG00000189319",141.407310264511,0.140695643753417,0.239186145689392,0.58822656031309,0.556380231905627,0.892433211328832,165.37183818572,151.987919234468,127.105326177669,88.7421421781835,172.12284341809,171.828008953991,130.080055175711,142.853187869032,115.703296590046,148.278484862197,"FAM53B"
"ENSG00000149823",607.126777971771,0.202970089274988,0.345059958313332,0.588216871836173,0.556386734124517,0.892433211328832,595.725452177798,691.090367801172,549.689267755374,390.284319171399,923.955423468307,305.042982187984,774.369187522519,905.056438579638,342.940401604732,593.113939448788,"VPS51"
"ENSG00000159363",238.347517777983,0.126517476565116,0.215088581922666,0.588211031167636,0.556390653985097,0.892433211328832,198.252788468261,266.303619171504,216.244126354216,223.666419571544,240.971980785326,303.112330401984,290.715828010145,261.73772005534,206.38966418765,176.080700773859,"ATP13A2"
"ENSG00000072840",529.609675756733,0.170554216527213,0.290079335039868,0.587957141117179,0.556561060781824,0.892599190433764,476.773779096841,637.829643966871,367.28487109781,488.081781980009,878.514992805931,717.237138498963,396.351309058877,380.622252241648,437.796257367743,515.60473145264,"EVC"
"ENSG00000196141",1715.4549609382,0.132285147390594,0.225333542896274,0.587063717590808,0.557160914075856,0.893377479746331,1690.4676792318,1584.83129458164,1862.83585183766,1349.24277393361,1784.56964055876,2392.07756285388,1471.91257064596,1371.96585127909,2255.69309748523,1390.95328697436,"SPATS2L"
"ENSG00000196843",142.612704961872,0.180084734846068,0.306770103387281,0.587034827897556,0.557180316152807,0.893377479746331,185.680660419054,115.614741981775,99.8684705681686,126.774488825976,209.301377596397,129.353669661993,199.921695538508,88.2046529124223,110.491436383288,160.915855731134,"ARID5A"
"ENSG00000163874",91.7839803471827,-0.21686246015672,0.369519864280872,-0.58687632552247,0.557286770880227,0.893396182557025,93.8074169825428,59.7559340579961,63.5526630888345,182.917476734623,99.1427578088198,128.388343768993,93.4131939852419,64.2359972296989,67.754182687865,64.8718371272112,"ZC3H12A"
"ENSG00000163866",341.564978202673,0.125473957123768,0.213820910902245,0.586817989851015,0.557325953278432,0.893396182557025,373.295494384139,301.377754379459,341.698734010097,279.809407480191,247.85689452205,444.049910779977,398.097350067947,390.209714514738,346.067517728787,293.187004159344,"SMIM12"
"ENSG00000077721",1051.79304025178,0.145633891575326,0.248239471278272,0.586666942309401,0.557427413814774,0.893451438294393,1000.93481007146,1175.63305048884,1242.9910469063,536.074981321272,1023.09818127713,1224.99855821694,965.560678015678,917.520139534654,1276.90575065592,1154.2132060296,"UBE2A"
"ENSG00000112343",223.762875396282,-0.178953074571901,0.305176481369772,-0.586392089484346,0.557612058984443,0.893457905301557,190.516094284133,193.557264666118,171.674726265943,405.678364243125,282.281463205668,192.09985270699,247.064802783397,211.882916235275,206.38966418765,136.483605384522,"TRIM38"
"ENSG00000070950",135.596843746431,-0.225867652683802,0.385276482476998,-0.5862482216191,0.55770872078174,0.893457905301557,128.622540811115,202.650558979291,170.849367005049,92.3642704303543,86.7499130827173,192.09985270699,62.8574763265179,84.3696680031865,215.771012559816,119.633777559273,"RAD18"
"ENSG00000110429",134.54648203299,-0.195737599998456,0.334026524560098,-0.585994181917846,0.557879424629901,0.893457905301557,125.721280492068,120.810910160731,134.533559525715,201.93365005852,85.3729303353726,100.393892871995,101.270378526057,106.420831231292,122.999900879509,246.007486248645,"FBXO3"
"ENSG00000186063",1575.23428229885,-0.169464810394551,0.289207360988517,-0.585962991451245,0.557900385045465,0.893457905301557,1637.27790671593,1769.29526493458,2296.97482306788,1045.88953281431,1496.78024636371,2077.38132173589,953.338390952189,1075.71326704063,1938.81199691429,1460.88007244915,"AIDA"
"ENSG00000113845",531.350394478114,0.135260228503719,0.230957710851526,0.585649329502893,0.558111191413307,0.893461692704547,575.416629944464,553.391911058834,574.450045582193,304.258773182344,565.93990915868,527.067937577973,710.638690691467,458.280696653672,510.762300262367,533.297050669152,"TIMMDC1"
"ENSG00000238227",872.811064681036,0.156323370720753,0.266978103002239,0.585528809152719,0.558192201201372,0.893461692704547,792.044067100027,1097.69052780449,935.957401853745,441.899646764832,1013.45930204571,898.718406382953,1148.89498396802,875.33530553306,874.550142694135,649.560862663374,"TMEM250"
"ENSG00000162105",41.8035728749905,-0.471405271053432,0.805313671586369,-0.585368518734845,0.558299951969658,0.893461692704547,90.9061566634951,1.29904204473905,39.6172445229098,68.8204367912444,37.1785341783074,15.4452142879992,29.682697154189,82.4521755485687,2.08474408270354,50.549483475749,"SHANK2"
"ENSG00000229124",17.2009526499965,0.244230756295217,0.417397667244671,0.585127267019567,0.558462145774738,0.893461692704547,22.2429957793658,9.09329431317332,15.6818259569851,14.488513008683,22.0317239575155,18.341191966999,26.1906151360491,14.3811934096341,13.550836537573,16.0073364339872,"VIM-AS1"
"ENSG00000187010",16.5863979394495,-0.58064084809662,0.992435441898256,-0.585066618525849,0.558502923428541,0.893461692704547,5.80252063809543,25.9808408947809,33.0143704357582,18.1106412608538,9.63887923141304,6.75728125099965,34.9208201813988,31.638625501195,0,0,"RHD"
"ENSG00000185267",9.14244345639557,0.370616689986694,0.633623121774977,0.584916612494317,0.558603787779582,0.893461692704547,6.76960741111134,7.79425226843427,7.4282333480456,9.05532063042689,13.7698274734472,0.96532589299995,13.0953075680246,15.339939636943,6.25423224811062,10.9523880864123,"CDNF"
"ENSG00000173153",256.959108745534,0.137709246431093,0.235440572889113,0.584900235083743,0.558614800518614,0.893461692704547,271.751383217469,261.107450992548,279.796789443051,156.657046906385,326.344911120699,209.475718780989,319.525504659799,267.490197419194,249.126917883073,228.315167032133,"ESRRA"
"ENSG00000135596",436.780240377201,-0.187055001162566,0.319846820957285,-0.584826826174854,0.558664164511785,0.893461692704547,314.303201230169,515.719691761401,356.555200706189,697.259688542871,583.840684874161,434.396651849978,348.335181309454,383.498490923575,523.270764758588,210.622847815621,"MICAL1"
"ENSG00000184497",40.5905685482536,0.330229351930776,0.564729293512586,0.584756901624081,0.558711187410973,0.893461692704547,75.4327682952406,15.5885045368685,10.7296703916214,38.9378787108356,35.8015514309627,39.5783616129979,96.0322554988468,42.1848340015933,18.7626967443319,32.8571642592368,"TMEM255B"
"ENSG00000229018",4.60651199825767,-0.530986338547994,0.908089036253821,-0.584729379333215,0.558729696143153,0.893461692704547,1.93417354603181,2.59808408947809,8.25359260893955,9.96085269346958,0,1.9306517859999,9.60322554988468,1.91749245461788,3.12711612405531,6.73993113009986,"PMS2P7"
"ENSG00000101444",807.207007547333,0.0874712001617308,0.149610131405636,0.584660940672333,0.558775722412888,0.893461692704547,750.459335860343,713.174082561736,817.93102754591,828.56183768406,962.510940393959,755.850174218961,871.274463525901,877.252797987678,771.35531060031,723.700105094473,"AHCY"
"ENSG00000166289",98.7057903368605,0.205761937199998,0.35197868148734,0.58458636281754,0.5588258795014,0.893461692704547,123.787106946036,110.418573802819,92.440237220123,35.3157504586649,128.059395503059,86.8793303699955,140.55630123013,91.0808915943491,69.8389267705686,108.68138947286,"PLEKHF1"
"ENSG00000129657",848.477890498703,-0.148303238698789,0.253699007206724,-0.58456373295125,0.558841099575258,0.893461692704547,734.018860719072,1339.31234812596,935.957401853745,596.745629545132,952.872061162546,959.53393764195,595.39998409285,769.873220529077,805.753587964918,795.311873351784,"SEC14L1"
"ENSG00000158292",312.036394275599,0.215795562110911,0.369219069486038,0.584464833875735,0.558907618072583,0.893461692704547,244.672953573024,502.729271314011,211.291970788852,180.200880545495,480.566978823307,308.904285759984,385.002042499922,396.9209381059,143.847341706544,266.227279638945,"GPR153"
"ENSG00000197808",51.062177941595,-0.173712396679984,0.297307303498217,-0.584285668855175,0.559028132408122,0.893547243759243,46.4201651047635,36.3731772526933,50.3469149145313,85.1200139260128,50.9483616517546,48.2662946499975,40.1589432086087,53.6897887293005,52.1186020675885,47.1795179106991,"ZNF461"
"ENSG00000129518",193.700726604877,0.163002708641018,0.27915580229439,0.583913023842937,0.559278830370401,0.89384083411025,244.672953573024,167.576423771337,215.418767093322,95.0808666194824,220.317239575155,189.20387502799,202.540757052113,152.440650142121,197.008315815484,252.747417378745,"EAPP"
"ENSG00000119203",165.918082426308,0.111804125199024,0.191515322385898,0.58378684173239,0.559363732099566,0.893869409898384,130.556714357147,166.277381726598,165.071852178791,171.145559915068,161.106981439332,167.966705381991,165.00087535711,152.440650142121,217.85575664252,161.758347122397,"CPSF3"
"ENSG00000101150",2510.14014895289,0.125205330284684,0.21461667621596,0.583390501112296,0.559630450858953,0.894005951101458,2787.14407983184,2776.05284960734,2526.4246975964,1433.45725579658,2727.80282248989,2923.97212989685,2255.88498371837,2498.49266836709,2707.04019139055,2465.12981083403,"TPD52L2"
"ENSG00000136490",74.4831310592933,-0.233581328504609,0.400387391850933,-0.58338832155727,0.559631917768419,0.894005951101458,121.852933400004,61.0549761027352,67.6794593933043,76.0646932955859,82.6189648406832,45.3703169709976,64.6035173355879,95.8746227308938,105.279576176529,24.432250346612,"LIMD2"
"ENSG00000107816",1163.50749976558,0.162827096190565,0.279216284390389,0.583157592495238,0.559787216273672,0.894005951101458,1162.43830116512,1374.38648333391,1093.60102068449,712.653733614596,1587.66110768846,751.023544753961,1723.34247595203,1194.59779922694,1010.05850806986,1025.31202316644,"LZTS2"
"ENSG00000203879",1132.24443321282,-0.0946493494576942,0.162332061801566,-0.583060107826348,0.559852837276188,0.894005951101458,930.337475641301,1248.37940499422,1175.31158751299,1353.77043424882,1186.95912821115,1128.46596891694,1082.54542562336,1115.9806085876,1170.58380243804,930.110495953781,"GDI1"
"ENSG00000185917",95.4573093124902,0.159226897060809,0.273177111666598,0.582870563677162,0.559980438036525,0.894005951101458,61.893553473018,77.9425226843427,89.9641594374411,126.774488825976,99.1427578088198,109.081825908994,123.095891139431,99.7096076401295,66.7118106465133,100.256475560235,"SETD4"
"ENSG00000257103",1666.59995949401,-0.0933419730681077,0.160146664306083,-0.58285305830477,0.559992223331074,0.894005951101458,1642.11334058101,1742.01538199506,1916.48420379576,1625.43005316163,1666.14912428711,1927.7558083209,1654.37385609377,1469.7579664646,1726.16810047853,1295.7517597617,"LSM14A"
"ENSG00000182224",177.730413825831,-0.127741572280696,0.219277458637433,-0.582556789350207,0.560191701300814,0.894005951101458,190.516094284133,227.332357829333,212.117330049746,119.530232321635,180.384739902158,172.793334846991,158.01671132083,156.275635051357,187.626967443319,172.710735208809,"CYB5D1"
"ENSG00000151702",134.058993574382,0.208725810550102,0.358442994747263,0.582312427942061,0.560356255816785,0.894005951101458,152.799710136513,101.325279489646,99.8684705681686,135.829809456403,163.860946934022,203.683763422989,82.9369479308223,71.9059670481704,223.067616849279,105.31142390781,"FLI1"
"ENSG00000106524",108.779172022587,0.17376831578782,0.298416536403731,0.582301228617996,0.560363798073614,0.894005951101458,101.54411116667,113.016657892297,111.423500220684,78.7812894847139,93.6348268194409,115.839107159994,75.0797633900075,91.0808915943491,113.618552507343,193.773019990371,"ANKMY2"
"ENSG00000221944",17.3385695224994,-0.228359685705441,0.39217253020431,-0.582293934729372,0.560368710216273,0.894005951101458,20.308822233334,18.1865886263466,16.5071852178791,20.8272374499818,20.6547412101708,18.341191966999,21.8255126133743,10.5462085003983,13.550836537573,12.6373708689372,"TIGD1"
"ENSG00000153250",1695.156891673,0.105720159131028,0.181595909460582,0.582172580016051,0.560450440829623,0.894005951101458,1968.02158308737,1608.21405138694,1644.11564770076,1265.02829207064,1657.88722780304,1616.92087077492,2221.8371840415,1646.16727228945,1659.45628983202,1663.9204977434,"RBMS1"
"ENSG00000198034",12339.1687437613,0.192115941139037,0.330015901034288,0.582141468144217,0.560471395147401,0.894005951101458,7809.22569210344,12146.0431183101,9891.93074181405,15623.1446836755,15526.8574590591,7934.01351456659,16425.0077723209,16997.6118639602,15083.1234383601,5954.72915344323,"RPS4X"
"ENSG00000180104",360.561923174095,0.121150233913434,0.208154671503574,0.582020249837891,0.560553041135941,0.894005951101458,291.093118677788,404.002075913843,316.937956183279,358.590696964905,453.027323876413,303.112330401984,475.796174971559,341.313656921982,309.584496281476,352.161401547718,"EXOC3"
"ENSG00000003402",546.808480069536,0.13657324927728,0.234664510888636,0.581993624686151,0.560570975146351,0.894005951101458,394.571403390489,583.269878087832,474.581575014024,613.045206679901,483.320944317997,445.015236672977,600.63810712006,616.473824159647,453.43183798802,803.736787264409,"CFLAR"
"ENSG00000198369",754.532357121983,-0.104250988950281,0.179157597248796,-0.581895440389877,0.560637111939095,0.894005951101458,675.026567565102,909.329431317332,770.885549674954,794.151619288438,952.872061162546,687.312035815964,653.892357896693,725.770894072866,625.423224811062,750.659829614872,"SPRED2"
"ENSG00000148730",2604.35403141861,0.121127962182915,0.208200236382919,0.581785901338448,0.560710901737099,0.894005951101458,1928.37102539372,2843.60303593377,2435.63517889806,2689.43022723679,3224.89359428133,3246.39097815883,1870.88294121844,2416.99923904583,2695.57409893568,2691.75999508363,"EIF4EBP2"
"ENSG00000196204",222.757708291024,-0.126711822442798,0.217800112543354,-0.581780335019685,0.560714651553129,0.894005951101458,191.483181057149,226.033315784594,242.655622702823,277.092811291063,249.233877269394,270.291250039986,203.413777556648,175.450559597536,229.321849097389,162.600838513659,"RNF216P1"
"ENSG00000123131",326.695111687429,0.227693127037875,0.391417882596386,0.581713654796561,0.560759572412834,0.894005951101458,302.698159953978,140.296540831817,210.466611527959,531.547321006058,187.269653638882,348.482647372982,489.764503044119,525.392932565298,260.593010337942,270.439736595257,"PRDX4"
"ENSG00000005175",62.7711642803797,-0.183141030539994,0.314924593669102,-0.581539308843006,0.560877033314737,0.894005951101458,79.3011153873043,66.2511442816913,70.9808964368801,54.3319237825613,44.063447915031,61.7808571519968,48.8891482539584,35.4736104104307,78.1779031013827,88.4615960825607,"RPAP3"
"ENSG00000198612",686.103280052058,0.169373148596582,0.291335061156443,0.581368915654238,0.560991842655465,0.894005951101458,814.287062879392,658.614316682696,786.567375631939,294.297920488874,597.610512347608,804.116468868958,581.431656020291,611.680093023102,933.965349051186,778.462045526534,"COPS8"
"ENSG00000128000",80.0105109015126,-0.140803803098164,0.242195051442039,-0.58136531799396,0.560994266848007,0.894005951101458,66.7289873380975,100.026237444907,69.3301779150922,103.230655186867,77.1110338513043,67.5728125099965,73.3337223809376,85.3284142304955,91.7287396389557,65.7143285184737,"ZNF780B"
"ENSG00000175221",253.682360601824,-0.185519544071525,0.31912978577674,-0.581329453845818,0.56101843327591,0.894005951101458,218.561610701595,458.561841792883,292.17717835646,125.868956762934,254.741808258773,212.371696459989,256.668028333282,273.242674783047,183.457479277911,261.17233129137,"MED16"
"ENSG00000152455",110.589253143738,-0.196166515046796,0.337467419793896,-0.581290232895972,0.561044862202625,0.894005951101458,112.182065669845,150.688877189729,151.866104004488,64.2927764760309,92.2578440720962,130.318995554993,89.921111967102,77.658444412024,166.779526616283,69.9267854747861,"SUV39H2"
"ENSG00000066044",593.730883417516,-0.142038455622887,0.244396251168846,-0.581180991703332,0.56111847724925,0.894005951101458,717.578385577802,785.920437067123,641.304145714603,373.079209973588,432.372582666242,646.768348309966,508.970954143888,523.47544011068,686.923175250816,620.91615536045,"ELAVL1"
"ENSG00000187824",41.5266895812067,-0.260782183306268,0.448718238949371,-0.581171346894352,0.561124976881631,0.894005951101458,56.0910328349225,23.3827568053028,35.4904482184401,68.8204367912444,42.6864651676863,29.9251026829984,30.555717658724,74.7822057300972,37.5253934886637,16.0073364339872,"TMEM220"
"ENSG00000073756",96.4344006248147,-0.61615700570441,1.06092562886385,-0.580773042842085,0.56139342561577,0.89422000685985,84.1365492523838,28.578924984259,12.3803889134093,362.212825217076,16.5237929681366,49.2316205429974,16.5873895861645,27.8036405919592,287.694683413088,79.1941907786734,"PTGS2"
"ENSG00000137133",117.076992132264,0.153815290598592,0.265017254300998,0.580397268865724,0.561646746478617,0.894223820690885,132.490887903179,115.614741981775,122.153170612305,68.8204367912444,107.404654292888,125.492366089993,144.04838324827,157.234381278666,107.364320259232,90.1465788650857,"HINT2"
"ENSG00000110047",543.606423771239,0.213524480643176,0.367896580341999,0.580392675693484,0.561649843219996,0.894223820690885,463.234564274619,844.37732908038,492.739478753691,185.634072923751,435.126548160931,520.310656326973,452.224621349115,579.082721294599,518.05890455183,945.275340996506,"EHD1"
"ENSG00000178974",157.240781598801,-0.134516186656729,0.231775426340738,-0.580372944537159,0.561663146165405,0.894223820690885,144.09592917937,202.650558979291,184.055115179352,133.113213267275,205.170429354363,148.660187521992,116.111727103151,130.389486914016,161.567666409524,146.593502079672,"FBXO34"
"ENSG00000160877",983.142366930606,-0.205388367248761,0.353891104603252,-0.58037165833547,0.561664013340897,0.894223820690885,1038.65119421908,1821.25694672414,1063.06272803141,350.440908397521,1141.51869754877,939.262093888951,859.052176462412,897.386468761166,1021.52460052473,699.267854747861,"NACC1"
"ENSG00000213551",104.683614146227,-0.233303416981988,0.402227695729128,-0.58002822644789,0.561895583168715,0.89437672152771,101.54411116667,128.605162429166,158.468978091639,71.5370329803724,61.9642236305124,192.09985270699,64.6035173355879,49.8548038200648,127.169389044916,90.9890702563482,"DNAJC9"
"ENSG00000167994",209.320327149674,0.15430747327839,0.266077974085395,0.579933283875901,0.561959609345523,0.89437672152771,191.483181057149,255.911282813592,236.052748615671,101.419591060781,227.202153311879,249.054080393987,242.699700260722,183.120529416007,207.432036229002,198.827968337946,"RAB3IL1"
"ENSG00000120370",102.125702034041,-0.143872201769518,0.248129735914008,-0.57982652195857,0.562031610314704,0.89437672152771,108.313718577781,77.9425226843427,115.550296525154,130.396617078147,90.8808613247515,86.8793303699955,91.667152976172,80.5346830939508,139.677853541137,99.413984168973,"GORAB"
"ENSG00000180479",10.9913461595089,-0.292645119576048,0.50475949570328,-0.579771400176051,0.562068786567611,0.89437672152771,9.67086773015905,16.8875465816076,9.90431113072746,13.5829809456403,2.75396549468944,11.5839107159994,8.73020504534971,14.3811934096341,11.4660924548695,10.9523880864123,"ZNF571"
"ENSG00000008283",229.745117200412,0.14578352740242,0.251467097690722,0.579732015604357,0.562095349767209,0.89437672152771,239.837519707945,159.782171502903,186.531192962034,277.092811291063,236.841032543292,167.966705381991,262.779171865026,333.64368710351,210.559152353057,222.417727293296,"CYB561"
"ENSG00000144468",265.022147579967,-0.129297333323784,0.223300636932628,-0.57902805428537,0.562570243676971,0.894530711580497,260.146341941279,298.779670289981,264.114963486066,294.297920488874,254.741808258773,341.725366121982,200.794716043043,260.778973828031,297.076031785254,177.765683556384,"RHBDD1"
"ENSG00000235944",9.58537722349955,0.420126752309631,0.725590782967869,0.579013353217079,0.562580163115539,0.894530711580497,8.70378095714315,15.5885045368685,4.12679630446978,3.62212825217076,26.1626721995497,3.8613035719998,6.98416403627977,7.6699698184715,3.12711612405531,16.0073364339872,"ZNF815P"
"ENSG00000245573",21.2632721067237,0.25328938298183,0.437509463240216,0.57893463859263,0.562633276670428,0.894530711580497,15.4733883682545,15.5885045368685,22.2847000441368,22.6383015760672,27.5396549468944,25.0984732179987,24.4445741269792,29.7211330465771,6.25423224811062,23.5897589553495,"BDNF-AS"
"ENSG00000148356",76.2223486485858,-0.192202793779803,0.331995762865605,-0.578931466235636,0.562635417303793,0.894530711580497,50.2885121968271,76.6434806396037,66.8541001324104,135.829809456403,71.6031028619254,48.2662946499975,75.9527838945425,83.4109217758776,57.3304622743473,96.0440186039231,"LRSAM1"
"ENSG00000009413",793.485469613488,-0.207397359882362,0.358322249907382,-0.578801232510594,0.562723299412524,0.894530711580497,868.443922168283,1490.00122531569,619.84480493136,473.593268971326,1160.7964560116,490.385553643975,626.828722256109,667.287374207021,519.101276593181,1018.57209203634,"REV3L"
"ENSG00000162396",37.140275617994,-0.221331358763011,0.382526953472769,-0.578603302992522,0.562856875530427,0.894530711580497,45.4530783317476,50.6626397448228,50.3469149145313,16.2995771347684,34.424568683618,21.2371696459989,48.0161277494234,38.3498490923575,35.4406494059602,31.1721814767119,"PARS2"
"ENSG00000163785",768.29065149577,-0.13818195114351,0.238849630750322,-0.578531148276956,0.562905574178569,0.894530711580497,796.879500965106,624.839223519481,614.067290105103,1214.31849654025,846.844389617003,849.486785839956,684.448075555417,736.317102573264,741.126521401108,574.579128841013,"RYK"
"ENSG00000168827",124.123752316527,-0.170411057711319,0.294591717973288,-0.578465202225309,0.562950084254383,0.894530711580497,123.787106946036,128.605162429166,125.454607655881,154.8459827803,77.1110338513043,139.006928591993,78.5718454081474,92.998384048967,135.50836537573,185.348106077746,"GFM1"
"ENSG00000196586",170.274496973413,-0.171991354276137,0.297327734124167,-0.578457151946382,0.56295551788059,0.894530711580497,178.911053007943,146.791751055512,135.358918786609,269.848554786721,107.404654292888,138.041602698993,154.52462930269,170.656828460991,145.932085789248,255.274891552532,"MYO6"
"ENSG00000197863",29.6496200218364,0.201545835133695,0.348511218496579,0.578305157587556,0.563058112929341,0.894530711580497,20.308822233334,27.27988293952,37.9665260011219,23.5438336391099,20.6547412101708,25.0984732179987,39.2859227040737,28.7623868192681,32.3135332819049,41.2820781718617,"ZNF790"
"ENSG00000196659",14.3309865694393,0.258456905144701,0.447254249540896,0.577874677345169,0.563348732790491,0.894530711580497,15.4733883682545,18.1865886263466,9.07895186983351,9.05532063042689,16.5237929681366,12.5492366089993,11.3492665589546,21.0924170007966,11.4660924548695,18.5348106077746,"TTC30B"
"ENSG00000241360",8.29636247268837,-0.554920987802673,0.960282209954526,-0.577872819104866,0.563349987456714,0.894530711580497,13.5392148222227,19.4856306710857,5.77751482625769,2.71659618912807,0,0.96532589299995,7.85718454081474,17.2574320915609,1.04237204135177,14.3223536514622,"PDXP"
"ENSG00000161013",2283.44002008113,0.151822753284648,0.262728235544081,0.577869953605253,0.563351922217507,0.894530711580497,2081.17073553023,2753.96913484678,2644.45107190423,1084.82741152514,2456.53722126298,2054.21350030389,2701.99846153574,2535.88377123214,1909.62557975644,2611.7233129137,"MGAT4B"
"ENSG00000169169",51.8616780797289,-0.227032231780609,0.39298783708924,-0.577708036620621,0.56346125238337,0.894530711580497,47.3872518777794,57.157849968518,29.7129333921824,93.269802493397,52.3253443990994,35.7170580409981,48.8891482539584,66.1534896843167,23.9745569510907,64.0293457359487,"CPT1C"
"ENSG00000089693",1772.30236493755,0.158408961823972,0.274250864861099,0.577606061166667,0.563530113863388,0.894530711580497,2131.45924772706,1745.91250812928,2012.22587805946,738.008631379791,2093.01377596397,1681.59770560591,2018.42340648485,1749.71186483881,1871.05781422643,1681.61281695992,"MLF2"
"ENSG00000182621",43.4018666487942,-0.300992366468658,0.521135503762355,-0.577570256287729,0.563554292967025,0.894530711580497,74.4656815222247,67.5501863264304,33.0143704357582,20.8272374499818,38.5555169256522,41.5090133989979,10.4762460544197,27.8036405919592,84.4321353494933,35.3846384330243,"PLCB1"
"ENSG00000179818",123.148099879332,0.21470868363304,0.371909887298052,0.577313728314438,0.563727541424509,0.894530711580497,81.2352889333361,96.1291113106894,112.248859481578,159.373643095513,152.845084955264,96.532589299995,163.25483434804,214.759154917202,53.1609741089403,101.94145834276,"PCBP1-AS1"
"ENSG00000082516",43.9760571452325,-0.187834971934611,0.325388205842524,-0.577264229501658,0.563760973843234,0.894530711580497,42.5518180126998,46.7655136106057,51.1722741754252,49.8042634673479,28.9166376942391,35.7170580409981,35.7938406859338,29.7211330465771,51.0762300262367,68.2418026922611,"GEMIN5"
"ENSG00000260852",37.7373587175276,-0.22347123122531,0.387148533312043,-0.577223499501654,0.563788484359178,0.894530711580497,28.0455164174613,40.2703033869104,27.2368556095005,69.725968854287,33.0475859362733,54.0582500079972,26.1906151360491,26.8448943646503,28.1440451164978,43.8095523456491,"FBXL19-AS1"
"ENSG00000105699",38.4501114408732,0.262926831834342,0.455614575651508,0.577081695550166,0.563884268925292,0.894555072517737,24.1771693253976,50.6626397448228,40.4426037838038,22.6383015760672,23.4087067048602,31.8557544689983,50.6351892630283,81.4934293212597,40.652509612719,18.5348106077746,"LSR"
"ENSG00000130640",431.906807259001,-0.126073780843572,0.218548584971277,-0.576868438018677,0.564028333125593,0.894677197775456,454.530783317476,602.755508758917,443.217923100054,319.652818254069,457.158272118447,445.015236672977,475.796174971559,317.345001239258,381.508167134748,422.088187022504,"TUBGCP2"
"ENSG00000147144",24.5913862422027,-0.205699428104059,0.356949772103748,-0.576269952188881,0.564432729478081,0.895151984914935,32.8809502825408,31.1770090737371,18.157903739667,25.3548977651953,22.0317239575155,21.2371696459989,23.5715536224442,23.0099094554145,15.6355806202765,32.8571642592368,"CCDC120"
"ENSG00000107317",8.53823004463438,0.57751744468002,1.00236948145051,0.576152262581166,0.56451226865904,0.895151984914935,2.90126031904772,1.29904204473905,4.95215556536373,17.2051091978111,0,18.341191966999,8.73020504534971,4.79373113654469,1.04237204135177,26.117233129137,"PTGDS"
"ENSG00000228223",193.803859032946,0.121008272944589,0.210135178092212,0.575859187610597,0.564710363477233,0.89533310956917,137.326321768259,185.763012397684,235.227389354777,178.38981641941,161.106981439332,221.059629496989,183.334305952344,223.387870962983,200.13543193954,212.307830598146,"HCG11"
"ENSG00000215301",785.249649341122,-0.209845991782263,0.364540899019679,-0.575644577457782,0.564855443673966,0.895429393701576,656.6519188778,974.281533554284,746.124771848135,1042.26740456213,442.011461897655,674.762799206965,354.446324841198,542.650364656859,1136.18552507343,1283.11438889276,"DDX3X"
"ENSG00000167325",271.616637431627,-0.152921175545531,0.265831794132522,-0.575255401802304,0.56511857890752,0.895429393701576,245.64004034604,380.61931910854,354.079122923507,176.578752293324,254.741808258773,337.864062549982,228.731372188162,188.873006779861,271.01673075146,278.022159116619,"RRM1"
"ENSG00000174405",57.8432943591912,-0.166731384597014,0.289882722763948,-0.575168409511539,0.565177405486825,0.895429393701576,66.7289873380975,46.7655136106057,53.6483519581071,80.5923536107993,39.9324996729969,50.1969464359974,47.1431072448884,52.7310425019916,61.4999504397544,79.1941907786734,"LIG4"
"ENSG00000142188",208.074675113773,-0.229766436344484,0.399504620384817,-0.575128358022904,0.565204490394432,0.895429393701576,167.306011731752,96.1291113106894,151.040744743594,498.042634673479,165.237929681366,162.174750023992,239.207618242582,238.727810599926,165.737154574931,197.142985555421,"TMEM50B"
"ENSG00000204220",209.006833042182,0.163842991512217,0.284934687090012,0.575019465637957,0.565278132264109,0.895429393701576,241.771693253976,209.145769202986,228.624515267626,100.514058997738,223.071205069845,213.337022352989,314.28738163259,180.24429073408,188.66933948467,190.403054425321,"PFDN6"
"ENSG00000105464",41.6302282798582,0.319184279992363,0.555165961863581,0.5749348877963,0.565335333847727,0.895429393701576,30.946776736509,5.19616817895618,42.9186815664857,65.1983085390736,44.063447915031,47.3009687569975,47.1431072448884,71.9059670481704,48.9914859435332,12.6373708689372,"GRIN2D"
"ENSG00000165271",174.256282852141,-0.144194153639777,0.250810860647848,-0.574911920749053,0.565350867373593,0.895429393701576,156.668057228577,137.698456742339,159.294337352533,285.242599858447,132.190343745093,190.16920092099,168.492957375249,165.863097324446,179.287991112504,167.655786861234,"NOL6"
"ENSG00000182324",9.66249706334469,-0.360604911958109,0.627274538656853,-0.574875735798638,0.565375341108268,0.895429393701576,4.83543386507953,9.09329431317332,9.07895186983351,21.7327695130245,4.13094824203416,9.6532589299995,13.9683280725595,13.4224471823251,3.12711612405531,7.58242252136235,"KCNJ14"
"ENSG00000117226",205.404106775835,0.330962669356621,0.57604447260299,0.574543607477196,0.565600000276429,0.895678841568123,280.455164174613,35.0741352079542,238.528826398353,156.657046906385,380.047238267143,85.9140044769955,51.5082097675633,161.069366187902,321.050588736345,343.736487635093,"GBP3"
"ENSG00000179981",216.207787839634,-0.202341503873801,0.352461001565058,-0.574081963608254,0.565912337922302,0.895889099591279,235.002085842865,376.722192974323,196.435504092761,130.396617078147,349.753617825559,208.510392887989,126.587973157571,139.976949187105,185.542223360615,213.150321989408,"TSHZ1"
"ENSG00000196911",38.6645928424393,-0.171798105384699,0.299304155559817,-0.573991714426313,0.565973408123005,0.895889099591279,36.7492973746044,32.4760511184761,37.141166740228,58.8595840977748,42.6864651676863,38.613035719998,35.7938406859338,27.8036405919592,34.3982773646084,42.1245695631242,"KPNA5"
"ENSG00000137309",3696.65334945395,-0.188371408760611,0.328186021245052,-0.573977551042483,0.565982992549094,0.895889099591279,3792.91432376838,5344.25897205643,5042.94508406207,1779.37050387888,2612.13627171293,4048.57679524179,3898.03655274865,2037.33573303149,4685.4623258762,3725.4969321627,"HMGA1"
"ENSG00000050438",16.6425700659006,0.273689636527728,0.476852541703406,0.573950252105312,0.566001466083536,0.895889099591279,13.5392148222227,19.4856306710857,14.0311074351972,12.6774488825976,11.0158619787578,29.9251026829984,13.9683280725595,9.58746227308938,13.550836537573,28.6447073029244,"SLC4A8"
"ENSG00000101888",137.433151437409,-0.146534157867923,0.255356487406371,-0.573841531720047,0.566075041408666,0.895899231905467,164.404751412704,150.688877189729,176.626881831306,91.4587383673116,141.829222976506,152.521491093992,101.270378526057,105.462085003983,159.482922326821,130.586165645685,"NXT2"
"ENSG00000106105",3198.73003184035,-0.117459605524595,0.204760477748822,-0.57364393175856,0.566208776762476,0.895981287553323,2796.814947562,3198.24151414753,3875.06172989712,3553.30781537951,3363.96885176315,3683.68360768781,2963.90461289623,2774.61158183207,3668.10721351688,2109.59844372126,"GARS"
"ENSG00000112996",155.993821345669,-0.15145184559118,0.264133591341753,-0.573391081466883,0.56637992756628,0.895981287553323,206.956569425404,187.062054442423,174.976163309518,95.0808666194824,148.71413671323,173.758660739991,108.254542562336,135.18321805056,152.186318037358,177.765683556384,"MRPS30"
"ENSG00000172840",28.9173931360807,-0.29520695743329,0.51513187021034,-0.573070653370272,0.566596856484581,0.895981287553323,30.946776736509,41.5693454316495,21.4593407832428,36.2212825217076,30.2936204415838,32.8210803619983,6.98416403627977,8.62871604578044,40.652509612719,39.5970953893367,"PDP2"
"ENSG00000119138",462.632625878677,0.11536709977443,0.201316396576725,0.573063604039137,0.566601629309798,0.895981287553323,528.9964648397,391.011655466453,354.079122923507,488.081781980009,472.305082339239,390.95698666498,556.987081893312,492.795560836794,557.669042123197,393.44347971958,"KLF9"
"ENSG00000174899",38.113693329121,0.247598659262774,0.432169242568357,0.572920594235975,0.566698459793157,0.895981287553323,43.5189047857157,16.8875465816076,59.4258667843648,16.2995771347684,52.3253443990994,52.1275982219973,41.9049842176786,43.1435802289022,30.2287891992013,25.2747417378745,"PQLC2L"
"ENSG00000198598",109.526115085107,0.222609483892592,0.388601632102446,0.572847526883022,0.566747936017245,0.895981287553323,146.997189498418,109.11953175808,85.0120038720774,57.0485199716894,166.614912428711,81.0873750119958,141.429321734665,177.368052052154,61.4999504397544,69.0842940835236,"MMP17"
"ENSG00000204348",120.974050968683,-0.195640962975976,0.341527866349238,-0.572840409970876,0.566752755215058,0.895981287553323,103.478284712702,116.913784026514,94.0909557419109,209.177906562861,104.650688798199,134.180299126993,153.651608798155,141.894441641723,96.9405998457146,54.7619404320614,"DXO"
"ENSG00000184451",9.69766774228957,-0.302424283705559,0.5279553500936,-0.57282170481262,0.566765421456063,0.895981287553323,15.4733883682545,7.79425226843427,13.2057481743033,7.24425650434151,8.26189648406832,7.7226071439996,8.73020504534971,13.4224471823251,4.16948816540708,10.9523880864123,"CCR10"
"ENSG00000111786",1921.97085048171,0.103359868807795,0.180455337922345,0.572772576294051,0.566798689591916,0.895981287553323,2086.00616939531,1904.39563758744,2014.70195584214,1354.67596631186,2040.68843156487,2087.03458066589,2092.63014937033,2075.68558212385,2008.65092368486,1555.23910827054,"SRSF9"
"ENSG00000153066",242.026409108613,0.14277351605601,0.249350947989298,0.572580602589638,0.566928696529459,0.896035919297683,216.627437155563,188.361096487162,196.435504092761,308.786433497557,318.08301463663,188.23854913499,319.525504659799,269.407689873812,216.813384601168,197.985476946684,"TXNDC11"
"ENSG00000215375",147.786784827583,0.221619954208982,0.387200919598621,0.572364224854418,0.567075247306348,0.896035919297683,95.7415905285746,122.10995220547,84.1866446111834,235.438336391099,174.876808912779,97.4979151929949,220.874187647348,242.562795509161,95.8982278043628,108.68138947286,"MYL5"
"ENSG00000118420",27.5261318303358,-0.202194479927751,0.353332447552826,-0.572249962685699,0.567152643412861,0.896035919297683,24.1771693253976,35.0741352079542,34.6650889575461,26.260429828238,16.5237929681366,31.8557544689983,33.1747791723289,16.2986858642519,26.0593010337942,31.1721814767119,"UBE3D"
"ENSG00000198042",236.632303853538,-0.16389204772932,0.286446412771684,-0.572156048817245,0.56721626027584,0.896035919297683,279.488077401597,245.51894645568,265.765682007854,220.949823382416,185.892670891537,309.869611652984,155.397649807225,135.18321805056,327.304820984456,240.95253790107,"MAK16"
"ENSG00000169026",52.0017751485546,-0.296853634462977,0.518895815728367,-0.572087161748043,0.567262926262728,0.896035919297683,39.6505576936521,20.7846727158247,51.1722741754252,122.246828510763,30.2936204415838,32.8210803619983,78.5718454081474,73.8234595027882,52.1186020675885,18.5348106077746,"MFSD7"
"ENSG00000158828",516.442944652064,0.229122149625259,0.400528781969673,0.572049150871279,0.567288676658815,0.896035919297683,427.45235367303,810.602235917165,525.753849189449,109.569379628165,579.709736632127,544.443803651972,502.859810612143,469.78565138138,468.025046566945,726.22757926826,"PINK1"
"ENSG00000249673",130.068242538147,0.131578816821434,0.230086423955329,0.571866929649792,0.567412129854032,0.896035919297683,115.083325988893,145.492709010773,127.105326177669,105.041719312952,150.091119460574,112.943129480994,171.985039393389,144.77068032365,95.8982278043628,132.27114842821,"NOP14-AS1"
"ENSG00000102241",305.558430292268,0.129176992362191,0.225900843219268,0.571830501034504,0.567436811447714,0.896035919297683,346.217064739694,248.117030545158,337.571937705628,224.571951634587,331.852842110077,338.829388442982,309.922279109915,209.006677553348,356.491238142305,353.00389293898,"HTATSF1"
"ENSG00000102595",58.8754142390966,-0.259408627475857,0.453647297532941,-0.571828883113805,0.567437907654512,0.896035919297683,61.893553473018,29.8779670289981,44.5694000882736,124.963424699891,22.0317239575155,35.7170580409981,55.0002917857032,86.2871604578044,67.754182687865,60.6593801708988,"UGGT2"
"ENSG00000146556",73.3992334967255,0.207932016229225,0.36388054267076,0.571429334206974,0.567708649265691,0.896211525897297,67.6960741111134,63.6530601922132,48.6961963927434,88.7421421781835,75.7340511039596,54.0582500079972,116.984747607686,119.843278413617,39.6101375713672,58.9743973883738,"WASH2P"
"ENSG00000112208",918.35342912012,0.202617799053077,0.354604483142718,0.571390968487924,0.567734649828767,0.896211525897297,1168.24082180321,1085.99914940184,864.976505416865,249.926849399782,1144.27266304346,944.088723353951,1024.92607232406,720.018416709012,841.194237370878,1139.89085237814,"BAG2"
"ENSG00000011028",1255.50435730206,-0.220740286403264,0.386336943053809,-0.571367275048607,0.567750707228482,0.896211525897297,988.362682022255,809.303193872426,770.885549674954,2920.34090331267,1171.81231799036,860.105370662955,1554.84951857678,1611.65240810632,926.668744761723,941.062884040194,"MRC2"
"ENSG00000154059",600.336885230143,-0.123918492975153,0.216971588030823,-0.571127741193236,0.567913055126847,0.89632790005792,758.19603004447,542.999574700921,720.538634760423,503.475827051735,598.987495094953,737.508982251962,403.335473095157,556.072811839184,589.982575405102,592.271448057526,"IMPACT"
"ENSG00000058668",1451.23142852798,0.157577718576107,0.275987653365506,0.570959304354885,0.568027229186959,0.89632790005792,1739.78910465561,1131.46562096771,1293.33796182083,1264.12276000759,1317.7724892089,943.123397460951,1026.67211333313,2080.4793132604,2048.26106125623,1667.29046330845,"ATP2B4"
"ENSG00000165389",515.09469547062,0.0990275549083087,0.173470245200452,0.570861906570076,0.568093254794151,0.89632790005792,558.976154803193,383.217403198019,560.418938146996,471.782204845241,510.860599264891,550.235759009972,526.431364234588,531.145409929152,600.406295818619,457.472825455528,"SPTSSA"
"ENSG00000175573",752.809272328158,0.192167915530257,0.336775047455172,0.570612095469561,0.568262617620949,0.896371210434482,773.669418412724,947.001650614764,808.852075676076,245.399189084569,794.519045217903,686.346709922964,1138.4187379136,726.729640300175,594.152063570509,813.004192568296,"C11orf68"
"ENSG00000236859",39.2498321752807,0.183585439664985,0.32177242613836,0.570544349832029,0.568308550857375,0.896371210434482,47.3872518777794,33.7750931632152,27.2368556095005,37.1268145847502,41.3094824203416,33.7864062549982,55.0002917857032,40.2673415469754,26.0593010337942,50.549483475749,"NIFK-AS1"
"ENSG00000235065",9.59649294766048,0.377614776869483,0.661873578263362,0.570524023424952,0.568322333015969,0.896371210434482,5.80252063809543,6.49521022369523,7.4282333480456,12.6774488825976,11.0158619787578,6.75728125099965,15.7143690816295,21.0924170007966,7.29660428946239,1.68498278252497,"RPL24P2"
"ENSG00000144655",108.79703791188,-0.274883855808102,0.482264877002728,-0.569985227861716,0.56868771731733,0.896841443284998,96.7086773015905,57.157849968518,72.6316149586681,258.982170030209,67.4721546198913,218.163651817989,68.9686198582627,59.4422660931542,108.406692300584,80.0366821699359,"CSRNP1"
"ENSG00000168268",1412.59042090469,-0.144132752884531,0.252994497997451,-0.569707064878472,0.56887639752187,0.896992063233139,1217.56224722702,1526.37440256838,1482.34523256554,1765.78752293324,1145.64964579081,1771.37301365491,1318.26096184781,1154.33045767996,1899.20185934292,845.018865436271,"NT5DC2"
"ENSG00000138744",86.9676548081364,0.16852735097331,0.295845689972212,0.569646125279497,0.568917737338916,0.896992063233139,90.9061566634951,76.6434806396037,82.5359260893955,73.3480971064578,88.1268958300621,66.6074866169966,82.0639274262873,127.513248232089,127.169389044916,54.7619404320614,"NAAA"
"ENSG00000116213",110.372068799028,0.146634035148734,0.257502659582948,0.569446682167179,0.569053044320906,0.897099344220794,117.98458630794,93.5310272212113,108.122063177108,95.0808666194824,122.55146451368,112.943129480994,164.127854852575,118.884532186308,71.9236708532721,98.5714927777105,"WRAP73"
"ENSG00000106348",1323.92443062855,0.108872938758847,0.191272086773347,0.569204532639719,0.569217345013342,0.897123579631727,1563.77931196672,1204.2119754731,1300.76619516887,987.935480779574,1684.04990000259,1350.49092430693,1436.11872996003,1309.64734650401,1319.64300435134,1082.60143777229,"IMPDH1"
"ENSG00000197093",23.0312565684575,0.354059801860418,0.622028040022423,0.569202317386938,0.569218848187379,0.897123579631727,17.4075619142863,27.27988293952,20.6339815223489,13.5829809456403,48.1943961570652,4.82662946499975,48.0161277494234,30.679879273886,10.4237204135177,9.26740530388731,"GAL3ST4"
"ENSG00000172530",66.346490509781,0.194309628721122,0.341476695218438,0.569027495703111,0.569337480543071,0.897123579631727,52.2226857428589,79.2415647290818,75.1076927413499,38.0323466477929,82.6189648406832,32.8210803619983,93.4131939852419,68.0709821389346,63.5846945224579,78.3516993874109,"BANP"
"ENSG00000226711",41.3465472614362,0.201687190162045,0.354556393642656,0.568843754557472,0.56946217828239,0.897214066361753,38.6834709206362,38.9712613421714,22.2847000441368,51.6153275934333,59.2102581358229,26.0637991109986,31.428738163259,54.6485349566095,41.6948816540708,48.864500693224,"FAM66C"
"ENSG00000080031",7.03925202747137,0.418132341469505,0.735479960828642,0.568516293766058,0.569684445087799,0.897458238145049,7.73669418412724,3.89712613421714,10.7296703916214,0.905532063042689,6.8849137367236,4.82662946499975,8.73020504534971,17.2574320915609,5.21186020675885,4.21245695631242,"PTPRH"
"ENSG00000122707",1067.84834541005,-0.191162970421081,0.336308254677387,-0.568415933187424,0.569752573972403,0.897459558175261,835.562971885742,884.64763246729,863.325786895077,2031.10841740475,1100.20921512843,527.067937577973,860.798217471482,1329.7810172775,908.948420058743,1337.03383793356,"RECK"
"ENSG00000117133",152.448484761376,0.115128018723969,0.202660639724841,0.568082775620774,0.569978762881487,0.897587611429513,146.997189498418,132.502288563383,181.57903739667,119.530232321635,132.190343745093,176.654638418991,165.00087535711,140.935695414414,174.076130905746,155.018415992297,"RPF1"
"ENSG00000128567",213.550297817173,-0.347662240826853,0.612019773570148,-0.568057203117482,0.569996126455685,0.897587611429513,156.668057228577,316.966258916327,415.155708229659,91.4587383673116,64.7181891252018,222.990281282988,48.0161277494234,75.7409519574061,544.118205585624,199.670459729208,"PODXL"
"ENSG00000158850",227.2365485108,0.158306710469541,0.278780004524428,0.567855326423418,0.570133208357745,0.897587611429513,181.81231332699,138.997498787078,204.689096701701,323.27494650624,236.841032543292,236.504843784988,308.176238100845,250.232765327633,237.660825428203,154.175924601034,"B4GALT3"
"ENSG00000166598",1288.97650454697,-0.194859014550944,0.343174380834465,-0.567813407507646,0.570161674855789,0.897587611429513,1032.84867358099,779.425226843427,1077.91919472751,2688.52469517374,731.177838840046,1292.57137072693,1527.7858829362,1313.48233141324,1178.92277876885,1267.10705245877,"HSP90B1"
"ENSG00000181929",700.979345010071,0.112490290173235,0.198115834860974,0.567800601361188,0.570170371450164,0.897587611429513,628.606402460339,546.896700835138,615.718008626891,881.082697340536,855.106286101071,637.115089379967,765.63898247717,811.099308303362,618.126620521599,650.403354054637,"PRKAG1"
"ENSG00000187079",3469.06934813799,-0.13759889757657,0.242839551124167,-0.566624740243464,0.570969162602776,0.898479102481161,3462.17064739694,4688.24273946322,3473.93712910266,3053.45411657995,3631.10350474803,3430.76822372182,1950.32780713113,2896.3723527003,4356.07276080904,3748.24419972679,"TEAD1"
"ENSG00000154928",27.8957339879794,0.349195748912956,0.616308176318191,0.566592757212865,0.570990896896709,0.898479102481161,9.67086773015905,15.5885045368685,59.4258667843648,10.8663847565123,12.3928447261025,65.6421607239966,29.682697154189,37.3911028650486,23.9745569510907,14.3223536514622,"EPHB1"
"ENSG00000033011",43.9362365820587,-0.17247783540116,0.304508398180169,-0.566414051080162,0.57111234515726,0.898479102481161,41.5847312396839,42.8683874763885,46.2201186100615,57.9540520347321,33.0475859362733,51.1622723289973,56.7463327947731,26.8448943646503,45.8643698194779,37.0696212155493,"ALG1"
"ENSG00000125970",939.305350009018,0.145587891562117,0.257045558725308,0.56638944584022,0.571129067782428,0.898479102481161,955.481731739715,1135.36274710193,969.797131550397,472.687736908284,853.729303353726,814.735053691958,1140.16477892267,1190.7628143177,1011.10088011122,849.231322392583,"RALY"
"ENSG00000168060",80.0932643348751,-0.140027861588167,0.247238058981677,-0.566368552499212,0.571143267847656,0.898479102481161,90.9061566634951,84.437732908038,98.2177520463807,65.1983085390736,82.6189648406832,79.1567232259959,88.1750709580321,82.4521755485687,79.2202751427345,50.549483475749,"NAALADL1"
"ENSG00000170919",93.5769040268741,-0.188982773117591,0.333846529333724,-0.566076794312508,0.57134157754138,0.898479102481161,82.202375706352,77.9425226843427,70.9808964368801,172.051091978111,130.813360997748,68.5381384029965,109.127563066871,80.5346830939508,67.754182687865,75.8242252136235,"TPT1-AS1"
"ENSG00000099139",15.4080040005119,0.443007323117458,0.782667058205278,0.566022702083964,0.571378347935517,0.898479102481161,11.6050412761909,5.19616817895618,4.95215556536373,28.977026017366,1.37698274734472,7.7226071439996,19.2064510997694,49.8548038200648,8.33897633081416,16.8498278252497,"PCSK5"
"ENSG00000179933",489.072538163662,0.165323267372529,0.292079396663534,0.566021668289654,0.571379050691132,0.898479102481161,564.778675441289,494.935019045576,561.244297407889,202.839182121562,519.122495748959,500.038812573974,545.637815334357,384.457237150884,459.68607023613,657.985776575999,"C14orf119"
"ENSG00000135842",258.051892320243,-0.202376301115846,0.357570694412166,-0.565975635806915,0.571410343199011,0.898479102481161,222.429957793658,280.593081663634,283.098226486627,334.141331262752,158.353015944643,468.183058104976,116.984747607686,250.232765327633,288.73705545444,177.765683556384,"FAM129A"
"ENSG00000026297",45.7094210996575,0.276913924042992,0.489463354835732,0.565750063425946,0.571563697256769,0.898492738739238,49.3214254238112,29.8779670289981,22.2847000441368,60.6706482238602,50.9483616517546,23.1678214319988,55.0002917857032,106.420831231292,19.8050687856836,39.5970953893367,"RNASET2"
"ENSG00000124570",1028.99127185314,0.104906228646186,0.185449435938697,0.565686426141864,0.57160696423027,0.898492738739238,980.625987838128,1078.20489713341,1115.06036146773,763.363529144987,1310.88757547217,889.065147452954,1020.56096980138,1162.00042749843,942.304325382,1027.83949734023,"SERPINB6"
"ENSG00000170270",83.0258016249553,0.19048617756819,0.33683338134173,0.565520486150791,0.571719794114514,0.898492738739238,79.3011153873043,76.6434806396037,113.899578003366,36.2212825217076,77.1110338513043,98.4632410859949,89.921111967102,53.6897887293005,115.703296590046,89.3040874738232,"GON7"
"ENSG00000078061",603.358512105336,0.124783072896654,0.220653848516191,0.565515053264513,0.571723488351407,0.898492738739238,539.634419342875,652.119106459001,536.483519581071,561.429879086467,666.459649714844,699.861272424964,790.083556604149,647.153703433533,558.711414164549,381.648600241905,"ARAF"
"ENSG00000157426",57.6880825922513,-0.140386474497265,0.248324261532004,-0.565335314524519,0.571845712932266,0.898492738739238,58.9922931539702,51.9616817895618,61.9019445670466,71.5370329803724,50.9483616517546,49.2316205429974,61.984455821983,53.6897887293005,45.8643698194779,70.7692768660486,"AASDH"
"ENSG00000163719",252.202039335401,-0.132977498425901,0.235277053245918,-0.565195358371429,0.571940893459769,0.898492738739238,287.224771585724,310.471048692632,304.557567269869,162.995771347684,271.26560122691,248.088754500987,263.652192369561,180.24429073408,262.677754420646,230.84264120592,"MTMR14"
"ENSG00000167034",91.7287943177456,-0.234775482405683,0.415400025364867,-0.565179268343731,0.571951836350316,0.898492738739238,67.6960741111134,114.315699937036,167.547929961473,53.4263917195186,81.2419820933385,138.041602698993,43.6510252267486,58.4835198658452,127.169389044916,65.7143285184737,"NKX3-1"
"ENSG00000144048",146.592917956486,-0.160903145995936,0.284739450871735,-0.565089050721028,0.572013195550344,0.898492738739238,185.680660419054,158.483129458164,195.610144831867,86.0255459890555,148.71413671323,125.492366089993,110.873604075941,106.420831231292,179.287991112504,169.340769643759,"DUSP11"
"ENSG00000103043",257.675123136789,-0.153143997789459,0.271017166859345,-0.565071207717771,0.572025331381485,0.898492738739238,294.961465769851,401.403991824365,242.655622702823,159.373643095513,217.563274080466,278.979183076986,265.398233378631,200.377961507568,305.415008116068,210.622847815621,"VAC14"
"ENSG00000197555",765.634632796692,-0.173308385538144,0.306937996076193,-0.56463646649704,0.572321056293983,0.898851381040138,683.730348522245,745.650133680212,521.62705288498,1333.84872886188,988.673612593509,589.814120622969,546.510835838892,520.599201428753,955.855161919573,770.03713161391,"SIPA1L1"
"ENSG00000143436",337.124625308435,0.109049087525569,0.193176138294782,0.564505991724315,0.572409823582194,0.898884942554541,391.670143071442,293.583502111024,327.6676265749,273.470683038892,428.241634424208,346.551995586982,341.351017273174,345.148641831218,356.491238142305,267.069771030207,"MRPL9"
"ENSG00000125691",9866.96679943799,0.181972200675955,0.3224225837307,0.564390367977281,0.572488492578692,0.898902640160351,7485.25162314311,7266.84119827022,8629.95643190719,13139.2702347494,11848.9365409013,7555.60576451061,14955.7142631886,13647.7525457427,9384.47548828998,4755.86390367672,"RPL23"
"ENSG00000009954",891.547637833081,-0.108398104651867,0.192118449206869,-0.564225378142345,0.572600758552747,0.898973080261093,913.897000500031,1143.15699937036,976.400005637549,695.448624416785,965.264905888649,742.335611716961,958.576513979398,714.265939345159,895.39758352117,910.733193954744,"BAZ1B"
"ENSG00000188599",63.9679235801056,-0.215324705665162,0.381863366448471,-0.563878927868347,0.572836531800193,0.899237385195288,60.926466700002,45.4664715658666,53.6483519581071,118.624700258592,56.4562926411335,54.0582500079972,92.5401734807069,61.359758547772,68.7965547292168,27.8022159116619,"NPIPP1"
"ENSG00000166167",133.548215503671,0.134558977862026,0.238731552579319,0.563641363733514,0.572998230305541,0.899375962114561,106.37954503175,128.605162429166,110.59814095979,159.373643095513,130.813360997748,132.249647340993,103.016419535127,139.976949187105,132.381249251675,192.088037207846,"BTRC"
"ENSG00000102096",18.0301947271658,-0.24115422212997,0.427919002485633,-0.563551094317358,0.573059678042254,0.899375962114561,12.5721280492068,23.3827568053028,15.6818259569851,28.0714939543234,16.5237929681366,23.1678214319988,17.4604100906994,8.62871604578044,14.5932085789248,20.2197933902996,"PIM2"
"ENSG00000273344",39.7666877393415,0.183571456138746,0.326059281228553,0.563000247829382,0.573434715182616,0.899752799575359,35.7822106015885,28.578924984259,33.0143704357582,49.8042634673479,34.424568683618,30.8904285759984,59.365394308378,43.1435802289022,31.2711612405531,51.3919748670115,"PAXIP1-AS1"
"ENSG00000181666",162.371747925738,-0.144730343757877,0.257270587125051,-0.562560786194843,0.573734000724298,0.90011650013645,148.931363044449,136.3994146976,137.009637308397,266.226426534551,152.845084955264,133.214973233993,164.127854852575,192.707991689097,131.338877210323,160.915855731134,"HKR1"
"ENSG00000168286",234.192587943781,0.133152999638548,0.236756748993971,0.562404240657734,0.573840630446983,0.900141455215472,231.133738750801,265.004577126765,222.021641180474,167.523431662897,293.297325184425,186.30789734899,297.699992046425,282.830137056137,211.601524394409,184.505614686484,"THAP11"
"ENSG00000168802",245.123400486688,0.128898211061091,0.229217874683048,0.562339264506863,0.573884891182212,0.900141455215472,265.948862579374,271.499787350461,244.306341224611,146.696194212916,308.444135405217,259.672665216987,257.541048837817,213.800408689893,271.01673075146,212.307830598146,"CHTF8"
"ENSG00000101310",117.93459825815,-0.187433843739683,0.333399631779575,-0.562189714305393,0.573986768579296,0.900195382472021,106.37954503175,126.007078339687,159.294337352533,117.71916819555,66.0951718725465,153.486816986992,79.4448659126824,67.1122359116257,134.465993334378,169.340769643759,"SEC23B"
"ENSG00000170004",2322.23805241592,0.139173621590038,0.247677469119632,0.561914743738016,0.574174107868822,0.900218718628054,1602.46278288736,2483.76838954106,1890.07270744716,2779.98343354106,3505.79807473966,2409.45342892787,2461.04480228408,2404.53553809082,1696.98168332068,1988.27968337946,"CHD3"
"ENSG00000102034",524.889997469013,-0.13681977190735,0.243492661647784,-0.561905114435286,0.574180668901955,0.900218718628054,474.83960555081,658.614316682696,581.878278930238,504.381359114778,592.102581358229,669.936169741965,438.256293276556,400.755923015136,600.406295818619,327.729151201106,"ELF4"
"ENSG00000133027",168.06010864828,0.151464328717764,0.269831190602973,0.561329949956108,0.574572628027318,0.900218718628054,206.956569425404,107.820489713341,195.610144831867,119.530232321635,130.813360997748,168.932031274991,215.636064620138,215.717901144511,177.203247029801,142.38104512336,"PEMT"
"ENSG00000117697",155.966610757219,-0.188554155788246,0.335943175779769,-0.561268004181321,0.574614849958342,0.900218718628054,218.561610701595,206.547685113508,183.229755918458,65.1983085390736,159.729998691988,185.34257145599,113.492665589546,107.379577458601,180.330363153856,139.853570949572,"NSL1"
"ENSG00000102218",196.653704525656,-0.218840722644784,0.389947907015518,-0.561205019202924,0.574657781710514,0.900218718628054,245.64004034604,287.088291887329,259.988167181596,67.009372665159,155.599050449953,196.92648217199,116.111727103151,129.430740686707,236.618453386852,272.124719377782,"RP2"
"ENSG00000130653",24.3301117026707,-0.458993226425545,0.817989994439281,-0.561123277235412,0.574713500843844,0.900218718628054,4.83543386507953,5.19616817895618,9.07895186983351,96.8919307455677,33.0475859362733,5.7919553579997,15.7143690816295,43.1435802289022,9.38134837216593,20.2197933902996,"PNPLA7"
"ENSG00000198015",325.139413554428,-0.147999606870976,0.263803314934448,-0.561022544041009,0.574782168797568,0.900218718628054,427.45235367303,301.377754379459,417.631786012341,234.532804328056,272.642583974255,354.274602730982,251.429905306072,229.140348326836,446.135233698557,316.776763114694,"MRPL42"
"ENSG00000211460",649.620852620454,-0.154014842661206,0.274533099283487,-0.56100646174605,0.574793132159566,0.900218718628054,941.942516917492,667.70761099587,738.69653850009,418.355813125722,514.991547506925,742.335611716961,431.272129240276,524.434186337989,839.109493288174,677.363078575036,"TSN"
"ENSG00000047621",141.429869437819,-0.14191961153764,0.252977212856342,-0.560997608975286,0.574799167169473,0.900218718628054,175.042705915879,135.100372652861,169.198648483261,119.530232321635,133.567326492438,169.897357167991,99.5243375169867,98.7508614128206,177.203247029801,136.483605384522,"C12orf4"
"ENSG00000130414",598.097104213513,-0.12781557087341,0.227858742696247,-0.560942140560292,0.574836981146868,0.900218718628054,652.783571785736,427.384832719146,617.368727148678,821.317581179719,706.392149387841,431.500674170978,616.35247620169,644.277464751606,515.974160469126,547.619404320614,"NDUFA10"
"ENSG00000093010",757.497837468916,0.149644168457305,0.266822727581735,0.560837413714936,0.574908378833138,0.900218718628054,701.137910436531,524.812986074574,695.777856933604,920.926108114415,798.649993459937,695.999968852964,652.146316887623,1307.72985404939,618.126620521599,659.670759358524,"COMT"
"ENSG00000112031",276.25317776947,-0.119516538736053,0.21312829263571,-0.560772749868256,0.574952465603196,0.900218718628054,280.455164174613,267.602661216243,357.380559967083,254.454509714996,235.464049795947,295.389723257985,187.699408475019,268.448943646503,328.347193025807,287.289564420507,"MTRF1L"
"ENSG00000056558",36.1519658779131,-0.364825131168956,0.65070932799725,-0.560657601592731,0.575030975802444,0.900218718628054,23.2100825523817,12.9904204473905,6.60287408715164,124.057892636848,23.4087067048602,24.1331473249987,41.0319637131436,48.8960575927558,30.2287891992013,26.9597245203995,"TRAF1"
"ENSG00000167747",523.146366819181,-0.187767586299976,0.334930649600674,-0.560616314224585,0.575059127519382,0.900218718628054,440.991568495253,710.575998472258,782.440579327469,324.180478569283,437.880513655621,725.925071535962,631.193824778784,354.736104104307,551.414809875086,272.124719377782,"C19orf48"
"ENSG00000160691",3765.53400266261,-0.12727544540247,0.227073719466696,-0.56050275523468,0.575136560871039,0.900218718628054,4319.97661506205,3446.35854469269,4431.35387173965,3666.49932325985,4888.28875307376,4197.23698276378,2324.85360357663,2948.14464897498,3744.20037253556,3688.42731094715,"SHC1"
"ENSG00000116922",128.592135180439,-0.143094863631542,0.255410129943785,-0.560255239927395,0.575305353136917,0.900218718628054,110.247892123813,162.380255592381,172.500085526837,100.514058997738,115.666550776956,171.828008953991,110.873604075941,97.7921151855117,121.957528838157,122.16125173306,"C1orf109"
"ENSG00000100299",158.025333466994,0.243060471866125,0.433842025332557,0.560251099878602,0.575308176628908,0.900218718628054,66.7289873380975,149.38983514499,146.913948439124,206.461310373733,179.007757154814,93.6366116209951,312.54134062352,225.3053634176,64.6270665638097,135.64111399326,"ARSA"
"ENSG00000237854",76.0056003528226,-0.210712268456032,0.376104429484492,-0.560249366764557,0.575309358605721,0.900218718628054,61.893553473018,153.286961279207,72.6316149586681,44.3710710890918,77.1110338513043,86.8793303699955,52.3812302720983,58.4835198658452,51.0762300262367,101.94145834276,"LINC00674"
"ENSG00000142166",817.025168673071,0.132324099201455,0.236263873699582,0.560069117336619,0.575432294257307,0.900218718628054,648.915224693673,852.171581348814,968.971772289503,619.383931121199,922.578440720962,919.955576028952,581.431656020291,950.117511263158,1058.00762197205,648.718371272112,"IFNAR1"
"ENSG00000140526",129.228205445359,-0.183509158177278,0.327760713660256,-0.559887596435664,0.575556109635451,0.900218718628054,130.556714357147,137.698456742339,94.0909557419109,194.689393554178,83.9959475880279,190.16920092099,82.0639274262873,109.297069913219,171.991386823042,97.729001386448,"ABHD2"
"ENSG00000104765",4395.40661066521,0.109283498147889,0.195256592771984,0.559691719477599,0.57568973139421,0.900218718628054,4698.10754331127,4403.75253166537,4929.87086531959,2757.34513196499,4754.72142658132,4904.82086233275,4595.57993587209,4391.05772107494,3846.35283258803,4672.45725594173,"BNIP3L"
"ENSG00000123095",67.8779734473666,0.201426200843854,0.360013119728484,0.559496834436941,0.575822691033542,0.900218718628054,63.8277270190498,54.5597658790399,93.2655964810169,37.1268145847502,61.9642236305124,56.954227686997,39.2859227040737,69.0297283662435,108.406692300584,94.3590358213981,"BHLHE41"
"ENSG00000111913",46.85042037227,0.422198314302378,0.754653099214613,0.55946012113615,0.575847740177975,0.900218718628054,10.637954503175,64.9521022369523,75.9330520022439,4.52766031521344,8.26189648406832,52.1275982219973,47.1431072448884,92.998384048967,12.5084644962212,99.413984168973,"RIPOR2"
"ENSG00000142544",20.8734851594651,-0.281505726792339,0.503183351696765,-0.559449603893062,0.575854916090141,0.900218718628054,31.9138635095249,28.578924984259,27.2368556095005,6.33872444129882,9.63887923141304,14.4798883949993,22.6985331179092,23.9686556827235,13.550836537573,30.3296900854494,"CTU1"
"ENSG00000116815",14.999254871389,0.294134365158491,0.525790660703178,0.559413445581411,0.575879587218689,0.900218718628054,14.5063015952386,3.89712613421714,10.7296703916214,23.5438336391099,6.8849137367236,16.4105401809991,24.4445741269792,19.1749245461788,13.550836537573,16.8498278252497,"CD58"
"ENSG00000118564",610.514491054682,-0.091114250275649,0.162941430250672,-0.55918405856311,0.57603611158797,0.900218718628054,709.841691393675,602.755508758917,600.861541930799,620.289463184242,691.245339167049,638.080415272967,472.304092953419,561.825289203038,631.677457059172,576.264111623538,"FBXL5"
"ENSG00000215908",166.059372055956,-0.1898337757779,0.339492615269316,-0.559169087160576,0.576046328162049,0.900218718628054,105.412458258734,197.454390800335,125.454607655881,289.77026017366,103.273706050854,153.486816986992,226.985331179092,197.501722825641,114.660924548695,146.593502079672,"CROCCP2"
"ENSG00000151304",41.300546464651,-0.255143238538658,0.456364095005792,-0.559078247677263,0.576108319399196,0.900218718628054,38.6834709206362,74.0453965501256,50.3469149145313,20.8272374499818,13.7698274734472,45.3703169709976,26.1906151360491,30.679879273886,62.5423224811062,50.549483475749,"SRFBP1"
"ENSG00000153246",64.3121914941317,0.214469825746788,0.383697213606155,0.558955911436275,0.576191809821865,0.900218718628054,68.6631608841293,54.5597658790399,26.4114963486066,85.1200139260128,82.6189648406832,39.5783616129979,55.0002917857032,74.7822057300972,51.0762300262367,105.31142390781,"PLA2R1"
"ENSG00000109686",1051.24749311124,0.143262673047821,0.256306800725333,0.558949948430538,0.576195879521231,0.900218718628054,1066.69671063654,1212.00622774153,1041.60338724817,637.494572382053,1257.18524832573,1010.69620997095,883.496750589391,1178.29911336268,737.999405277053,1486.99730557828,"SH3D19"
"ENSG00000156599",769.180043328314,0.0967228534079071,0.17304690604,0.558940090992148,0.576202607166633,0.900218718628054,648.915224693673,836.583076811945,763.457316326908,705.409477110255,784.88016598649,974.013826036949,816.274171740198,780.419429029476,760.931590186792,620.91615536045,"ZDHHC5"
"ENSG00000115762",700.370092761143,-0.208920905083903,0.373806434695269,-0.558901307448648,0.576229077073382,0.900218718628054,799.780761284154,921.020809719984,968.146413028609,359.496229027948,532.892323222407,746.196915288961,340.477996768639,381.580998468957,924.58400067902,1029.52448012275,"PLEKHB2"
"ENSG00000171295",36.4418122249461,-0.261632634973189,0.468391492736155,-0.558576829491151,0.576450556915094,0.900356143579829,24.1771693253976,24.6817988500419,22.2847000441368,90.5532063042689,27.5396549468944,20.2718437529989,29.682697154189,46.019818910829,39.6101375713672,39.5970953893367,"ZNF440"
"ENSG00000100926",25.9763340519252,-0.206991344829495,0.370570616748917,-0.558574629163714,0.576452058935905,0.900356143579829,20.308822233334,37.6722192974323,20.6339815223489,35.3157504586649,12.3928447261025,28.9597767899985,22.6985331179092,28.7623868192681,26.0593010337942,26.9597245203995,"TM9SF1"
"ENSG00000116133",313.097913424411,0.253875062889061,0.455201653371564,0.557719992905721,0.577035603233077,0.900784482569176,325.90824250636,111.717615847558,123.803889134093,560.524347023425,513.614564759581,415.090133989978,164.127854852575,310.633777648096,223.067616849279,382.491091633167,"DHCR24"
"ENSG00000157216",387.232744493421,0.113674458390555,0.203840105508025,0.55766483296919,0.577073275912041,0.900784482569176,466.135824593666,375.423150929584,362.332715532446,272.565150975849,442.011461897655,315.661567010984,420.795883185856,440.064518334803,354.406494059602,422.930678413767,"SSBP3"
"ENSG00000145431",472.357971410734,-0.174520846612206,0.312991487303262,-0.557589754647578,0.577124554147629,0.900784482569176,716.611298804786,301.377754379459,350.777685879931,658.321809832035,567.316891906025,649.664325988966,364.049550391083,378.704759787031,327.304820984456,409.450816153567,"PDGFC"
"ENSG00000173421",32.4419359415095,-0.336941732851365,0.604285974543351,-0.557586551807671,0.577126741724019,0.900784482569176,36.7492973746044,64.9521022369523,19.8086222614549,27.1659618912807,15.1468102207919,45.3703169709976,6.98416403627977,36.4323566377396,62.5423224811062,9.26740530388731,"CCDC36"
"ENSG00000124702",1049.80438384867,-0.113957058142554,0.204398619604022,-0.557523619109178,0.577169726271409,0.900784482569176,1039.6182809921,1279.55641406796,1194.29485051355,886.515889718793,1060.27671545543,1145.84183499094,1207.38735777187,872.459066851134,1093.44827137801,718.645156746898,"KLHDC3"
"ENSG00000137601",134.323752375415,-0.154599296964885,0.277429889691647,-0.557255374093671,0.577352960985126,0.900784482569176,167.306011731752,157.184087413425,172.500085526837,76.0646932955859,90.8808613247515,143.833558056993,137.06421921199,113.132054822455,134.465993334378,150.805959035984,"NEK1"
"ENSG00000170348",902.665481212793,0.183655174351593,0.329662319097039,0.557100899049166,0.577458493327401,0.900784482569176,699.2037368905,528.710112208792,599.210823409011,1511.33301321825,648.558873999363,918.024924242952,900.084140175555,1463.04674287344,818.262052461139,940.220392648931,"TMED10"
"ENSG00000110911",112.073069130343,-0.212768850528941,0.381972761777819,-0.55702623804548,0.577509502560338,0.900784482569176,84.1365492523838,72.7463545053866,75.9330520022439,255.360041778038,90.8808613247515,92.6712857279952,109.127563066871,147.646919005576,88.6016235149004,103.626441125285,"SLC11A2"
"ENSG00000116266",174.033495485585,-0.12940066457906,0.232357370169075,-0.556903637207208,0.577593269426462,0.900784482569176,219.528697474611,154.586003323946,173.325444787731,186.539604986794,139.075257481817,132.249647340993,148.413485770945,152.440650142121,216.813384601168,217.362778945721,"STXBP3"
"ENSG00000213713",70.7272726277683,0.162987127642818,0.292697426089801,0.556845100485485,0.577633266584197,0.900784482569176,54.1568592888907,83.1386908632989,51.1722741754252,76.0646932955859,75.7340511039596,97.4979151929949,46.2700867403535,58.4835198658452,77.1355310600309,87.6191046912982,"PIGCP1"
"ENSG00000136059",64.0025100178846,0.136304435493452,0.244784277305069,0.556834928264525,0.577640217224715,0.900784482569176,47.3872518777794,54.5597658790399,75.1076927413499,63.3872444129882,82.6189648406832,58.8848794729969,63.7304968310529,70.9472208208614,63.5846945224579,59.8168887796363,"VILL"
"ENSG00000137809",1618.82627041906,-0.316889228568138,0.56914418021302,-0.556781988791544,0.577676391204116,0.900784482569176,777.537765504788,726.164503009127,480.359089840282,5359.84428114968,1466.48662592213,1883.3508172429,1099.13281520953,2409.32926922736,1196.64310347183,789.414433612947,"ITGA11"
"ENSG00000165995",12.6559377455448,0.392598360374241,0.705160778997545,0.556750137085556,0.577698156251817,0.900784482569176,7.73669418412724,12.9904204473905,10.7296703916214,10.8663847565123,38.5555169256522,2.89597767899985,5.23812302720983,9.58746227308938,5.21186020675885,22.747267564087,"CACNB2"
"ENSG00000236914",6.08726213501644,0.412356119694674,0.740702704516723,0.556709348001799,0.577726028991387,0.900784482569176,9.67086773015905,1.29904204473905,7.4282333480456,1.81106412608538,2.75396549468944,5.7919553579997,10.4762460544197,3.83498490923575,9.38134837216593,8.42491391262483,"LINC01852"
"ENSG00000198858",864.000969307765,0.108098311542478,0.194222612942781,0.556569134276471,0.577821847214993,0.900784482569176,799.780761284154,884.64763246729,976.400005637549,641.116700634224,895.038785774068,873.619933164955,1049.37064645104,1016.27100094747,825.558656750601,678.205569966299,"R3HDM4"
"ENSG00000204308",298.600529462883,0.198813103821023,0.35732965200054,0.556385686740383,0.577947221533662,0.900784482569176,289.158945131756,349.442310034803,382.966697054795,76.0646932955859,260.249739248152,349.447973265982,323.017586677939,324.056224830421,332.516681191215,299.084443898182,"RNF5"
"ENSG00000165115",19.6138125180864,0.197787486311244,0.355553211250942,0.55628097300927,0.578018792215356,0.900784482569176,15.4733883682545,23.3827568053028,15.6818259569851,18.1106412608538,17.9007757154814,24.1331473249987,22.6985331179092,19.1749245461788,21.8898128683872,17.6923192165121,"KIF27"
"ENSG00000214455",51.8368601868399,-0.655673848289395,1.17981886370462,-0.555741112860823,0.578387846822781,0.900784482569176,53.1897725158748,19.4856306710857,79.2344890458197,113.191507880336,117.043533524301,6.75728125099965,1.74604100906994,3.83498490923575,118.830412714102,5.0549483475749,"RCN1P2"
"ENSG00000059769",107.829861677784,0.182839413580587,0.329009783187048,0.555726373269086,0.578397924530616,0.900784482569176,88.0048963444474,50.6626397448228,87.4880816547592,172.051091978111,97.7657750614751,96.532589299995,114.365686094081,159.151873733284,105.279576176529,106.996406690335,"DNAJC25"
"ENSG00000147526",549.723384100018,-0.145251332854208,0.261430041526141,-0.555603066909524,0.578482234405096,0.900784482569176,652.783571785736,588.466046266788,396.172445229098,695.448624416785,510.860599264891,709.514531354963,402.462452590622,428.559563607095,711.940104243259,401.025902240942,"TACC1"
"ENSG00000171497",206.257152116851,0.131793067990547,0.237227710651364,0.555555114656202,0.578515022988164,0.900784482569176,253.376734530167,200.052474889813,213.768048571534,113.191507880336,221.6942223225,194.99583038599,227.858351683627,191.749245461788,225.152360931982,220.732744510771,"PPID"
"ENSG00000230629",54.5398916848029,0.272386670875139,0.490304437490892,0.555546003762609,0.578521252894081,0.900784482569176,29.9796899634931,35.0741352079542,28.8875741312884,99.6085269346958,63.3412063778571,30.8904285759984,60.238414812913,79.5759368666419,95.8982278043628,21.9047761728246,"RPS23P8"
"ENSG00000172361",7.00150675650289,0.333480541289213,0.600448312455831,0.55538592476891,0.578630717890627,0.900784482569176,8.70378095714315,2.59808408947809,8.25359260893955,4.52766031521344,4.13094824203416,8.68793303699955,8.73020504534971,10.5462085003983,6.25423224811062,7.58242252136235,"CFAP53"
"ENSG00000071054",3847.80114904213,-0.140308297244766,0.252644099164599,-0.555359486759097,0.578648797630486,0.900784482569176,4658.45698561762,3925.7050592014,4317.45429373628,3394.83970434704,4669.34849624594,5022.59062127874,3290.41428159231,2181.14766712783,4077.75942576812,2940.29495550607,"MAP4K4"
"ENSG00000215256",110.714330031504,0.16245843864787,0.292578608681373,0.555264239515171,0.578713935044024,0.900784482569176,120.885846626988,101.325279489646,105.645985394426,84.2144818629701,199.662498364984,125.492366089993,90.794132471637,103.544592549365,89.6439955562522,85.9341219087733,"DHRS4-AS1"
"ENSG00000100347",265.874251065699,0.108206765250131,0.194881648905592,0.555243481660761,0.578728131323525,0.900784482569176,266.91594935239,213.042895337204,280.622148703945,253.548977651953,355.261548814938,226.851584854988,270.636356405841,291.458853101917,228.279477056038,272.124719377782,"SAMM50"
"ENSG00000118579",529.899706155319,0.108681374763699,0.19579387262652,0.555080571755229,0.578839550954196,0.900784482569176,511.588902925414,510.523523582445,597.560104887223,403.867300117039,663.705684220155,469.148383997976,622.463619733434,550.32033447533,540.991089461568,428.828118152604,"MED28"
"ENSG00000181029",7.09342196235066,-0.621682819933733,1.12006411975474,-0.555042170326697,0.578865816466115,0.900784482569176,5.80252063809543,27.27988293952,3.30143704357582,0,1.37698274734472,1.9306517859999,6.98416403627977,12.4637009550162,0,11.7948794776748,"TRAPPC5"
"ENSG00000151892",555.646558110344,0.292101173625647,0.526431571911437,0.554870165869893,0.57898346961273,0.900784482569176,278.520990628581,155.885045368685,242.655622702823,1281.32786920541,604.495426084332,525.137285791973,1117.46624580476,658.65865816124,306.45738015742,385.861057198217,"GFRA1"
"ENSG00000022277",1191.41829732924,0.151837098471367,0.273660975670125,0.554836501987752,0.579006497432778,0.900784482569176,1531.86544845719,1209.40814365205,1195.12020977445,531.547321006058,1569.76033197298,1194.10812964094,1130.56155337279,1069.00204344947,1309.21928393782,1173.59050802864,"RTFDC1"
"ENSG00000121680",136.327939015139,0.114390615360075,0.206178211144633,0.554814278021989,0.57902169999964,0.900784482569176,138.293408541274,138.997498787078,129.581403960351,113.191507880336,144.583188471196,135.145625019993,185.953367465949,136.141964277869,120.915156796805,120.476268950535,"PEX16"
"ENSG00000166492",12.4736311980889,-0.312866070157884,0.564139482828018,-0.554589919126904,0.579175185855218,0.900784482569176,5.80252063809543,9.09329431317332,13.2057481743033,28.0714939543234,13.7698274734472,13.5145625019993,7.85718454081474,17.2574320915609,5.21186020675885,10.9523880864123,"FAM86GP"
"ENSG00000088812",178.936295632711,-0.217322537465788,0.391994767033485,-0.554401629160584,0.579304011385847,0.900784482569176,140.227582087306,115.614741981775,103.169907611744,421.977941377893,143.206205723851,149.625513414992,142.3023422392,240.645303054543,161.567666409524,171.025752426284,"ATRN"
"ENSG00000111880",64.6495418379788,-0.16999260739551,0.306653400704754,-0.554347700057559,0.579340911450011,0.900784482569176,61.893553473018,71.4473124606475,83.3612853502895,60.6706482238602,39.9324996729969,57.919553579997,41.0319637131436,60.4010123204631,94.855855763011,74.981733822361,"RNGTT"
"ENSG00000137216",130.924610667716,-0.147575211813292,0.266220469047544,-0.554334579686044,0.579349889006123,0.900784482569176,117.017499534925,114.315699937036,100.693829829063,223.666419571544,125.305430008369,116.804433052994,119.603809121291,148.605665232885,126.127017003564,117.106303385485,"TMEM63B"
"ENSG00000010318",40.0864759790712,-0.185553350582641,0.334734232913644,-0.554330368207396,0.579352770705584,0.900784482569176,42.5518180126998,63.6530601922132,34.6650889575461,32.5991542695368,49.5713789044099,39.5783616129979,34.0477996768639,41.2260877742843,20.8474408270354,42.1245695631242,"PHF7"
"ENSG00000138411",60.6237946421148,-0.215837338703201,0.389368946742039,-0.554326020370073,0.579355745715369,0.900784482569176,70.5973344301611,100.026237444907,47.0454778709554,47.9931993412625,41.3094824203416,87.8446562629954,33.1747791723289,39.3085953196665,47.9491139021814,90.9890702563482,"HECW2"
"ENSG00000188735",82.2548346316045,-0.21106786593535,0.380769498477547,-0.554319258184479,0.579360372758371,0.900784482569176,85.1036360253997,58.4568920132571,41.2679630446978,172.956624041154,83.9959475880279,96.532589299995,63.7304968310529,89.1633991397312,69.8389267705686,61.5018715621613,"TMEM120B"
"ENSG00000023572",110.475647355004,0.201319891449809,0.363377679662734,0.554023823468361,0.579562541657452,0.900939973273694,139.26049531429,96.1291113106894,122.978529873199,47.0876672782198,89.5038785774068,152.521491093992,134.445157698386,96.8333689582027,163.652410492228,62.3443629534237,"GLRX2"
"ENSG00000170464",111.414905796435,0.154460238227902,0.278821329962051,0.553975688477366,0.57959548404351,0.900939973273694,113.149152442861,80.5406067738208,72.6316149586681,150.318322465086,141.829222976506,84.9486785839956,111.746624580476,142.853187869032,99.0253439284181,117.106303385485,"DNAJC18"
"ENSG00000167972",20.8605819407112,0.352707300533423,0.637010552127851,0.553691456688198,0.579790023090043,0.901132675259272,21.2759090063499,31.1770090737371,9.90431113072746,9.96085269346958,13.7698274734472,24.1331473249987,34.9208201813988,9.58746227308938,4.16948816540708,49.7069920844865,"ABCA3"
"ENSG00000141428",131.619704815861,0.130361534089752,0.235480867903409,0.553597136151307,0.579854586419365,0.901132675259272,117.017499534925,102.624321534385,146.08858917823,131.30214914119,151.468102207919,111.012477694994,170.238998384319,150.523157687503,140.720225582489,95.2015272126606,"C18orf21"
"ENSG00000132002",965.084869758795,0.152590825455652,0.275738111325182,0.553390406289173,0.579996106822135,0.901247591365119,800.74784805717,1163.94167208619,1143.12257633813,510.720083556077,979.034733362096,1264.57691982993,754.289715918215,841.779187577248,1302.96505168971,889.670909173182,"DNAJB1"
"ENSG00000162639",47.4560141121895,0.151032022717793,0.273032278894856,0.553165447430322,0.580150124586634,0.901347469734859,39.6505576936521,44.1674295211276,52.8229926972131,41.6544748999637,44.063447915031,53.0929241149972,64.6035173355879,44.1023264562111,36.4830214473119,53.9194490407989,"HENMT1"
"ENSG00000083807",41.5816874136401,-0.217773756322098,0.39374763730881,-0.553079525278019,0.580208956125432,0.901347469734859,58.0252063809543,25.9808408947809,34.6650889575461,62.4817123499455,42.6864651676863,26.0637991109986,48.0161277494234,64.2359972296989,25.0169289924425,28.6447073029244,"SLC27A5"
"ENSG00000177380",19.0740342174811,-0.328736813311476,0.594523640767105,-0.552941532967995,0.580303446340349,0.901347469734859,16.4404751412704,9.09329431317332,19.8086222614549,41.6544748999637,8.26189648406832,26.0637991109986,33.1747791723289,14.3811934096341,4.16948816540708,17.6923192165121,"PPFIA3"
"ENSG00000090674",69.0717454630253,0.162280576040936,0.293553118753927,0.55281502962661,0.58039007582022,0.901347469734859,45.4530783317476,70.1482704159085,75.1076927413499,67.9149047282017,39.9324996729969,99.4285669789949,77.6988249036124,74.7822057300972,63.5846945224579,76.666716604886,"MCOLN1"
"ENSG00000066654",167.628255630059,-0.143768623678904,0.260072063157939,-0.552803026719542,0.580398295724898,0.901347469734859,164.404751412704,166.277381726598,170.849367005049,210.083438625904,108.781637040233,150.590839307992,122.222870634896,150.523157687503,190.754083567374,241.795029292333,"THUMPD1"
"ENSG00000067248",253.109400436039,0.100387504109351,0.181637115511633,0.552681668757955,0.580481407894293,0.901371584245685,239.837519707945,239.023736231984,262.464244964278,230.005144012843,205.170429354363,287.667116113985,249.683864297002,232.975333236072,265.804870544701,318.461745897219,"DHX29"
"ENSG00000168564",129.191907407366,0.121448590803837,0.219836576696399,0.552449426882957,0.580640474607907,0.901463126499315,115.083325988893,131.203246518644,151.866104004488,93.269802493397,112.912585282267,127.423017875993,137.06421921199,115.049547277073,152.186318037358,155.860907383559,"CDKN2AIP"
"ENSG00000133028",140.529243100687,-0.151649716413846,0.274529692975858,-0.552398229750624,0.580675543207289,0.901463126499315,188.581920738102,164.978339681859,163.421133657003,81.497885673842,112.912585282267,114.873781266994,117.857768112221,130.389486914016,174.076130905746,156.703398774822,"SCO1"
"ENSG00000225968",39.3529891383598,-0.282300393872728,0.511186385550959,-0.552245525022079,0.580780147552978,0.901520580530035,19.3417354603181,101.325279489646,33.0143704357582,23.5438336391099,35.8015514309627,27.9944508969985,37.5398816950038,56.5660274112273,14.5932085789248,43.8095523456491,"ELFN1"
"ENSG00000161638",858.098151439763,-0.215939900531857,0.391211134116979,-0.551977900678275,0.580963494321281,0.901640386564178,760.130203590502,678.099947353782,534.007441798389,1772.12624737454,644.427925757329,830.180267979957,793.575638622289,810.140562076053,1388.43955908056,369.85372076423,"ITGA5"
"ENSG00000177465",11.5999865929047,0.328148176117948,0.594540793535659,0.55193551003707,0.580992538211933,0.901640386564178,11.6050412761909,11.6913784026514,12.3803889134093,4.52766031521344,19.2777584628261,5.7919553579997,8.73020504534971,20.1336707734877,4.16948816540708,17.6923192165121,"ACOT4"
"ENSG00000102471",281.234721272417,-0.150258868378536,0.272377931815027,-0.551655809181257,0.581184191908559,0.901705348419354,331.710763144456,274.097871439939,209.641252267065,380.323466477929,271.26560122691,216.233000031989,165.00087535711,380.622252241648,283.525195247681,299.926935289444,"NDFIP2"
"ENSG00000142867",259.390551963207,-0.176954497278293,0.320801700545503,-0.551600870498481,0.581221839893775,0.901705348419354,368.46006051906,303.975838468937,300.4307709654,142.168533897702,231.333101553913,366.823839339981,159.7627523299,169.698082233682,260.593010337942,290.659529985557,"BCL10"
"ENSG00000113460",118.416645495278,-0.120050961732466,0.217747638454001,-0.551330717452655,0.581406985026563,0.901705348419354,128.622540811115,115.614741981775,146.08858917823,107.75831550208,88.1268958300621,114.873781266994,139.683280725595,98.7508614128206,111.533808424639,133.113639819472,"BRIX1"
"ENSG00000103510",153.650613883474,-0.123767890082169,0.224492844435197,-0.551322205362748,0.581412819101457,0.901705348419354,160.53640432064,203.94960102403,119.677092829623,162.995771347684,185.892670891537,145.764209842992,149.28650627548,121.760770868235,124.042272920861,162.600838513659,"KAT8"
"ENSG00000124523",85.9893716618269,0.125716370721286,0.228055750123258,0.551252799604217,0.581460389920695,0.901705348419354,88.0048963444474,64.9521022369523,80.8852075676076,91.4587383673116,88.1268958300621,107.151174122994,82.9369479308223,104.503338776674,80.2626471840863,71.6117682573111,"SIRT5"
"ENSG00000198000",146.440460641994,0.104380677984389,0.18936168852795,0.551223844674271,0.581480236214601,0.901705348419354,139.26049531429,128.605162429166,136.184278047503,156.657046906385,136.321291987127,125.492366089993,162.381813843505,142.853187869032,156.355806202765,180.293157730171,"NOL8"
"ENSG00000236609",36.3334332937411,0.321575504746092,0.583426956219527,0.551183830842899,0.581507663024283,0.901705348419354,42.5518180126998,11.6913784026514,15.6818259569851,56.1429879086467,57.8332753884782,21.2371696459989,73.3337223809376,33.5561179558128,8.33897633081416,42.9670609543866,"ZNF853"
"ENSG00000136875",305.807495302435,-0.174908420184432,0.317521041884406,-0.550856154749289,0.581732285864275,0.90180480309765,342.348717647631,398.805907734887,411.854271186084,160.279175158556,278.150514963633,391.92231255798,228.731372188162,206.130438871422,410.694584292597,229.157658423395,"PRPF4"
"ENSG00000105229",97.0732231614275,-0.168373914000201,0.305670036473718,-0.550835521671022,0.581746431251895,0.90180480309765,106.37954503175,153.286961279207,103.995266872638,53.4263917195186,82.6189648406832,79.1567232259959,123.968911643966,103.544592549365,75.0507869773274,89.3040874738232,"PIAS4"
"ENSG00000168404",48.2642272654411,-0.226220580742166,0.41071695262507,-0.550794359220607,0.581774651409776,0.90180480309765,55.1239460619066,23.3827568053028,58.6005075234708,73.3480971064578,50.9483616517546,43.4396651849978,28.809676649654,26.8448943646503,83.3897633081416,38.7546039980742,"MLKL"
"ENSG00000112237",571.654909778061,-0.0976634087200584,0.177348431754574,-0.550686621549669,0.581848517244452,0.901814488610024,693.401216252404,461.159925882361,576.100764103981,647.455425075523,612.7573225684,613.947267947968,478.415236485164,513.887977837591,596.236807653212,523.187153974002,"CCNC"
"ENSG00000112419",1383.10629820551,0.141439853866616,0.256891895975677,0.550581221448917,0.581920784662725,0.901821694753284,1129.55735088258,1608.21405138694,1493.07490295716,980.691224275232,1181.45119722177,1539.69479933492,1012.70378526057,1233.9063945466,1452.02425360302,2199.74502258634,"PHACTR2"
"ENSG00000071794",87.789341452585,-0.194348738634111,0.353136210168877,-0.550350638189069,0.582078898345758,0.901851014313538,108.313718577781,66.2511442816913,105.645985394426,99.6085269346958,52.3253443990994,48.2662946499975,53.2542507766332,99.7096076401295,124.042272920861,120.476268950535,"HLTF"
"ENSG00000008130",696.754831111232,0.106724556944071,0.194001699788961,0.550121762129756,0.582235861224959,0.901851014313538,665.355699834943,765.135764351298,775.012345979424,459.104755962643,772.487321260388,754.884848325961,647.781214364949,619.350062841574,740.084149359756,768.352148831385,"NADK"
"ENSG00000132357",76.1199192025041,0.171888749873981,0.312481624435801,0.550076345078957,0.58226701052473,0.901851014313538,69.6302476571452,41.5693454316495,115.550296525154,55.237455845604,77.1110338513043,70.4687901889964,69.8416403627977,77.658444412024,77.1355310600309,106.996406690335,"CARD6"
"ENSG00000119599",105.102272824559,0.14225765025063,0.258728060991455,0.549834639913019,0.582432797185317,0.901851014313538,110.247892123813,96.1291113106894,92.440237220123,96.8919307455677,118.420516271646,106.185848229994,108.254542562336,59.4422660931542,128.211761086268,134.798622601997,"DCAF4"
"ENSG00000118217",144.064363324733,0.147630050790242,0.268509216560272,0.549813718431908,0.582447148359577,0.901851014313538,123.787106946036,101.325279489646,137.83499656929,178.38981641941,90.8808613247515,197.89180806499,149.28650627548,166.821843551755,125.084644962212,169.340769643759,"ATF6"
"ENSG00000174891",197.506233181691,0.158792863476545,0.288818238810803,0.549802062814204,0.582455143649105,0.901851014313538,202.121135560324,240.322778276723,216.244126354216,80.5923536107993,206.547412101708,212.371696459989,192.064510997694,198.46046905295,180.330363153856,246.007486248645,"RSRC1"
"ENSG00000101966",774.165550326717,-0.0859296401266633,0.156302533734763,-0.549764857123054,0.582480665614217,0.901851014313538,721.446732669865,756.042470038125,839.390368329152,890.138017970963,749.078614555528,910.302317098953,734.210244313911,732.482117664029,764.058706310847,644.5059143158,"XIAP"
"ENSG00000135828",38.2348972351157,0.204050242806973,0.371532028069674,0.54921306210701,0.582859241373583,0.902317633958064,37.7163841476203,20.7846727158247,31.3636519139703,49.8042634673479,41.3094824203416,19.306517859999,45.3970662358185,33.5561179558128,50.0338579848849,53.0769576495364,"RNASEL"
"ENSG00000139734",87.0145314258901,-0.241444388126583,0.439694008322084,-0.5491191227462,0.582923702762616,0.902317633958064,69.6302476571452,150.688877189729,110.59814095979,53.4263917195186,31.6706031889286,101.359218764995,48.0161277494234,57.5247736385363,146.9744578306,100.256475560235,"DIAPH3"
"ENSG00000188906",43.8803470664725,-0.203831082514537,0.371316470123559,-0.548941668132066,0.583045481569409,0.902317633958064,51.255598969843,75.3444385948647,39.6172445229098,25.3548977651953,45.4404306623758,30.8904285759984,40.1589432086087,33.5561179558128,32.3135332819049,64.8718371272112,"LRRK2"
"ENSG00000118412",112.16189503564,-0.126124335102992,0.22978845567337,-0.548871503285046,0.583093635697002,0.902317633958064,120.885846626988,150.688877189729,108.947422438002,93.269802493397,88.1268958300621,119.700410731994,115.238706598616,91.0808915943491,133.423621293027,100.256475560235,"CASP8AP2"
"ENSG00000144867",171.862918480815,-0.208709294337213,0.380278585330322,-0.548832625313153,0.583120318443769,0.902317633958064,143.128842406354,96.1291113106894,138.660355830184,369.457081721417,119.797499018991,216.233000031989,167.619936870714,148.605665232885,213.686268477113,105.31142390781,"SRPRB"
"ENSG00000223529",6.59730842049407,0.594753650215624,1.08399658120423,0.548667459407394,0.583233681527755,0.902331260558553,2.90126031904772,0,2.47607778268187,14.488513008683,13.7698274734472,2.89597767899985,0.873020504534971,4.79373113654469,22.9321849097389,0.842491391262483,"EEF1A1P8"
"ENSG00000116132",2129.84158316905,-0.174841810783671,0.318697241801502,-0.548614132319884,0.583270285241231,0.902331260558553,2412.88149867468,2588.99079516492,2994.40339852327,1150.02572006421,1433.43903998585,1874.6628842059,1410.80113532851,1685.47586760911,2672.64191402594,3075.09357810806,"PRRX1"
"ENSG00000198673",17.1961954937338,0.466035200016373,0.84961665175121,0.548524089135721,0.583332093314527,0.902331260558553,12.5721280492068,2.59808408947809,18.157903739667,22.6383015760672,1.37698274734472,5.7919553579997,37.5398816950038,28.7623868192681,2.08474408270354,40.4395867805992,"FAM19A2"
"ENSG00000103227",61.6867131014727,0.222053122134696,0.40496752850459,0.548323276571492,0.583469947477311,0.902439834107028,54.1568592888907,45.4664715658666,42.0933223055917,82.4034177368847,85.3729303353726,30.8904285759984,70.7146608673327,89.1633991397312,28.1440451164978,88.4615960825607,"LMF1"
"ENSG00000225265",10.3828333660159,0.322305587961983,0.588163303453293,0.547986564393978,0.583701128309682,0.902549271432563,8.70378095714315,15.5885045368685,4.12679630446978,8.1497885673842,12.3928447261025,12.5492366089993,5.23812302720983,4.79373113654469,14.5932085789248,17.6923192165121,"TAF1A-AS1"
"ENSG00000121390",121.430131442787,-0.137734189416727,0.251374820594636,-0.547923571226872,0.583744383080315,0.902549271432563,101.54411116667,150.688877189729,140.311074351972,122.246828510763,96.3887923141304,77.226071439996,157.143690816295,116.008293504381,122.999900879509,129.743674254422,"PSPC1"
"ENSG00000169902",149.932352511154,0.222830743335468,0.406766819164529,0.547809538135749,0.583822688627471,0.902549271432563,78.3340286142883,138.997498787078,118.85173356873,209.177906562861,145.96017121854,79.1567232259959,231.350433701767,236.810318145308,67.754182687865,192.930528599109,"TPST1"
"ENSG00000154642",144.657591458073,-0.187523917722278,0.342425062441443,-0.547634908453424,0.583942614816287,0.902549271432563,236.936259388897,103.923363579124,175.801522570412,106.852783439037,141.829222976506,172.793334846991,86.4290299489622,88.2046529124223,207.432036229002,126.373708689372,"C21orf91"
"ENSG00000163931",1901.09881747994,0.15344558953489,0.280244244864114,0.547542339751861,0.584006190628375,0.902549271432563,1618.90325802863,2265.5293260249,1997.36941136337,1243.29552255761,2519.87842764084,1175.76693767394,2658.34743630899,2034.45949434957,1385.3124429565,2112.12591789504,"TKT"
"ENSG00000165512",189.384159163016,-0.135075467826971,0.246699498962252,-0.547530369519068,0.584014411971434,0.902549271432563,231.133738750801,124.708036294948,236.052748615671,207.366842436776,165.237929681366,205.614415208989,212.143982601998,175.450559597536,206.38966418765,129.743674254422,"ZNF22"
"ENSG00000038002",57.5868103818366,0.218231175009053,0.398699984205719,0.547356868959523,0.584133580918891,0.902565077324996,55.1239460619066,18.1865886263466,46.2201186100615,89.6476742412262,49.5713789044099,43.4396651849978,89.0480914625671,73.8234595027882,59.4152063570509,51.3919748670115,"AGA"
"ENSG00000109332",3853.14383028929,0.0672518082490697,0.122875103527851,0.547318425931793,0.58415998706376,0.902565077324996,3867.38000529061,3607.43975824033,4129.27238225246,3378.54012721227,3891.35324399618,3977.14267915979,4008.03713632005,3932.77702442126,4153.8525847868,3585.64336121313,"UBE2D3"
"ENSG00000078237",133.162307955196,0.1594525217165,0.291389264529258,0.547214812371682,0.584231160985326,0.902570484659017,147.964276271434,150.688877189729,119.677092829623,80.5923536107993,90.8808613247515,174.723986632991,124.841932148501,98.7508614128206,165.737154574931,177.765683556384,"TIGAR"
"ENSG00000151876",81.4375083155661,0.159803217375887,0.292242462787099,0.546817241587186,0.58450429658345,0.902887862350414,110.247892123813,70.1482704159085,80.8852075676076,43.4655390260491,64.7181891252018,107.151174122994,82.9369479308223,84.3696680031865,76.0931590186792,94.3590358213981,"FBXO4"
"ENSG00000163701",11.386538746729,0.29471221707035,0.539160680550143,0.546612962891943,0.584644661441193,0.90289667100403,13.5392148222227,9.09329431317332,6.60287408715164,10.8663847565123,15.1468102207919,14.4798883949993,7.85718454081474,4.79373113654469,10.4237204135177,21.0622847815621,"IL17RE"
"ENSG00000032389",233.518393901072,0.159775862598113,0.292333660417947,0.546553080372897,0.584685811146859,0.90289667100403,250.47547421112,240.322778276723,281.447507964839,100.514058997738,234.087067048602,280.909834862985,229.604392692697,217.635393599129,310.626868322827,189.560563034059,"EIPR1"
"ENSG00000183250",49.0953682397384,-0.167456939813336,0.30645295203176,-0.546436047370758,0.584766237062442,0.90289667100403,39.6505576936521,51.9616817895618,47.8708371318494,69.725968854287,74.3570683566149,44.4049910779977,47.1431072448884,36.4323566377396,40.652509612719,38.7546039980742,"LINC01547"
"ENSG00000103742",13.1404385709362,-0.350338230292705,0.641157940756957,-0.546414866014281,0.584780793591723,0.90289667100403,15.4733883682545,14.2894624921295,3.30143704357582,27.1659618912807,15.1468102207919,21.2371696459989,3.49208201813988,5.75247736385363,14.5932085789248,10.9523880864123,"IGDCC4"
"ENSG00000186417",12.4715048949794,-0.664283268120598,1.21649052386253,-0.546065304324284,0.585021048285293,0.903104165532059,0.967086773015906,51.9616817895618,11.5550296525154,0,4.13094824203416,0,20.0794716043043,10.5462085003983,1.04237204135177,24.432250346612,"GLDN"
"ENSG00000078246",460.61573671709,-0.127714397810589,0.233929892382195,-0.545951594770665,0.58509921105594,0.903104165532059,333.644936690487,633.932517832654,580.22756040845,393.90644742357,437.880513655621,523.206634005973,342.224037777709,480.331859881778,472.194534732352,408.608324762304,"TULP3"
"ENSG00000217930",37.6815967850596,-0.330215039540319,0.604873877301518,-0.545923789953511,0.585118324537941,0.903104165532059,18.3746486873022,16.8875465816076,21.4593407832428,115.002572006422,15.1468102207919,25.0984732179987,47.1431072448884,60.4010123204631,39.6101375713672,17.6923192165121,"PAM16"
"ENSG00000165072",6.38601601751073,0.732130701276044,1.34156103004373,0.545730447501281,0.585251239295875,0.903204788068628,0.967086773015906,0,0,17.2051091978111,4.13094824203416,0.96532589299995,0,18.2161783188698,15.6355806202765,6.73993113009986,"MAMDC2"
"ENSG00000166181",647.977830643469,-0.13583392540664,0.249009346001865,-0.545497297943279,0.58541153840855,0.903347644076689,896.489438585744,657.315274637957,720.538634760423,465.443480403942,534.269305969751,640.976392951967,443.494416303765,548.402842020713,825.558656750601,747.289864049823,"API5"
"ENSG00000143590",21.2274939016364,0.232125847445126,0.425642593630939,0.545353897656199,0.585510141640109,0.903376762509573,23.2100825523817,23.3827568053028,19.8086222614549,10.8663847565123,22.0317239575155,17.3758660739991,35.7938406859338,28.7623868192681,12.5084644962212,18.5348106077746,"EFNA3"
"ENSG00000181852",1210.08778363288,0.114033809108237,0.209156901129175,0.545207012021133,0.585611149420833,0.903376762509573,977.72472751908,1371.78839924443,1210.80203573143,1052.2282572556,1480.25645339557,1571.55055380392,1031.91023636034,1303.89486914016,1188.30412714102,912.418176737269,"RNF41"
"ENSG00000182774",16.8006512786362,0.250848379660012,0.460125060206704,0.545174347920372,0.585633612405921,0.903376762509573,15.4733883682545,9.09329431317332,15.6818259569851,19.9217053869392,13.7698274734472,14.4798883949993,30.555717658724,24.9274019100324,11.4660924548695,12.6373708689372,"RPS17"
"ENSG00000228638",48.4896019716589,0.17344114951437,0.318260014206955,0.544966825149408,0.585776334415196,0.903430425176704,50.2885121968271,35.0741352079542,64.3780223497285,29.8825580804087,48.1943961570652,50.1969464359974,70.7146608673327,46.978565138138,52.1186020675885,37.0696212155493,"FCF1P2"
"ENSG00000108406",260.247106181991,-0.134529200656149,0.246875737901952,-0.544926778951354,0.585803877703242,0.903430425176704,292.060205450803,301.377754379459,302.906848748082,203.744714184605,253.364825511428,255.811361644987,176.350141916064,191.749245461788,267.889614627405,357.216349895293,"DHX40"
"ENSG00000179335",299.617695974068,-0.142840851923276,0.262269426817797,-0.544634018750915,0.586005252865801,0.903636496412439,243.705866800008,277.994997574156,265.765682007854,481.743057538711,386.932152003866,248.088754500987,333.493832732359,286.665121965372,245.999801759018,225.787692858345,"CLK3"
"ENSG00000118689",870.162170428038,-0.113901127371205,0.209190460701973,-0.544485283836516,0.586107572508296,0.903653986840717,786.241546461931,952.197818793721,994.557909377216,914.587383673116,725.669907850667,865.897326020955,652.146316887623,832.191725304158,759.88921814544,1218.24255176555,"FOXO3"
"ENSG00000083290",523.813374979996,0.103936584566051,0.190938427551862,0.544346080035777,0.586203342891145,0.903653986840717,436.156134630173,606.652634893134,478.708371318494,484.459653727839,608.626374326366,476.870991141975,419.049842176786,646.194957206224,503.465695972905,577.949094406063,"ULK2"
"ENSG00000205060",197.050352884927,-0.197069616415864,0.362045977838896,-0.544322070893316,0.586219861599002,0.903653986840717,198.252788468261,154.586003323946,170.024007744155,330.519203010581,117.043533524301,286.701790220985,95.1592349943119,173.533067142918,280.398079123626,164.285821296184,"SLC35B4"
"ENSG00000009790",10.3373999757316,-0.357075003062517,0.656197607505211,-0.544157733857147,0.586332934135477,0.903723834804675,16.4404751412704,12.9904204473905,9.07895186983351,9.05532063042689,6.8849137367236,3.8613035719998,6.1111435317448,5.75247736385363,28.1440451164978,5.0549483475749,"TRAF3IP3"
"ENSG00000090060",1864.69781372807,-0.106044621553219,0.195037081932381,-0.543715177147616,0.586637486737528,0.903830062311396,2275.55517690643,1903.0965955427,2069.17566706115,1541.21557129866,2021.41067310205,1999.1899244029,1471.91257064596,1549.33390333124,2225.46430828603,1590.62374670357,"PAPOLA"
"ENSG00000121022",463.612703313834,0.0933603589543689,0.171719505491164,0.543679407224782,0.58666210559395,0.903830062311396,487.411733600016,422.18866454019,503.469149145313,369.457081721417,446.142410139689,537.686522400972,470.558051944349,411.302131515534,543.075833544272,444.835454586591,"COPS5"
"ENSG00000147852",231.141433901662,-0.184846454504367,0.340061305568404,-0.543568031638886,0.586738763551695,0.903830062311396,197.285701695245,163.67929763712,156.818259569851,478.12092928654,199.662498364984,195.96115627899,196.429613520369,275.160167237665,277.270962999571,171.025752426284,"VLDLR"
"ENSG00000117122",314.493577898098,-0.223657339575395,0.411505872839082,-0.543509471766046,0.586779071196895,0.903830062311396,311.401940911122,183.164928308205,199.736941136337,681.865643471145,256.118791006118,390.95698666498,384.129021995387,334.602433330819,282.48282320633,120.476268950535,"MFAP2"
"ENSG00000102225",1766.64242783773,0.135867809446462,0.25010225580623,0.543249036313078,0.586958348392653,0.903830062311396,1598.59443579529,2353.86418506715,1820.74252953206,899.19333860139,1945.67662199809,1928.7211342139,2007.94716043043,1718.07323933762,1854.3798615648,1539.23177183656,"CDK16"
"ENSG00000114796",107.505664834631,-0.191931963946743,0.353367984029191,-0.543150405869501,0.587026249724616,0.903830062311396,85.1036360253997,119.511868115992,105.645985394426,154.8459827803,82.6189648406832,67.5728125099965,53.2542507766332,107.379577458601,118.830412714102,180.293157730171,"KLHL24"
"ENSG00000177666",569.624220207563,0.169763945372873,0.312671952507874,0.542945870300273,0.587167072177709,0.903830062311396,490.312993919064,752.145343903908,538.134238102859,340.480055704051,487.451892560031,372.615794697981,638.177988815064,859.036619668808,402.355607961783,815.531666742084,"PNPLA2"
"ENSG00000147889",155.320155554865,0.26260666844526,0.483720670134964,0.542889077640593,0.58720617661874,0.903830062311396,204.055309106356,162.380255592381,142.787152134654,46.1821352151771,88.1268958300621,76.260745546996,206.905859574788,348.983626740453,89.6439955562522,187.875580251534,"CDKN2A"
"ENSG00000150093",3638.23001369205,-0.180097543722995,0.331833917125749,-0.54273398356307,0.587312972392299,0.903830062311396,3606.26657657631,1997.92666480865,3253.56620644397,6796.92366519842,2726.42583974255,3790.8347818108,2231.44040959139,3070.86416607053,4417.5727112488,4490.47911542904,"ITGB1"
"ENSG00000182362",100.533682495246,-0.140699582464481,0.259303473133785,-0.542605853921164,0.587401207586025,0.903830062311396,116.050412761909,74.0453965501256,134.533559525715,99.6085269346958,125.305430008369,67.5728125099965,93.4131939852419,113.132054822455,90.6863675976039,90.9890702563482,"YBEY"
"ENSG00000156853",103.716065757818,0.117783207530994,0.217087841472294,0.542560130185946,0.587432696263279,0.903830062311396,87.0378095714315,115.614741981775,108.122063177108,84.2144818629701,110.158619787578,131.284321447993,101.270378526057,91.0808915943491,115.703296590046,92.6740530388731,"ZNF689"
"ENSG00000268061",11.0233033947872,0.30209756840021,0.556846025118311,0.542515443718979,0.587463471357249,0.903830062311396,8.70378095714315,7.79425226843427,9.07895186983351,12.6774488825976,20.6547412101708,10.6185848229995,12.2222870634896,18.2161783188698,5.21186020675885,5.0549483475749,"NAPA-AS1"
"ENSG00000130775",15.5087783871721,0.227539303689375,0.419425016847454,0.542502937472925,0.587472084409361,0.903830062311396,16.4404751412704,15.5885045368685,13.2057481743033,10.8663847565123,24.785689452205,14.4798883949993,14.8413485770945,20.1336707734877,10.4237204135177,14.3223536514622,"THEMIS2"
"ENSG00000145882",17.9266548904382,-0.380807836179493,0.701972558152969,-0.542482511255817,0.587486152071492,0.903830062311396,9.67086773015905,7.79425226843427,4.95215556536373,60.6706482238602,13.7698274734472,22.2024955389988,15.7143690816295,25.8861481373413,13.550836537573,5.0549483475749,"PCYOX1L"
"ENSG00000162819",568.329840783216,-0.149352505175195,0.27549034239151,-0.542133360751152,0.587726638286475,0.904095752575169,618.935534730179,643.025812145828,767.584112631378,386.662190919228,422.733703434829,747.162241181961,370.160693922828,436.229533425567,663.990990341077,626.813595099287,"BROX"
"ENSG00000104047",572.931057968955,0.124658845961287,0.230085160130763,0.541794376875244,0.587960165535617,0.904234614794285,622.803881822243,400.104949779626,718.887916238635,431.03326200832,637.543012020605,498.108160787974,673.971829500998,665.369881752403,455.516582070723,625.971103708025,"DTWD1"
"ENSG00000166822",122.73641567635,-0.145278899302625,0.268203893409835,-0.541673342081684,0.588043557246456,0.904234614794285,117.98458630794,128.605162429166,107.296703916214,166.617899599855,122.55146451368,111.977803587994,123.968911643966,143.811934096341,139.677853541137,64.8718371272112,"TMEM170A"
"ENSG00000083093",65.9334846821862,-0.139783365119231,0.258150575289937,-0.541479967504376,0.588176801659364,0.904234614794285,88.9719831174633,70.1482704159085,69.3301779150922,50.7097955303906,64.7181891252018,78.1913973329959,51.5082097675633,52.7310425019916,69.8389267705686,63.1868543446862,"PALB2"
"ENSG00000104388",1519.68632068679,0.129413155194836,0.23904701957156,0.541371130360803,0.588251801838634,0.904234614794285,1789.11053007943,1402.96540831817,1770.39561461753,792.340555162353,1459.6017121854,1605.33696005892,1413.42019684212,1524.40650142121,1591.70210714415,1847.58362103863,"RAB2A"
"ENSG00000145375",55.1441380078337,-0.190854421467543,0.352736783835962,-0.541067533110748,0.588461035463461,0.904234614794285,47.3872518777794,84.437732908038,59.4258667843648,47.9931993412625,31.6706031889286,69.5034642959964,29.682697154189,44.1023264562111,69.8389267705686,67.3993113009986,"SPATA5"
"ENSG00000205269",67.7273419960461,0.217661010475769,0.402455076971437,0.540833059216735,0.588622654071755,0.904234614794285,73.4985947492088,58.4568920132571,42.9186815664857,72.4425650434151,55.0793098937888,48.2662946499975,65.4765378401228,97.7921151855117,30.2287891992013,133.113639819472,"TMEM170B"
"ENSG00000105497",61.0355169664775,-0.142476733021463,0.263489090401916,-0.540731051916171,0.588692972254902,0.904234614794285,47.3872518777794,70.1482704159085,61.0765853061527,79.6868215477566,71.6031028619254,54.0582500079972,44.5240457312835,51.7722962746827,67.754182687865,62.3443629534237,"ZNF175"
"ENSG00000124532",212.038935227581,0.101706480406636,0.188104850557503,0.540690365533899,0.588721020275445,0.904234614794285,199.219875241277,209.145769202986,207.165174484383,196.500457680264,256.118791006118,186.30789734899,169.365977879784,232.016587008763,212.643896435761,251.904925987482,"MRS2"
"ENSG00000086065",612.0087491787,0.145194476204529,0.268546970335625,0.540666967953754,0.588737150173008,0.904234614794285,602.495059588909,643.025812145828,739.521897760984,316.936222064941,674.721546198913,570.50760276297,533.415528270867,481.290606109087,696.304523622982,861.86869326152,"CHMP5"
"ENSG00000185697",295.492805818156,0.323282004720211,0.598011231946929,0.54059520532367,0.58878662339382,0.904234614794285,309.46776736509,326.059553229501,309.509722835233,82.4034177368847,161.106981439332,894.857102810954,61.984455821983,116.008293504381,352.321749976898,341.209013461306,"MYBL1"
"ENSG00000197358",11.9976465130426,0.290380766700285,0.537160211407766,0.540585025721224,0.588793641376216,0.904234614794285,6.76960741111134,6.49521022369523,11.5550296525154,17.2051091978111,8.26189648406832,11.5839107159994,7.85718454081474,20.1336707734877,20.8474408270354,9.26740530388731,"BNIP3P1"
"ENSG00000187257",118.757445025753,0.142818073704106,0.264244214801032,0.54047757984652,0.588867718653209,0.904234614794285,106.37954503175,89.6339010869942,83.3612853502895,167.523431662897,104.650688798199,100.393892871995,120.476829625826,154.358142596739,138.635481499785,122.16125173306,"RSBN1L"
"ENSG00000170385",297.093859658032,0.192364403553421,0.355924309554157,0.54046435826309,0.588876834413501,0.904234614794285,264.981775806358,138.997498787078,246.782419007293,443.710710890918,154.222067702609,273.187227718986,256.668028333282,428.559563607095,336.686169356622,427.143135370079,"SLC30A1"
"ENSG00000239332",114.570777376726,-0.194880070765362,0.36067499267266,-0.540320440076171,0.588976064540318,0.904234614794285,119.918759853972,151.987919234468,132.057481743033,91.4587383673116,185.892670891537,114.873781266994,151.905567789085,68.0709821389346,60.4575783984026,69.0842940835236,"LINC01119"
"ENSG00000205364",66.2232273176696,0.298141177979507,0.551885362281089,0.540223021584067,0.589043237979926,0.904234614794285,128.622540811115,42.8683874763885,42.0933223055917,19.0161733238965,75.7340511039596,51.1622723289973,52.3812302720983,86.2871604578044,143.847341706544,20.2197933902996,"MT1M"
"ENSG00000124201",462.645620365815,-0.122410493065096,0.226682351713351,-0.540008924999548,0.589190877445214,0.904234614794285,381.999275341283,497.533103135055,386.268134098371,680.054579345059,451.650341129068,481.697620606975,410.319637131436,371.993536195868,401.313235920431,563.626740754601,"ZNFX1"
"ENSG00000064199",43.6020137207197,-0.258895656615063,0.479449340152742,-0.539985426891158,0.589207082611472,0.904234614794285,60.926466700002,67.5501863264304,55.299070479895,9.96085269346958,45.4404306623758,50.1969464359974,33.1747791723289,17.2574320915609,44.8219977781261,51.3919748670115,"SPA17"
"ENSG00000181026",255.805104707614,0.13293890484147,0.246199808371782,0.539963478122293,0.589222219481516,0.904234614794285,225.331218112706,209.145769202986,222.847000441368,309.6919655606,227.202153311879,406.402200952979,204.286798061183,233.934079463381,242.872685634962,276.337176334094,"AEN"
"ENSG00000163743",159.422071547121,-0.131620865714607,0.243807203295145,-0.53985634524207,0.589296105766795,0.904234614794285,194.384441376197,138.997498787078,179.102959613988,160.279175158556,112.912585282267,223.955607175988,129.207034671176,141.894441641723,176.160874988449,137.326096775785,"RCHY1"
"ENSG00000175395",311.418488504312,-0.0955524024045439,0.177001864251923,-0.539838395535463,0.589308485550868,0.904234614794285,334.612023463503,248.117030545158,371.41166740228,339.574523641008,309.821118152562,354.274602730982,288.096766496541,274.201421010356,294.991287702551,299.084443898182,"ZNF25"
"ENSG00000196372",113.581026734677,0.124978768722746,0.231595385726805,0.539642740853971,0.589443434962831,0.904337638571181,130.556714357147,116.913784026514,83.3612853502895,100.514058997738,134.944309239783,118.735084838994,120.476829625826,134.224471823251,82.3473912667898,113.736337820435,"ASB13"
"ENSG00000170677",520.901468131057,-0.142776951856952,0.264816491520321,-0.539154306581376,0.589780386181986,0.904634593118866,524.161030974621,470.253220195535,753.553005196181,460.010288025686,389.686117498556,607.189986696969,363.176529886548,395.962191878591,732.787545070294,512.23476588759,"SOCS6"
"ENSG00000136144",234.599270939748,-0.122268599126594,0.226811874339435,-0.539074946947501,0.589835141593611,0.904634593118866,247.574213892072,240.322778276723,293.827896878248,204.650246247648,199.662498364984,271.256575932986,161.50879333897,189.83175300717,280.398079123626,256.959874335057,"RCBTB1"
"ENSG00000101182",1456.68291300566,0.127471824697582,0.236513195203869,0.538962845551616,0.589912491683867,0.904634593118866,1675.96137763656,1312.03246518644,1696.11328113708,836.711626251445,1294.36378250404,1670.01379488991,1857.78763365042,1410.31570037145,1570.85466631712,1242.67480211216,"PSMA7"
"ENSG00000117395",341.417369978709,0.172593138193707,0.32026562771725,0.538906218016259,0.589951566524187,0.904634593118866,380.065101795251,342.947099811108,376.363822967644,170.240027852026,214.809308585776,342.690692014982,352.700283832128,241.604049281852,502.423323931553,490.329989714765,"EBNA1BP2"
"ENSG00000143294",371.65862102668,-0.136383490913754,0.253163490578378,-0.538717058301622,0.59008210152089,0.904634593118866,427.45235367303,526.112028119314,411.02891192519,208.272374499818,355.261548814938,372.615794697981,385.875063004457,290.500106874608,350.237005894195,389.231022763267,"PRCC"
"ENSG00000229186",28.424943099154,-0.228783657341344,0.424687283177326,-0.538710873633145,0.59008636965042,0.904634593118866,16.4404751412704,18.1865886263466,27.2368556095005,62.4817123499455,20.6547412101708,28.9597767899985,26.1906151360491,30.679879273886,28.1440451164978,25.2747417378745,"ADAM1A"
"ENSG00000141252",235.630893202479,-0.146511709302203,0.272074368913071,-0.538498756378682,0.590232763454902,0.904634593118866,156.668057228577,275.396913484678,218.720204136898,350.440908397521,183.138705396848,198.85713395799,185.080346961414,256.943988918795,216.813384601168,314.249288940906,"VPS53"
"ENSG00000167699",281.91425953256,-0.134687289331685,0.250191568841805,-0.53833664321777,0.590344657953704,0.904634593118866,293.994378996835,318.265300961066,370.586308141386,209.177906562861,220.317239575155,284.771138434985,218.255126133743,219.552886053747,294.991287702551,389.231022763267,"GLOD4"
"ENSG00000151500",119.731198088566,0.128910078593353,0.239567193105245,0.538095708859106,0.590510974827202,0.904634593118866,137.326321768259,119.511868115992,119.677092829623,76.9702253586286,145.96017121854,101.359218764995,151.905567789085,107.379577458601,116.745668631398,120.476268950535,"THYN1"
"ENSG00000204514",85.3109000309536,-0.220986386723863,0.41068407000006,-0.538093397983104,0.590512570128225,0.904634593118866,56.0910328349225,62.3540181474742,48.6961963927434,205.55577831069,86.7499130827173,63.7115089379967,104.762460544197,82.4521755485687,67.754182687865,74.981733822361,"ZNF814"
"ENSG00000151332",101.983458121897,-0.120291739183105,0.223577102433439,-0.538032463404507,0.590554636707971,0.904634593118866,124.754193719052,109.11953175808,103.169907611744,92.3642704303543,82.6189648406832,106.185848229994,88.1750709580321,88.2046529124223,93.8134837216593,131.428657036947,"MBIP"
"ENSG00000120549",69.5216766689262,0.233929118620249,0.434790555205151,0.538027139319695,0.590558312289813,0.904634593118866,87.0378095714315,87.0358169975161,28.0622148703945,49.8042634673479,92.2578440720962,37.647709826998,57.6193532993081,38.3498490923575,118.830412714102,98.5714927777105,"KIAA1217"
"ENSG00000067177",8.68320007484721,0.383222051206369,0.712409472007357,0.537923857366135,0.590629617007373,0.904634593118866,17.4075619142863,3.89712613421714,1.65071852178791,6.33872444129882,13.7698274734472,9.6532589299995,8.73020504534971,11.5049547277073,2.08474408270354,11.7948794776748,"PHKA1"
"ENSG00000162520",468.34673297482,-0.194820968572196,0.362239874008042,-0.537823090585194,0.590699189095707,0.904634593118866,523.193944201605,718.370250740692,427.536097143069,357.685164901862,640.296977515295,481.697620606975,332.620812227824,242.562795509161,724.44856873948,235.055098162233,"SYNC"
"ENSG00000104177",22.5289675944449,0.328151248181273,0.6101903069759,0.537785088405597,0.590725427798953,0.904634593118866,35.7822106015885,18.1865886263466,9.90431113072746,14.488513008683,13.7698274734472,52.1275982219973,5.23812302720983,12.4637009550162,27.101673075146,36.2271298242868,"MYEF2"
"ENSG00000003987",14.7833118061266,-0.240210277371715,0.446729752607105,-0.53770825867284,0.59077847672471,0.904634593118866,15.4733883682545,11.6913784026514,10.7296703916214,27.1659618912807,12.3928447261025,17.3758660739991,11.3492665589546,14.3811934096341,10.4237204135177,16.8498278252497,"MTMR7"
"ENSG00000133422",176.524091857116,-0.145091330431253,0.269888780899823,-0.53759674613932,0.590855477118281,0.904634593118866,137.326321768259,158.483129458164,153.516822526276,299.73111286713,152.845084955264,139.972254484993,214.763044115603,156.275635051357,167.821898657635,184.505614686484,"MORC2"
"ENSG00000196975",520.204910895173,0.166354614258311,0.309560173417433,0.537390234737936,0.590998087262546,0.904634593118866,589.922931539702,515.719691761401,574.450045582193,258.982170030209,556.301029927267,445.015236672977,465.31992891714,495.671799518721,381.508167134748,919.158107867369,"ANXA4"
"ENSG00000124356",139.810100679406,0.15103796613971,0.281064575169681,0.537378166738114,0.591006421525332,0.904634593118866,140.227582087306,124.708036294948,162.595774396109,96.8919307455677,107.404654292888,112.943129480994,129.207034671176,156.275635051357,235.5760813455,132.27114842821,"STAMBP"
"ENSG00000185220",23.9283258919287,-0.246498602804708,0.458722699295531,-0.537358633403711,0.591019911525886,0.904634593118866,23.2100825523817,11.6913784026514,20.6339815223489,49.8042634673479,15.1468102207919,31.8557544689983,19.2064510997694,30.679879273886,21.8898128683872,15.1648450427247,"PGBD2"
"ENSG00000172456",53.6137083898428,0.158026473552846,0.29411296403784,0.537298565093222,0.591061396448811,0.904634593118866,58.9922931539702,38.9712613421714,41.2679630446978,60.6706482238602,70.2261201145807,33.7864062549982,55.8733122902382,60.4010123204631,51.0762300262367,64.8718371272112,"FGGY"
"ENSG00000269609",15.3264332928537,0.298595084834449,0.555989281858101,0.537051872360836,0.591231783667099,0.904791543174767,13.5392148222227,3.89712613421714,10.7296703916214,25.3548977651953,16.5237929681366,6.75728125099965,19.2064510997694,24.9274019100324,10.4237204135177,21.9047761728246,"RPARP-AS1"
"ENSG00000130921",316.126917386799,0.0957516717427473,0.178441207384737,0.536600671706379,0.5915434800458,0.905153370760896,282.389337720644,333.853805497935,298.780052443612,299.73111286713,342.868704088835,341.725366121982,385.875063004457,322.138732375803,309.584496281476,244.32250346612,"C12orf65"
"ENSG00000067182",859.721239086758,0.12570678194197,0.234330410165484,0.536450996066606,0.591646894962389,0.905153370760896,899.390698904792,949.599734704243,750.251568152605,661.943938084206,1056.1457672134,808.943098333958,1250.16536249408,882.046529124223,694.219779540279,644.5059143158,"TNFRSF1A"
"ENSG00000101096",7.93224523025932,0.38958565985902,0.726679352404159,0.536117695611011,0.591877211023996,0.905153370760896,2.90126031904772,3.89712613421714,10.7296703916214,9.05532063042689,8.26189648406832,16.4105401809991,7.85718454081474,1.91749245461788,3.12711612405531,15.1648450427247,"NFATC2"
"ENSG00000008513",521.558226459073,-0.180933903935443,0.337533267024371,-0.536047618448167,0.591925640725885,0.905153370760896,363.62462665398,536.504364477226,478.708371318494,865.688652268811,468.174134097205,467.217732211976,398.970370572482,536.897887293005,845.363725536285,254.43240016127,"ST3GAL1"
"ENSG00000135655",161.109995742713,-0.119084029863394,0.22223909415403,-0.535837451627025,0.592070896049632,0.905153370760896,156.668057228577,154.586003323946,187.356552222928,178.38981641941,115.666550776956,175.689312525991,120.476829625826,162.028112415211,156.355806202765,203.882916685521,"USP15"
"ENSG00000118900",492.30945952645,-0.108563671067597,0.202657597776703,-0.535699979959384,0.592165917478266,0.905153370760896,497.082601330175,662.511442816913,433.313611969326,466.349012466985,589.34861586354,526.102611684973,458.33576488086,371.993536195868,495.126719642091,422.930678413767,"UBN1"
"ENSG00000117859",213.169209623103,-0.163656423879039,0.305537086976981,-0.535635216982248,0.592210684549801,0.905153370760896,165.37183818572,157.184087413425,188.181911483822,400.245171864869,165.237929681366,255.811361644987,164.127854852575,189.83175300717,202.220176022243,243.480012074858,"OSBPL9"
"ENSG00000140320",127.748338383761,-0.112097818347589,0.209301012680388,-0.535581825008977,0.592247592641889,0.905153370760896,115.083325988893,162.380255592381,131.232122482139,126.774488825976,134.944309239783,133.214973233993,90.794132471637,129.430740686707,118.830412714102,134.798622601997,"BAHD1"
"ENSG00000054267",297.685957211603,0.128461637134796,0.239876184290059,0.535533102275215,0.592281273965304,0.905153370760896,277.553903855565,201.351516934552,298.780052443612,349.535376334478,267.134652984876,246.158102714987,448.732539330975,315.427508784641,273.101474834164,299.084443898182,"ARID4B"
"ENSG00000163110",459.527817963092,0.233739445842166,0.436479930221267,0.535510179640277,0.592297120356364,0.905153370760896,519.325597109541,274.097871439939,328.492985835794,540.602641636485,194.154567375605,479.766968820975,196.429613520369,680.709821389346,979.829718870663,401.868393632204,"PDLIM5"
"ENSG00000160113",292.645014122372,0.136963318521135,0.255769495091549,0.535495128033588,0.592307525620483,0.905153370760896,313.336114457153,358.535604347977,218.720204136898,215.51663100416,264.380687490186,207.545066994989,373.652775940968,404.590907924372,284.567567289033,285.604581637982,"NR2F6"
"ENSG00000091164",582.185679915336,-0.0836610609693896,0.156234171263801,-0.535485036932979,0.592314501704573,0.905153370760896,711.775864939706,517.01873380614,648.732379062649,531.547321006058,570.070857400714,534.790544721972,595.39998409285,555.114065611875,609.787644190785,547.619404320614,"TXNL1"
"ENSG00000068438",417.009232668517,-0.110236714096053,0.205902798248057,-0.535382301911448,0.592385525651921,0.905153370760896,409.077704985728,520.915859940357,415.155708229659,401.150703927911,341.491721341491,491.350879536975,470.558051944349,328.849955966966,468.025046566945,323.516694244794,"FTSJ1"
"ENSG00000156256",459.433618506328,0.133072032166677,0.248577213130235,0.535334797952529,0.592418367951703,0.905153370760896,512.55598969843,323.461469140022,575.275404843087,325.086010632325,377.293272772453,471.079035783976,563.098225425056,395.962191878591,619.168992562951,431.355592326391,"USP16"
"ENSG00000124802",66.3805462312915,0.187021587456519,0.349487292773972,0.535131294680502,0.592559071266434,0.905179408670278,89.9390698904792,36.3731772526933,66.8541001324104,51.6153275934333,46.8174134097205,108.116500015994,73.3337223809376,53.6897887293005,86.5168794321969,50.549483475749,"EEF1E1"
"ENSG00000147586",76.8284874415908,0.171767352536997,0.32103969057621,0.535034631477202,0.592625910120833,0.905179408670278,88.9719831174633,57.157849968518,106.47134465532,32.5991542695368,77.1110338513043,72.3994419749963,92.5401734807069,80.5346830939508,81.305019225438,79.1941907786734,"MRPS28"
"ENSG00000177508",170.023173313705,-0.217246619403759,0.406074724861813,-0.534991729607617,0.59265557620662,0.905179408670278,203.08822233334,177.968760129249,276.495352399475,84.2144818629701,180.384739902158,104.255196443995,128.334014166641,200.377961507568,275.186218916867,69.9267854747861,"IRX3"
"ENSG00000116962",386.994169064187,0.158900482387416,0.297114252381804,0.534812723097587,0.592779364231324,0.905179408670278,306.566507046042,270.200745305722,331.79442287937,537.886045447357,293.297325184425,352.343950944982,268.890315396771,438.147025880185,632.719829100524,438.095523456491,"NID1"
"ENSG00000156639",1664.4631402852,0.103890803649066,0.194289650155942,0.534721245139308,0.592842628382311,0.905179408670278,1517.35914686196,1983.63720231652,1746.46019605161,1125.57635436206,1861.68067441006,1923.8945047489,1600.2465848126,1719.99073179223,1725.12572843718,1440.66027905885,"ZFAND3"
"ENSG00000135916",253.120513694012,0.243811917207815,0.456177748237716,0.534466922487337,0.593018528614623,0.905344335637961,212.759090063499,119.511868115992,97.3923927854867,481.743057538711,265.757670237531,290.563093792985,296.82697154189,462.115681562908,125.084644962212,179.450666338909,"ITM2C"
"ENSG00000153291",19.4548914437912,-0.445210989254491,0.833991761901036,-0.533831399293032,0.593458187673332,0.905806104914975,7.73669418412724,7.79425226843427,8.25359260893955,68.8204367912444,9.63887923141304,4.82662946499975,40.1589432086087,32.5973717285039,2.08474408270354,12.6373708689372,"SLC25A27"
"ENSG00000090432",111.796632541969,0.138139494749276,0.258849016352737,0.533668223645211,0.593571097717295,0.905806104914975,122.82002017302,63.6530601922132,96.5670335245927,137.640873582489,107.404654292888,129.353669661993,114.365686094081,136.141964277869,119.872784755454,90.1465788650857,"MUL1"
"ENSG00000056972",405.599442031488,0.164575865756839,0.308409997731424,0.533626882939633,0.593599705145556,0.905806104914975,372.328407611124,505.327355403489,401.124600794462,234.532804328056,548.039133443198,247.123428607987,493.256585062259,427.600817379786,268.931986668757,557.729301015764,"TRAF3IP2"
"ENSG00000185252",69.2121606426484,-0.145064718586493,0.271892860174272,-0.533536329322929,0.593662369708714,0.905806104914975,86.0707227984156,71.4473124606475,58.6005075234708,76.9702253586286,88.1268958300621,49.2316205429974,80.3178864172174,58.4835198658452,74.0084149359756,48.864500693224,"ZNF74"
"ENSG00000156875",275.448772526954,-0.155684957183652,0.29191317097387,-0.533326251310489,0.593807758740113,0.905806104914975,277.553903855565,216.940021471421,189.007270744716,489.892846106095,264.380687490186,243.262125035987,189.445449484089,297.211330465771,265.804870544701,320.989220071006,"MFSD14A"
"ENSG00000117877",28.4906056340252,-0.244446851764512,0.458380250471488,-0.533283996230367,0.593837004250063,0.905806104914975,26.1113428714294,18.1865886263466,32.1890111748642,48.8987314043052,16.5237929681366,46.3356428639976,19.2064510997694,15.339939636943,42.7372536954226,19.3773019990371,"CD3EAP"
"ENSG00000261801",255.285479077655,0.127440553439978,0.23903462887788,0.533146824952655,0.593931947529716,0.905806104914975,312.369027684137,241.621820321463,252.55993383355,161.184707221599,263.003704742841,342.690692014982,297.699992046425,209.965423780657,228.279477056038,243.480012074858,"LOXL1-AS1"
"ENSG00000187109",4827.29513662618,0.166949307360286,0.31322647031846,0.532998718756264,0.594034467223673,0.905806104914975,4196.18950811601,2472.0770111384,4654.20087218101,6661.09385574202,7399.90528423052,4020.58234434479,6157.41361848515,4957.67674141452,4808.46222675571,2945.34990385364,"NAP1L1"
"ENSG00000165782",207.805339954954,0.0927113452304566,0.173970689059759,0.532913594419404,0.594093394288449,0.905806104914975,170.207272050799,202.650558979291,240.179544920141,186.539604986794,188.646636386227,205.614415208989,218.255126133743,230.099094554145,216.813384601168,219.047761728246,"TMEM55B"
"ENSG00000213553",308.034380985415,0.196289738593232,0.368410428253081,0.532801798048969,0.594170789048613,0.905806104914975,203.08822233334,188.361096487162,223.672359702262,517.058807997375,351.130600572904,302.147004508984,312.54134062352,332.684940876201,501.380951890201,148.278484862197,"RPLP0P6"
"ENSG00000031823",351.516220321971,0.0956588288463319,0.179555460279905,0.532753661165254,0.594204114829197,0.905806104914975,307.533593819058,410.497286137538,321.890111748642,312.408561749728,358.015514309627,312.765589331984,399.843391077017,369.117297513941,304.372636074717,418.718221457454,"RANBP3"
"ENSG00000165028",5.15363765495662,0.464248614210182,0.871593161196051,0.53264370910519,0.594280239252902,0.905806104914975,2.90126031904772,6.49521022369523,4.12679630446978,3.62212825217076,0,1.9306517859999,9.60322554988468,11.5049547277073,2.08474408270354,9.26740530388731,"NIPSNAP3B"
"ENSG00000074181",53.0384599905076,0.257473108010109,0.483410298035005,0.532618169403303,0.594297922098011,0.905806104914975,40.617644466668,10.3923363579124,87.4880816547592,50.7097955303906,27.5396549468944,54.0582500079972,55.0002917857032,46.978565138138,96.9405998457146,60.6593801708988,"NOTCH3"
"ENSG00000182220",404.17430444095,0.218406427622562,0.410096517389014,0.532573231816508,0.594329035981191,0.905806104914975,330.74367637144,168.875465816076,278.971430182157,693.6375602907,194.154567375605,370.685142911981,512.463036162028,656.741165706622,292.906543619847,542.564455973039,"ATP6AP2"
"ENSG00000180190",25.8964004755574,-0.345283588819823,0.648380192374732,-0.532532598744574,0.594357170145743,0.905806104914975,8.70378095714315,11.6913784026514,17.3325444787731,80.5923536107993,33.0475859362733,16.4105401809991,25.3175946315142,5.75247736385363,32.3135332819049,27.8022159116619,"TDRP"
"ENSG00000157927",24.1861122364154,-0.265493566999892,0.498617229570901,-0.532459672980755,0.594407665158271,0.905806104914975,16.4404751412704,55.858807923779,28.8875741312884,7.24425650434151,22.0317239575155,24.1331473249987,27.0636356405841,20.1336707734877,15.6355806202765,24.432250346612,"RADIL"
"ENSG00000184545",25.8270643541249,0.2490318995909,0.468033084047328,0.532081829424087,0.594669321718621,0.90592889523919,28.0455164174613,23.3827568053028,9.90431113072746,31.6936222064941,28.9166376942391,41.5090133989979,29.682697154189,30.679879273886,8.33897633081416,26.117233129137,"DUSP8"
"ENSG00000089009",11479.1472886013,0.167206861667745,0.314327964084476,0.531950321870846,0.594760403006714,0.90592889523919,9068.37267057015,8056.65876147156,11119.2399627634,14518.3955667634,15513.0876315856,7678.2021529216,17043.9793100362,15469.3703776297,9723.24640172931,6600.92005054155,"RPL6"
"ENSG00000171208",65.7132050003735,-0.308059483553864,0.579197191567449,-0.531873234260994,0.594813796353314,0.90592889523919,112.182065669845,31.1770090737371,51.1722741754252,102.325123123824,39.9324996729969,145.764209842992,39.2859227040737,19.1749245461788,95.8982278043628,20.2197933902996,"NETO2"
"ENSG00000167637",33.7728971954904,-0.180784578119479,0.339991980233579,-0.531731889661862,0.59491170183479,0.90592889523919,28.0455164174613,42.8683874763885,34.6650889575461,39.8434107738783,37.1785341783074,32.8210803619983,20.0794716043043,21.0924170007966,36.4830214473119,44.6520437369116,"ZNF283"
"ENSG00000113360",360.335861858694,-0.129919184960289,0.244354947495577,-0.531682236401785,0.594946097016787,0.90592889523919,353.953758923821,444.272379300754,430.012174925751,291.581324299746,360.769479804317,375.511772376981,246.191782278862,265.572704964576,495.126719642091,340.366522070043,"DROSHA"
"ENSG00000101391",67.4969035689503,-0.216680088307556,0.407545677561567,-0.531670681931898,0.594954101014124,0.90592889523919,31.9138635095249,53.2607238343009,53.6483519581071,155.751514843343,44.063447915031,63.7115089379967,65.4765378401228,70.9472208208614,68.7965547292168,67.3993113009986,"CDK5RAP1"
"ENSG00000101084",109.767557530718,-0.25696059940897,0.483320451054357,-0.531656789710458,0.594963724480773,0.90592889523919,149.898449817465,207.846727158247,96.5670335245927,33.5046863325795,61.9642236305124,54.0582500079972,91.667152976172,143.811934096341,68.7965547292168,189.560563034059,"C20orf24"
"ENSG00000118197",143.781991940139,0.126406413234901,0.237811123524664,0.531541213722035,0.595043789425922,0.905947376663644,140.227582087306,90.9329431317332,171.674726265943,140.357469771617,179.007757154814,177.619964311991,133.572137193851,118.884532186308,149.059201913303,136.483605384522,"DDX59"
"ENSG00000111319",6.99666899721793,0.435158290154695,0.819377885964159,0.531083761972226,0.595360736111515,0.906252934981436,8.70378095714315,7.79425226843427,3.30143704357582,3.62212825217076,5.50793098937888,2.89597767899985,14.8413485770945,11.5049547277073,0,11.7948794776748,"SCNN1A"
"ENSG00000139350",213.600626305292,-0.196251114408977,0.369592182111719,-0.530993684140362,0.595423155858257,0.906252934981436,188.581920738102,272.7988293952,289.701100573778,173.862156104196,162.483964186677,199.82245985099,103.016419535127,144.77068032365,423.203048788818,177.765683556384,"NEDD1"
"ENSG00000104980",338.362978606628,-0.122567366431348,0.230868535793158,-0.530896798085817,0.595490296719238,0.906252934981436,396.505576936521,329.956679363718,415.155708229659,280.714939543234,344.24568683618,369.719817018981,405.954534608762,269.407689873812,355.448866100953,216.520287554458,"TIMM44"
"ENSG00000169255",49.2118343023491,0.183569061779329,0.345796077576569,0.530859294488908,0.595516287184322,0.906252934981436,64.7948137920657,35.0741352079542,33.0143704357582,48.8987314043052,46.8174134097205,62.7461830449967,26.1906151360491,69.0297283662435,58.3728343156991,47.1795179106991,"B3GALNT1"
"ENSG00000108840",912.680436790279,0.136518823592128,0.257247833834651,0.530689885924858,0.595633695900708,0.906260873743894,835.562971885742,1062.61639259654,926.878449983912,620.289463184242,1332.91929942969,675.728125099965,1183.81580414942,782.336921484093,982.956834994719,723.700105094473,"HDAC5"
"ENSG00000121211",30.4993124202251,-0.360838582896329,0.680118013347519,-0.530552897901193,0.59572864325945,0.906260873743894,29.9796899634931,50.6626397448228,51.9976334363192,8.1497885673842,16.5237929681366,61.7808571519968,13.0953075680246,3.83498490923575,52.1186020675885,16.8498278252497,"MND1"
"ENSG00000214160",223.27459465606,0.131133529071024,0.247186465458594,0.530504487079167,0.595762198789664,0.906260873743894,213.726176836515,189.660138531901,210.466611527959,230.910676075886,216.186291333121,218.163651817989,343.097058282244,267.490197419194,189.711711526022,153.333433209772,"ALG3"
"ENSG00000108219",174.627173822001,-0.109140338199696,0.205803465816533,-0.530313412199731,0.595894649053739,0.906260873743894,173.108532369847,193.557264666118,130.406763221245,233.627272265014,176.253791660124,171.828008953991,160.635772834435,180.24429073408,169.906642740338,156.703398774822,"TSPAN14"
"ENSG00000153814",494.498130505164,0.0919318914942748,0.173370898531785,0.530261377617655,0.595930720977375,0.906260873743894,507.72055583335,444.272379300754,529.055286233025,421.07240931485,491.582840802065,432.466000063978,459.208785385395,522.516693883371,640.016433389987,497.069920844865,"JAZF1"
"ENSG00000105997",23.3480377045323,0.207387706660593,0.391154108835216,0.530194370904487,0.595977173494733,0.906260873743894,15.4733883682545,25.9808408947809,21.4593407832428,22.6383015760672,28.9166376942391,13.5145625019993,29.682697154189,36.4323566377396,20.8474408270354,18.5348106077746,"HOXA3"
"ENSG00000028116",111.013389779134,-0.188695482347531,0.355918043676791,-0.530165541477535,0.595997160051563,0.906260873743894,169.240185277783,114.315699937036,120.502452090517,75.1591612325432,100.519740556165,137.076276805993,60.238414812913,55.6072811839184,155.313434161414,122.16125173306,"VRK2"
"ENSG00000166913",3087.36098303138,0.14967469458457,0.282442993135199,0.529928864310414,0.596161252614298,0.906365252178272,3924.43812489854,2577.29941676227,3584.53527006245,1503.18322465086,2347.75558422275,3307.20650941783,3078.27029899031,2672.02573551001,4054.82724085838,3824.06842494041,"YWHAB"
"ENSG00000165102",533.903271573294,-0.186388944932585,0.351830962606587,-0.529768453440533,0.596272480075702,0.906365252178272,410.044791758744,406.600160003321,316.112596922385,1169.94742545115,497.090771791444,539.617174186972,464.446908412605,675.916090252801,416.948816540708,442.307980412804,"HGSNAT"
"ENSG00000232024",15.0879519105593,-0.247964959263781,0.468101245096809,-0.529725058117499,0.596302571628842,0.906365252178272,13.5392148222227,24.6817988500419,15.6818259569851,12.6774488825976,20.6547412101708,18.341191966999,9.60322554988468,7.6699698184715,18.7626967443319,9.26740530388731,"LSM12P1"
"ENSG00000248874",13.9412343617844,-1.08833484959767,2.0549143957215,-0.52962539552191,0.596371683130131,0.906365252178272,2.90126031904772,0,0,78.7812894847139,17.9007757154814,12.5492366089993,0,9.58746227308938,0,17.6923192165121,"C5orf17"
"ENSG00000134516",18.0048636214234,-0.289948835516247,0.547898928214598,-0.529201319048175,0.596665801760932,0.906365252178272,21.2759090063499,10.3923363579124,30.5382926530763,18.1106412608538,26.1626721995497,8.68793303699955,6.1111435317448,18.2161783188698,9.38134837216593,31.1721814767119,"DOCK2"
"ENSG00000164938",242.894233895832,0.135350315662638,0.25585823747735,0.529005112351014,0.596801903436472,0.906365252178272,171.174358823815,294.882544155763,218.720204136898,233.627272265014,263.003704742841,238.435495570988,181.588264943274,253.10900400956,201.177803980892,373.22368632928,"TP53INP1"
"ENSG00000113194",253.733367200804,-0.170058296152398,0.321501134693919,-0.528950842784115,0.596839550818013,0.906365252178272,221.462871020642,185.763012397684,179.928318874882,499.853698799564,214.809308585776,249.054080393987,236.588556728977,322.138732375803,249.126917883073,178.608174947646,"FAF2"
"ENSG00000261064",9.09963438957322,-0.307472481532154,0.581364634831821,-0.528880607987275,0.596888275055436,0.906365252178272,5.80252063809543,9.09329431317332,9.90431113072746,16.2995771347684,6.8849137367236,6.75728125099965,8.73020504534971,17.2574320915609,5.21186020675885,5.0549483475749,"LINC02256"
"ENSG00000134874",603.746760987928,-0.115314965145071,0.218050136554379,-0.528846103778121,0.596912212447163,0.906365252178272,750.459335860343,548.195742879877,556.292141842526,675.526919029846,656.820770483431,619.739223305968,471.431072448884,712.348446890541,647.313037679449,399.340919458417,"DZIP1"
"ENSG00000124795",2527.21042619758,0.125903917434844,0.238081163076157,0.528827714919093,0.596924969948039,0.906365252178272,3047.29042177312,2152.5126681326,2966.34118365287,1418.06321072485,2302.31515356037,2997.33689776484,2796.28467602551,2355.63948049806,2940.53152865334,2295.78904119027,"DEK"
"ENSG00000247498",7.80139856765829,0.412519323070937,0.780182584773151,0.528747156270968,0.596980859979625,0.906365252178272,1.93417354603181,3.89712613421714,8.25359260893955,11.771916819555,4.13094824203416,2.89597767899985,3.49208201813988,6.71122359116257,23.9745569510907,10.9523880864123,"GPRC5D-AS1"
"ENSG00000080802",128.574988767325,0.118695274855877,0.224564314874227,0.528558043259704,0.597112072282001,0.906365252178272,95.7415905285746,126.007078339687,124.629248394987,143.074065960745,107.404654292888,166.036053595991,103.889440039662,134.224471823251,144.889713747896,139.853570949572,"CNOT4"
"ENSG00000197046",7.04106571467649,-0.522818963176068,0.98939743636205,-0.528421586676472,0.597206758115639,0.906365252178272,10.637954503175,20.7846727158247,2.47607778268187,0.905532063042689,2.75396549468944,8.68793303699955,1.74604100906994,0,11.4660924548695,10.9523880864123,"SIGLEC15"
"ENSG00000080371",824.789764936279,0.13595980696752,0.257385922169252,0.528233268632758,0.597337441301593,0.906365252178272,887.785657628601,923.618893809462,914.498061070502,389.378787108356,732.554821587391,906.441013526953,736.829305827516,829.315486622231,974.617858663905,952.857763517868,"RAB21"
"ENSG00000085433",97.2916995113327,0.15454786114835,0.292608218126123,0.528173344337632,0.597379028454632,0.906365252178272,76.3998550682565,96.1291113106894,95.7416742636988,95.986398682525,115.666550776956,100.393892871995,53.2542507766332,79.5759368666419,115.703296590046,144.066027905885,"WDR47"
"ENSG00000177873",23.7757008046678,-0.207632181034758,0.393169409073654,-0.528098514897076,0.597430961550122,0.906365252178272,21.2759090063499,36.3731772526933,18.157903739667,28.0714939543234,28.9166376942391,22.2024955389988,23.5715536224442,13.4224471823251,14.5932085789248,31.1721814767119,"ZNF619"
"ENSG00000049323",207.557247862119,0.250943257035048,0.475205044981919,0.528073638285124,0.597448226859987,0.906365252178272,68.6631608841293,262.406493037287,149.390026221806,265.320894471508,239.594998037981,183.41191966999,130.080055175711,116.96703973169,136.550737417082,523.187153974002,"LTBP1"
"ENSG00000240184",47.6321356848993,-0.223605041769214,0.423532720564235,-0.527952224024922,0.59753249620485,0.906365252178272,61.893553473018,75.3444385948647,37.9665260011219,33.5046863325795,60.5872408831677,59.8502053659969,29.682697154189,14.3811934096341,50.0338579848849,53.0769576495364,"PCDHGC3"
"ENSG00000101294",747.485794277718,0.122306687825268,0.231680371027638,0.527911308509939,0.597560895434022,0.906365252178272,605.396319907957,526.112028119314,767.584112631378,939.036749375269,736.685769829425,886.169169773954,946.354226915909,825.480501712996,695.26215158163,546.776912929352,"HM13"
"ENSG00000204178",119.252197955967,-0.172423581732113,0.326755237393428,-0.527684217420844,0.59771852923333,0.906419367141272,86.0707227984156,90.9329431317332,94.0909557419109,239.965996706313,114.289568029612,104.255196443995,137.06421921199,120.802024640926,111.533808424639,93.5165444301356,"TMEM57"
"ENSG00000066135",222.565975035551,-0.105775733651076,0.200460358839816,-0.527664094104507,0.597732498613443,0.906419367141272,175.042705915879,216.940021471421,262.464244964278,274.376215101935,232.710084301258,232.643540212988,183.334305952344,193.666737916405,208.474408270354,246.007486248645,"KDM4A"
"ENSG00000140511",14.7350974062501,0.40671158586495,0.771272081944545,0.527325693987965,0.597967434389733,0.906490498079435,3.86834709206362,14.2894624921295,3.30143704357582,28.0714939543234,2.75396549468944,8.68793303699955,13.0953075680246,47.9373113654469,13.550836537573,11.7948794776748,"HAPLN3"
"ENSG00000137285",17.1796226204459,-0.298312946747352,0.565799842968275,-0.527241126795574,0.598026152085606,0.906490498079435,30.946776736509,25.9808408947809,5.77751482625769,14.488513008683,30.2936204415838,13.5145625019993,13.9683280725595,6.71122359116257,20.8474408270354,9.26740530388731,"TUBB2B"
"ENSG00000101464",35.6975307432921,-0.164307134412768,0.311639845028067,-0.527234039658731,0.598031073029406,0.906490498079435,29.9796899634931,40.2703033869104,32.1890111748642,50.7097955303906,23.4087067048602,34.7517321479982,41.9049842176786,37.3911028650486,38.5677655300155,27.8022159116619,"PIGU"
"ENSG00000069966",266.348733128,0.135913017588172,0.257799210555892,0.527204940989164,0.598051277843664,0.906490498079435,247.574213892072,289.686375976807,318.588674705067,150.318322465086,282.281463205668,340.760040228982,247.937823287932,211.882916235275,236.618453386852,337.839047896256,"GNB5"
"ENSG00000143418",466.917188679193,0.102005566153078,0.193630515425545,0.526805219357591,0.598328858029402,0.906684381889601,434.221961084142,426.085790674407,430.012174925751,498.042634673479,481.943961570652,631.323134021967,363.176529886548,477.455621199851,514.931788427774,411.978290327354,"CERS2"
"ENSG00000188227",28.9438262860182,0.259233808743286,0.492208005274903,0.526675320118984,0.598419077029884,0.906684381889601,24.1771693253976,9.09329431317332,35.4904482184401,34.4102183956222,20.6547412101708,56.954227686997,22.6985331179092,19.1749245461788,18.7626967443319,48.0220093019615,"ZNF793"
"ENSG00000000460",24.478224515752,-0.251247437647314,0.477092181642291,-0.526622416620717,0.598455821898943,0.906684381889601,15.4733883682545,32.4760511184761,31.3636519139703,28.977026017366,19.2777584628261,37.647709826998,19.2064510997694,7.6699698184715,37.5253934886637,15.1648450427247,"C1orf112"
"ENSG00000165355",171.855043988989,0.138295656456307,0.262639537539209,0.526560691326457,0.598498695364555,0.906684381889601,186.64774719207,161.081213547642,165.071852178791,135.829809456403,163.860946934022,166.036053595991,151.905567789085,112.173308595146,210.559152353057,265.384788247682,"FBXO33"
"ENSG00000104164",1109.34048329986,0.114119989922508,0.216764992582538,0.526468728012225,0.598562574290945,0.906684381889601,1151.80034666194,922.319851764723,1331.30448782195,822.223113242762,1102.96318062312,1406.47982610093,849.448950912527,983.67362921897,1335.27858497162,1187.9128616801,"BLOC1S6"
"ENSG00000069712",12.8966390301848,-0.22867897245901,0.434392945938138,-0.526433439118454,0.598587087241354,0.906684381889601,10.637954503175,19.4856306710857,11.5550296525154,15.3940450717257,11.0158619787578,12.5492366089993,10.4762460544197,12.4637009550162,9.38134837216593,16.0073364339872,"KIAA1107"
"ENSG00000179958",204.395676254731,0.198280699939307,0.376878122773606,0.526113584094708,0.598809290953213,0.906867626693336,258.212168395247,197.454390800335,248.43313752908,47.0876672782198,212.055343091087,225.886258961988,216.509085124673,185.038021870625,263.720126461998,189.560563034059,"DCTPP1"
"ENSG00000196968",370.029126929621,-0.118801162822555,0.225880632414983,-0.525946654002172,0.59892527236333,0.906867626693336,293.994378996835,533.906280387748,316.112596922385,411.111556621381,371.785341783074,329.176129512983,431.272129240276,392.127206969356,337.728541397973,283.077107464194,"FUT11"
"ENSG00000168264",663.844232699662,-0.0757712881371685,0.144088087177964,-0.525867818923733,0.598980049751938,0.906867626693336,728.216340080977,694.98749393539,725.490790325787,591.312437166876,634.789046525916,571.47292865597,694.924321609837,701.802238390143,622.296108687006,673.150621618724,"IRF2BP2"
"ENSG00000163681",360.352333041131,-0.128915249618408,0.245235274136272,-0.525679880565519,0.59911064510085,0.90696239202157,453.56369654446,418.291538405973,400.299241533568,247.210253210654,375.916290025108,295.389723257985,270.636356405841,283.788883283446,456.558954112075,401.868393632204,"SLMAP"
"ENSG00000244462",285.568625880153,-0.159473290128395,0.304040506940124,-0.524513301643062,0.599921570560265,0.907922598765537,207.92365619842,249.416072589897,227.799156006732,533.358385132144,257.495773753463,286.701790220985,214.763044115603,212.841662462584,324.1777048604,341.209013461306,"RBM12"
"ENSG00000166188",84.34719109623,-0.1580486171371,0.301398610631828,-0.524384026873181,0.600011464055594,0.907922598765537,88.0048963444474,126.007078339687,98.2177520463807,47.9931993412625,104.650688798199,73.3647678679962,72.4607018764026,83.4109217758776,58.3728343156991,90.9890702563482,"ZNF319"
"ENSG00000182307",508.368681809062,0.147586729918482,0.281503549911706,0.524280173251003,0.600083684921102,0.907922598765537,675.026567565102,414.394412271756,590.131871539178,230.005144012843,546.662150695854,609.120638482968,488.018462035049,459.239442880981,585.813087239694,485.27504136719,"C8orf33"
"ENSG00000236618",20.5215525570676,0.213744826405295,0.407735729906253,0.52422392919659,0.600122799250351,0.907922598765537,22.2429957793658,20.7846727158247,17.3325444787731,14.488513008683,28.9166376942391,21.2371696459989,27.0636356405841,27.8036405919592,13.550836537573,11.7948794776748,"PITPNA-AS1"
"ENSG00000106588",52.213033380883,0.205530735637036,0.392131735642465,0.524136959484539,0.600183283681692,0.907922598765537,61.893553473018,16.8875465816076,47.8708371318494,64.2927764760309,34.424568683618,41.5090133989979,70.7146608673327,69.9884745935525,43.7796257367743,70.7692768660486,"PSMA2"
"ENSG00000132640",604.3909423135,0.161744950366183,0.30861108631253,0.524106091906188,0.600204751679436,0.907922598765537,414.880225623823,371.526024795367,680.921390237513,788.718426910182,717.408011366599,619.739223305968,606.749250651805,653.864927024696,318.965844653642,871.136098565408,"BTBD3"
"ENSG00000213190",55.5391992377364,0.215973740240739,0.412151615300287,0.524015270650787,0.600267918691053,0.907922598765537,52.2226857428589,28.578924984259,50.3469149145313,70.6315009173297,59.2102581358229,44.4049910779977,30.555717658724,39.3085953196665,117.78804067275,62.3443629534237,"MLLT11"
"ENSG00000075151",526.137767775839,-0.102051953964067,0.194761510861904,-0.523984197454841,0.600289531072543,0.907922598765537,572.515369625416,619.643055340525,598.385464148117,404.772832180082,502.598702780823,451.772517923977,443.494416303765,491.836814609485,528.482624965347,647.87587988085,"EIF4G3"
"ENSG00000212232",6.45796226159937,-0.460819269385853,0.879972321260171,-0.52367473186649,0.600504793287987,0.908080162272161,9.67086773015905,1.29904204473905,11.5550296525154,8.1497885673842,4.13094824203416,12.5492366089993,1.74604100906994,0,10.4237204135177,5.0549483475749,"SNORD17"
"ENSG00000124207",364.459466802959,-0.141201191686063,0.269653867110624,-0.523638667596546,0.600529881625587,0.908080162272161,370.394234065092,423.487706584929,494.390197275479,256.265573841081,272.642583974255,466.252406318976,254.921987324212,280.912644601519,459.68607023613,365.641263807918,"CSE1L"
"ENSG00000036549",521.891357185683,-0.110265341382154,0.210659788447856,-0.523428520433781,0.600676081252344,0.908198265011055,589.922931539702,526.112028119314,612.416571583315,454.57709564743,541.154219706475,543.478477758972,416.430780663181,404.590907924372,692.135035457575,438.095523456491,"ZZZ3"
"ENSG00000197077",10.8653136886793,-0.416465617884836,0.796187970399073,-0.523074491663183,0.600922415848065,0.908290175911731,17.4075619142863,28.578924984259,4.95215556536373,0.905532063042689,4.13094824203416,4.82662946499975,12.2222870634896,7.6699698184715,5.21186020675885,22.747267564087,"KIAA1671"
"ENSG00000100890",7.83820504931213,-0.332683966500257,0.636055446617368,-0.523042398692625,0.600944748517404,0.908290175911731,6.76960741111134,7.79425226843427,14.8564666960912,6.33872444129882,2.75396549468944,7.7226071439996,3.49208201813988,4.79373113654469,14.5932085789248,9.26740530388731,"KIAA0391"
"ENSG00000083812",48.886084436756,-0.14390660560141,0.275172425922635,-0.522968844421458,0.600995934449169,0.908290175911731,45.4530783317476,58.4568920132571,42.9186815664857,60.6706482238602,50.9483616517546,55.9889017939971,48.0161277494234,30.679879273886,51.0762300262367,44.6520437369116,"ZNF324"
"ENSG00000144029",283.608508652172,-0.10135042951293,0.193805325026633,-0.522949663529639,0.601009282628854,0.908290175911731,255.310908076199,232.528526008289,309.509722835233,383.9455947301,272.642583974255,254.846035751987,302.0650945691,293.376345556535,282.48282320633,249.377451813695,"MRPS5"
"ENSG00000027075",18.7972296742468,0.225047284454572,0.430482129029545,0.522779621448878,0.601127622514344,0.908366088995445,13.5392148222227,20.7846727158247,18.157903739667,16.2995771347684,16.5237929681366,23.1678214319988,28.809676649654,12.4637009550162,10.4237204135177,27.8022159116619,"PRKCH"
"ENSG00000158987",39.0609804330051,-0.200504340574836,0.383612646032879,-0.522673959391972,0.601201162762997,0.908374295657652,35.7822106015885,25.9808408947809,25.5861370877126,81.497885673842,41.3094824203416,35.7170580409981,37.5398816950038,41.2260877742843,36.4830214473119,29.4871986941869,"RAPGEF6"
"ENSG00000166974",116.24616285017,-0.217703539524405,0.416860070262999,-0.522246084608329,0.601499002931618,0.908619127206771,202.121135560324,122.10995220547,84.1866446111834,99.6085269346958,110.158619787578,75.2954196539961,110.000583571406,39.3085953196665,107.364320259232,212.307830598146,"MAPRE2"
"ENSG00000156873",106.623296353862,0.147879909626054,0.283220470953904,0.522137079738572,0.601574890978025,0.908619127206771,92.8403302095269,76.6434806396037,84.1866446111834,146.696194212916,100.519740556165,97.4979151929949,152.77858829362,133.265725595942,78.1779031013827,103.626441125285,"PHKG2"
"ENSG00000177548",253.382445686282,-0.10012731954927,0.191846586766723,-0.52191347908118,0.601730572925989,0.908619127206771,252.409647757151,301.377754379459,290.526459834672,211.894502751989,275.396549468944,216.233000031989,297.699992046425,220.511632281056,247.042173800369,220.732744510771,"RABEP2"
"ENSG00000196511",15.0701244263879,-0.268733547865356,0.514940495114311,-0.52187301331914,0.601758749152812,0.908619127206771,12.5721280492068,29.8779670289981,18.157903739667,7.24425650434151,6.8849137367236,15.4452142879992,11.3492665589546,9.58746227308938,21.8898128683872,17.6923192165121,"TPK1"
"ENSG00000137513",86.7147746294653,-0.135271907242367,0.259259710574364,-0.521762162515283,0.601835937386901,0.908619127206771,113.149152442861,71.4473124606475,112.248859481578,68.8204367912444,83.9959475880279,70.4687901889964,81.1909069217523,75.7409519574061,112.576180465991,77.5092079961484,"NARS2"
"ENSG00000262814",150.959049628454,0.216475452891934,0.415077622084938,0.521530049740036,0.60199757787655,0.908619127206771,201.154048787308,151.987919234468,166.722570700579,30.7880901434514,147.337153965885,124.527040196994,216.509085124673,210.924170007966,128.211761086268,131.428657036947,"MRPL12"
"ENSG00000070770",749.051811470961,-0.0835921071659794,0.160296554923524,-0.521484115524882,0.602029568220197,0.908619127206771,728.216340080977,853.470623393553,735.395101456514,783.285234531926,859.237234343105,746.196915288961,630.320804274249,818.769278121833,708.812988119203,626.813595099287,"CSNK2A2"
"ENSG00000036257",458.127057441062,-0.118151926501014,0.226634822374706,-0.521331740916971,0.602135693209885,0.908619127206771,509.654729379382,505.327355403489,593.433308582754,315.125157938856,402.078962224658,406.402200952979,389.367145022597,381.580998468957,539.948717420217,538.351999016727,"CUL3"
"ENSG00000228623",24.9040150149309,-0.256773842604437,0.492578444997571,-0.521285178456607,0.602168124446037,0.908619127206771,34.8151238285726,11.6913784026514,33.0143704357582,30.7880901434514,19.2777584628261,13.5145625019993,51.5082097675633,19.1749245461788,12.5084644962212,22.747267564087,"ZNF883"
"ENSG00000115677",16322.5448606969,0.127520101400062,0.244628906406442,0.521279775449728,0.602171887747289,0.908619127206771,12086.6504891528,17847.5386526698,14202.7821614632,17722.1680058085,26315.5172845049,18379.805002719,13903.724555224,15123.2629895712,15066.4454856985,12577.5539801576,"HDLBP"
"ENSG00000178935",12.9678795948635,-0.320937934138604,0.615707733049908,-0.521250451977983,0.60219231231073,0.908619127206771,12.5721280492068,3.89712613421714,14.0311074351972,28.0714939543234,8.26189648406832,14.4798883949993,9.60322554988468,3.83498490923575,23.9745569510907,10.9523880864123,"ZNF552"
"ENSG00000137449",211.365346713215,-0.154588793343689,0.296873945089067,-0.520721996325107,0.602560448962836,0.908619127206771,202.121135560324,222.136189650377,245.957059746399,230.005144012843,184.515688144192,226.851584854988,93.4131939852419,162.028112415211,280.398079123626,266.227279638945,"CPEB2"
"ENSG00000146872",463.292983362894,-0.0921144659684799,0.176902336555417,-0.520708023207052,0.602570184394035,0.908619127206771,458.399130409539,545.597658790399,479.533730579388,440.99411470179,486.074909812686,452.737843816977,387.621104013527,395.003445651282,573.304622743473,413.663273109879,"TLK2"
"ENSG00000232573",107.508478952133,0.262467032325269,0.504067463790824,0.520698222320071,0.602577012966663,0.908619127206771,63.8277270190498,44.1674295211276,70.9808964368801,204.650246247648,99.1427578088198,47.3009687569975,171.112018888854,195.584230371023,130.296505168971,48.0220093019615,"RPL3P4"
"ENSG00000235531",444.783690036881,0.145235567144668,0.278930362974846,0.520687549378643,0.602584449165481,0.908619127206771,486.444646827,245.51894645568,574.450045582193,364.929421406204,549.416116190543,502.934790252974,597.14602510192,439.105772107494,327.304820984456,360.586315460343,"MSC-AS1"
"ENSG00000141499",47.0109041231417,-0.1939180606654,0.372511321022843,-0.520569576604919,0.602666647534753,0.908619127206771,37.7163841476203,74.0453965501256,50.3469149145313,42.5600069630064,19.2777584628261,48.2662946499975,66.3495583446578,29.7211330465771,52.1186020675885,49.7069920844865,"WRAP53"
"ENSG00000197006",2119.25776555183,0.0807243422044912,0.155101573267805,0.520461143647517,0.602742203421543,0.908619127206771,2257.18052821912,1819.9579046794,2319.25952311201,1795.67008101365,2473.06101423112,2261.75856729888,1912.78792543612,2255.92987285793,2029.4983645119,2067.47387415813,"METTL9"
"ENSG00000265666",22.4117314762091,0.234014290265059,0.449695862552302,0.52038346302962,0.602796333755948,0.908619127206771,18.3746486873022,32.4760511184761,15.6818259569851,15.3940450717257,16.5237929681366,14.4798883949993,22.6985331179092,46.978565138138,18.7626967443319,22.747267564087,"RARA-AS1"
"ENSG00000152402",218.812008709497,0.246001783123549,0.472752534123086,0.520360580572795,0.602812279399593,0.908619127206771,386.834709206362,167.576423771337,161.770415135215,71.5370329803724,133.567326492438,389.02633487898,253.175946315142,362.406073922779,102.152460052473,160.073364339872,"GUCY1A2"
"ENSG00000018610",122.297758338537,0.166092555573421,0.319190857419507,0.520354990478716,0.602816174886392,0.908619127206771,128.622540811115,59.7559340579961,135.358918786609,131.30214914119,103.273706050854,119.700410731994,74.2067428854726,133.265725595942,156.355806202765,181.135649121434,"CXorf56"
"ENSG00000144354",26.5787325707875,-0.44079999364903,0.847317516065972,-0.520230002674357,0.602903276261663,0.908619127206771,58.0252063809543,10.3923363579124,21.4593407832428,36.2212825217076,8.26189648406832,39.5783616129979,7.85718454081474,0.958746227308938,77.1355310600309,5.89743973883738,"CDCA7"
"ENSG00000175334",1297.67028113225,0.159546565731922,0.306707393875476,0.520191455823519,0.602930139895023,0.908619127206771,1557.00970455561,1322.42480154435,1494.72562147895,476.309865160454,1408.65335053365,1523.28425915392,1551.35743655864,1021.06473208402,1467.65983422329,1154.2132060296,"BANF1"
"ENSG00000066136",166.896427062129,-0.0864809110359296,0.166330714347359,-0.519933503413722,0.603109923020092,0.908787373553154,191.483181057149,177.968760129249,166.722570700579,155.751514843343,170.745860670745,161.209424130992,151.03254728455,175.450559597536,150.101573954655,168.498278252497,"NFYC"
"ENSG00000121289",244.410563139065,-0.141069942954917,0.271409708049286,-0.51976749088614,0.603225640260155,0.908829565997408,207.92365619842,348.143267990064,318.588674705067,161.184707221599,272.642583974255,298.285700936985,214.763044115603,166.821843551755,228.279477056038,227.47267564087,"CEP89"
"ENSG00000185963",388.630980371306,-0.110417701858102,0.212465203544838,-0.519697814116655,0.603274210675193,0.908829565997408,466.135824593666,492.336934956098,378.839900750325,289.77026017366,396.571031235279,454.668495602976,299.446033055495,342.272403149291,406.52509612719,359.74382406908,"BICD2"
"ENSG00000084733",1445.88502876931,-0.143964666767612,0.277133333580753,-0.519477988834793,0.603427458427778,0.908842747784145,1993.16583918578,1480.90793100251,1797.63247022703,861.160991953597,1242.03843810494,1657.46455828091,940.243083384164,1241.57636436507,1899.20185934292,1345.45875184619,"RAB10"
"ENSG00000067225",7860.02637793984,0.106726320047571,0.205462217327642,0.519444993029445,0.603450462447467,0.908842747784145,7377.90499133834,8161.88116709542,8235.43470519988,6281.67592132713,6201.93029404062,9264.23259512052,7826.62882315602,6614.39022220436,7637.45994698442,10998.7251129317,"PKM"
"ENSG00000167840",44.683458025728,0.159438981165094,0.306972334187569,0.519392021391974,0.603487394044866,0.908842747784145,48.3543386507953,45.4664715658666,42.9186815664857,30.7880901434514,39.9324996729969,50.1969464359974,67.2225788491928,51.7722962746827,36.4830214473119,33.6996556504993,"ZNF232"
"ENSG00000136932",82.1605867866405,0.107724885416116,0.207487742881737,0.519186742888788,0.603630522930739,0.908955660418568,83.1694624793679,83.1386908632989,68.5048186541983,79.6868215477566,88.1268958300621,69.5034642959964,85.5560094444272,85.3284142304955,83.3897633081416,95.2015272126606,"TRMO"
"ENSG00000181104",27.8129136967203,0.317758405120381,0.61238357701644,0.518887862193356,0.603838942512063,0.90909987234755,14.5063015952386,19.4856306710857,25.5861370877126,37.1268145847502,16.5237929681366,21.2371696459989,20.0794716043043,39.3085953196665,79.2202751427345,5.0549483475749,"F2R"
"ENSG00000166971",223.424203664198,0.107932225619566,0.208127028265447,0.518588222390357,0.604047923893294,0.90909987234755,190.516094284133,200.052474889813,278.971430182157,183.823008797666,202.416463859674,235.539517891988,185.953367465949,233.934079463381,280.398079123626,242.637520683595,"AKTIP"
"ENSG00000144724",245.530300877301,0.15655523232209,0.30190670185239,0.518555008423212,0.60407109070841,0.90909987234755,264.981775806358,184.463970352945,163.421133657003,306.069837308429,162.483964186677,219.128977710989,220.001167142813,345.148641831218,381.508167134748,208.095373641833,"PTPRG"
"ENSG00000069956",899.499236756273,-0.138367736305929,0.266854116510903,-0.518514528143978,0.604099326331683,0.90909987234755,945.810864009556,915.824641541027,1147.2493726426,796.868215477566,1091.94731864436,1123.63933945194,667.860685969253,514.8467240649,1101.78724770882,689.157958052711,"MAPK6"
"ENSG00000174903",1192.45599963288,0.151411914559686,0.292024189503994,0.518491001779204,0.604115736608706,0.90909987234755,1347.15187481116,1441.93666966034,1211.62739499233,472.687736908284,1444.45490196461,1411.30645556593,1210.00641928547,973.127420718572,1103.87199179152,1308.38913063064,"RAB1B"
"ENSG00000058085",73.6106470616929,0.177341963820297,0.342112264531982,0.518373593132958,0.604197635313467,0.90909987234755,58.0252063809543,72.7463545053866,91.614877959229,50.7097955303906,81.2419820933385,59.8502053659969,100.397358021522,110.255816140528,35.4406494059602,75.8242252136235,"LAMC2"
"ENSG00000166887",641.585037342357,-0.0898013075687255,0.173239436042037,-0.518365273060198,0.604203439190874,0.90909987234755,655.684832104784,678.099947353782,598.385464148117,730.76437487545,689.868356419705,600.432705445969,574.447491984011,638.524987387753,488.87248739398,760.769726310022,"VPS39"
"ENSG00000169744",173.592807641413,-0.236873814442167,0.457143035439925,-0.518161266996477,0.604345756616574,0.909187704960878,340.414544101599,148.090793100251,208.815893006171,66.1038406021163,163.860946934022,141.902906270993,159.7627523299,70.9472208208614,323.135332819049,112.893846429173,"LDB2"
"ENSG00000138061",1220.57612408264,0.394914730193434,0.762256858843344,0.518086161655116,0.604398154921133,0.909187704960878,647.948137920657,1271.76216179953,528.229926972131,1658.93473949421,366.277410793695,758.746151897961,1899.6926178681,2593.40854487068,138.635481499785,2342.1260677097,"CYP1B1"
"ENSG00000166106",10.8896101620392,0.457632469764959,0.884211325070758,0.517560063741931,0.604765251728311,0.90928743252476,21.2759090063499,3.89712613421714,3.30143704357582,7.24425650434151,2.75396549468944,4.82662946499975,34.9208201813988,22.0511632281056,1.04237204135177,7.58242252136235,"ADAMTS15"
"ENSG00000164742",8.19139221893906,-0.386845070448989,0.747482819261706,-0.517530383950601,0.604785964458694,0.90928743252476,5.80252063809543,24.6817988500419,6.60287408715164,1.81106412608538,2.75396549468944,9.6532589299995,5.23812302720983,4.79373113654469,6.25423224811062,14.3223536514622,"ADCY1"
"ENSG00000081923",583.669366572293,-0.124574575542379,0.240794546055781,-0.517347994723771,0.604913255993004,0.90928743252476,802.682021603202,437.777169077058,468.804060187766,747.063952010218,528.761374980372,639.045741165967,490.637523548654,494.713053291412,499.296207807498,727.912562050785,"ATP8B1"
"ENSG00000134283",179.632003012875,-0.12947702962591,0.250275395981861,-0.517338227027691,0.604920073319071,0.90928743252476,194.384441376197,176.66971808451,211.291970788852,175.673220230282,121.174481766335,163.140075916992,137.06421921199,147.646919005576,224.10998889063,245.164994857383,"PPHLN1"
"ENSG00000058272",653.738944476424,-0.114983663088096,0.222273442944272,-0.517307248067977,0.604941695193236,0.90928743252476,498.049688103191,607.951676937873,702.380731020756,932.69802493397,494.336806296754,542.513151865972,693.178280600767,624.143793978119,715.067220367314,727.070070659523,"PPP1R12A"
"ENSG00000070761",144.578800362538,0.154077610211086,0.298185781730403,0.516716824380281,0.605353849705096,0.909804405399692,151.832623363497,146.791751055512,175.801522570412,67.9149047282017,117.043533524301,137.076276805993,176.350141916064,122.719517095544,143.847341706544,206.410390859308,"CFAP20"
"ENSG00000118939",79.683351198811,0.188281076119093,0.364748763869301,0.516193870328124,0.60571901100807,0.910038800204755,92.8403302095269,58.4568920132571,101.519189089956,41.6544748999637,41.3094824203416,74.3300937609961,112.619645085011,99.7096076401295,61.4999504397544,112.893846429173,"UCHL3"
"ENSG00000074964",323.19219566458,0.14946795564074,0.289678670117588,0.515978465311467,0.605869449789576,0.910038800204755,290.126031904772,422.18866454019,307.859004313445,193.783861491135,450.273358381723,259.672665216987,435.637231762951,323.097478603112,206.38966418765,342.893996243831,"ARHGEF10L"
"ENSG00000004776",873.097490441504,-0.411132913702735,0.796912506801332,-0.51590721715857,0.60591921315275,0.910038800204755,1133.42569797464,1810.86461036623,1103.50533181522,55.237455845604,907.43163050017,133.214973233993,586.669779047501,926.148855580434,730.70280098759,1343.77376906366,"HSPB6"
"ENSG00000177106",337.221052104366,0.106547373158465,0.206597492214531,0.515724426353761,0.606046891989268,0.910126746859382,298.829812861915,409.198244092799,282.272867225733,300.636644930173,378.670255519798,302.147004508984,368.414652913758,412.260877742843,253.29640604848,366.48375519918,"EPS8L2"
"ENSG00000151376",70.5115155453752,-0.265576452210879,0.51512487097216,-0.515557425347517,0.606163552220347,0.910126746859382,60.926466700002,62.3540181474742,33.8397296966522,156.657046906385,74.3570683566149,38.613035719998,65.4765378401228,67.1122359116257,17.7203247029801,128.058691471897,"ME3"
"ENSG00000132676",798.635361411641,0.0976663353805705,0.189449109820371,0.515528077556947,0.606184054452132,0.910126746859382,655.684832104784,585.86796217731,826.184620154849,996.085269346958,873.007061816552,838.868201016957,887.861853112066,799.594353575654,799.499355716807,723.700105094473,"DAP3"
"ENSG00000213609",8.02011386094124,0.364165640929353,0.706524221313693,0.515432634782474,0.606250732480974,0.910126746859382,4.83543386507953,1.29904204473905,9.07895186983351,11.771916819555,8.26189648406832,2.89597767899985,8.73020504534971,20.1336707734877,7.29660428946239,5.89743973883738,"RPL7AP50"
"ENSG00000072201",32.5804447314874,0.219571364999071,0.426135492979601,0.515261855950548,0.606370049812289,0.910144243818568,41.5847312396839,23.3827568053028,26.4114963486066,27.1659618912807,42.6864651676863,38.613035719998,34.9208201813988,23.9686556827235,11.4660924548695,55.6044318233239,"LNX1"
"ENSG00000084463",284.171687747978,-0.130250515128193,0.25292047206741,-0.514986051004516,0.606562767469137,0.910251844949814,283.35642449366,375.423150929584,294.653256139142,246.304721147611,239.594998037981,385.16503130698,215.636064620138,182.161783188698,308.542124240124,310.879323375856,"WBP11"
"ENSG00000122741",826.841751378023,0.0761305477838207,0.147902205873995,0.514735715630095,0.606737712059517,0.91034546807715,793.978240646058,769.032890485515,770.885549674954,868.405248457939,867.499130827173,970.15252246495,740.321387845656,898.345214988475,856.829817991155,732.96751039836,"DCAF10"
"ENSG00000175115",1729.76608107365,-0.131545476771239,0.255612122751454,-0.514629256841422,0.606812116644469,0.91035469062849,1636.31081994291,2731.88542008621,1673.82858109294,1259.59509969238,2055.83524178567,1951.8889556459,1526.91286243166,1164.87666618036,1791.83753908369,1504.68962479479,"PACS1"
"ENSG00000134982",157.133480306621,-0.16372527431564,0.318312643931674,-0.514353662780621,0.607004749659592,0.910439633469161,186.64774719207,237.724694187245,136.184278047503,112.285975817293,117.043533524301,139.006928591993,103.889440039662,112.173308595146,237.660825428203,188.718071642796,"APC"
"ENSG00000171984",12.4287834617839,-0.242513811735234,0.471541000394362,-0.51430058368713,0.607041853689389,0.910439633469161,14.5063015952386,14.2894624921295,17.3325444787731,8.1497885673842,20.6547412101708,9.6532589299995,11.3492665589546,10.5462085003983,9.38134837216593,8.42491391262483,"C20orf196"
"ENSG00000175061",6601.49095357808,0.137565275636091,0.267509387290691,0.514244666437087,0.607080942779427,0.910439633469161,5053.02838900811,5556.0028253489,6070.51736387504,8230.380920995,7580.29002413268,5998.53509910169,8531.15637031574,9111.92414434415,6149.99504397544,3733.07935468406,"LRRC75A-AS1"
"ENSG00000156110",280.23757972375,0.169898410456141,0.330587309357343,0.513929015564516,0.607301620370723,0.910439633469161,319.138635095249,284.490207797851,340.873374749203,98.7029948716531,232.710084301258,352.343950944982,256.668028333282,230.099094554145,298.118403826606,389.231022763267,"ADK"
"ENSG00000061337",22.5356109815859,0.387826725541679,0.754905071092939,0.513742376879506,0.607432119906179,0.910439633469161,36.7492973746044,11.6913784026514,6.60287408715164,20.8272374499818,27.5396549468944,29.9251026829984,6.98416403627977,1.91749245461788,68.7965547292168,14.3223536514622,"LZTS1"
"ENSG00000175550",2406.58135751046,0.15935167304166,0.310189358574025,0.513723854919515,0.60744507131854,0.910439633469161,2348.08668488262,2763.06242915995,2987.80052443612,897.382274475305,2358.77144620151,2594.79600038387,3059.06384789054,2288.52724458643,2960.33659743903,1807.98652564929,"DRAP1"
"ENSG00000108960",138.629360891832,0.203615382186539,0.396375568481076,0.513693068840747,0.60746659864347,0.910439633469161,92.8403302095269,153.286961279207,217.06948561511,45.2766031521344,140.452240229161,141.902906270993,106.508501553266,122.719517095544,126.127017003564,240.110046509808,"MMD"
"ENSG00000135835",120.541878698339,0.189715428425218,0.36936530004859,0.513625477001388,0.607513863781258,0.910439633469161,101.54411116667,128.605162429166,122.153170612305,91.4587383673116,261.626721995497,129.353669661993,128.334014166641,71.9059670481704,97.9829718870663,72.4542596485736,"KIAA1614"
"ENSG00000105136",90.0920941319257,-0.219503404736277,0.427386942726122,-0.513594082533632,0.607535817638127,0.910439633469161,58.0252063809543,63.6530601922132,56.1244297407889,215.51663100416,72.9800856092701,69.5034642959964,89.0480914625671,98.7508614128206,125.084644962212,52.234466258274,"ZNF419"
"ENSG00000185869",58.1114182145825,0.172689867573528,0.336290221906679,0.513514388240079,0.607591548699983,0.910439633469161,56.0910328349225,77.9425226843427,60.2512260452587,22.6383015760672,49.5713789044099,59.8502053659969,49.7621687584934,73.8234595027882,64.6270665638097,66.5568199097362,"ZNF829"
"ENSG00000227268",9.22072150854082,0.296332247551255,0.577112226299098,0.513474215321295,0.607619642911375,0.910439633469161,10.637954503175,9.09329431317332,9.07895186983351,3.62212825217076,13.7698274734472,8.68793303699955,12.2222870634896,2.87623868192681,10.4237204135177,11.7948794776748,"KLLN"
"ENSG00000137815",583.591860690425,-0.118889770633776,0.231660579103469,-0.513206740196723,0.607806711623122,0.91061762670384,642.145617282561,819.695530230338,616.543367887784,373.984742036631,506.729651022857,554.097062581971,517.701159189238,526.351678792607,574.346994784825,704.322803095436,"RTF1"
"ENSG00000086200",84.3181991262065,-0.163650582677575,0.319030808576414,-0.512961689837481,0.607978119279876,0.910769258316328,79.3011153873043,107.820489713341,103.995266872638,69.725968854287,63.3412063778571,70.4687901889964,46.2700867403535,71.9059670481704,129.254133127619,101.098966951498,"IPO11"
"ENSG00000119403",442.114210411528,-0.150354865164981,0.293165525886514,-0.512866800113407,0.608044498466565,0.910769258316328,420.682746261919,705.379830293302,498.516993579949,256.265573841081,483.320944317997,550.235759009972,436.510252267486,281.871390828828,429.457281036929,358.901332677818,"PHF19"
"ENSG00000185561",23.6708118966462,-0.264945740017789,0.517106638488587,-0.512361900423827,0.608397750464892,0.910986294690336,25.1442560984135,37.6722192974323,4.95215556536373,38.0323466477929,23.4087067048602,16.4105401809991,28.809676649654,23.0099094554145,11.4660924548695,27.8022159116619,"TLCD2"
"ENSG00000139651",359.861635722111,-0.107588220197981,0.2100639219327,-0.512168958896474,0.6085327657354,0.910986294690336,385.867622433346,402.703033869104,400.299241533568,314.219625875813,481.943961570652,352.343950944982,360.557468372943,297.211330465771,343.982773646084,259.487348508845,"ZNF740"
"ENSG00000120029",163.01296675648,-0.0874016275986864,0.170652407656879,-0.512161702250459,0.608537844000691,0.910986294690336,152.799710136513,179.267802173988,171.674726265943,172.051091978111,165.237929681366,184.37724556299,151.905567789085,143.811934096341,161.567666409524,147.435993470935,"C10orf76"
"ENSG00000147804",45.308479851503,0.24054914959992,0.46976655403983,0.51206103868247,0.608608291205817,0.910986294690336,50.2885121968271,46.7655136106057,56.9497890016829,9.96085269346958,24.785689452205,41.5090133989979,77.6988249036124,56.5660274112273,31.2711612405531,57.2894146058489,"SLC39A4"
"ENSG00000144827",112.701917393396,-0.147919834694661,0.288924501142292,-0.511967085206847,0.608674045775324,0.910986294690336,167.306011731752,128.605162429166,115.550296525154,67.9149047282017,92.2578440720962,95.567263406995,85.5560094444272,101.627100094747,134.465993334378,138.168588167047,"ABHD10"
"ENSG00000049540",1553.06009163837,0.237887722098099,0.464656825940627,0.511964333283023,0.608675971792908,0.910986294690336,963.218425923842,1997.92666480865,1713.44582561585,935.414621123098,324.967928373354,1410.34112967293,2179.93219982382,1788.06171393117,1084.06692300584,3133.22548410517,"ELN"
"ENSG00000173614",119.600992919079,-0.113526094549427,0.221752268222596,-0.511950093946587,0.608685937668926,0.910986294690336,129.589627584131,135.100372652861,140.311074351972,96.8919307455677,101.896723303509,103.289870550995,103.016419535127,108.33832368591,125.084644962212,152.490941818509,"NMNAT1"
"ENSG00000113758",1498.14013283333,0.0940650568872525,0.183778909794561,0.511838148307682,0.608764289100323,0.910986294690336,1522.19458072704,1318.52767541013,1621.83094765662,1295.81638221409,1637.23248659287,1479.84459396892,1487.62693972759,1777.51550543077,1743.88842518151,1096.92379142375,"DBN1"
"ENSG00000196345",20.2834632677078,-0.183147419824871,0.357987373195412,-0.51160301602285,0.608928874229426,0.911070719721545,19.3417354603181,19.4856306710857,21.4593407832428,27.1659618912807,17.9007757154814,17.3758660739991,23.5715536224442,14.3811934096341,17.7203247029801,24.432250346612,"ZKSCAN7"
"ENSG00000152475",18.4490777944177,-0.265082127173482,0.51826337929466,-0.511481493317646,0.609013944023573,0.911084470968748,27.0784296444454,27.27988293952,19.8086222614549,8.1497885673842,20.6547412101708,9.6532589299995,24.4445741269792,26.8448943646503,6.25423224811062,14.3223536514622,"ZNF837"
"ENSG00000013297",2360.39064837635,0.256933569766115,0.502577647078501,0.511231590301872,0.609188900772554,0.911084470968748,3000.87025666835,1061.3173505518,1868.61336666391,2521.90679557389,2354.64049795947,1847.6337592019,4945.66115819061,4129.3200010196,466.982674525593,1406.96062340835,"CLDN11"
"ENSG00000136715",99.7120535115272,-0.111127819304901,0.217402995770774,-0.511160478313151,0.609238690261419,0.911084470968748,97.6757640746064,119.511868115992,100.693829829063,100.514058997738,81.2419820933385,116.804433052994,74.2067428854726,105.462085003983,94.855855763011,106.153915299073,"SAP130"
"ENSG00000154124",243.393866994118,-0.117531599760335,0.229988438877409,-0.511032642918989,0.609328199536575,0.911084470968748,272.718469990485,320.863385050544,255.861370877126,172.956624041154,220.317239575155,278.013857183986,184.207326456879,215.717901144511,286.652311371737,226.630184249608,"OTULIN"
"ENSG00000169228",61.5246980980475,0.233663459728722,0.457248458930671,0.511020770360104,0.609336512899916,0.911084470968748,59.9593799269861,57.157849968518,56.9497890016829,48.8987314043052,52.3253443990994,30.8904285759984,92.5401734807069,117.925785958999,17.7203247029801,80.8791735611984,"RAB24"
"ENSG00000204619",723.265771131313,0.126392415090891,0.247450683535807,0.510778201477878,0.609506374709834,0.911084470968748,623.770968595259,879.451464288334,856.722912807925,383.040062667057,779.372234997111,890.995799238954,728.972121286701,640.442479842371,759.88921814544,690.000449443974,"PPP1R11"
"ENSG00000147100",268.259476914204,-0.119240016229014,0.233457090587173,-0.510757741086858,0.609520703310106,0.911084470968748,235.969172615881,257.210324858331,276.495352399475,356.779632838819,217.563274080466,376.477098269981,217.382105629208,227.222855872218,286.652311371737,230.84264120592,"SLC16A2"
"ENSG00000073150",49.6821717202135,-0.267296799467837,0.523534877641606,-0.510561589844678,0.609658077429799,0.911084470968748,25.1442560984135,94.8300692659503,76.7584112631378,25.3548977651953,20.6547412101708,29.9251026829984,43.6510252267486,59.4422660931542,25.0169289924425,96.0440186039231,"PANX2"
"ENSG00000132388",790.945593458916,-0.114004519567661,0.223405182503014,-0.51030382684217,0.609838622138052,0.911084470968748,944.84377723654,888.544758601507,925.227731462124,556.902218771254,630.658098283882,872.654607271955,624.209660742504,672.081105343566,956.897533960924,837.436442914908,"UBE2G1"
"ENSG00000258839",14.1407038250957,-0.339613333332485,0.665714850083647,-0.51014835148985,0.609947533082912,0.911084470968748,7.73669418412724,6.49521022369523,5.77751482625769,44.3710710890918,16.5237929681366,21.2371696459989,6.98416403627977,11.5049547277073,7.29660428946239,13.4798622601997,"MC1R"
"ENSG00000035862",3657.48107285769,0.176395593115278,0.34582400546699,0.510073304127857,0.610000107073731,0.911084470968748,3853.84079046838,1970.64678186913,2393.54185659247,5352.60002464533,2759.47342567882,2358.29115659888,2861.76121386564,6068.86361886558,4301.86941465875,4653.92244533396,"TIMP2"
"ENSG00000241472",8.76775664228847,-0.284899788659908,0.558661107199047,-0.509968897044412,0.610073252193345,0.911084470968748,13.5392148222227,7.79425226843427,12.3803889134093,5.43319237825613,6.8849137367236,7.7226071439996,6.1111435317448,4.79373113654469,14.5932085789248,8.42491391262483,"PTPRG-AS1"
"ENSG00000128710",222.856166582912,-0.135851185181779,0.266426892009575,-0.509900423929038,0.610121224944247,0.911084470968748,204.055309106356,190.95918057664,170.849367005049,375.795806162716,220.317239575155,189.20387502799,217.382105629208,274.201421010356,210.559152353057,175.238209382596,"HOXD10"
"ENSG00000115884",85.0038989382317,0.207356711398688,0.406724414911134,0.509821156037543,0.610176762683825,0.911084470968748,77.3669418412724,57.157849968518,114.72493726426,61.5761802869029,75.7340511039596,107.151174122994,27.0636356405841,126.55450200478,72.9660428946239,129.743674254422,"SDC1"
"ENSG00000158882",103.022225560917,0.109750033380104,0.215401816467615,0.509513035590412,0.61039266350452,0.911084470968748,95.7415905285746,93.5310272212113,114.72493726426,88.7421421781835,117.043533524301,117.769758945994,124.841932148501,85.3284142304955,103.194832093825,89.3040874738232,"TOMM40L"
"ENSG00000213047",124.965869827642,-0.132473192563378,0.260009552001631,-0.509493561077121,0.610406310487114,0.911084470968748,120.885846626988,129.904204473905,146.08858917823,130.396617078147,121.174481766335,149.625513414992,70.7146608673327,92.998384048967,148.016829871951,139.853570949572,"DENND1B"
"ENSG00000088256",1167.20965787424,0.165352831824209,0.324615892055351,0.50937996527913,0.610485916709081,0.911084470968748,1138.26113183972,1695.24986838445,1138.17042077276,381.228998540972,1236.53050711556,1160.32172338594,1336.59439244304,1356.62591164215,1053.83813380664,1175.27549081116,"GNA11"
"ENSG00000129932",92.0014992979246,-0.208725287002409,0.409769055685527,-0.509372984871246,0.610490808623883,0.911084470968748,116.050412761909,144.193666966034,114.72493726426,26.260429828238,68.849137367236,65.6421607239966,130.080055175711,87.2459066851134,66.7118106465133,100.256475560235,"DOHH"
"ENSG00000115295",460.220635065733,0.103045243053412,0.202305736335612,0.509354034739118,0.61050408908623,0.911084470968748,495.148427784144,404.002075913843,412.679630446978,450.954967395259,465.420168602515,516.449352754973,413.811719149576,410.343385288225,380.465795093396,652.930828228424,"CLIP4"
"ENSG00000164309",28.9948143436565,-0.164910406813548,0.323817176008214,-0.509270103724715,0.610562910411247,0.911084470968748,29.0126031904772,31.1770090737371,37.9665260011219,26.260429828238,20.6547412101708,20.2718437529989,33.1747791723289,33.5561179558128,25.0169289924425,32.8571642592368,"CMYA5"
"ENSG00000064102",192.473649553434,-0.106949475929455,0.21001818583279,-0.509239119009459,0.610584626047037,0.911084470968748,196.318614922229,193.557264666118,212.94268931064,201.028117995477,180.384739902158,197.89180806499,179.842223934204,139.976949187105,258.508266255239,164.285821296184,"INTS13"
"ENSG00000198162",824.621642031913,0.143029673401726,0.280943448453955,0.509104854335724,0.610678729394533,0.911084470968748,731.117600400025,454.664715658666,628.0983975403,1289.47765777279,859.237234343105,888.099821559954,990.878272647192,980.797390537044,711.940104243259,711.905225616798,"MAN1A2"
"ENSG00000094804",44.4044549113253,-0.272460693475364,0.535316990637435,-0.50897075609524,0.610772722513067,0.911084470968748,36.7492973746044,63.6530601922132,64.3780223497285,33.5046863325795,17.9007757154814,82.0527009049957,16.5873895861645,16.2986858642519,79.2202751427345,33.6996556504993,"CDC6"
"ENSG00000214110",34.1556649246756,0.326005594363728,0.640685371048487,0.50883882962743,0.610865199637272,0.911084470968748,29.9796899634931,5.19616817895618,28.8875741312884,54.3319237825613,6.8849137367236,90.7406339419953,25.3175946315142,43.1435802289022,20.8474408270354,36.2271298242868,"LDHAP4"
"ENSG00000179918",608.980060835233,0.139187683318761,0.273616676717332,0.50869590621683,0.610965392346716,0.911084470968748,677.92782788415,656.016232593218,688.349623585559,274.376215101935,643.050943009984,775.15669207896,673.098808996463,480.331859881778,645.228293596745,576.264111623538,"SEPHS2"
"ENSG00000167771",30.6012445032394,-0.260364646823824,0.511854278001502,-0.508669474914616,0.610983922116295,0.911084470968748,53.1897725158748,24.6817988500419,26.4114963486066,30.7880901434514,56.4562926411335,18.341191966999,34.0477996768639,24.9274019100324,31.2711612405531,5.89743973883738,"RCOR2"
"ENSG00000110063",99.526851891686,-0.186440943716622,0.366641424909973,-0.508510307482036,0.611095512345158,0.911084470968748,168.273098504768,128.605162429166,89.1388001765472,43.4655390260491,115.666550776956,99.4285669789949,91.667152976172,52.7310425019916,113.618552507343,92.6740530388731,"DCPS"
"ENSG00000160007",1669.52658299172,-0.141470848248694,0.278240967295976,-0.508447226961391,0.611139739781784,0.911084470968748,1525.09584104608,2804.6317745916,1714.27118487674,1031.40101980562,2146.71610311042,1621.74750023992,1490.2460012412,1225.27767850082,1459.32085789248,1676.55786861234,"ARHGAP35"
"ENSG00000231584",13.6766871184584,0.299631917479382,0.589501768480578,0.508279929764543,0.611257043181134,0.911084470968748,10.637954503175,7.79425226843427,4.12679630446978,25.3548977651953,13.7698274734472,8.68793303699955,18.3334305952344,25.8861481373413,14.5932085789248,7.58242252136235,"FAHD2CP"
"ENSG00000023697",515.256313795717,0.0964828719232605,0.189832301384509,0.508253185677988,0.611275796197006,0.911084470968748,600.560886042877,427.384832719146,546.387830711798,403.867300117039,502.598702780823,660.282910811966,482.780339007839,479.373113654469,551.414809875086,497.912412236128,"DERA"
"ENSG00000053371",458.564324551969,0.14220814931093,0.279903717483444,0.508060952492856,0.611410598055279,0.911084470968748,592.82419185875,496.234061090315,438.26576753469,200.122585932434,508.106633770202,506.796093824974,561.352184415986,445.816995698656,392.974259589617,443.150471804066,"AKR7A2"
"ENSG00000213889",8.0000381071155,-0.291061730115293,0.572898201535099,-0.508051394358342,0.611417300958058,0.911084470968748,10.637954503175,10.3923363579124,4.95215556536373,9.96085269346958,11.0158619787578,2.89597767899985,6.1111435317448,7.6699698184715,6.25423224811062,10.1098966951498,"PPM1N"
"ENSG00000125952",511.663549754527,0.0975863846476582,0.192090613384801,0.508022661430992,0.611437450903807,0.911084470968748,565.745762214305,532.607238343009,536.483519581071,329.613670947539,557.678012674612,526.102611684973,570.082389461336,516.764216519518,505.550440055608,476.007636063303,"MAX"
"ENSG00000147439",109.132619913432,-0.129584860263188,0.255102823613402,-0.507971093489613,0.611473615419978,0.911084470968748,88.0048963444474,141.595582876556,108.947422438002,121.34129644772,143.206205723851,118.735084838994,103.016419535127,73.8234595027882,108.406692300584,84.2491391262483,"BIN3"
"ENSG00000130540",11.9584019639107,-0.458910608248181,0.903580231800258,-0.507880310012831,0.611537284031293,0.911084470968748,12.5721280492068,1.29904204473905,0.825359260893955,42.5600069630064,4.13094824203416,6.75728125099965,16.5873895861645,11.5049547277073,3.12711612405531,20.2197933902996,"SULT4A1"
"ENSG00000151176",120.280257944251,0.153802899429034,0.303071893007411,0.507479918057835,0.611818123451633,0.911084470968748,104.445371485718,131.203246518644,58.6005075234708,157.562578969428,93.6348268194409,132.249647340993,130.080055175711,149.564411460194,93.8134837216593,151.648450427247,"PLBD2"
"ENSG00000165714",48.8948813662764,-0.215304894516814,0.424304259967626,-0.507430433371659,0.611852836530242,0.911084470968748,58.0252063809543,83.1386908632989,60.2512260452587,12.6774488825976,37.1785341783074,46.3356428639976,36.6668611904688,54.6485349566095,42.7372536954226,57.2894146058489,"BORCS5"
"ENSG00000063241",371.305995418085,0.168089927981649,0.331447831976213,0.507138414451031,0.612057703020142,0.911084470968748,440.991568495253,422.18866454019,396.997804489992,123.152360573806,380.047238267143,341.725366121982,539.526671802612,395.003445651282,300.20314790931,373.22368632928,"ISOC2"
"ENSG00000176834",174.570301706244,-0.151053612585187,0.29790994317654,-0.507044548344174,0.612123561430077,0.911084470968748,186.64774719207,174.071633995032,183.229755918458,198.311521806349,152.845084955264,267.395272360986,82.0639274262873,151.481903914812,202.220176022243,147.435993470935,"VSIG10"
"ENSG00000090863",336.29660374663,-0.213732969468892,0.421705703623923,-0.506829686276899,0.612274324917461,0.911084470968748,247.574213892072,211.743853292464,169.198648483261,837.617158314487,271.26560122691,284.771138434985,374.525796445503,459.239442880981,218.898128683872,288.132055811769,"GLG1"
"ENSG00000172354",2457.04687972747,0.136377810272309,0.269100387914762,0.506791578150777,0.612301066177229,0.911084470968748,2285.22604463658,3015.07658583933,2819.42723521375,1157.26997656856,2814.55273557261,2167.15662978489,3207.47733366148,2628.88215528111,2280.71002647767,2194.69007423877,"GNB2"
"ENSG00000126778",53.77213224481,0.194136267154709,0.383095188042574,0.506757258285204,0.612325149578266,0.911084470968748,46.4201651047635,55.858807923779,27.2368556095005,68.8204367912444,44.063447915031,31.8557544689983,38.4129021995387,72.8647132754793,90.6863675976039,61.5018715621613,"SIX1"
"ENSG00000125877",286.583081699217,-0.126552233768956,0.249759665341605,-0.506696041556054,0.612368108450687,0.911084470968748,314.303201230169,292.284460066285,406.90211562072,192.878329428093,337.360773099456,235.539517891988,346.589140300384,232.016587008763,272.059102792812,235.897589553495,"ITPA"
"ENSG00000138078",178.778124242911,0.144032961498406,0.2842911170938,0.506638979686739,0.612408152847937,0.911084470968748,147.964276271434,159.782171502903,179.928318874882,185.634072923751,107.404654292888,187.27322324199,123.968911643966,219.552886053747,199.093059898188,277.179667725357,"PREPL"
"ENSG00000181788",750.912906527447,0.133476945813426,0.263467418748746,0.506616516179997,0.612423917415773,0.911084470968748,590.890018312718,828.788824543511,792.344890458197,626.628187625541,859.237234343105,761.642129576961,1079.05334360522,864.789097032662,696.304523622982,409.450816153567,"SIAH2"
"ENSG00000079277",142.247590671149,-0.163616088873439,0.322959044604469,-0.506615596023394,0.612424563172345,0.911084470968748,105.412458258734,110.418573802819,109.772781698896,281.620471606276,170.745860670745,114.873781266994,130.080055175711,156.275635051357,121.957528838157,121.318760341798,"MKNK1"
"ENSG00000185298",205.989525833404,0.134739565953359,0.265984088591682,0.506570023292634,0.612456546029262,0.911084470968748,239.837519707945,218.23906351616,210.466611527959,110.474911691208,187.269653638882,189.20387502799,266.271253883166,157.234381278666,240.787941552259,240.110046509808,"CCDC137"
"ENSG00000122958",534.97778196452,-0.170368910646204,0.336334684251261,-0.506545767129177,0.612473569260336,0.911084470968748,746.590988768279,596.260298535222,728.792227369362,221.855355445459,413.094824203416,483.628272392975,380.636939977247,418.972101334006,637.931689307283,722.015122311948,"VPS26A"
"ENSG00000164967",108.497920501402,0.161439118567476,0.318720903594627,0.506521902852052,0.612490317665576,0.911084470968748,97.6757640746064,98.7271954001675,137.83499656929,70.6315009173297,134.944309239783,90.7406339419953,169.365977879784,135.18321805056,69.8389267705686,80.0366821699359,"RPP25L"
"ENSG00000116574",35.8019974944288,-0.335488013106031,0.662818091429522,-0.506153977153027,0.612748560562089,0.911223731813101,21.2759090063499,71.4473124606475,63.5526630888345,7.24425650434151,44.063447915031,7.7226071439996,11.3492665589546,31.638625501195,71.9236708532721,27.8022159116619,"RHOU"
"ENSG00000170949",206.495215985752,-0.166791445017626,0.329564509386788,-0.50609650088831,0.612788906847994,0.911223731813101,131.523801130163,194.856306710857,143.612511395548,413.828152810509,184.515688144192,166.036053595991,199.921695538508,255.026496464178,175.118502947097,200.512951120471,"ZNF160"
"ENSG00000241741",12.6097067022594,-0.25899457695538,0.511944354084288,-0.505903766472124,0.612924208093123,0.911252708506074,9.67086773015905,12.9904204473905,16.5071852178791,16.2995771347684,17.9007757154814,3.8613035719998,10.4762460544197,17.2574320915609,13.550836537573,7.58242252136235,"RPL7AP30"
"ENSG00000141012",138.31293903548,0.150520798599219,0.297545974636623,0.505874088140637,0.612945043713578,0.911252708506074,117.98458630794,100.026237444907,125.454607655881,174.767688167239,161.106981439332,107.151174122994,130.080055175711,240.645303054543,110.491436383288,115.42132060296,"GALNS"
"ENSG00000198604",169.696445564004,-0.123201008559547,0.243722160539119,-0.505497769620227,0.613209264595469,0.911284080654757,174.075619142863,122.10995220547,156.818259569851,259.887702093252,161.106981439332,129.353669661993,171.112018888854,178.326798279462,182.41510723656,161.758347122397,"BAZ1A"
"ENSG00000214975",42.8480125686073,0.156401553913675,0.30942217347671,0.505463303280196,0.613233466626522,0.911284080654757,29.0126031904772,35.0741352079542,53.6483519581071,41.6544748999637,56.4562926411335,51.1622723289973,31.428738163259,34.5148641831218,50.0338579848849,45.4945351281741,"PPIAP29"
"ENSG00000124508",43.9429785382847,-0.199244074384493,0.394184745633116,-0.505458611962466,0.613236760870731,0.911284080654757,29.9796899634931,33.7750931632152,30.5382926530763,95.986398682525,41.3094824203416,31.8557544689983,46.2700867403535,47.9373113654469,35.4406494059602,46.3370265194366,"BTN2A2"
"ENSG00000119431",56.5231955627526,0.173453468922089,0.343163182675739,0.505454773934733,0.613239455940349,0.911284080654757,44.4859915587317,45.4664715658666,43.7440408273796,76.0646932955859,70.2261201145807,36.6823839339981,83.8099684353572,72.8647132754793,35.4406494059602,56.4469232145864,"HDHD3"
"ENSG00000162236",421.066910165858,0.120865568356227,0.239242865022823,0.505200304906468,0.613418156189513,0.91136103729611,408.110618212712,465.057052016578,455.598312013463,271.659618912807,524.630426738338,456.599147388976,563.098225425056,341.313656921982,382.550539176099,342.051504852568,"STX5"
"ENSG00000186716",328.566932062673,0.156718553843349,0.310248349810379,0.505139040833365,0.61346118216593,0.91136103729611,372.328407611124,476.74843041923,229.44987452852,152.129386591172,436.503530908276,346.551995586982,396.351309058877,276.118913464974,301.245519950661,298.241952506919,"BCR"
"ENSG00000156858",242.024903291475,0.105808199407908,0.209530999445439,0.504976350458636,0.613575446657365,0.91136103729611,240.80460648096,261.107450992548,204.689096701701,220.044291319373,254.741808258773,235.539517891988,350.081222318523,218.594139826438,232.448965221445,202.197933902996,"PRR14"
"ENSG00000100395",101.627547411739,-0.124439847752707,0.246465106606721,-0.504898439645141,0.613630170118139,0.91136103729611,94.7745037555587,115.614741981775,119.677092829623,98.7029948716531,68.849137367236,86.8793303699955,87.3020504534971,101.627100094747,102.152460052473,140.696062340835,"L3MBTL2"
"ENSG00000101745",475.567253289454,0.132492755240127,0.26241669273439,0.504894539518611,0.613632909568798,0.91136103729611,533.83189870478,398.805907734887,464.677263883297,402.056235990954,247.85689452205,523.206634005973,683.575055050882,509.094246701046,479.491139021814,513.077257278852,"ANKRD12"
"ENSG00000007384",232.358276935298,-0.181114160583907,0.358988603370941,-0.504512285023049,0.61390143147049,0.911653746613562,192.450267830165,189.660138531901,145.263229917336,472.687736908284,223.071205069845,177.619964311991,292.461869019215,300.087569147698,140.720225582489,189.560563034059,"RHBDF1"
"ENSG00000184640",4305.98378204462,0.170734730242307,0.33848246586847,0.504412332864097,0.613971653298114,0.911653746613562,5111.05359538906,5739.1677536571,3385.623688187,1781.18156800497,6876.65184023953,3954.94018362079,5355.98079532205,4339.28542480025,2869.65022984142,3646.30274138403,"SEPT9"
"ENSG00000197965",1004.64362311052,0.236139303518811,0.468498035824737,0.504034778082079,0.614236938006908,0.911653746613562,839.431318977806,318.265300961066,392.871008185523,2080.00714880906,1159.41947326425,650.629651881966,1429.13456592375,1591.51873733284,775.524798765717,809.634227003246,"MPZL1"
"ENSG00000180867",22.3536839011928,0.191877383167622,0.380701995777514,0.504009396577362,0.614254773853097,0.911653746613562,16.4404751412704,18.1865886263466,23.9354185659247,23.5438336391099,28.9166376942391,19.306517859999,27.9366561451191,26.8448943646503,11.4660924548695,26.9597245203995,"PDIA3P1"
"ENSG00000106638",274.136739457599,0.160530102633848,0.318569622702271,0.503909008248022,0.614325320007434,0.911653746613562,197.285701695245,157.184087413425,215.418767093322,453.671563584387,265.757670237531,262.568642895986,350.954242823058,385.415983378193,218.898128683872,234.21260677097,"TBL2"
"ENSG00000141519",16.874304014513,-0.271541726838854,0.539000067205178,-0.503787927609828,0.614410412070271,0.911653746613562,8.70378095714315,12.9904204473905,10.7296703916214,42.5600069630064,20.6547412101708,11.5839107159994,13.9683280725595,14.3811934096341,10.4237204135177,22.747267564087,"CCDC40"
"ENSG00000109927",7.52184852038364,-0.285935832827007,0.567603486146116,-0.503759824958862,0.614430162564206,0.911653746613562,9.67086773015905,7.79425226843427,8.25359260893955,8.1497885673842,5.50793098937888,11.5839107159994,6.1111435317448,5.75247736385363,3.12711612405531,9.26740530388731,"TECTA"
"ENSG00000235437",263.539372010085,0.0895812084680018,0.177845168933161,0.503703356157337,0.614469849584514,0.911653746613562,237.903346161913,231.22948396355,252.55993383355,292.486856362789,304.313187163183,280.909834862985,301.192074064565,269.407689873812,212.643896435761,252.747417378745,"LINC01278"
"ENSG00000143320",1061.19712217977,-0.274354495717137,0.544878422677848,-0.503515067395769,0.614602189572445,0.911653746613562,1519.29332040799,756.042470038125,2204.53458584775,256.265573841081,1933.28377727199,1118.81270998694,1135.7996764,969.292435809336,408.609840209894,310.036831984594,"CRABP2"
"ENSG00000142178",35.133904296851,-0.196556771112775,0.390577385683935,-0.503246676119219,0.614790851825768,0.911653746613562,37.7163841476203,31.1770090737371,18.983263000561,64.2927764760309,26.1626721995497,40.5436875059979,20.9524921088393,35.4736104104307,40.652509612719,35.3846384330243,"SIK1"
"ENSG00000247157",7.76109929099458,0.380197672980095,0.755759830865692,0.503066791132038,0.614917313966879,0.911653746613562,5.80252063809543,3.89712613421714,6.60287408715164,9.96085269346958,4.13094824203416,2.89597767899985,2.61906151360491,23.0099094554145,5.21186020675885,13.4798622601997,"LINC01252"
"ENSG00000127990",128.728612428595,0.165655267495435,0.329292561577677,0.503064104156383,0.614919203042262,0.911653746613562,129.589627584131,74.0453965501256,116.375655786048,159.373643095513,114.289568029612,87.8446562629954,147.54046526641,237.769064372617,108.406692300584,112.05135503791,"SGCE"
"ENSG00000065135",838.220033805443,-0.14614316998219,0.290586431187626,-0.502924962411023,0.615017029988288,0.911653746613562,1066.69671063654,887.245716556768,995.38326863811,609.42307842773,616.888270810435,1028.07207604495,529.923446252728,555.114065611875,1198.72784755453,894.725857520757,"GNAI3"
"ENSG00000159479",496.626999410129,-0.105428694600176,0.20969227857697,-0.502778143838412,0.615120261735013,0.911653746613562,581.219150582559,468.954178150796,553.816064059844,469.065608656113,517.745513001615,566.646299190971,464.446908412605,410.343385288225,600.406295818619,333.626590939943,"MED8"
"ENSG00000187231",459.529400190938,-0.0806652282686197,0.160466808379059,-0.502691049217295,0.615181503704875,0.911653746613562,458.399130409539,467.655136106056,534.007441798389,440.088582638747,425.487668929518,454.668495602976,418.176821672251,381.580998468957,487.830115352628,527.399610930314,"SESTD1"
"ENSG00000148110",220.967868267474,-0.107489634943056,0.21384004856914,-0.502663723013052,0.615200719113203,0.911653746613562,263.047602260326,200.052474889813,197.260863353655,263.509830345422,166.614912428711,235.539517891988,165.00087535711,251.191511554942,236.618453386852,230.84264120592,"MFSD14B"
"ENSG00000010219",169.456153626439,0.126434596700836,0.251556220796687,0.502609700131496,0.615238708031927,0.911653746613562,145.063015952386,140.296540831817,122.978529873199,233.627272265014,184.515688144192,203.683763422989,197.302634024903,170.656828460991,175.118502947097,121.318760341798,"DYRK4"
"ENSG00000168679",41.1563336285745,0.21091078263191,0.419645284377636,0.502593000525922,0.615250451412067,0.911653746613562,60.926466700002,16.8875465816076,37.9665260011219,34.4102183956222,35.8015514309627,35.7170580409981,29.682697154189,46.978565138138,32.3135332819049,80.8791735611984,"SLC16A4"
"ENSG00000257151",19.8251749293803,-0.263784999412327,0.524868843597981,-0.502573171621462,0.61526439548394,0.911653746613562,18.3746486873022,6.49521022369523,14.0311074351972,48.8987314043052,12.3928447261025,18.341191966999,14.8413485770945,23.0099094554145,25.0169289924425,16.8498278252497,"PWAR6"
"ENSG00000161036",71.6677290201782,-0.169840844054773,0.337996049008606,-0.502493578114128,0.615320368587069,0.911653746613562,70.5973344301611,114.315699937036,81.7105668285016,41.6544748999637,52.3253443990994,66.6074866169966,80.3178864172174,40.2673415469754,85.4745073908451,83.4066477349858,"LRWD1"
"ENSG00000039560",1222.42153356515,-0.1257192754179,0.25031479485615,-0.502244685497507,0.61549541354056,0.911653746613562,1407.11125473814,1040.53267783598,1509.58208817504,1189.86913083809,948.741112920512,1250.09703143494,1050.24366695557,743.987072391736,1685.51559086581,1398.53570949572,"RAI14"
"ENSG00000125434",9.01605221102361,-0.296914541776048,0.591193436528741,-0.502229090227077,0.61550638234619,0.911653746613562,8.70378095714315,5.19616817895618,6.60287408715164,19.9217053869392,8.26189648406832,3.8613035719998,13.0953075680246,6.71122359116257,9.38134837216593,8.42491391262483,"SLC25A35"
"ENSG00000100083",329.837379479545,-0.117828391887106,0.234648949203064,-0.502147536936711,0.615563743583791,0.911653746613562,280.455164174613,297.480628245242,288.05038205199,517.964340060418,338.737755846801,304.077656294984,377.144857959108,347.066134285836,266.847242586053,280.549633290407,"GGA1"
"ENSG00000105968",1593.13769716349,-0.118468052429526,0.235968241499725,-0.502050833945227,0.615631763543603,0.911653746613562,1744.62453852069,2114.84044883517,1581.38834387282,1249.63424699891,1173.1893007377,2122.75163870689,1232.70495240338,1295.26615309438,1712.61726394096,1704.360084524,"H2AFV"
"ENSG00000095739",36.9777217759031,-0.223633479835401,0.445486508473292,-0.501998322242813,0.615668701156686,0.911653746613562,32.8809502825408,66.2511442816913,21.4593407832428,42.5600069630064,12.3928447261025,27.0291250039986,40.1589432086087,54.6485349566095,26.0593010337942,46.3370265194366,"BAMBI"
"ENSG00000197535",522.076731353505,-0.136411177018495,0.271741619074742,-0.501988534119152,0.615675586394868,0.911653746613562,650.849398239704,641.726770101089,570.323249277723,345.007716019265,581.086719379472,515.484026861973,316.906443146195,371.034789968559,593.109691529157,635.238509011912,"MYO5A"
"ENSG00000185834",36.8172924666282,0.247574819865608,0.493294355734366,0.501880503978287,0.61575158004505,0.911665055846007,20.308822233334,15.5885045368685,29.7129333921824,66.1038406021163,41.3094824203416,34.7517321479982,41.0319637131436,43.1435802289022,63.5846945224579,12.6373708689372,"RPL12P4"
"ENSG00000131724",511.201673969063,-0.174017212747965,0.346905832477194,-0.501626656160083,0.615930165149695,0.911808466390051,448.72826267938,306.573922558415,411.02891192519,1027.77889155345,305.690169910528,564.715647404971,370.160693922828,637.566241160444,558.711414164549,481.062584410878,"IL13RA1"
"ENSG00000168710",746.821256788157,-0.108020903161243,0.215416537300392,-0.501451302276813,0.616053542073986,0.911808466390051,848.135099934949,843.078287035641,763.457316326908,669.188194588547,543.908185201164,591.744772408969,619.84455821983,802.470592257581,788.033263261938,998.352298646043,"AHCYL1"
"ENSG00000164941",123.361889597013,-0.123597408643678,0.246673260185335,-0.501057182082949,0.616330879985035,0.911897305794934,152.799710136513,128.605162429166,106.47134465532,131.30214914119,130.813360997748,153.486816986992,112.619645085011,83.4109217758776,91.7287396389557,142.38104512336,"INTS8"
"ENSG00000132463",1138.53137169029,-0.112701499070575,0.224928292478071,-0.501055237777893,0.616332248306253,0.911897305794934,1563.77931196672,1160.04454595197,1177.78766529567,867.499716394896,1069.91559468685,1111.09010284294,873.020504534971,893.55148385193,1447.85476543761,1220.77002593934,"GRSF1"
"ENSG00000147813",36.9473779521852,-0.184739307860674,0.368942457767401,-0.500726614601627,0.616563538811172,0.911897305794934,29.9796899634931,37.6722192974323,48.6961963927434,42.5600069630064,39.9324996729969,29.9251026829984,56.7463327947731,33.5561179558128,34.3982773646084,16.0073364339872,"NAPRT"
"ENSG00000234782",12.7053015314552,0.264444755264298,0.528186117501371,0.50066585717034,0.616606305080299,0.911897305794934,9.67086773015905,6.49521022369523,11.5550296525154,17.2051091978111,12.3928447261025,15.4452142879992,12.2222870634896,20.1336707734877,17.7203247029801,4.21245695631242,"TPT1P9"
"ENSG00000105705",137.116831737082,0.109564855605934,0.218852041786774,0.500634377049505,0.616628463989557,0.911897305794934,107.346631804766,128.605162429166,120.502452090517,167.523431662897,136.321291987127,149.625513414992,153.651608798155,136.141964277869,106.321948217881,165.128312687447,"SUGP1"
"ENSG00000110400",42.7579839312902,-0.193116402586438,0.385786703928842,-0.500578170838305,0.616668028503219,0.911897305794934,78.3340286142883,29.8779670289981,45.3947593491675,30.7880901434514,44.063447915031,43.4396651849978,39.2859227040737,56.5660274112273,39.6101375713672,20.2197933902996,"NECTIN1"
"ENSG00000103326",358.780675433878,-0.1647420018515,0.329117497336202,-0.500556801704202,0.616683070894377,0.911897305794934,432.28778753811,589.765088311527,342.524093270991,171.145559915068,338.737755846801,340.760040228982,468.81201093528,373.911028650486,210.559152353057,319.304237288481,"CAPN15"
"ENSG00000009780",97.681800205752,-0.10850193655011,0.216770921183167,-0.500537322800913,0.616696782834072,0.911897305794934,114.116239215877,116.913784026514,89.1388001765472,88.7421421781835,100.519740556165,77.226071439996,82.0639274262873,97.7921151855117,112.576180465991,97.729001386448,"FAM76A"
"ENSG00000168297",371.201943212036,-0.124594710207086,0.249197878868846,-0.499983028638302,0.617087027558679,0.911897305794934,362.657539880965,404.002075913843,412.679630446978,382.134530604015,465.420168602515,442.119258993977,309.04925860538,198.46046905295,408.609840209894,326.886659809843,"PXK"
"ENSG00000023330",141.157711445909,0.123712919275321,0.247437681226988,0.499976069375759,0.617091927838868,0.911897305794934,106.37954503175,142.894624921295,179.102959613988,107.75831550208,110.158619787578,131.284321447993,160.635772834435,137.100710505178,193.881199691429,142.38104512336,"ALAS1"
"ENSG00000175193",580.122272630661,0.0770625352908339,0.154134853723878,0.499968264341343,0.617097423679333,0.911897305794934,597.65962572383,545.597658790399,573.624686321299,529.736256879973,576.955771137438,633.253785807967,691.432239591697,622.226301523501,515.974160469126,514.762240061377,"PARL"
"ENSG00000226688",8.0579090181244,-0.29717701249415,0.594403630816072,-0.49995827260703,0.617104459294954,0.911897305794934,5.80252063809543,11.6913784026514,9.90431113072746,9.05532063042689,4.13094824203416,14.4798883949993,3.49208201813988,8.62871604578044,8.33897633081416,5.0549483475749,"ENTPD1-AS1"
"ENSG00000177427",48.7392330140885,0.15775972456801,0.315583431404312,0.499898628600354,0.617146457970704,0.911897305794934,44.4859915587317,61.0549761027352,50.3469149145313,27.1659618912807,50.9483616517546,49.2316205429974,41.9049842176786,66.1534896843167,35.4406494059602,60.6593801708988,"MIEF2"
"ENSG00000153551",97.199556058496,0.14473328367955,0.289586941080774,0.499792163069882,0.617221429408556,0.911897305794934,92.8403302095269,79.2415647290818,87.4880816547592,105.947251375995,81.2419820933385,104.255196443995,116.111727103151,151.481903914812,96.9405998457146,56.4469232145864,"CMTM7"
"ENSG00000173757",476.530512659312,-0.143832570500559,0.287874517929726,-0.499636339940553,0.617331164923141,0.911897305794934,445.827002360332,379.320277063801,316.937956183279,878.366101151408,524.630426738338,455.633821495976,405.954534608762,533.062902383769,395.059003672321,430.513100935129,"STAT5B"
"ENSG00000105341",379.591109678906,-0.102983178472037,0.206131396699619,-0.499599673416599,0.617356987876357,0.911897305794934,421.649833034935,414.394412271756,425.060019360387,322.369414443197,443.388444645,249.054080393987,425.160985708531,375.828521105104,353.36412201825,365.641263807918,"DMAC2"
"ENSG00000136404",33.225856068673,-0.161902987341676,0.324071199223537,-0.499590792793652,0.61736324226034,0.911897305794934,34.8151238285726,36.3731772526933,29.7129333921824,40.748942836921,35.8015514309627,44.4049910779977,19.2064510997694,30.679879273886,34.3982773646084,26.117233129137,"TM6SF1"
"ENSG00000103995",21.6084826216466,-0.230024173364918,0.460507517756159,-0.499501451107074,0.617426164751951,0.911897305794934,16.4404751412704,31.1770090737371,19.8086222614549,28.0714939543234,11.0158619787578,17.3758660739991,27.9366561451191,7.6699698184715,27.101673075146,29.4871986941869,"CEP152"
"ENSG00000162757",18.8265625466518,0.238919602591418,0.478365394502251,0.499450013185044,0.617462393260102,0.911897305794934,19.3417354603181,20.7846727158247,20.6339815223489,7.24425650434151,19.2777584628261,28.9597767899985,14.8413485770945,10.5462085003983,32.3135332819049,14.3223536514622,"C1orf74"
"ENSG00000115685",391.636843533968,0.132449000707927,0.265234096557618,0.499366417918877,0.617521272658559,0.911897305794934,433.254874311126,409.198244092799,438.26576753469,201.028117995477,362.146462551661,410.263504524979,438.256293276556,284.747629510755,425.287792871522,513.919748670115,"PPP1R7"
"ENSG00000147883",136.709134826769,-0.179565564155555,0.359643815489949,-0.499287229257451,0.617577050580868,0.911897305794934,85.1036360253997,101.325279489646,120.502452090517,280.714939543234,133.567326492438,167.966705381991,102.143399030592,151.481903914812,84.4321353494933,139.853570949572,"CDKN2B"
"ENSG00000205250",814.025075549761,0.110486423828553,0.221320474462069,0.49921465285621,0.617628172978619,0.911897305794934,717.578385577802,792.415647290818,751.076927413499,846.672478944914,896.415768521413,831.145593872957,1211.75246029454,844.655426259174,636.889317265931,611.648750056563,"E2F4"
"ENSG00000103194",396.868619779844,-0.11497387323684,0.230360455347493,-0.499104210674547,0.617705971367225,0.911897305794934,373.295494384139,457.262799748144,441.567204578266,392.095383297484,341.491721341491,496.177509001974,285.477704982936,279.95389837421,500.338579848849,401.025902240942,"USP10"
"ENSG00000135540",61.216920804163,-0.223000905365394,0.447310763897379,-0.498536863773199,0.618105693088705,0.911897305794934,56.0910328349225,87.0358169975161,43.7440408273796,81.497885673842,24.785689452205,78.1913973329959,24.4445741269792,83.4109217758776,95.8982278043628,37.0696212155493,"NHSL1"
"ENSG00000140564",587.930982543566,0.094064282104237,0.188723228384251,0.498424507198006,0.61818486682815,0.911897305794934,542.535679661923,574.176583774658,503.469149145313,639.305636508138,698.130252903773,683.450732243965,558.733122902382,604.010123204631,648.355409720801,427.143135370079,"FURIN"
"ENSG00000140374",716.658496812791,0.115141007870473,0.231138871823741,0.498146447466768,0.61838082483542,0.911897305794934,863.608488303204,684.595157577477,748.600849630817,433.749858197448,771.110338513043,720.133116177963,751.67065440461,526.351678792607,827.643400833305,839.121425697433,"ETFA"
"ENSG00000241127",84.8039319670908,0.121064087977468,0.243242032285309,0.497710395033482,0.618688180250252,0.911897305794934,111.214978896829,79.2415647290818,75.1076927413499,57.0485199716894,88.1268958300621,92.6712857279952,95.1592349943119,78.6171906393329,78.1779031013827,92.6740530388731,"YAE1D1"
"ENSG00000166340",199.996356700482,-0.20590537098395,0.41372352690543,-0.497688329508552,0.618703735104378,0.911897305794934,179.878139780958,98.7271954001675,113.899578003366,476.309865160454,207.924394849053,180.515941990991,245.318761774327,214.759154917202,125.084644962212,157.545890166084,"TPP1"
"ENSG00000166562",75.5462160533721,0.272098420639008,0.546726090760455,0.497686913497287,0.6187047333121,0.911897305794934,95.7415905285746,19.4856306710857,35.4904482184401,117.71916819555,31.6706031889286,109.081825908994,34.0477996768639,71.9059670481704,163.652410492228,76.666716604886,"SEC11C"
"ENSG00000171320",16.1511897618038,-0.50566317535422,1.01608284095853,-0.497659398398264,0.618724130037764,0.911897305794934,19.3417354603181,37.6722192974323,18.157903739667,3.62212825217076,0,35.7170580409981,3.49208201813988,0,29.1864171578495,14.3223536514622,"ESCO2"
"ENSG00000116731",376.479901664898,-0.119375073312929,0.239876088614343,-0.497653075813039,0.618728587171776,0.911897305794934,313.336114457153,416.992496361234,274.844633877687,575.91839209515,425.487668929518,312.765589331984,313.414361128055,379.663506014339,364.830214473119,387.546039980742,"PRDM2"
"ENSG00000129295",18.613396730324,0.267405589870637,0.537364806505195,0.49762393560854,0.618749129867216,0.911897305794934,14.5063015952386,22.0837147605638,24.7607778268187,5.43319237825613,9.63887923141304,14.4798883949993,21.8255126133743,38.3498490923575,11.4660924548695,23.5897589553495,"LRRC6"
"ENSG00000008282",307.80159233393,0.149628175131177,0.300728773561293,0.49755190818374,0.61879990764043,0.911897305794934,308.500680592074,164.978339681859,225.32307822405,456.388159773515,214.809308585776,350.413299158982,315.160402137125,388.29222206012,269.974358710108,384.176074415692,"SYPL1"
"ENSG00000109501",95.9782200322134,0.173408613746832,0.34857429922128,0.497479630983206,0.618850863329373,0.911897305794934,57.0581196079384,76.6434806396037,72.6316149586681,150.318322465086,75.7340511039596,55.0235759009971,117.857768112221,136.141964277869,106.321948217881,112.05135503791,"WFS1"
"ENSG00000044574",778.548314860804,-0.169637501921725,0.34105349540862,-0.497392650142701,0.618912187567129,0.911897305794934,659.553179196848,467.655136106056,576.100764103981,1632.67430966597,526.007409485683,777.08734386496,943.735165402304,810.140562076053,746.338381607867,646.190897098325,"HSPA5"
"ENSG00000105825",139.542635490658,0.348080359250258,0.699931703667599,0.49730617634026,0.618973156957058,0.911897305794934,38.6834709206362,171.473549905554,225.32307822405,44.3710710890918,16.5237929681366,230.712888426988,46.2700867403535,57.5247736385363,360.660726307712,203.882916685521,"TFPI2"
"ENSG00000229647",30.3655152047353,0.18563609499396,0.373316760738437,0.497261614042625,0.619004577162397,0.911897305794934,19.3417354603181,40.2703033869104,26.4114963486066,26.260429828238,52.3253443990994,30.8904285759984,32.3017586677939,27.8036405919592,17.7203247029801,30.3296900854494,"MYOSLID"
"ENSG00000196781",170.149902053699,-0.182201933317455,0.366461287181032,-0.497192854173017,0.619053060077513,0.911897305794934,140.227582087306,281.892123708373,232.751311572095,78.7812894847139,155.599050449953,106.185848229994,194.683572511299,211.882916235275,103.194832093825,196.300494164159,"TLE1"
"ENSG00000232472",37.7153197625058,0.190889045578935,0.384031307833202,0.497066363302454,0.619142253728432,0.911897305794934,25.1442560984135,24.6817988500419,31.3636519139703,57.0485199716894,48.1943961570652,33.7864062549982,40.1589432086087,40.2673415469754,56.2880902329956,20.2197933902996,"EEF1B2P3"
"ENSG00000131116",224.824919764733,0.18126465354459,0.364693565460767,0.49703277137773,0.619165941648433,0.911897305794934,308.500680592074,232.528526008289,212.117330049746,79.6868215477566,240.971980785326,155.417468772992,285.477704982936,346.107388058527,153.22869007871,234.21260677097,"ZNF428"
"ENSG00000138172",609.752219776507,0.150914568238928,0.303656796835336,0.496990582169529,0.619195692650144,0.911897305794934,517.391423563509,765.135764351298,742.82333480456,262.60429828238,755.963528292251,699.861272424964,695.797342114372,709.472208208614,486.787743311276,461.685282411841,"CALHM2"
"ENSG00000162688",65.7871551934002,0.192954023783631,0.388270194195468,0.496958114911319,0.619218588348257,0.911897305794934,60.926466700002,49.3635977000837,47.8708371318494,84.2144818629701,53.7023271464441,42.4743392919978,33.1747791723289,74.7822057300972,91.7287396389557,119.633777559273,"AGL"
"ENSG00000130813",235.38899614794,0.126892578345491,0.255358376809779,0.496919583883539,0.619245760656363,0.911897305794934,234.034999069849,200.052474889813,183.229755918458,274.376215101935,318.08301463663,191.13452681399,281.112602460261,294.335091783844,154.271062120062,223.260218684558,"C19orf66"
"ENSG00000105085",56.0371539567424,0.13088399454292,0.263454373180431,0.49679947598851,0.619330464790929,0.911902231057256,48.3543386507953,68.8492283711694,44.5694000882736,50.7097955303906,68.849137367236,60.8155312589968,57.6193532993081,43.1435802289022,67.754182687865,49.7069920844865,"MED26"
"ENSG00000089723",19.8259962373032,-0.215215996846385,0.433330872038604,-0.49665512137158,0.619432275218617,0.911951457621227,23.2100825523817,29.8779670289981,16.5071852178791,17.2051091978111,19.2777584628261,16.4105401809991,8.73020504534971,13.4224471823251,29.1864171578495,24.432250346612,"OTUB2"
"ENSG00000062194",408.037831822167,0.103083294589434,0.207672532991596,0.496374234495446,0.619630400040262,0.912142455335207,418.748572715887,437.777169077058,430.837534186645,275.281747164977,495.713789044099,416.055459882978,481.907318503304,332.684940876201,423.203048788818,368.168737981705,"GPBP1"
"ENSG00000144034",184.57191356521,0.13828841087904,0.278717747709034,0.496159329700833,0.619782002758094,0.912193741956836,177.943966234927,158.483129458164,223.672359702262,135.829809456403,147.337153965885,241.331473249987,193.810552006764,173.533067142918,274.143846875515,119.633777559273,"TPRKB"
"ENSG00000047849",2686.01582002341,0.0945127544758537,0.19049961781536,0.496130940102248,0.619802031162394,0.912193741956836,2497.01804792707,3289.17445727926,2311.83128976397,2227.60887508501,3262.07212845964,2690.36326379086,2119.69378501091,2858.02250360794,2522.54034007128,3081.83350923816,"MAP4"
"ENSG00000133265",167.866896945622,-0.191793316595301,0.386728530810285,-0.495937851271149,0.61993825970465,0.912200575586871,190.516094284133,261.107450992548,217.894844876004,57.0485199716894,137.698274734472,111.977803587994,241.826679756187,130.389486914016,127.169389044916,203.040425294258,"HSPBP1"
"ENSG00000116171",884.717250678135,0.16099332300581,0.324648137443553,0.495900959954843,0.619964288848088,0.912200575586871,1179.8458630794,862.563917706726,939.258838897321,323.27494650624,1016.2132675404,767.43408493496,747.305551881935,825.480501712996,863.084050239265,1322.7114842821,"SCP2"
"ENSG00000116678",93.8930222228686,0.172176833493661,0.347300728397423,0.495757190859201,0.620065731529194,0.912200575586871,101.54411116667,77.9425226843427,99.0431113072746,70.6315009173297,79.8649993459938,73.3647678679962,56.7463327947731,76.699698184715,121.957528838157,181.135649121434,"LEPR"
"ENSG00000177885",480.198499256195,-0.177842718097926,0.358744376095835,-0.495736602294268,0.620080259298986,0.912200575586871,594.758365404782,684.595157577477,619.84480493136,165.712367536812,424.110686182174,538.651848293972,337.858935255034,316.38625501195,595.19443561186,524.872136756527,"GRB2"
"ENSG00000148090",93.7215302379689,-0.163291994060078,0.32959013296166,-0.495439570938468,0.620289868023695,0.912331305230409,116.050412761909,105.222405623863,121.327811351411,57.9540520347321,92.2578440720962,87.8446562629954,55.8733122902382,56.5660274112273,121.957528838157,122.16125173306,"AUH"
"ENSG00000198796",1394.96237318713,-0.1648329582598,0.332715720285316,-0.495416802423552,0.620305936554649,0.912331305230409,803.649108376217,1118.47520052032,1223.18242464484,2820.73237637798,1361.83593712393,1113.98608052194,1503.34130880922,1432.36686359955,926.668744761723,1645.38568713563,"ALPK2"
"ENSG00000103855",430.219074869935,0.101121690328339,0.204161494241678,0.4953024599665,0.620386634734413,0.912349382230992,443.892828814301,410.497286137538,331.79442287937,462.726884214814,510.860599264891,364.893187553981,517.701159189238,520.599201428753,353.36412201825,385.861057198217,"CD276"
"ENSG00000135387",1446.67242754951,-0.109777630911699,0.221739267879435,-0.495075283514455,0.620546980043852,0.912440986619414,1570.54891937783,1482.20697304725,1496.37634000074,1504.08875671391,1169.05835249567,1647.81129935091,962.068595997538,1132.27929445186,1630.26987267417,1872.01587138524,"CAPRIN1"
"ENSG00000082397",501.727759133239,0.215926688339075,0.436197596066036,0.495020353817782,0.620585753139739,0.912440986619414,746.590988768279,536.504364477226,349.952326619037,196.500457680264,747.701631808183,651.594977774966,183.334305952344,328.849955966966,829.728144916009,446.520437369116,"EPB41L3"
"ENSG00000196517",243.079117920571,-0.214822951610797,0.434177424002722,-0.494781487324525,0.620754373529709,0.912588302443312,169.240185277783,254.612240768853,294.653256139142,341.385587767094,234.087067048602,406.402200952979,164.127854852575,201.336707734877,312.711612405531,52.234466258274,"SLC6A9"
"ENSG00000163399",517.488694599348,-0.171127242409429,0.345953743741739,-0.494653535350029,0.620844705453933,0.912620504424017,473.872518777794,332.554763453196,372.237026663174,1039.55080837301,476.436030581273,779.98332154396,457.462744376325,414.178370197461,468.025046566945,360.586315460343,"ATP1A1"
"ENSG00000187583",11.4881051213446,-0.252965087001909,0.511932135886561,-0.494137932098804,0.621208770534703,0.912853831271632,8.70378095714315,7.79425226843427,13.2057481743033,20.8272374499818,8.26189648406832,8.68793303699955,10.4762460544197,12.4637009550162,17.7203247029801,6.73993113009986,"PLEKHN1"
"ENSG00000106123",12.8654866992957,-0.399156640374778,0.808041331688904,-0.493980474415204,0.62131996917398,0.912916649650036,13.5392148222227,33.7750931632152,8.25359260893955,4.52766031521344,34.424568683618,4.82662946499975,18.3334305952344,3.83498490923575,2.08474408270354,5.0549483475749,"EPHB6"
"ENSG00000139832",67.5324816210626,0.16326077301023,0.330721864471401,0.493649772055962,0.621553543586612,0.912926179541613,63.8277270190498,98.7271954001675,50.3469149145313,39.8434107738783,95.0118095667857,65.6421607239966,77.6988249036124,85.3284142304955,50.0338579848849,48.864500693224,"RAB20"
"ENSG00000099341",1364.44412731694,0.144639804648321,0.293041579274332,0.49358116689958,0.621602004047652,0.912926179541613,1627.60703898577,1387.3769037813,1602.02232539517,516.153275934333,1349.44309239783,1354.35222787893,1515.56359587271,1415.10943150799,1663.62577799742,1213.18760341798,"PSMD8"
"ENSG00000163904",396.8431680731,0.111707269929843,0.226363266415374,0.493486737927088,0.621668708299987,0.912926179541613,311.401940911122,435.17908498758,396.172445229098,371.268145847502,448.896375634379,537.686522400972,284.604684478401,363.364820150087,479.491139021814,340.366522070043,"SENP2"
"ENSG00000214756",36.0172642071363,-0.197364750842303,0.400123767018073,-0.493259254038233,0.621829414781802,0.91293173571937,39.6505576936521,35.0741352079542,42.0933223055917,38.9378787108356,41.3094824203416,24.1331473249987,58.4923738038431,42.1848340015933,23.9745569510907,14.3223536514622,"METTL12"
"ENSG00000186468",8125.04714936162,0.16580529842481,0.336155030432909,0.493240568827074,0.621842615790902,0.91293173571937,5643.91840732082,6154.8612079736,8238.73614224346,10248.8118895172,9691.20457581214,5927.10098301969,12259.8269451846,12471.3709248347,6674.30818077538,3940.33223693463,"RPS23"
"ENSG00000249471",19.5556482606502,-0.19557384020888,0.396548106592354,-0.493190704879415,0.621877845018406,0.91293173571937,18.3746486873022,31.1770090737371,16.5071852178791,19.0161733238965,20.6547412101708,11.5839107159994,20.9524921088393,14.3811934096341,26.0593010337942,16.8498278252497,"ZNF324B"
"ENSG00000109756",225.070046956632,-0.129940950815899,0.263604555745823,-0.492938942000656,0.62205573048063,0.913029348965584,223.397044566674,253.313198724114,196.435504092761,276.18727922802,229.956118806568,278.013857183986,125.714952653036,160.110619960593,248.084545841721,259.487348508845,"RAPGEF2"
"ENSG00000233429",32.8095171322769,-0.258102981588774,0.523651632145219,-0.492890627555987,0.622089870037319,0.913029348965584,23.2100825523817,12.9904204473905,22.2847000441368,86.9310780520981,15.1468102207919,24.1331473249987,26.1906151360491,35.4736104104307,39.6101375713672,42.1245695631242,"HOTAIRM1"
"ENSG00000128573",41.6377481830687,-0.222976248416368,0.452462582585605,-0.492805940199887,0.622149713083844,0.913029348965584,40.617644466668,81.8396488185599,45.3947593491675,15.3940450717257,20.6547412101708,37.647709826998,34.0477996768639,68.0709821389346,36.4830214473119,36.2271298242868,"FOXP2"
"ENSG00000129194",6.79430189247685,0.494815251748513,1.00493370482973,0.492385964736201,0.622446519326824,0.913313454413874,14.5063015952386,0,0,7.24425650434151,6.8849137367236,2.89597767899985,9.60322554988468,16.2986858642519,2.08474408270354,8.42491391262483,"SOX15"
"ENSG00000213760",15.8151557309071,-0.281211547979327,0.571355118302344,-0.492183475690015,0.622589644890888,0.913313454413874,31.9138635095249,5.19616817895618,20.6339815223489,12.6774488825976,16.5237929681366,23.1678214319988,17.4604100906994,16.2986858642519,4.16948816540708,10.1098966951498,"ATP6V1G2"
"ENSG00000159753",8.12344472879244,-0.388356128378822,0.789070178386632,-0.492169313980249,0.622599655362163,0.913313454413874,4.83543386507953,2.59808408947809,24.7607778268187,5.43319237825613,1.37698274734472,9.6532589299995,4.36510252267486,4.79373113654469,16.6779526616283,6.73993113009986,"CARMIL2"
"ENSG00000106853",408.276351429849,0.127493445433498,0.259073247307622,0.492113511365815,0.622639101170306,0.913313454413874,528.9964648397,371.526024795367,402.77531931625,244.493657021526,397.948013982624,393.85296434398,407.700575617832,354.736104104307,360.660726307712,620.073663969188,"PTGR1"
"ENSG00000234284",22.1006670495181,-0.195041685200462,0.396387851619285,-0.492047585221639,0.622685704505163,0.913313454413874,35.7822106015885,16.8875465816076,24.7607778268187,18.1106412608538,22.0317239575155,14.4798883949993,31.428738163259,17.2574320915609,16.6779526616283,23.5897589553495,"ZNF879"
"ENSG00000104660",165.160501394345,0.150308510681961,0.305564743071337,0.491903971548413,0.622787230556907,0.913330350544789,150.865536590481,88.3348590422551,141.96179287376,238.154932580227,106.027671545543,193.06517859999,153.651608798155,224.346617190291,195.965943774133,159.230872948609,"LEPROTL1"
"ENSG00000119878",333.656598947322,0.148462075428933,0.301851849575581,0.491837554209718,0.622834185964224,0.913330350544789,311.401940911122,363.731772526933,439.916486056478,138.546405645531,275.396549468944,340.760040228982,430.399108735741,395.003445651282,361.703098349064,279.707141899144,"CRIPT"
"ENSG00000227345",67.0383596122741,-0.119534877868954,0.243404372618726,-0.491095852481646,0.623358654820604,0.91382904259882,66.7289873380975,88.3348590422551,75.1076927413499,52.520859656476,52.3253443990994,70.4687901889964,57.6193532993081,67.1122359116257,71.9236708532721,68.2418026922611,"PARG"
"ENSG00000174013",252.740767421124,-0.143095152958893,0.291407307577962,-0.491048608726497,0.623392068091674,0.91382904259882,304.63233350001,250.715114634636,318.588674705067,197.405989743306,207.924394849053,356.205254516982,186.826387970484,182.161783188698,350.237005894195,172.710735208809,"FBXO45"
"ENSG00000198046",91.2265025919405,-0.174544326362855,0.355495566910782,-0.490988756567701,0.623434399802721,0.91382904259882,64.7948137920657,74.0453965501256,75.1076927413499,177.484284356367,86.7499130827173,83.9833526909956,93.4131939852419,121.760770868235,48.9914859435332,85.9341219087733,"ZNF667"
"ENSG00000137177",1057.22122649977,-0.124820117000679,0.254261575732032,-0.490912229428751,0.623488527059943,0.91382904259882,1061.86127677146,1435.44145943665,1000.33542420347,952.619730320909,1432.06205723851,1025.17609836595,872.147484030436,608.803854341176,957.939906002276,1225.82497428691,"KIF13A"
"ENSG00000149243",23.3714019586254,0.192331453001115,0.392043285791581,0.490587289647813,0.623718377964234,0.913916914507681,24.1771693253976,24.6817988500419,20.6339815223489,17.2051091978111,16.5237929681366,30.8904285759984,35.7938406859338,30.679879273886,14.5932085789248,18.5348106077746,"KLHL35"
"ENSG00000164815",61.3030305999315,0.131800044878023,0.26874595250616,0.490426157673956,0.623832370613496,0.913916914507681,62.8606402460339,58.4568920132571,60.2512260452587,50.7097955303906,52.3253443990994,83.0180267979957,55.0002917857032,44.1023264562111,68.7965547292168,77.5092079961484,"ORC5"
"ENSG00000137857",8.40221508085698,-0.38751480127718,0.790291733251254,-0.490343989406224,0.623890503938363,0.913916914507681,11.6050412761909,3.89712613421714,2.47607778268187,20.8272374499818,15.1468102207919,0.96532589299995,11.3492665589546,2.87623868192681,7.29660428946239,7.58242252136235,"DUOX1"
"ENSG00000265688",45.9254930549932,0.177150740904157,0.36128486173366,0.490335354916568,0.623896612899661,0.913916914507681,53.1897725158748,48.0645556553447,52.8229926972131,16.2995771347684,55.0793098937888,33.7864062549982,52.3812302720983,59.4422660931542,46.9067418608296,41.2820781718617,"MAFG-AS1"
"ENSG00000146476",153.446122056258,0.112686862949846,0.229831023746313,0.490303097958742,0.623919435149767,0.913916914507681,156.668057228577,140.296540831817,183.229755918458,105.041719312952,125.305430008369,167.001379488991,138.81026022106,161.069366187902,201.177803980892,155.860907383559,"ARMT1"
"ENSG00000136379",191.615974773397,0.129419626175562,0.264213908244847,0.489828968638656,0.624254929928421,0.91429150279146,220.495784247626,205.248643068769,192.308707788292,107.75831550208,242.348963532671,153.486816986992,181.588264943274,221.470378508365,152.186318037358,239.267555118545,"ABHD17C"
"ENSG00000272523",17.039686363361,0.301498268871145,0.615639532926638,0.489731819913964,0.624323682165702,0.91429150279146,9.67086773015905,29.8779670289981,18.157903739667,2.71659618912807,15.1468102207919,13.5145625019993,33.1747791723289,27.8036405919592,9.38134837216593,10.9523880864123,"LINC01023"
"ENSG00000183569",12.1511427872492,-0.32848547207675,0.670965276363017,-0.489571492965051,0.624437152840894,0.91429150279146,9.67086773015905,5.19616817895618,6.60287408715164,33.5046863325795,17.9007757154814,10.6185848229995,3.49208201813988,12.4637009550162,5.21186020675885,16.8498278252497,"SERHL2"
"ENSG00000158825",107.207718794319,0.219458496814992,0.448282304730444,0.489554226207868,0.624449373841749,0.91429150279146,168.273098504768,72.7463545053866,108.122063177108,41.6544748999637,45.4404306623758,109.081825908994,174.604100906994,113.132054822455,64.6270665638097,174.395717991334,"CDA"
"ENSG00000103034",18.7341850999412,0.268210352170654,0.54797962995452,0.489453142980724,0.624520920222917,0.914295885072782,17.4075619142863,10.3923363579124,14.8564666960912,23.5438336391099,33.0475859362733,11.5839107159994,3.49208201813988,23.9686556827235,22.9321849097389,26.117233129137,"NDRG4"
"ENSG00000123983",141.784058845874,-0.201964644837353,0.412794194072372,-0.489262319425801,0.624655994166202,0.91430647020318,138.293408541274,71.4473124606475,88.3134409156532,316.936222064941,90.8808613247515,122.596388410994,105.635481048732,127.513248232089,218.898128683872,137.326096775785,"ACSL3"
"ENSG00000212127",10.5346757339168,-0.257082343168242,0.525462947202789,-0.489249231628559,0.624665258790686,0.91430647020318,9.67086773015905,12.9904204473905,12.3803889134093,11.771916819555,11.0158619787578,9.6532589299995,9.60322554988468,14.3811934096341,2.08474408270354,11.7948794776748,"TAS2R14"
"ENSG00000142002",592.287897483027,-0.114917165141514,0.234984926409429,-0.489040581868161,0.624812966345029,0.914422312316872,665.355699834943,776.827142753949,642.954864236391,398.434107738783,665.0826669675,652.560303667966,427.780047222136,465.950666472144,612.91476031484,615.018715621613,"DPP9"
"ENSG00000115234",1172.75168526283,0.125770438117863,0.257328027926164,0.488755302449801,0.625014946037722,0.914557712008706,1393.57203991592,1276.95832997848,1219.05562834037,558.713282897339,1381.11369558675,1158.39107159994,1351.43574102014,1015.31225472017,1074.68557463367,1298.27923393549,"SNX17"
"ENSG00000225733",2513.43355957857,-0.100937686970946,0.206567491691725,-0.488642652066387,0.625094711002663,0.914557712008706,2192.38571442706,2844.90207797851,3016.68809856741,2424.10933276528,2851.73126975091,3143.10110760784,1813.26358791914,2227.16748603866,2051.38817738028,2569.59874335057,"FGD5-AS1"
"ENSG00000186073",117.309796827011,-0.150176909109315,0.307406670938978,-0.488528465080467,0.625175568479124,0.914557712008706,169.240185277783,120.810910160731,118.85173356873,89.6476742412262,139.075257481817,122.596388410994,61.111435317448,84.3696680031865,111.533808424639,155.860907383559,"C15orf41"
"ENSG00000172201",209.484250526122,-0.231431706150048,0.473738045761523,-0.48852252467506,0.625179775090603,0.914557712008706,212.759090063499,87.0358169975161,196.435504092761,422.883473440936,165.237929681366,87.8446562629954,92.5401734807069,213.800408689893,406.52509612719,209.780356424358,"ID4"
"ENSG00000234009",42.7064322332545,-0.253354845418581,0.519546619157964,-0.487646028433783,0.625800586848425,0.915168488320338,36.7492973746044,19.4856306710857,44.5694000882736,87.8366101151408,46.8174134097205,16.4105401809991,75.9527838945425,54.6485349566095,26.0593010337942,18.5348106077746,"RPL5P34"
"ENSG00000025039",12.6959402819534,0.436606293316116,0.895498509965658,0.487556694352132,0.625863876015091,0.915168488320338,13.5392148222227,12.9904204473905,5.77751482625769,9.96085269346958,0,6.75728125099965,12.2222870634896,19.1749245461788,1.04237204135177,45.4945351281741,"RRAGD"
"ENSG00000087903",173.334540662549,0.111687829806297,0.229099369067679,0.487508238284597,0.625898206106078,0.915168488320338,154.733883682545,193.557264666118,195.610144831867,117.71916819555,196.908532870295,194.99583038599,204.286798061183,190.790499234479,144.889713747896,139.853570949572,"RFX2"
"ENSG00000074590",509.576875531352,-0.220925572393452,0.453292100154043,-0.487380151382241,0.625988956851172,0.915168488320338,399.406837255569,353.33943616902,283.098226486627,1191.68019496418,488.828875307376,500.038812573974,212.143982601998,379.663506014339,937.092465175241,350.476418765193,"NUAK1"
"ENSG00000102580",220.082099076333,-0.191518420221986,0.392977343341852,-0.487352320602829,0.626008675962914,0.915168488320338,215.660350382547,122.10995220547,127.930685438563,485.365185790881,136.321291987127,205.614415208989,171.985039393389,306.79879273886,225.152360931982,203.882916685521,"DNAJC3"
"ENSG00000160766",33.4170060220827,0.269690555060689,0.553567430234123,0.48718645702589,0.626126201840328,0.915168488320338,15.4733883682545,15.5885045368685,22.2847000441368,65.1983085390736,37.1785341783074,47.3009687569975,42.7780047222136,44.1023264562111,37.5253934886637,6.73993113009986,"GBAP1"
"ENSG00000263400",9.95592108557639,-0.256788304513701,0.527103539636668,-0.487168620970949,0.626138840491061,0.915168488320338,11.6050412761909,7.79425226843427,9.07895186983351,15.3940450717257,12.3928447261025,4.82662946499975,13.9683280725595,11.5049547277073,6.25423224811062,6.73993113009986,"TMEM220-AS1"
"ENSG00000112305",101.019439246508,-0.0992659015362583,0.203856242313213,-0.486940701005086,0.626300354529584,0.915168488320338,100.577024393654,110.418573802819,114.72493726426,95.986398682525,77.1110338513043,113.908455373994,89.921111967102,107.379577458601,94.855855763011,105.31142390781,"SMAP1"
"ENSG00000135723",84.6532366826269,-0.147323607732686,0.302649093576229,-0.486780270814124,0.626414053117448,0.915168488320338,68.6631608841293,63.6530601922132,77.5837705240318,149.412790402044,66.0951718725465,71.4341160819963,107.381522057801,82.4521755485687,82.3473912667898,77.5092079961484,"FHOD1"
"ENSG00000106603",379.809321938243,0.0792311239825171,0.162779148654782,0.486740007164853,0.626442589789236,0.915168488320338,350.085411831758,370.226982750628,316.112596922385,432.844326134405,417.22577244545,408.332852738979,397.224329563412,327.891209739657,398.186119796376,379.96361745938,"COA1"
"ENSG00000174840",132.770027829931,-0.137788921232841,0.28316478460938,-0.486603309175319,0.626539478017852,0.915168488320338,152.799710136513,157.184087413425,97.3923927854867,155.751514843343,78.488016598649,155.417468772992,103.016419535127,114.090801049764,128.211761086268,185.348106077746,"PDE12"
"ENSG00000151131",46.0332979316422,0.142980996235567,0.293870291237382,0.486544575953988,0.626581108684067,0.915168488320338,50.2885121968271,40.2703033869104,41.2679630446978,40.748942836921,63.3412063778571,40.5436875059979,53.2542507766332,49.8548038200648,52.1186020675885,28.6447073029244,"C12orf45"
"ENSG00000197702",2812.8821463881,-0.117054944123219,0.240630485468059,-0.486451015944762,0.626647427365894,0.915168488320338,3250.37864410646,3350.229433382,2882.97989830259,2319.97314551537,2839.33842502481,3287.89999155783,1672.707286689,2120.74665480737,3479.43787403221,2925.13011046334,"PARVA"
"ENSG00000110031",1112.33475473155,0.196339694818214,0.403627887472328,0.486437386791502,0.626657088449219,0.915168488320338,1182.74712339845,1275.65928793374,1361.01742121413,272.565150975849,1012.08231929837,1599.54500470092,1268.49879308931,710.430954435923,786.990891220586,1653.81060104825,"LPXN"
"ENSG00000171160",136.626748108686,0.137279251040429,0.28226141592062,0.486355000355542,0.626715489788929,0.915168488320338,123.787106946036,145.492709010773,161.770415135215,84.2144818629701,183.138705396848,170.862683060991,109.127563066871,170.656828460991,95.8982278043628,121.318760341798,"MORN4"
"ENSG00000111850",40.5962939716587,0.160125774583989,0.329293697045936,0.486270390294328,0.626775469827401,0.915168488320338,55.1239460619066,31.1770090737371,42.9186815664857,22.6383015760672,28.9166376942391,37.647709826998,49.7621687584934,46.019818910829,47.9491139021814,43.8095523456491,"SMIM8"
"ENSG00000136816",126.234322219577,0.206896020094562,0.42554557398455,0.486190041074363,0.62683243164177,0.915168488320338,85.1036360253997,61.0549761027352,85.8373631329713,230.005144012843,68.849137367236,107.151174122994,107.381522057801,245.439034191088,119.872784755454,151.648450427247,"TOR1B"
"ENSG00000134824",165.141153511188,-0.276661019302832,0.569322091976152,-0.485948153430205,0.627003926005214,0.915313258927842,75.4327682952406,150.688877189729,93.2655964810169,418.355813125722,75.7340511039596,216.233000031989,36.6668611904688,222.429124735674,274.143846875515,88.4615960825607,"FADS2"
"ENSG00000109794",25.8839058631942,0.233439977242956,0.480470951633866,0.485856588102009,0.627068849578143,0.915313258927842,14.5063015952386,36.3731772526933,12.3803889134093,30.7880901434514,34.424568683618,35.7170580409981,27.0636356405841,7.6699698184715,31.2711612405531,28.6447073029244,"FAM149A"
"ENSG00000168092",1046.68781599728,-0.141861981681112,0.292175773563276,-0.485536428811368,0.627295878348275,0.915501973992019,1134.39278474766,1399.06828218395,1228.9599394711,674.621386966803,673.344563451568,1170.94030820894,640.797050328669,911.7676621708,1349.87179355054,1283.11438889276,"PAFAH1B2"
"ENSG00000122591",954.518004422811,-0.143537055608021,0.295674861423008,-0.485455729706657,0.627353108615564,0.915501973992019,1366.49361027147,950.898776748982,848.469320198986,881.988229403579,940.479216436444,937.331442102951,517.701159189238,607.845108113867,1411.3717439903,1082.60143777229,"FAM126A"
"ENSG00000179950",513.26826954637,-0.0931465191435651,0.19190278777683,-0.485383877027821,0.62740406705309,0.915501973992019,528.9964648397,615.745929206308,594.258667843648,395.717511549655,407.586893214037,470.113709890976,550.875938361567,461.156935335599,537.863973337513,570.366671884701,"PUF60"
"ENSG00000204304",485.035896954285,-0.091581995204824,0.188814507185499,-0.485036857442581,0.627650200858688,0.915685641908447,480.642126188905,561.186163327268,439.916486056478,532.452853069101,596.233529600264,480.732294713975,427.780047222136,524.434186337989,359.61835426636,447.362928760379,"PBX2"
"ENSG00000140043",29.2433593553089,-0.178622765867395,0.368397001233704,-0.484864874766122,0.627772199966125,0.915685641908447,36.7492973746044,15.5885045368685,28.8875741312884,44.3710710890918,19.2777584628261,24.1331473249987,29.682697154189,26.8448943646503,28.1440451164978,38.7546039980742,"PTGR2"
"ENSG00000110375",5.43402190312256,0.369534145749235,0.762220329674693,0.484812765236724,0.627809166837545,0.915685641908447,2.90126031904772,2.59808408947809,8.25359260893955,4.52766031521344,6.8849137367236,0.96532589299995,6.1111435317448,10.5462085003983,3.12711612405531,8.42491391262483,"UPK2"
"ENSG00000182199",2489.05024646988,0.144125009255245,0.297330563228241,0.484729883434853,0.627867965702291,0.915685641908447,1979.62662436356,2643.55056104396,2777.33391290816,1965.00457680264,3124.37385372517,3132.48252278484,3190.88994407532,2756.3954035132,2252.56598136117,1068.27908412083,"SHMT2"
"ENSG00000171302",412.227663375529,0.0841595932798471,0.173637277259099,0.484686206834869,0.627898952157864,0.915685641908447,375.229667930171,435.17908498758,434.964330491114,346.81878014535,410.340858708727,459.495125067976,497.621687584934,441.023264562111,366.914958555823,354.688875721505,"CANT1"
"ENSG00000151725",134.373555839013,-0.422947733172554,0.872730719324467,-0.484625697030505,0.627941882049536,0.915685641908447,126.688367265084,248.117030545158,226.973796745838,32.5991542695368,34.424568683618,370.685142911981,62.8574763265179,13.4224471823251,156.355806202765,71.6117682573111,"CENPU"
"ENSG00000204104",225.036719115044,0.0979351521411373,0.202163615188219,0.484435104951786,0.628077109641059,0.915782705945425,272.718469990485,213.042895337204,208.815893006171,169.334495788983,246.479911774705,216.233000031989,233.096474710837,187.914260552552,227.237105014686,275.494684942832,"TRAF3IP1"
"ENSG00000212916",10.9784900563254,0.255445322058097,0.527848769073889,0.483936568624146,0.628430886770778,0.91612023336015,12.5721280492068,9.09329431317332,13.2057481743033,4.52766031521344,11.0158619787578,7.7226071439996,10.4762460544197,15.339939636943,7.29660428946239,18.5348106077746,"MAP10"
"ENSG00000100028",518.759953414095,0.152138090633549,0.314389913423067,0.483915304333634,0.628445978481819,0.91612023336015,629.573489233355,517.01873380614,613.241930844209,185.634072923751,523.253443990994,536.721196507972,639.924029824134,389.250968287429,569.135134578066,583.846534144901,"SNRPD3"
"ENSG00000072274",560.889566614144,0.172004443015434,0.35572060471246,0.483538037259524,0.628713758617034,0.916224660627099,461.300390728587,263.705535082026,406.076756359826,953.525262383951,381.424221014487,531.894567042972,515.082097675633,897.386468761166,709.855360160555,488.64500693224,"TFRC"
"ENSG00000136158",308.312230887992,0.168557474448787,0.348720300654765,0.483360085811751,0.628840083610135,0.916224660627099,293.027292223819,363.731772526933,321.064752487749,171.145559915068,177.630774407469,539.617174186972,430.399108735741,222.429124735674,222.025244807927,342.051504852568,"SPRY2"
"ENSG00000204371",245.401563337993,0.109907418295455,0.227403187771004,0.483315204913187,0.628871945585056,0.916224660627099,206.956569425404,292.284460066285,203.038378179913,235.438336391099,320.83698013132,204.649089315989,278.493540946656,259.820227600722,176.160874988449,276.337176334094,"EHMT2"
"ENSG00000147475",151.731217417117,-0.137144942446972,0.283766211593021,-0.483302580941755,0.628880907755238,0.916224660627099,149.898449817465,100.026237444907,128.756044699457,262.60429828238,132.190343745093,129.353669661993,143.175362743735,177.368052052154,131.338877210323,162.600838513659,"ERLIN2"
"ENSG00000128578",12.7429275400631,-0.267675301626335,0.553987023842084,-0.483179731846276,0.628968125200862,0.916224660627099,8.70378095714315,12.9904204473905,9.90431113072746,25.3548977651953,6.8849137367236,16.4105401809991,7.85718454081474,5.75247736385363,12.5084644962212,21.0622847815621,"STRIP2"
"ENSG00000068784",36.2167195265301,-0.174534240298907,0.361229624221671,-0.483167017862863,0.628977151864611,0.916224660627099,35.7822106015885,42.8683874763885,41.2679630446978,36.2212825217076,17.9007757154814,32.8210803619983,31.428738163259,22.0511632281056,52.1186020675885,49.7069920844865,"SRBD1"
"ENSG00000110700",6497.50491515407,0.146361045882944,0.302999725416027,0.483040193128842,0.629067197822775,0.916224660627099,5174.88132240811,4731.11112693961,6162.13224183427,8356.24987775793,7925.91269371621,4814.08022839075,9519.41558144933,8905.79370547272,5813.30887461882,3572.16349895293,"RPS13"
"ENSG00000013563",50.0525409681378,0.161817603032192,0.335141008866506,0.482834385381489,0.629213333706757,0.916296660622379,28.0455164174613,48.0645556553447,32.1890111748642,78.7812894847139,44.063447915031,60.8155312589968,46.2700867403535,52.7310425019916,57.3304622743473,52.234466258274,"DNASE1L1"
"ENSG00000108799",319.435131371828,0.128489117919553,0.266258473571768,0.482572878135725,0.629399040535135,0.91634417962615,226.298304885722,216.940021471421,275.669993138581,489.892846106095,404.832927719348,304.077656294984,299.446033055495,371.993536195868,278.313335040922,326.886659809843,"EZH1"
"ENSG00000167962",401.480744669292,-0.132761237194443,0.275144896098155,-0.482513901137683,0.629440925716179,0.91634417962615,415.847312396839,650.820064414262,359.03127848887,270.754086849764,464.043185855171,400.610245594979,497.621687584934,307.757538966169,345.025145687436,303.296900854494,"ZNF598"
"ENSG00000158691",30.7666197176708,-0.165861917729844,0.343847272075985,-0.482370898941407,0.629542490138594,0.91634417962615,31.9138635095249,22.0837147605638,33.8397296966522,42.5600069630064,42.6864651676863,33.7864062549982,19.2064510997694,25.8861481373413,31.2711612405531,24.432250346612,"ZSCAN12"
"ENSG00000187164",32.5347491062818,-0.2249788993403,0.466428184759637,-0.482344135048866,0.629561499431237,0.91634417962615,53.1897725158748,11.6913784026514,28.0622148703945,48.8987314043052,38.5555169256522,52.1275982219973,20.9524921088393,21.0924170007966,18.7626967443319,32.0146728679744,"SHTN1"
"ENSG00000164932",642.216959528777,0.162485850619071,0.336993857767945,0.482162647400415,0.629690409120816,0.916384882388322,666.322786607959,235.126610097767,704.856808803438,789.623958973225,687.114390925015,725.925071535962,632.066845283319,554.155319384566,1000.6771596977,426.300643978816,"CTHRC1"
"ENSG00000114374",131.589686099171,-0.611132794215569,1.26784441355425,-0.482025071595599,0.629788135983798,0.916384882388322,160.53640432064,1.29904204473905,155.167541048064,346.81878014535,137.698274734472,111.012477694994,107.381522057801,134.224471823251,0,161.758347122397,"USP9Y"
"ENSG00000011523",186.009375647746,-0.124946487494628,0.259227598520568,-0.481995313028811,0.629809275810534,0.916384882388322,205.022395879372,274.097871439939,187.356552222928,117.71916819555,199.662498364984,165.070727702991,178.096182925134,191.749245461788,132.381249251675,208.937865033096,"CEP68"
"ENSG00000102893",469.425257315663,-0.101868230272693,0.211380901901089,-0.481917852353382,0.629864303580547,0.916384882388322,584.120410901607,452.066631569188,491.088760231903,430.127729945277,497.090771791444,462.391102746976,327.382689200614,393.085953196665,450.304721863964,606.593801708988,"PHKB"
"ENSG00000135709",154.966327544291,-0.154759606808532,0.32125398137964,-0.481735996372433,0.629993501451708,0.91642388938419,143.128842406354,271.499787350461,174.976163309518,71.5370329803724,159.729998691988,164.105401809991,125.714952653036,126.55450200478,157.398178244117,155.018415992297,"KIAA0513"
"ENSG00000138629",325.053305533226,0.127691105982868,0.265302478130783,0.481303856950486,0.630300556239539,0.916623683032239,303.665246726994,398.805907734887,370.586308141386,159.373643095513,369.031376288385,305.042982187984,417.303801167716,288.58261441999,331.474309149863,306.666866419544,"UBL7"
"ENSG00000203497",12.7302322136774,0.281335549920034,0.584575772580382,0.481264470948202,0.630328544968871,0.916623683032239,11.6050412761909,6.49521022369523,12.3803889134093,14.488513008683,13.7698274734472,2.89597767899985,18.3334305952344,19.1749245461788,6.25423224811062,21.9047761728246,"PDCD4-AS1"
"ENSG00000109436",241.149431572561,-0.116695793169035,0.242540230664173,-0.481139944698966,0.630417040087642,0.916623683032239,274.652643536517,271.499787350461,266.591041268748,198.311521806349,283.658445953012,283.805812541985,167.619936870714,181.203036961389,292.906543619847,191.245545816584,"TBC1D9"
"ENSG00000160767",568.111733028768,0.119901680713908,0.249220661513019,0.481106502109355,0.630440807112149,0.916623683032239,475.806692323825,761.238638217081,589.306512278284,335.046863325795,587.971633116195,460.460450960976,704.527547159722,672.081105343566,585.813087239694,508.86480032254,"FAM189B"
"ENSG00000120053",284.982006711538,-0.129889300936938,0.270073966676665,-0.480939731197575,0.630559333795596,0.916696079663382,228.232478431754,332.554763453196,371.41166740228,269.848554786721,231.333101553913,414.124808096979,225.239290170023,221.470378508365,349.194633852843,206.410390859308,"GOT1"
"ENSG00000213753",532.517889153604,0.118865114598319,0.247215759563139,0.480815279771678,0.630647789556085,0.916724748698584,468.069998139698,643.025812145828,595.084027104542,319.652818254069,703.638183893152,532.859892935972,658.257460419368,495.671799518721,482.618255145869,426.300643978816,"CENPBD1P1"
"ENSG00000171132",110.013019019589,-0.151943728336972,0.316228818384036,-0.480486658722065,0.630881387448519,0.916964370575512,153.766796909529,123.408994250209,118.026374307836,72.4425650434151,137.698274734472,144.798883949993,68.0955993537277,69.9884745935525,120.915156796805,90.9890702563482,"PRKCE"
"ENSG00000119335",3218.17922679075,-0.0921619522510006,0.191883670978602,-0.480301173002251,0.631013254916268,0.917056094673452,3934.1089926287,2633.15822468605,3495.3964698859,3305.19203010581,2971.52876876991,3872.8874827158,2929.85681321936,2802.41522242403,3692.08177046797,2545.16649300396,"SET"
"ENSG00000169062",502.977379947201,0.126746262307773,0.26398363949698,0.480129232816425,0.631135502942803,0.917105511170747,567.679935760337,380.61931910854,373.887745184962,584.973712725577,397.948013982624,480.732294713975,647.781214364949,724.812147845557,348.152261811491,523.187153974002,"UPF3A"
"ENSG00000163125",259.981970159057,-0.109347415034134,0.22781968039217,-0.479973524876794,0.631246218687054,0.917105511170747,217.594523928579,349.442310034803,275.669993138581,245.399189084569,271.26560122691,297.320375043985,185.080346961414,196.542976598332,287.694683413088,273.809702160307,"RPRD2"
"ENSG00000164252",310.97638956989,-0.115539668779587,0.24075595428869,-0.479903681389509,0.631295883413843,0.917105511170747,413.913138850808,332.554763453196,362.332715532446,195.594925617221,287.789394195046,259.672665216987,309.922279109915,247.356526645706,358.575982225009,342.051504852568,"AGGF1"
"ENSG00000023608",149.615274883703,0.143169692383313,0.298397532939028,0.479795161083209,0.631373053988243,0.917105511170747,144.09592917937,171.473549905554,173.325444787731,75.1591612325432,114.289568029612,148.660187521992,185.953367465949,221.470378508365,130.296505168971,131.428657036947,"SNAPC1"
"ENSG00000115446",142.038642893982,0.135952167747584,0.283386311111333,0.479741478035519,0.631411230371812,0.917105511170747,156.668057228577,106.521447668602,103.995266872638,169.334495788983,95.0118095667857,135.145625019993,163.25483434804,217.635393599129,157.398178244117,115.42132060296,"UNC50"
"ENSG00000120539",104.961906303907,-0.184630754998836,0.385009565767929,-0.479548487660499,0.631548482461909,0.917105511170747,81.2352889333361,135.100372652861,168.373289222367,67.9149047282017,68.849137367236,167.001379488991,60.238414812913,67.1122359116257,142.804969665192,90.9890702563482,"MASTL"
"ENSG00000225031",12.4642245999511,-0.24360555448708,0.508086249283748,-0.479457089874982,0.631613487737827,0.917105511170747,11.6050412761909,14.2894624921295,10.7296703916214,18.1106412608538,16.5237929681366,4.82662946499975,9.60322554988468,6.71122359116257,18.7626967443319,13.4798622601997,"EIF4BP7"
"ENSG00000069345",403.77591131231,-0.115435319936201,0.240765630965473,-0.479450989218451,0.631617826837824,0.917105511170747,361.690453107949,457.262799748144,526.579208450343,348.629844271435,279.527497710978,418.951437561978,306.430197091775,384.457237150884,398.186119796376,556.044318233239,"DNAJA2"
"ENSG00000134531",1741.7483323484,0.146494935700285,0.305637267480553,0.479309793952422,0.631718255702689,0.917105511170747,1424.51881665243,1150.95125163879,1346.16095451804,2625.13745076076,1310.88757547217,2087.99990655889,1376.75333565165,2877.19742815412,1759.52400580179,1458.35259827536,"EMP1"
"ENSG00000129636",181.874749255633,0.144597245637022,0.301765883135986,0.479170289677386,0.631817488480788,0.917105511170747,216.627437155563,84.437732908038,135.358918786609,247.210253210654,147.337153965885,194.03050449299,170.238998384319,229.140348326836,176.160874988449,218.205270336983,"ITFG1"
"ENSG00000079156",73.5061953342816,-0.232781247773817,0.485818822088551,-0.47915238601313,0.631830224272217,0.917105511170747,87.0378095714315,75.3444385948647,83.3612853502895,76.9702253586286,48.1943961570652,120.665736624994,38.4129021995387,25.8861481373413,148.016829871951,31.1721814767119,"OSBPL6"
"ENSG00000006015",155.109425880397,-0.218242523859695,0.455695798307436,-0.478921518851612,0.631994461670476,0.917105511170747,244.672953573024,213.042895337204,163.421133657003,57.0485199716894,103.273706050854,71.4341160819963,148.413485770945,278.036405919592,77.1355310600309,194.615511381634,"C19orf60"
"ENSG00000116871",1388.6625397981,-0.139698914546872,0.291707318086198,-0.478900959576173,0.632009088286121,0.917105511170747,1580.21978710799,2022.60846365869,1623.48166617841,654.699681579864,1440.32395372258,1366.90146448793,1404.68999179677,905.056438579638,1435.34630094139,1453.29764992778,"MAP7D1"
"ENSG00000126261",929.143955174869,-0.125084909842588,0.261192267588656,-0.478899743079611,0.632009953750494,0.917105511170747,1087.97261964289,875.554338154117,1048.20626133532,899.19333860139,824.812665659487,1326.35777698193,673.098808996463,647.153703433533,1225.82952062968,683.260518313874,"UBA2"
"ENSG00000181007",45.2882318182534,0.12192377214885,0.254795361225367,0.478516451643749,0.632282667729594,0.917391454552988,41.5847312396839,41.5693454316495,42.9186815664857,46.1821352151771,42.6864651676863,47.3009687569975,42.7780047222136,53.6897887293005,38.5677655300155,55.6044318233239,"ZFP82"
"ENSG00000080845",1203.01708000463,0.0766018498751922,0.160111068031866,0.478429447862696,0.63234457836887,0.917391454552988,1034.78284712702,1422.45103898926,1062.23736877052,1140.97039943379,1419.66921251241,1285.81408947593,1213.49850130361,1218.56645490966,1144.52450140424,1087.65638611987,"DLGAP4"
"ENSG00000137842",76.7190272334756,0.136790814704118,0.28605661864032,0.478194894962788,0.632511495676741,0.9174492233088,61.893553473018,54.5597658790399,63.5526630888345,108.663847565123,95.0118095667857,98.4632410859949,58.4923738038431,72.8647132754793,67.754182687865,85.9341219087733,"TMEM62"
"ENSG00000100401",575.169322693616,-0.169467899168112,0.354401773112081,-0.478180167328106,0.632521977080634,0.9174492233088,454.530783317476,835.284034767206,911.196624026926,264.415362408465,356.638531562282,577.26488401397,524.685323225518,395.962191878591,643.143549514042,788.571942221684,"RANGAP1"
"ENSG00000117505",1146.13359087729,-0.103520539525916,0.216585700425167,-0.477965716677975,0.632674606275908,0.91748671879938,1270.7520197429,1267.86503566531,1245.46712468898,998.801865536086,1129.12585282267,1401.65319663593,886.988832607531,1111.18687745106,1381.14295479109,768.352148831385,"DR1"
"ENSG00000157350",367.390577955116,-0.107297543574966,0.224495080607942,-0.477950533634857,0.632685412971276,0.91748671879938,435.189047857157,449.46854747971,378.014541489431,272.565150975849,469.551116844549,396.748942022979,337.858935255034,283.788883283446,357.533610183657,293.187004159344,"ST3GAL2"
"ENSG00000104756",936.937578961719,-0.139232127910907,0.291709420516853,-0.477297331242214,0.633150411084156,0.917961412395847,999.00063652543,1282.15449815744,1190.16805420908,496.231570547394,739.439735324115,912.232968884953,647.781214364949,783.295667711402,1153.90584977641,1165.16559411601,"KCTD9"
"ENSG00000083799",359.289184132476,0.131468348052566,0.275568110261134,0.477081139497542,0.633304344413664,0.918084787113591,334.612023463503,302.676796424198,420.107863795023,301.542176993215,399.324996729969,396.748942022979,261.906151360491,228.181602099527,368.999702638526,578.791585797326,"CYLD"
"ENSG00000130227",896.860768656908,-0.094178908281524,0.197489320160631,-0.476881019211176,0.633446848658648,0.918191568368697,919.699521138126,1062.61639259654,984.653598246488,761.552465018901,1013.45930204571,1102.40216980594,701.908485646117,737.275848800573,914.160280265502,770.879623005172,"XPO7"
"ENSG00000140543",79.3581826813695,0.110248422697948,0.231338282596554,0.476568000161988,0.633669774588654,0.918414886295249,79.3011153873043,79.2415647290818,85.0120038720774,58.8595840977748,99.1427578088198,75.2954196539961,75.9527838945425,93.9571302762759,80.2626471840863,66.5568199097362,"DET1"
"ENSG00000198900",259.267878184278,0.126941811118705,0.266510079501764,0.476311482687714,0.633852486018059,0.918450003277415,191.483181057149,213.042895337204,268.241759790535,310.597497623642,144.583188471196,255.811361644987,286.350725487471,294.335091783844,271.01673075146,357.216349895293,"TOP1"
"ENSG00000185658",401.54220842025,0.0857842591771809,0.180152451989638,0.476175917839382,0.63394905472336,0.918450003277415,338.480370555567,396.207823645409,381.315978533007,433.749858197448,362.146462551661,386.13035719998,336.112894245964,497.589291973339,416.948816540708,466.740230759416,"BRWD1"
"ENSG00000120594",18.9366852035138,-0.425015940493147,0.892640711465906,-0.476133269560583,0.633979436226244,0.918450003277415,17.4075619142863,2.59808408947809,10.7296703916214,58.8595840977748,1.37698274734472,18.341191966999,11.3492665589546,2.87623868192681,9.38134837216593,56.4469232145864,"PLXDC2"
"ENSG00000198898",1603.02688599173,0.125137140646125,0.262861863713436,0.476056659107254,0.634034013031127,0.918450003277415,1877.11542642387,1638.09201841594,1793.50567392256,773.324381838456,1516.05800482654,1568.65457612492,1424.76946340107,1615.48739301556,1590.6597351028,2232.60218684558,"CAPZA2"
"ENSG00000176933",8.9000558883305,0.298414983454582,0.627097849892037,0.475866698484068,0.634169348370077,0.918450003277415,7.73669418412724,3.89712613421714,17.3325444787731,1.81106412608538,12.3928447261025,9.6532589299995,7.85718454081474,8.62871604578044,10.4237204135177,9.26740530388731,"TOB2P1"
"ENSG00000160404",24.2581747850046,-0.205961771365115,0.432841858108532,-0.47583607617143,0.634191166042224,0.918450003277415,23.2100825523817,27.27988293952,13.2057481743033,41.6544748999637,27.5396549468944,23.1678214319988,30.555717658724,23.9686556827235,21.8898128683872,10.1098966951498,"TOR2A"
"ENSG00000111962",351.642609634658,-0.102705670887061,0.215876776756136,-0.475760628032175,0.634244922410212,0.918450003277415,372.328407611124,322.162427095283,378.839900750325,393.000915360527,312.575083647251,269.325924146986,285.477704982936,407.467146606299,475.321650856407,299.926935289444,"UST"
"ENSG00000064419",396.364367174526,-0.121071407535043,0.254603011487493,-0.475530147218979,0.634409150622241,0.918503843026088,350.085411831758,518.317775850879,496.866275058161,300.636644930173,425.487668929518,443.084584886977,261.033130855956,297.211330465771,490.957231476683,379.96361745938,"TNPO3"
"ENSG00000170915",18.2171493452238,-0.225811170748151,0.47487692502995,-0.475515146864441,0.634419839690809,0.918503843026088,28.0455164174613,14.2894624921295,9.07895186983351,28.0714939543234,22.0317239575155,25.0984732179987,10.4762460544197,20.1336707734877,11.4660924548695,13.4798622601997,"PAQR8"
"ENSG00000165507",77.07316746304,-0.293006269702378,0.616735468092129,-0.475092296230007,0.634721189225044,0.918740666452617,68.6631608841293,171.473549905554,92.440237220123,14.488513008683,82.6189648406832,61.7808571519968,164.127854852575,35.4736104104307,15.6355806202765,64.0293457359487,"C10orf10"
"ENSG00000106031",34.9188536814819,0.283663898771607,0.5975596440084,0.474703908832939,0.634998031468614,0.918902061995941,6.76960741111134,68.8492283711694,21.4593407832428,27.1659618912807,55.0793098937888,17.3758660739991,33.1747791723289,24.9274019100324,17.7203247029801,76.666716604886,"HOXA13"
"ENSG00000178773",46.3361024611258,0.237918726491247,0.501399670100694,0.474509140469652,0.635136881430799,0.918902061995941,17.4075619142863,101.325279489646,31.3636519139703,18.1106412608538,68.849137367236,37.647709826998,34.0477996768639,57.5247736385363,62.5423224811062,34.5421470417618,"CPNE7"
"ENSG00000101367",1151.35333216462,-0.144325828351202,0.30418656543133,-0.474464834259037,0.635168469028268,0.918902061995941,1278.48871392703,1330.21905381278,1550.85005121974,725.331182497194,731.177838840046,1446.05818771393,771.750126008915,815.893039439906,1560.4309459036,1303.33418228306,"MAPRE1"
"ENSG00000167772",196.032055558537,0.24914075937534,0.525112001225288,0.474452609717544,0.635177184489809,0.918902061995941,132.490887903179,68.8492283711694,126.279966916775,376.701338225759,90.8808613247515,150.590839307992,343.097058282244,432.394548516331,104.237204135177,134.798622601997,"ANGPTL4"
"ENSG00000186615",23.9367793414118,0.189314282340424,0.399350120827248,0.474055903497066,0.635460042799635,0.919211560826327,35.7822106015885,19.4856306710857,16.5071852178791,16.2995771347684,37.1785341783074,17.3758660739991,21.8255126133743,22.0511632281056,20.8474408270354,32.0146728679744,"KTN1-AS1"
"ENSG00000172115",1118.33482745917,0.152509199897792,0.321842843795612,0.473862330133534,0.635598083228391,0.919311531939817,1219.49642077306,898.93709495942,1531.04142895829,543.319237825613,762.848442028975,1397.79189306393,1007.46566223336,807.264323394126,1603.16819959902,1412.01557175592,"CYCS"
"ENSG00000127720",28.9072747255823,0.165328896065588,0.349158860500626,0.473506231027729,0.635852056574168,0.919447856444063,38.6834709206362,15.5885045368685,27.2368556095005,25.3548977651953,41.3094824203416,26.0637991109986,34.9208201813988,23.9686556827235,28.1440451164978,27.8022159116619,"METTL25"
"ENSG00000134461",39.4792516142173,0.185155545884931,0.391062040119667,0.473468470190235,0.635878990482677,0.919447856444063,47.3872518777794,32.4760511184761,29.7129333921824,36.2212825217076,52.3253443990994,20.2718437529989,65.4765378401228,53.6897887293005,26.0593010337942,31.1721814767119,"ANKRD16"
"ENSG00000172059",341.523053381343,0.135359254560075,0.286034127803926,0.473227637552616,0.636050782011155,0.919447856444063,266.91594935239,378.021235019062,326.842267314006,318.747286191027,272.642583974255,617.808571519968,220.874187647348,332.684940876201,351.279377935546,329.414133983631,"KLF11"
"ENSG00000111077",721.697474317072,-0.172378282199944,0.364304416902845,-0.473170991626805,0.636091191713689,0.919447856444063,800.74784805717,506.626397448228,715.586479195059,1071.2444305795,1375.60576459738,551.201084902971,642.543091337739,683.586060071273,555.584298040493,314.249288940906,"TNS2"
"ENSG00000149809",8.92471685148516,0.375939925725351,0.794581467723357,0.473129491432135,0.636120797540386,0.919447856444063,4.83543386507953,1.29904204473905,4.95215556536373,19.0161733238965,9.63887923141304,4.82662946499975,17.4604100906994,14.3811934096341,1.04237204135177,11.7948794776748,"TM7SF2"
"ENSG00000139083",345.651324694462,-0.114960709072283,0.243004372104862,-0.473080825980673,0.636155515730641,0.919447856444063,284.323511266676,379.320277063801,295.478615400036,488.987314043052,466.79715134986,292.493745578985,305.55717658724,314.468762557332,372.126818762582,256.959874335057,"ETV6"
"ENSG00000164924",4860.82128585492,-0.1411953539892,0.298476416109807,-0.473053636295523,0.636174913343766,0.919447856444063,5937.91278631766,5639.1415162122,6249.62032348903,2769.11704878454,3713.72246958871,5281.29796060273,2997.95241257309,3628.85447036433,6349.08810387363,6041.50576674327,"YWHAZ"
"ENSG00000134594",14.1104301514906,0.227982768076735,0.482123378782842,0.472872252435249,0.63630432225345,0.919535241726543,11.6050412761909,9.09329431317332,14.8564666960912,15.3940450717257,12.3928447261025,6.75728125099965,19.2064510997694,23.9686556827235,17.7203247029801,10.1098966951498,"RAB33A"
"ENSG00000105993",961.332580556588,-0.115633940533051,0.244594200312098,-0.472758309009389,0.636385621240976,0.919553091060769,969.988033334953,1113.27903234136,1079.56991324929,869.310780520981,791.765079723214,988.493714431949,665.241624455648,654.823673252005,1294.6260753589,1186.22787889758,"DNAJB6"
"ENSG00000167536",11.4439324020897,0.233624663451693,0.494371333423245,0.47256919577835,0.636520563783442,0.919572281611014,10.637954503175,15.5885045368685,6.60287408715164,9.05532063042689,15.1468102207919,8.68793303699955,16.5873895861645,8.62871604578044,8.33897633081416,15.1648450427247,"DHRS13"
"ENSG00000118402",18.2106322310505,-0.215824503569023,0.456769224745337,-0.472502287537764,0.636568309328762,0.919572281611014,23.2100825523817,5.19616817895618,19.8086222614549,30.7880901434514,12.3928447261025,16.4105401809991,17.4604100906994,17.2574320915609,21.8898128683872,17.6923192165121,"ELOVL4"
"ENSG00000176928",27.7466571940069,0.288910010232372,0.611665840532411,0.472333079743175,0.636689062303283,0.919572281611014,18.3746486873022,38.9712613421714,26.4114963486066,14.488513008683,16.5237929681366,29.9251026829984,5.23812302720983,16.2986858642519,79.2202751427345,32.0146728679744,"GCNT4"
"ENSG00000185567",467.227623202762,0.172608715543277,0.365523150795791,0.472223757010974,0.636767084202633,0.919572281611014,550.27237384605,649.521022369523,251.734574572656,286.14813192149,532.892323222407,353.309276837982,393.732247545272,444.858249471347,307.499752198772,902.308280042119,"AHNAK2"
"ENSG00000173641",3557.13566300805,-0.400634810672684,0.848550195928782,-0.472140378488945,0.636826592838411,0.919572281611014,1196.28633822068,5292.29729026687,9938.97621968501,223.666419571544,889.530854784689,2226.04150925788,4992.8042654355,4528.15843158011,2914.47222761955,3369.12307365867,"HSPB7"
"ENSG00000148660",325.479667366827,0.0792613121809909,0.16799334801822,0.471812206352327,0.637060837495212,0.919572281611014,348.151238285726,309.172006647893,251.734574572656,350.440908397521,345.622669583525,296.355049150985,319.525504659799,337.478672012746,327.304820984456,369.011229372968,"CAMK2G"
"ENSG00000184056",69.9261798718052,-0.157500629271614,0.33389197232868,-0.47171133876969,0.637132842646035,0.919572281611014,47.3872518777794,48.0645556553447,74.282333480456,127.680020889019,78.488016598649,51.1622723289973,72.4607018764026,59.4422660931542,59.4152063570509,80.8791735611984,"VPS33B"
"ENSG00000182871",17.968656871756,0.333813711860838,0.707840618146597,0.471594456863598,0.637216284038128,0.919572281611014,26.1113428714294,6.49521022369523,2.47607778268187,27.1659618912807,12.3928447261025,9.6532589299995,34.0477996768639,26.8448943646503,4.16948816540708,30.3296900854494,"COL18A1"
"ENSG00000138069",2452.09349914926,0.120647252267445,0.255842116282076,0.471569161562229,0.637234342829228,0.919572281611014,2902.22740582073,2221.36189650377,3015.03738004562,1181.71934227071,2503.3546346727,2349.60322356188,2404.29846948931,2313.45464649647,2949.91287702551,2679.96511560596,"RAB1A"
"ENSG00000114395",34.1793039606527,0.197878331476049,0.419620123756375,0.471565399925705,0.637237028350646,0.919572281611014,27.0784296444454,12.9904204473905,27.2368556095005,57.9540520347321,23.4087067048602,31.8557544689983,49.7621687584934,46.978565138138,33.3559053232566,31.1721814767119,"CYB561D2"
"ENSG00000112137",11.1484710403747,0.273768404745904,0.580589157007815,0.471535510853881,0.637258367036319,0.919572281611014,13.5392148222227,5.19616817895618,9.90431113072746,10.8663847565123,12.3928447261025,8.68793303699955,27.0636356405841,7.6699698184715,5.21186020675885,10.9523880864123,"PHACTR1"
"ENSG00000113966",36.3636130098588,0.163510406261419,0.34681871894429,0.47145784621759,0.637313815505743,0.919572281611014,40.617644466668,35.0741352079542,43.7440408273796,16.2995771347684,34.424568683618,43.4396651849978,29.682697154189,30.679879273886,45.8643698194779,43.8095523456491,"ARL6"
"ENSG00000176055",56.4253195925904,-0.172084485372496,0.365145192773777,-0.471276875002183,0.637443027321408,0.919586550068753,85.1036360253997,70.1482704159085,60.2512260452587,27.1659618912807,38.5555169256522,46.3356428639976,37.5398816950038,53.6897887293005,68.7965547292168,76.666716604886,"MBLAC2"
"ENSG00000260781",9.19613106480331,-0.296904259775448,0.631131185439025,-0.470431927031013,0.638046458347152,0.919864068858127,12.5721280492068,18.1865886263466,9.07895186983351,1.81106412608538,9.63887923141304,5.7919553579997,6.1111435317448,5.75247736385363,14.5932085789248,8.42491391262483,"ARHGAP23P1"
"ENSG00000092108",441.899158360648,0.0801967489544501,0.170492178017646,0.470383743623415,0.638080876413209,0.919864068858127,512.55598969843,371.526024795367,440.741845317372,383.9455947301,400.701979477313,459.495125067976,461.827846899,394.044699423973,509.719928221015,484.432549975928,"SCFD1"
"ENSG00000152782",27.476191433839,0.189826441497422,0.403588129673739,0.470346939219639,0.638107166826943,0.919864068858127,35.7822106015885,24.6817988500419,19.8086222614549,20.8272374499818,33.0475859362733,22.2024955389988,21.8255126133743,34.5148641831218,46.9067418608296,15.1648450427247,"PANK1"
"ENSG00000129187",1871.45034453002,0.073376598353945,0.156016501238431,0.470313061576786,0.638131366975858,0.919864068858127,1986.39623177467,1540.66386506051,2046.89096701701,1683.38410519636,1773.55377858,2026.2190494069,1803.66036236925,2207.99256149248,1934.64250874888,1711.1000156541,"DCTD"
"ENSG00000132205",106.644040683677,0.163568980128772,0.347863423753493,0.4702103439443,0.638204744626634,0.919864068858127,89.9390698904792,101.325279489646,103.169907611744,103.230655186867,107.404654292888,115.839107159994,66.3495583446578,200.377961507568,124.042272920861,54.7619404320614,"EMILIN2"
"ENSG00000011478",36.9752948488656,0.236192125062067,0.502312636062813,0.470209403676103,0.638205416335583,0.919864068858127,17.4075619142863,19.4856306710857,20.6339815223489,76.0646932955859,22.0317239575155,39.5783616129979,47.1431072448884,64.2359972296989,21.8898128683872,41.2820781718617,"QPCTL"
"ENSG00000138162",83.5011838626817,-0.156531654364808,0.333097632459706,-0.469927249884441,0.63840699482106,0.919864068858127,134.425061449211,71.4473124606475,55.299070479895,94.1753345564397,99.1427578088198,88.8099821559954,68.0955993537277,48.8960575927558,111.533808424639,63.1868543446862,"TACC2"
"ENSG00000166839",27.4483102582594,0.216206996664173,0.460111455858084,0.469901355229154,0.638425496019477,0.919864068858127,32.8809502825408,15.5885045368685,13.2057481743033,38.0323466477929,44.063447915031,16.4105401809991,35.7938406859338,26.8448943646503,14.5932085789248,37.0696212155493,"ANKDD1A"
"ENSG00000142453",826.293825789733,-0.127591275453071,0.271558879843238,-0.469847553969604,0.638463936632224,0.919864068858127,1012.53985134765,1217.20239592049,824.533901633061,428.316665819192,1003.8204228143,761.642129576961,798.813761649499,731.52337143672,769.270566517606,715.275191181848,"CARM1"
"ENSG00000100077",16.1648121782838,-0.263943210021324,0.561786250476994,-0.469828533178266,0.638477527083248,0.919864068858127,16.4404751412704,12.9904204473905,14.0311074351972,28.0714939543234,16.5237929681366,21.2371696459989,1.74604100906994,21.0924170007966,17.7203247029801,11.7948794776748,"GRK3"
"ENSG00000166444",344.155406365209,-0.148473570970565,0.316077129012377,-0.469738419336095,0.638541915527107,0.919864068858127,349.118325058742,320.863385050544,293.002537617354,498.042634673479,592.102581358229,216.233000031989,344.843099291314,205.171692644113,327.304820984456,294.871986941869,"ST5"
"ENSG00000187134",351.888815009524,0.283706621752486,0.603976484243632,0.469731238142121,0.638547046775103,0.919864068858127,218.561610701595,427.384832719146,556.292141842526,43.4655390260491,170.745860670745,223.955607175988,531.669487261797,238.727810599926,163.652410492228,944.432849605244,"AKR1C1"
"ENSG00000173744",925.999660169967,-0.123212500178475,0.262332412506542,-0.469680810698152,0.638583079671955,0.919864068858127,1101.51183446512,1154.84837777301,1045.73018355264,594.029033356004,711.90008037722,835.006897444957,636.431947805994,875.33530553306,1252.93119370483,1052.27174768684,"AGFG1"
"ENSG00000174151",157.289111227774,0.0831898880082682,0.177135629000266,0.469639498715097,0.638612599758202,0.919864068858127,173.108532369847,142.894624921295,137.009637308397,153.940450717257,174.876808912779,162.174750023992,144.04838324827,181.203036961389,151.143945996007,152.490941818509,"CYB561D1"
"ENSG00000115170",188.779952959277,-0.121315862992866,0.258361153022621,-0.469559225810717,0.638669961582534,0.919864068858127,171.174358823815,148.090793100251,169.198648483261,304.258773182344,188.646636386227,179.550616097991,219.128146638278,206.130438871422,162.610038450876,139.01107955831,"ACVR1"
"ENSG00000075651",45.8987741652417,0.213887199235797,0.455839355370725,0.469216176084329,0.638915124178685,0.920117807058754,40.617644466668,35.0741352079542,31.3636519139703,60.6706482238602,41.3094824203416,38.613035719998,48.8891482539584,70.9472208208614,11.4660924548695,80.0366821699359,"PLD1"
"ENSG00000204628",16506.4920484902,0.160182959160584,0.341518229103439,0.469031944740109,0.639046802531471,0.920139519348468,12732.6644535274,13016.4012882852,14163.9902762012,21766.2741993571,25134.0660872832,10192.8761041865,23467.6641824046,23058.8055130073,12876.4218268184,8655.75655383075,"RACK1"
"ENSG00000099308",87.4272204203957,-0.158404125025493,0.337821118929847,-0.468899414954538,0.639141534513185,0.920139519348468,68.6631608841293,141.595582876556,64.3780223497285,98.7029948716531,123.928447261025,71.4341160819963,74.2067428854726,105.462085003983,45.8643698194779,80.0366821699359,"MAST3"
"ENSG00000128340",108.655608928962,0.197699711965561,0.421819692249802,0.468682983743876,0.639296251694696,0.920139519348468,139.26049531429,58.4568920132571,114.72493726426,86.0255459890555,143.206205723851,96.532589299995,47.1431072448884,89.1633991397312,234.533709304148,77.5092079961484,"RAC2"
"ENSG00000147364",367.61864402303,0.0894905637331436,0.190956891640243,0.468642754730954,0.639325011381839,0.920139519348468,390.703056298426,266.303619171504,369.760948880492,387.567722982271,415.848789698105,389.99166077198,425.160985708531,396.9209381059,331.474309149863,302.454409463231,"FBXO25"
"ENSG00000118922",387.601069932974,-0.147127156619566,0.313946406875111,-0.468637810140932,0.639328546302461,0.920139519348468,405.209357893664,466.356094061317,475.406934274918,298.825580804087,439.257496402966,472.044361676976,195.556593015834,217.635393599129,527.440252923995,378.278634676855,"KLF12"
"ENSG00000196576",862.286387932856,0.132414729905396,0.282565542626016,0.468615984365267,0.639344149793976,0.920139519348468,847.168013161933,701.482704159085,554.641423320738,1157.26997656856,1100.20921512843,700.826598317964,1181.19674263582,1089.13571422295,651.482525844856,639.450965968225,"PLXNB2"
"ENSG00000165660",128.380402544464,-0.120008365384845,0.256267351976111,-0.468293617815319,0.639574631834851,0.920273904974337,150.865536590481,123.408994250209,147.739307700018,117.71916819555,81.2419820933385,120.665736624994,94.2862144897769,124.637009550162,169.906642740338,153.333433209772,"ABRAXAS2"
"ENSG00000235734",7.31048711689684,-0.298463568275434,0.637707349638828,-0.46802591885521,0.639766054698495,0.920273904974337,8.70378095714315,6.49521022369523,8.25359260893955,9.05532063042689,11.0158619787578,5.7919553579997,0.873020504534971,5.75247736385363,10.4237204135177,6.73993113009986,"HMGN1P36"
"ENSG00000128203",37.2107185058867,0.207726846434248,0.443837599593493,0.468024445482994,0.639767108325666,0.920273904974337,33.8480370555567,22.0837147605638,20.6339815223489,59.7651161608175,23.4087067048602,31.8557544689983,74.2067428854726,45.0610726835201,25.0169289924425,36.2271298242868,"ASPHD2"
"ENSG00000155816",816.930144927954,0.165976517503318,0.354651844565408,0.467998461157606,0.639785690165925,0.920273904974337,598.626712496845,885.946674512029,1291.68724329904,268.943022723679,645.804908504674,1063.78913408594,749.051592891005,790.965637529874,904.778931893336,969.707591343118,"FMN2"
"ENSG00000101146",103.249288834865,-0.129201648532236,0.27623198391662,-0.467728778906482,0.639978557946577,0.920273904974337,86.0707227984156,101.325279489646,133.708200264821,115.002572006422,56.4562926411335,89.7753080489953,127.460993662106,92.039637821658,100.06771596977,130.586165645685,"RAE1"
"ENSG00000261824",185.947388824946,0.140727024272299,0.301144232905649,0.467307718014278,0.640279735342252,0.920273904974337,162.470577866672,105.222405623863,264.114963486066,167.523431662897,205.170429354363,226.851584854988,202.540757052113,250.232765327633,157.398178244117,117.948794776748,"LINC00662"
"ENSG00000131475",438.883846153249,0.117095109848994,0.250605842958962,0.467248123453248,0.640322367064577,0.920273904974337,528.029378066684,411.796328182278,503.469149145313,227.288547823715,481.943961570652,413.159482203979,514.209077171098,371.993536195868,501.380951890201,435.568049282704,"VPS25"
"ENSG00000136828",22.3166493060432,0.18740066420845,0.401094235138659,0.467223529512125,0.640339960997201,0.920273904974337,15.4733883682545,22.0837147605638,22.2847000441368,22.6383015760672,24.785689452205,14.4798883949993,15.7143690816295,21.0924170007966,25.0169289924425,39.5970953893367,"RALGPS1"
"ENSG00000129197",143.662003781534,0.131623402901434,0.281772506707291,0.467126493068987,0.640409380580781,0.920273904974337,131.523801130163,111.717615847558,94.9163150028048,204.650246247648,159.729998691988,158.313446451992,137.937239716525,175.450559597536,168.864270698987,93.5165444301356,"RPAIN"
"ENSG00000123080",313.166010069765,-0.176650073890445,0.378213490630535,-0.467064444464803,0.640453771617579,0.920273904974337,401.341010801601,454.664715658666,393.696367446417,95.986398682525,428.241634424208,323.384174154983,335.239873741429,232.016587008763,252.254034007128,214.835304771933,"CDKN2C"
"ENSG00000204580",79.0851470174957,0.164906386409686,0.353225682107043,0.466858427241177,0.640601170431022,0.920273904974337,54.1568592888907,53.2607238343009,58.6005075234708,128.585552952062,71.6031028619254,54.0582500079972,81.1909069217523,133.265725595942,76.0931590186792,80.0366821699359,"DDR1"
"ENSG00000115041",84.2263729393228,0.217027515237689,0.464916152907703,0.466810012687974,0.640635811571516,0.920273904974337,107.346631804766,101.325279489646,85.8373631329713,12.6774488825976,96.3887923141304,112.943129480994,48.8891482539584,85.3284142304955,115.703296590046,75.8242252136235,"KCNIP3"
"ENSG00000111261",18.3247419930478,0.239155505555077,0.512320000533267,0.466808840775577,0.640636650097315,0.920273904974337,24.1771693253976,11.6913784026514,12.3803889134093,18.1106412608538,11.0158619787578,12.5492366089993,12.2222870634896,30.679879273886,12.5084644962212,37.9121126068117,"MANSC1"
"ENSG00000156384",31.2040080892084,-0.170793821233456,0.365894952157912,-0.466783759180544,0.640654596569609,0.920273904974337,28.0455164174613,50.6626397448228,36.315807479334,19.0161733238965,37.1785341783074,23.1678214319988,20.9524921088393,27.8036405919592,38.5677655300155,30.3296900854494,"SFR1"
"ENSG00000067167",1953.36735233825,-0.112395997906189,0.240830911670544,-0.466700877916976,0.640713901561059,0.920273904974337,2020.24426883023,1695.24986838445,1774.522410922,2690.33575929983,2099.8986897007,2204.80433961189,1082.54542562336,1831.20529416007,2112.88812782004,2021.97933902996,"TRAM1"
"ENSG00000073578",254.361388141255,-0.130729420165781,0.280174893157943,-0.466599339763414,0.640786559459995,0.920273904974337,267.883036125406,372.825066840106,274.844633877687,159.373643095513,192.777584628261,212.371696459989,262.779171865026,209.965423780657,225.152360931982,365.641263807918,"SDHA"
"ENSG00000133619",116.21170031136,-0.109330761612785,0.234347398236482,-0.466532858634334,0.640834133385085,0.920273904974337,124.754193719052,120.810910160731,99.8684705681686,140.357469771617,143.206205723851,85.9140044769955,140.55630123013,101.627100094747,93.8134837216593,111.208863646648,"KRBA1"
"ENSG00000105518",65.6010554404093,0.239577477291135,0.51357600345371,0.466488846207802,0.640865629508585,0.920273904974337,65.7619005650816,18.1865886263466,42.9186815664857,109.569379628165,57.8332753884782,43.4396651849978,130.953075680246,109.297069913219,29.1864171578495,48.864500693224,"TMEM205"
"ENSG00000264575",11.6379501088512,-0.235874850067299,0.505670479589391,-0.466459600842888,0.640886558401563,0.920273904974337,11.6050412761909,12.9904204473905,18.157903739667,8.1497885673842,13.7698274734472,17.3758660739991,11.3492665589546,9.58746227308938,8.33897633081416,5.0549483475749,"LINC00526"
"ENSG00000079999",622.330402797948,0.1389672428162,0.298242027565103,0.465954593826871,0.641248002153256,0.920633061924655,604.429233134941,813.200320006643,680.096030976619,249.926849399782,747.701631808183,596.571401873969,804.924905181243,552.237826929948,552.457181916438,621.758646751712,"KEAP1"
"ENSG00000152760",15.6469561865521,0.238381270416272,0.511638648068977,0.465917247096107,0.641274735343784,0.920633061924655,17.4075619142863,14.2894624921295,5.77751482625769,19.0161733238965,23.4087067048602,24.1331473249987,11.3492665589546,16.2986858642519,6.25423224811062,18.5348106077746,"TCTEX1D1"
"ENSG00000115257",8.42140962862408,-0.284543538961701,0.611074613269926,-0.46564451015086,0.641469977475931,0.920680778611848,4.83543386507953,11.6913784026514,6.60287408715164,14.488513008683,13.7698274734472,4.82662946499975,4.36510252267486,7.6699698184715,4.16948816540708,11.7948794776748,"PCSK4"
"ENSG00000177570",39.5850523492428,0.277810130532646,0.596695933413402,0.465580733797583,0.641515636148733,0.920680778611848,33.8480370555567,66.2511442816913,24.7607778268187,16.2995771347684,44.063447915031,36.6823839339981,32.3017586677939,49.8548038200648,4.16948816540708,87.6191046912982,"SAMD12"
"ENSG00000014824",921.966336346505,-0.10530555740546,0.226338204680257,-0.465257544806557,0.641747033974791,0.920680778611848,1262.04823878576,872.956254064639,939.258838897321,776.040978027585,790.388096975869,1132.32727248894,727.226080277631,748.780803528281,1160.16008202452,810.476718394509,"SLC30A9"
"ENSG00000234456",742.822167080118,-0.112953556887143,0.242849987026593,-0.465116586046078,0.641847968951294,0.920680778611848,638.277270190498,779.425226843427,731.268305152044,962.580583014378,841.336458627624,835.972223337957,474.050133962489,589.628929794997,611.872388273489,963.810151604281,"MAGI2-AS3"
"ENSG00000009844",449.443896851295,-0.143765334916146,0.309131925669265,-0.465061428401146,0.641887466954218,0.920680778611848,571.5482828524,535.205322432487,552.99070479895,247.210253210654,313.952066394596,478.801642927975,286.350725487471,356.653596558925,527.440252923995,624.2861209255,"VTA1"
"ENSG00000135185",211.692338497296,-0.0948250320653337,0.203911510663911,-0.465030305334872,0.641909754410982,0.920680778611848,244.672953573024,200.052474889813,216.244126354216,219.138759256331,221.6942223225,200.78778574399,253.175946315142,226.264109644909,142.804969665192,192.088037207846,"TMEM243"
"ENSG00000100092",20.8843883955466,-0.256167085190365,0.551036044407574,-0.464882629349181,0.642015510667164,0.920680778611848,31.9138635095249,31.1770090737371,15.6818259569851,13.5829809456403,31.6706031889286,26.0637991109986,14.8413485770945,8.62871604578044,30.2287891992013,5.0549483475749,"SH3BP1"
"ENSG00000105879",238.067768888827,-0.12048942807245,0.25922175982925,-0.464812167588928,0.642065973508492,0.920680778611848,225.331218112706,249.416072589897,268.241759790535,257.171105904124,201.039481112329,293.459071471985,130.080055175711,206.130438871422,318.965844653642,230.84264120592,"CBLL1"
"ENSG00000127603",1514.73031269799,-0.109463782404866,0.235518458153189,-0.464777934023611,0.642090491275347,0.920680778611848,1382.93408541274,2082.36439771669,1233.08673577557,1639.01303410727,1630.34757285615,1612.09424130992,978.655985583703,1185.96908318116,1797.04939929045,1605.78859174629,"MACF1"
"ENSG00000130803",204.898435959343,-0.0835249748066347,0.179724816405986,-0.464738128417156,0.642119000177696,0.920680778611848,190.516094284133,211.743853292464,219.545563397792,225.47748369763,236.841032543292,210.441044673989,186.826387970484,157.234381278666,198.050687856836,212.307830598146,"ZNF317"
"ENSG00000147576",22.006550161448,0.276181165101233,0.594303654527477,0.464713893305639,0.642136357700188,0.920680778611848,23.2100825523817,9.09329431317332,5.77751482625769,39.8434107738783,28.9166376942391,24.1331473249987,20.9524921088393,32.5973717285039,5.21186020675885,30.3296900854494,"ADHFE1"
"ENSG00000108433",383.690918487973,-0.0955893834274635,0.205784129363162,-0.464512903513419,0.642280316905477,0.920719067642656,361.690453107949,537.803406521965,384.617415576583,313.31409381277,389.686117498556,445.015236672977,310.79529961445,333.64368710351,388.80477142421,371.538703546755,"GOSR2"
"ENSG00000026950",61.5284842812522,-0.204246840139906,0.439863613238068,-0.464341295785611,0.642403241805606,0.920719067642656,55.1239460619066,31.1770090737371,36.315807479334,143.979598023788,77.1110338513043,45.3703169709976,76.8258043990775,63.2772510023899,44.8219977781261,41.2820781718617,"BTN3A1"
"ENSG00000196782",36.0622268297404,-0.170645718520101,0.367549049778952,-0.464280124306481,0.642447062118873,0.920719067642656,45.4530783317476,44.1674295211276,38.7918852620159,26.260429828238,41.3094824203416,29.9251026829984,32.3017586677939,14.3811934096341,41.6948816540708,46.3370265194366,"MAML3"
"ENSG00000240344",204.210930780776,-0.161943950713599,0.348853091273896,-0.464218190305362,0.642491429934228,0.920719067642656,123.787106946036,154.586003323946,261.638885703384,332.330267136667,122.55146451368,164.105401809991,297.699992046425,263.655212509958,170.94901478169,150.805959035984,"PPIL3"
"ENSG00000152700",255.981692368946,-0.127196027693543,0.274053866905563,-0.464127834172738,0.642556160871067,0.920719067642656,293.994378996835,176.66971808451,221.19628191958,386.662190919228,169.368877923401,224.920933068988,241.826679756187,329.808702194275,227.237105014686,288.132055811769,"SAR1B"
"ENSG00000111450",1112.93055843092,0.0991722444917304,0.213750729123525,0.463962134297185,0.642674874955009,0.920719067642656,842.332579296854,958.693029017416,1168.70871342584,1298.53297840322,1181.45119722177,1494.32448236392,921.90965278893,995.178583946678,1310.26165597917,957.912711865443,"STX2"
"ENSG00000197321",167.698478741472,-0.28175614671882,0.607386176231533,-0.46388304137402,0.64273154353811,0.920719067642656,60.926466700002,472.851304285013,141.136433612866,76.9702253586286,95.0118095667857,79.1567232259959,165.00087535711,122.719517095544,56.2880902329956,406.923341979779,"SVIL"
"ENSG00000240747",8.87849779311341,-0.310377382204079,0.669223792478554,-0.46378713024317,0.642800264838193,0.920719067642656,6.76960741111134,14.2894624921295,15.6818259569851,3.62212825217076,6.8849137367236,1.9306517859999,4.36510252267486,13.4224471823251,8.33897633081416,13.4798622601997,"KRBOX1"
"ENSG00000088833",449.979894742682,0.0873375257800067,0.188380739253801,0.46362237522775,0.642918320616836,0.920719067642656,453.56369654446,500.131187224533,463.026545361509,319.652818254069,399.324996729969,519.345330433973,407.700575617832,450.610726835201,460.728442277482,525.714628147789,"NSFL1C"
"ENSG00000198692",119.752425566495,0.642683478856612,1.38639569266416,0.463564249555335,0.642959972921446,0.920719067642656,104.445371485718,0,174.976163309518,78.7812894847139,170.745860670745,166.036053595991,206.032839070253,152.440650142121,0,144.066027905885,"EIF1AY"
"ENSG00000006576",151.49255406305,-0.128489175047005,0.277290396453589,-0.463374053664748,0.643096273333667,0.920719067642656,129.589627584131,149.38983514499,141.136433612866,219.138759256331,79.8649993459938,155.417468772992,123.968911643966,185.996768097934,167.821898657635,162.600838513659,"PHTF2"
"ENSG00000162377",125.091275102234,-0.148595210207662,0.320705250161724,-0.463338876219609,0.643121483923926,0.920719067642656,146.030102725402,136.3994146976,174.150804048625,75.1591612325432,92.2578440720962,158.313446451992,103.016419535127,70.9472208208614,165.737154574931,128.90118286316,"COA7"
"ENSG00000117419",522.780286193859,0.0917075643460823,0.197960332680809,0.463262326872079,0.643176345900929,0.920719067642656,538.667332569859,578.073709908875,543.911752929116,352.251972523606,528.761374980372,535.755870614972,667.860685969253,511.970485382973,470.109790649648,500.439886409915,"ERI3"
"ENSG00000109066",73.5154395657517,-0.168475422087678,0.363745268013708,-0.463168697719881,0.643243451409244,0.920719067642656,54.1568592888907,54.5597658790399,61.9019445670466,143.979598023788,49.5713789044099,82.0527009049957,63.7304968310529,95.8746227308938,81.305019225438,48.0220093019615,"TMEM104"
"ENSG00000168000",19.3185926081661,-0.19204949864316,0.414672847146757,-0.463134974871387,0.643267621826068,0.920719067642656,20.308822233334,24.6817988500419,10.7296703916214,28.0714939543234,20.6547412101708,24.1331473249987,21.8255126133743,13.4224471823251,12.5084644962212,16.8498278252497,"BSCL2"
"ENSG00000160712",39.0227449534352,0.180069613811759,0.38912813606362,0.462751461853478,0.64354252638969,0.920757840844515,29.0126031904772,41.5693454316495,28.0622148703945,46.1821352151771,46.8174134097205,15.4452142879992,55.0002917857032,51.7722962746827,29.1864171578495,47.1795179106991,"IL6R"
"ENSG00000175691",16.8956650446957,-0.190681192354918,0.412134261926647,-0.462667654621873,0.643602606442068,0.920757840844515,13.5392148222227,20.7846727158247,12.3803889134093,26.260429828238,19.2777584628261,19.306517859999,16.5873895861645,11.5049547277073,16.6779526616283,12.6373708689372,"ZNF77"
"ENSG00000188895",930.433080515607,-0.106537125350521,0.23027062931696,-0.462660503714853,0.643607732919828,0.920757840844515,854.90470734606,814.499362051382,817.105668285016,1399.952569464,1029.98309501385,1023.24544657995,801.432823163104,859.036619668808,1040.28729726907,663.883216314837,"MSL1"
"ENSG00000125166",344.899365097925,-0.123272348567143,0.266539548372284,-0.462491773997323,0.643728699998854,0.920757840844515,368.46006051906,389.712613421714,400.299241533568,292.486856362789,338.737755846801,279.944508969985,210.397941592928,253.10900400956,444.050489615854,471.795179106991,"GOT2"
"ENSG00000101558",1216.59359789817,-0.10499435206046,0.22705996452731,-0.462408035159504,0.64378873823162,0.920757840844515,1726.24988983339,1226.29569023366,1342.03415821357,786.001830721054,1056.1457672134,1218.24127696594,1030.16419535127,1126.526817088,1368.63449029487,1285.64186306655,"VAPA"
"ENSG00000146416",195.769564731943,0.175247395689758,0.3790777696972,0.462299321402419,0.643866686199942,0.920757840844515,195.351528149213,87.0358169975161,122.153170612305,321.463882380155,239.594998037981,164.105401809991,205.159818565718,321.179986148494,118.830412714102,182.820631903959,"AIG1"
"ENSG00000121073",304.906156836974,0.143903796097739,0.311294179714682,0.462275896804862,0.643883482193486,0.920757840844515,268.850122898422,159.782171502903,261.638885703384,456.388159773515,232.710084301258,397.714267915979,320.398525164334,381.580998468957,362.745470390416,207.252882250571,"SLC35B1"
"ENSG00000168040",108.137576580263,-0.204969118366947,0.44343488745869,-0.462230474335517,0.643916051702541,0.920757840844515,146.997189498418,174.071633995032,127.930685438563,21.7327695130245,72.9800856092701,89.7753080489953,103.889440039662,92.039637821658,96.9405998457146,155.018415992297,"FADD"
"ENSG00000106261",602.750220549587,-0.133938354108938,0.289861755332584,-0.462076668083577,0.644026341275787,0.920783801547165,480.642126188905,571.57849968518,455.598312013463,1038.64527630996,583.840684874161,368.754491125981,611.11435317448,694.132268571671,500.338579848849,722.857613703211,"ZKSCAN1"
"ENSG00000203706",23.1528097393216,0.269928226621196,0.584403269059944,0.461886921090287,0.644162413611888,0.920783801547165,8.70378095714315,9.09329431317332,34.6650889575461,29.8825580804087,9.63887923141304,25.0984732179987,44.5240457312835,18.2161783188698,10.4237204135177,41.2820781718617,"SERTAD4-AS1"
"ENSG00000253626",13.6672360669631,0.218785037201742,0.473712941351496,0.461851509856479,0.644187809217971,0.920783801547165,9.67086773015905,9.09329431317332,21.4593407832428,9.05532063042689,15.1468102207919,14.4798883949993,13.9683280725595,8.62871604578044,20.8474408270354,14.3223536514622,"EIF5AL1"
"ENSG00000003393",163.801737595496,-0.133529576333559,0.289137672100428,-0.461820057426413,0.644210366067076,0.920783801547165,172.141445596831,161.081213547642,136.184278047503,222.760887508501,129.436378250404,180.515941990991,98.6513170124517,115.049547277073,193.881199691429,228.315167032133,"ALS2"
"ENSG00000169429",44.2750131523001,0.317634574205838,0.688120286246467,0.461597456948202,0.644370018593633,0.920823394082498,38.6834709206362,18.1865886263466,32.1890111748642,65.1983085390736,5.50793098937888,150.590839307992,47.1431072448884,42.1848340015933,31.2711612405531,11.7948794776748,"CXCL8"
"ENSG00000163521",25.0517033927095,-0.226628605353639,0.490974983222584,-0.46158890594818,0.644376151831143,0.920823394082498,29.9796899634931,16.8875465816076,18.157903739667,44.3710710890918,34.424568683618,15.4452142879992,28.809676649654,32.5973717285039,6.25423224811062,23.5897589553495,"GLB1L"
"ENSG00000257704",59.0106070611997,-0.1453305196984,0.31502342406738,-0.461332423544847,0.644560126068219,0.920849877150544,66.7289873380975,75.3444385948647,42.0933223055917,67.009372665159,52.3253443990994,33.7864062549982,67.2225788491928,84.3696680031865,48.9914859435332,52.234466258274,"INAFM1"
"ENSG00000164463",137.20476116868,0.123670622083044,0.268114220528929,0.461260957509342,0.644611392369323,0.920849877150544,112.182065669845,162.380255592381,132.882841003927,114.097039943379,151.468102207919,83.9833526909956,124.841932148501,176.409305824845,125.084644962212,188.718071642796,"CREBRF"
"ENSG00000267809",15.856310858755,-0.297714945007593,0.645553144609951,-0.46117805713343,0.644670863234208,0.920849877150544,19.3417354603181,16.8875465816076,25.5861370877126,9.96085269346958,1.37698274734472,27.9944508969985,26.1906151360491,4.79373113654469,10.4237204135177,16.0073364339872,"NDUFV2P1"
"ENSG00000258920",30.8861762850124,0.19459291202068,0.422453258486088,0.460625899106632,0.645067026972516,0.921218432244614,15.4733883682545,19.4856306710857,33.0143704357582,45.2766031521344,35.8015514309627,16.4105401809991,47.1431072448884,40.2673415469754,23.9745569510907,32.0146728679744,"FOXN3-AS1"
"ENSG00000104131",656.485674590427,0.125263220370309,0.272036326993018,0.460465048013693,0.645182453780079,0.921284623775686,768.833984547645,392.310697511192,773.361627457636,555.091154645168,503.975685528167,791.567232259959,728.099100782166,506.218008019119,954.812789878221,590.586465275001,"EIF3J"
"ENSG00000221968",408.131259470263,-0.21196818455465,0.460546712535876,-0.460253387517423,0.645334354462098,0.921316086973616,262.08051548731,226.033315784594,218.720204136898,1071.2444305795,265.757670237531,451.772517923977,462.700867403535,550.32033447533,367.957330597175,204.725408076783,"FADS3"
"ENSG00000132581",142.657592347363,0.121284686878255,0.263523821991661,0.460241833021431,0.645342647110109,0.921316086973616,112.182065669845,132.502288563383,126.279966916775,171.145559915068,154.222067702609,135.145625019993,199.921695538508,180.24429073408,92.7711116803075,122.16125173306,"SDF2"
"ENSG00000218283",351.654060285488,0.123201646709752,0.267832110956663,0.45999580210786,0.645519233669068,0.921321058163934,325.90824250636,265.004577126765,485.311245405646,258.076637967166,322.213962878664,480.732294713975,267.144274387701,286.665121965372,464.897930442889,360.586315460343,"MORF4L1P1"
"ENSG00000163739",45.0387558795872,-0.248907986025984,0.541131971180375,-0.459976492394339,0.645533093894798,0.921321058163934,63.8277270190498,16.8875465816076,87.4880816547592,30.7880901434514,12.3928447261025,60.8155312589968,79.4448659126824,27.8036405919592,44.8219977781261,26.117233129137,"CXCL1"
"ENSG00000157514",291.948291923728,0.166413241760844,0.361809223717052,0.45994748296131,0.645553916666604,0.921321058163934,142.161755633338,206.547685113508,308.684363574339,430.127729945277,192.777584628261,334.968084870983,236.588556728977,342.272403149291,513.889416386422,211.465339206883,"TSC22D3"
"ENSG00000137942",190.378015483338,-0.151322954947373,0.329105287647546,-0.45980104430723,0.645659033567714,0.921321058163934,246.607127119056,114.315699937036,165.897211439685,282.526003669319,176.253791660124,135.145625019993,105.635481048732,203.254200189495,201.177803980892,272.967210769045,"FNBP1L"
"ENSG00000157227",799.374397913424,-0.179348718079242,0.39013782684075,-0.459706046787538,0.645727228671379,0.921321058163934,518.358510336525,484.542682687664,616.543367887784,1819.21391465276,491.582840802065,601.398031338969,1133.18061488639,826.439247940305,643.143549514042,859.341219087733,"MMP14"
"ENSG00000161618",45.9283088897366,-0.174391610979903,0.37954912495,-0.459470459859119,0.645896360410449,0.921321058163934,56.0910328349225,51.9616817895618,53.6483519581071,36.2212825217076,31.6706031889286,24.1331473249987,62.8574763265179,43.1435802289022,27.101673075146,72.4542596485736,"ALDH16A1"
"ENSG00000167196",235.96323127981,0.102271491901801,0.222595501425612,0.459449949557847,0.645911085960275,0.921321058163934,294.961465769851,211.743853292464,217.06948561511,180.200880545495,239.594998037981,261.603317002986,178.096182925134,213.800408689893,266.847242586053,295.714478333132,"FBXO22"
"ENSG00000215067",34.9794497252106,0.172667358254071,0.375873999135741,0.459375638248695,0.645964439575462,0.921321058163934,29.9796899634931,28.578924984259,23.9354185659247,47.0876672782198,52.3253443990994,24.1331473249987,50.6351892630283,42.1848340015933,23.9745569510907,26.9597245203995,"ALOX12-AS1"
"ENSG00000169612",66.0810224879113,0.178962186249954,0.389581035274128,0.459370888328862,0.645967849958083,0.921321058163934,69.6302476571452,71.4473124606475,84.1866446111834,19.9217053869392,63.3412063778571,90.7406339419953,78.5718454081474,38.3498490923575,68.7965547292168,75.8242252136235,"FAM103A1"
"ENSG00000187764",7.46698177798081,-0.278268866740439,0.605895245312814,-0.459268939462915,0.646041049753689,0.921321352778464,3.86834709206362,3.89712613421714,10.7296703916214,14.488513008683,8.26189648406832,6.75728125099965,8.73020504534971,7.6699698184715,5.21186020675885,5.0549483475749,"SEMA4D"
"ENSG00000130402",1337.75133893264,-0.10876934501008,0.236878295183957,-0.459178182305013,0.646106216730672,0.921321352778464,1081.20301223178,1953.75923528752,1505.45529187057,1055.85038550778,1235.15352436821,1141.98053141894,1231.83193189884,1027.77595567518,1460.36322993383,1684.1402911337,"ACTN4"
"ENSG00000123094",1095.75318489258,0.106506338066646,0.232145719000546,0.458790877235152,0.646384346533076,0.921619417330728,1164.37247471115,1260.07078339687,1105.9814095979,661.038406021163,1020.34421578244,994.285669789948,866.909361003226,1259.79254268394,1210.1939400094,1414.54304592971,"RASSF8"
"ENSG00000160055",75.6981985467655,0.126504702851007,0.275821047431717,0.458647750158821,0.646487140824812,0.92166745025981,59.9593799269861,53.2607238343009,66.8541001324104,105.947251375995,88.1268958300621,80.1220491189958,72.4607018764026,99.7096076401295,65.6694386051615,64.8718371272112,"TMEM234"
"ENSG00000115641",2766.79599892444,0.107801255779768,0.235210549763131,0.458318114932894,0.64672391148904,0.92190645655508,2586.95711781755,3242.40894366866,3224.67863231268,1522.19939797476,2288.54532608692,3039.81123705684,3099.22279109915,2697.91188364735,2726.84526017623,3239.37939940425,"FHL2"
"ENSG00000159399",274.732310267239,0.137609926070374,0.300462513536145,0.457993659344863,0.646956996653489,0.922111216723007,191.483181057149,220.837147605638,217.06948561511,407.48942836921,179.007757154814,369.719817018981,207.778880079323,279.95389837421,307.499752198772,366.48375519918,"HK2"
"ENSG00000150712",390.274424707792,-0.105651167368187,0.230716839281603,-0.457925688030223,0.647005830853558,0.922111216723007,415.847312396839,481.944598598186,418.457145273235,314.219625875813,370.40835903573,465.287080425976,253.175946315142,348.024880513144,485.745371269925,349.63392737393,"MTMR12"
"ENSG00000102858",521.222841117894,-0.121435165515006,0.265241740572017,-0.457828263579935,0.647075828400192,0.92211243972362,590.890018312718,774.229058664471,515.024178797828,311.503029686685,670.590597956878,450.807192030977,549.129897352497,465.950666472144,397.143747755024,486.960024149715,"MGRN1"
"ENSG00000247077",210.775125200423,-0.128732312829837,0.28147506628077,-0.457348903158005,0.647420284876951,0.922237164045324,271.751383217469,257.210324858331,231.925952311201,128.585552952062,139.075257481817,276.083205397986,198.175654529438,176.409305824845,253.29640604848,175.238209382596,"PGAM5"
"ENSG00000188130",267.035304391123,0.15575716228663,0.340620950416581,0.457274169707231,0.647473993282649,0.922237164045324,296.895639315883,146.791751055512,199.736941136337,355.874100775777,196.908532870295,235.539517891988,377.144857959108,280.912644601519,422.160676747467,158.388381557347,"MAPK12"
"ENSG00000141627",512.249314451001,-0.0834894256134668,0.182722742837497,-0.456918631566938,0.647729531662559,0.922237164045324,516.424336790493,513.121607671923,557.11750110342,532.452853069101,592.102581358229,624.565852770968,446.986498321905,416.095862652079,506.59281209696,417.033238674929,"DYM"
"ENSG00000204314",18.4686983048005,0.208590205781258,0.456654063293146,0.456779480460585,0.647829556002468,0.922237164045324,17.4075619142863,14.2894624921295,12.3803889134093,23.5438336391099,20.6547412101708,11.5839107159994,33.1747791723289,22.0511632281056,9.38134837216593,20.2197933902996,"PRRT1"
"ENSG00000102753",695.113612588492,-0.122022438932927,0.267147673891962,-0.456760252317506,0.647843378040581,0.922237164045324,822.02375706352,684.595157577477,878.182253591168,537.886045447357,514.991547506925,818.596357263958,417.303801167716,578.12397506729,927.711116803075,771.722114396435,"KPNA3"
"ENSG00000183665",102.209704511797,0.116119767446286,0.254336357087315,0.4565598437286,0.647987447807308,0.922237164045324,129.589627584131,97.4281533554284,100.693829829063,61.5761802869029,111.535602534922,105.220522336995,123.095891139431,82.4521755485687,113.618552507343,96.8865099951856,"TRMT12"
"ENSG00000135090",575.012363827364,0.121040185059225,0.265260636833832,0.456306621683369,0.648169502973162,0.922237164045324,719.512559123834,411.796328182278,688.349623585559,364.929421406204,659.574735978121,501.969464359974,792.702618117754,463.074427790217,500.338579848849,647.87587988085,"TAOK3"
"ENSG00000134287",954.600175475522,0.139333468468981,0.305366353989543,0.45628297501876,0.648186504926666,0.922237164045324,1149.86617311591,1049.62597214915,999.51006494258,401.150703927911,727.046890598012,1190.24682606894,688.813178078092,1037.36341794827,1159.11770998317,1143.26081794319,"ARF3"
"ENSG00000111481",1546.23395470819,0.101418601051883,0.222329355639236,0.456163787999506,0.648272203194189,0.922237164045324,1910.96346347943,1421.15199694452,1634.21133657003,958.958454762208,1967.7083459556,1550.31338415792,1771.35860370146,1372.9245975064,1455.15136972707,1419.59799427728,"COPZ1"
"ENSG00000175893",115.881627489145,-0.127261158333223,0.279013516668953,-0.456111086848231,0.648310098046028,0.922237164045324,132.490887903179,88.3348590422551,87.4880816547592,179.295348482452,104.650688798199,116.804433052994,84.6829889398922,130.389486914016,138.635481499785,96.0440186039231,"ZDHHC21"
"ENSG00000005893",346.929624060726,0.11867531485181,0.26025198930809,0.45600156666361,0.648388851633123,0.922237164045324,313.336114457153,241.621820321463,302.906848748082,461.821352151771,279.527497710978,248.088754500987,435.637231762951,452.528219289819,325.220076901752,408.608324762304,"LAMP2"
"ENSG00000128590",81.093696266244,0.191875599272135,0.420783812336754,0.455995676750455,0.648393087053259,0.922237164045324,56.0910328349225,32.4760511184761,56.9497890016829,153.034918654214,44.063447915031,98.4632410859949,77.6988249036124,123.678263322853,83.3897633081416,85.0916305175108,"DNAJB9"
"ENSG00000146587",210.605271138444,-0.100764744285289,0.221021390942801,-0.455904941397126,0.648458336030343,0.922237164045324,285.290598039692,163.67929763712,209.641252267065,219.138759256331,156.976033197298,202.71843752999,178.096182925134,226.264109644909,241.830313593611,222.417727293296,"RBAK"
"ENSG00000144476",131.025280313268,-0.296261731709802,0.649900720175002,-0.455856906313361,0.648492879778893,0.922237164045324,50.2885121968271,71.4473124606475,56.1244297407889,412.017088684423,63.3412063778571,56.954227686997,205.159818565718,240.645303054543,31.2711612405531,123.003743124323,"ACKR3"
"ENSG00000156113",269.872899948487,0.201822373320668,0.442741266943213,0.455847214591258,0.648499849534959,0.922237164045324,203.08822233334,400.104949779626,130.406763221245,257.171105904124,356.638531562282,622.635200984968,120.476829625826,192.707991689097,189.711711526022,225.787692858345,"KCNMA1"
"ENSG00000251192",37.6992921402228,0.151192156740574,0.331699437372334,0.455810712065995,0.648526100429571,0.922237164045324,24.1771693253976,28.578924984259,45.3947593491675,42.5600069630064,39.9324996729969,28.9597767899985,27.9366561451191,47.9373113654469,51.0762300262367,40.4395867805992,"ZNF674"
"ENSG00000146205",44.2258910167175,-0.180368293097635,0.395876868110267,-0.455617156816031,0.648665303534383,0.922237164045324,65.7619005650816,51.9616817895618,30.5382926530763,42.5600069630064,37.1785341783074,40.5436875059979,72.4607018764026,53.6897887293005,23.9745569510907,23.5897589553495,"ANO7"
"ENSG00000089123",63.6949515785572,0.138148695435914,0.303237578279314,0.455579075059966,0.648692693018537,0.922237164045324,81.2352889333361,50.6626397448228,74.282333480456,33.5046863325795,74.3570683566149,76.260745546996,48.0161277494234,63.2772510023899,68.7965547292168,66.5568199097362,"TASP1"
"ENSG00000119723",38.1863522087018,-0.136029687579626,0.29878419865701,-0.455277381438038,0.64890969646035,0.922237164045324,44.4859915587317,33.7750931632152,34.6650889575461,47.9931993412625,41.3094824203416,37.647709826998,30.555717658724,24.9274019100324,46.9067418608296,39.5970953893367,"COQ6"
"ENSG00000138678",6.64124166379047,0.3066784093395,0.673693919603993,0.455219203284142,0.64895154651342,0.922237164045324,4.83543386507953,3.89712613421714,9.90431113072746,4.52766031521344,2.75396549468944,13.5145625019993,4.36510252267486,11.5049547277073,5.21186020675885,5.89743973883738,"GPAT3"
"ENSG00000169057",547.430050825491,-0.108052790493518,0.23738641975298,-0.455176798259799,0.648982050973078,0.922237164045324,499.016774876207,830.08786658825,514.198819536934,446.427307080046,662.32870147281,599.467379552969,426.034006213066,429.518309834404,490.957231476683,576.264111623538,"MECP2"
"ENSG00000087338",208.747280883893,-0.103510000964481,0.227459622613535,-0.455069782386604,0.649059036482387,0.922237164045324,226.298304885722,184.463970352945,242.655622702823,216.422163067203,227.202153311879,225.886258961988,122.222870634896,200.377961507568,239.745569510907,202.197933902996,"GMCL1"
"ENSG00000164902",417.813086215943,0.116006662108049,0.254957151194367,0.455004543173653,0.649105970369359,0.922237164045324,490.312993919064,389.712613421714,465.502623144191,246.304721147611,320.83698013132,390.95698666498,380.636939977247,401.714669242445,524.31313679994,567.839197710914,"PHAX"
"ENSG00000185215",427.750159888431,-0.176284073668834,0.387482833919901,-0.454946795669598,0.649147515791827,0.922237164045324,370.394234065092,520.915859940357,241.830263441929,705.409477110255,338.737755846801,258.707339323987,642.543091337739,557.990304293802,179.287991112504,461.685282411841,"TNFAIP2"
"ENSG00000137692",381.702590472392,-0.118337688992898,0.260123025436708,-0.454929696416633,0.649159817757,0.922237164045324,530.930638385732,376.722192974323,482.835167622964,211.894502751989,344.24568683618,400.610245594979,361.430488877478,323.097478603112,444.050489615854,341.209013461306,"DCUN1D5"
"ENSG00000161558",47.287561097323,-0.136406781617778,0.299849559958188,-0.454917398033864,0.649168665821212,0.922237164045324,58.0252063809543,44.1674295211276,42.0933223055917,55.237455845604,59.2102581358229,34.7517321479982,39.2859227040737,58.4835198658452,30.2287891992013,51.3919748670115,"TMEM143"
"ENSG00000072832",76.8239270609894,-0.16272058772556,0.357818162981727,-0.454757764026278,0.64928351890466,0.922272965587062,67.6960741111134,61.0549761027352,44.5694000882736,154.8459827803,56.4562926411335,83.0180267979957,64.6035173355879,74.7822057300972,93.8134837216593,67.3993113009986,"CRMP1"
"ENSG00000089737",346.164573293139,-0.18514553570732,0.407232372325451,-0.454643462281911,0.649365761565446,0.922272965587062,190.516094284133,240.322778276723,247.607778268187,814.073324675377,249.233877269394,251.950058072987,347.462160804919,300.087569147698,284.567567289033,535.824524842939,"DDX24"
"ENSG00000125652",340.190796362789,0.178374508247771,0.392427363727942,0.454541463554597,0.649439155539085,0.922272965587062,393.604316617474,359.834646392716,364.808793315128,143.074065960745,411.717841456071,182.446593776991,448.732539330975,624.143793978119,198.050687856836,275.494684942832,"ALKBH7"
"ENSG00000182446",1053.65164232166,-0.0742187772055895,0.163336512421418,-0.454391832575075,0.649546829825745,0.922272965587062,1000.93481007146,1258.77174135214,970.622490811291,1115.61550166859,1091.94731864436,1069.58108944394,879.131648066716,896.427722533857,1202.89733571994,1050.58676490432,"NPLOC4"
"ENSG00000154822",80.3897107636088,-0.153681567206503,0.338320251628771,-0.454248796714461,0.649649765116415,0.922272965587062,122.82002017302,100.026237444907,75.9330520022439,43.4655390260491,101.896723303509,53.0929241149972,75.0797633900075,54.6485349566095,101.110088011122,75.8242252136235,"PLCL2"
"ENSG00000072415",215.91415878461,0.128185439952215,0.282207594875948,0.454223919836611,0.649667668363261,0.922272965587062,228.232478431754,198.753432845074,235.227389354777,155.751514843343,227.202153311879,222.024955389988,132.699116689316,163.945604869828,257.465894213887,337.839047896256,"MPP5"
"ENSG00000064651",78.8769271862823,-0.163879907076062,0.360802333219494,-0.454209665480089,0.649677926946873,0.922272965587062,83.1694624793679,67.5501863264304,47.0454778709554,139.451937708574,53.7023271464441,65.6421607239966,72.4607018764026,111.214562367837,97.9829718870663,50.549483475749,"SLC12A2"
"ENSG00000143420",1181.95683639956,0.0819505464079527,0.180471145991969,0.454092237058214,0.649762440429222,0.922294770966851,1391.63786636989,1097.69052780449,1247.94320247166,830.372901810146,1141.51869754877,1368.83211627393,1229.21287038524,1150.49547277073,1232.08375287779,1129.78095568299,"ENSA"
"ENSG00000239713",41.9470336933781,0.19278650217059,0.42479995025269,0.453828918896795,0.649951967445819,0.922313357567731,56.0910328349225,33.7750931632152,37.9665260011219,26.260429828238,75.7340511039596,29.9251026829984,61.984455821983,43.1435802289022,16.6779526616283,37.9121126068117,"APOBEC3G"
"ENSG00000227825",15.0962269263138,-0.314463100959691,0.69297693851196,-0.453785809431037,0.649982998258911,0.922313357567731,6.76960741111134,14.2894624921295,6.60287408715164,40.748942836921,9.63887923141304,14.4798883949993,1.74604100906994,25.8861481373413,15.6355806202765,15.1648450427247,"SLC9A7P1"
"ENSG00000173039",856.121460697582,-0.0889652434835616,0.196117873918114,-0.453631490624396,0.650094084129658,0.922336367410937,816.221236425424,1174.3340084441,901.292312896199,661.038406021163,952.872061162546,880.377214415954,731.591182800306,741.110833709809,846.406097577637,855.971253522683,"RELA"
"ENSG00000163319",173.801287701564,0.133936624541415,0.295293530599499,0.453571144174744,0.650137526432498,0.922336367410937,205.989482652388,158.483129458164,209.641252267065,82.4034177368847,199.662498364984,194.03050449299,203.413777556648,117.925785958999,206.38966418765,160.073364339872,"MRPS18C"
"ENSG00000179091",520.103043494935,-0.11539630302226,0.254626436824579,-0.453198436349957,0.650405858309085,0.922618903666057,660.520265969863,659.913358727435,584.35435671292,277.092811291063,457.158272118447,457.564473281976,563.971245929591,474.579382517924,580.601227032936,485.27504136719,"CYC1"
"ENSG00000162552",8.67656907231124,0.499295967849793,1.10202002267732,0.453073408445676,0.650495882598058,0.922648472424789,2.90126031904772,1.29904204473905,1.65071852178791,21.7327695130245,17.9007757154814,0,2.61906151360491,30.679879273886,2.08474408270354,5.89743973883738,"WNT4"
"ENSG00000145979",98.7046116396116,0.171053397784594,0.377692403401525,0.452890755133212,0.650627408282526,0.922666779577587,117.017499534925,80.5406067738208,128.756044699457,40.748942836921,77.1110338513043,143.833558056993,148.413485770945,65.1947434570078,114.660924548695,70.7692768660486,"TBC1D7"
"ENSG00000141456",106.124720192246,-0.117763590997581,0.260042226986101,-0.452863338244969,0.650647151677829,0.922666779577587,82.202375706352,92.2319851764723,103.995266872638,166.617899599855,104.650688798199,103.289870550995,124.841932148501,94.9158765035849,82.3473912667898,106.153915299073,"PELP1"
"ENSG00000165060",79.804413484699,0.132452165126226,0.292587581825859,0.452692367528633,0.650770276301954,0.922743267599315,116.050412761909,63.6530601922132,77.5837705240318,44.3710710890918,74.3570683566149,98.4632410859949,69.8416403627977,85.3284142304955,91.7287396389557,76.666716604886,"FXN"
"ENSG00000105355",1637.43465999869,-0.179834769624168,0.397429468891002,-0.452494803986187,0.650912563627933,0.922846907739529,2410.94732512865,2234.35231695116,1978.38614836281,421.977941377893,1473.37153965885,1434.47427699793,1271.11785460292,1115.02186236029,1634.43936083957,2400.25797370681,"PLIN3"
"ENSG00000168763",28.8840340731166,0.193395078305673,0.42769833813487,0.452176361379006,0.651141936092676,0.923059727981909,23.2100825523817,22.0837147605638,12.3803889134093,48.8987314043052,17.9007757154814,42.4743392919978,26.1906151360491,27.8036405919592,33.3559053232566,34.5421470417618,"CNNM3"
"ENSG00000270362",18.6321764863746,-0.193869351428577,0.428884727320916,-0.452031371318832,0.651246382582715,0.923059727981909,28.0455164174613,10.3923363579124,26.4114963486066,15.3940450717257,17.9007757154814,22.2024955389988,21.8255126133743,12.4637009550162,11.4660924548695,20.2197933902996,"HMGN3-AS1"
"ENSG00000169933",52.230749684162,-0.255634134260003,0.565880062259688,-0.451746140762051,0.65145187409804,0.923100336704393,69.6302476571452,5.19616817895618,33.0143704357582,123.152360573806,53.7023271464441,41.5090133989979,68.9686198582627,29.7211330465771,51.0762300262367,46.3370265194366,"FRMPD4"
"ENSG00000156374",146.164089935429,-0.124364611904026,0.275364845084165,-0.451635762967543,0.651531401788276,0.923100336704393,198.252788468261,109.11953175808,177.4522410922,129.491085015105,133.567326492438,208.510392887989,117.857768112221,104.503338776674,161.567666409524,121.318760341798,"PCGF6"
"ENSG00000197258",31.5326199580803,-0.222031177175938,0.491666852249417,-0.451588664479062,0.651565337664833,0.923100336704393,40.617644466668,25.9808408947809,30.5382926530763,39.8434107738783,67.4721546198913,6.75728125099965,27.0636356405841,27.8036405919592,23.9745569510907,25.2747417378745,"EIF4BP6"
"ENSG00000140006",38.6004199727783,-0.148222531834965,0.328478903969005,-0.451239120820225,0.651817216929421,0.923100336704393,42.5518180126998,28.578924984259,56.1244297407889,36.2212825217076,30.2936204415838,24.1331473249987,38.4129021995387,42.1848340015933,52.1186020675885,35.3846384330243,"WDR89"
"ENSG00000016391",27.7253392574198,0.396853677935476,0.879578596209367,0.451186147145642,0.651855392939537,0.923100336704393,51.255598969843,25.9808408947809,10.7296703916214,5.43319237825613,38.5555169256522,2.89597767899985,31.428738163259,17.2574320915609,1.04237204135177,92.6740530388731,"CHDH"
"ENSG00000173457",2051.90953193374,0.0950310461303256,0.210665805328284,0.451098582336308,0.651918499398672,0.923100336704393,1747.52579883974,1992.7304966297,2312.65664902486,1832.7968955984,1717.09748593887,2145.91946013889,2557.07705778293,2577.10985900643,2187.93891479736,1448.24270158021,"PPP1R14B"
"ENSG00000100266",292.900437972725,-0.134085095945237,0.297243553693673,-0.45109505077247,0.651921044588573,0.923100336704393,254.343821303183,384.516445242758,392.045648924629,207.366842436776,192.777584628261,236.504843784988,208.651900583858,269.407689873812,421.118304706115,362.271298242868,"PACSIN2"
"ENSG00000239672",397.788428287616,0.15649069979252,0.346933848679562,0.451067834367062,0.651940659525123,0.923100336704393,442.925742041285,318.265300961066,527.404567711237,200.122585932434,249.233877269394,562.784995618971,467.938990430745,296.252584238462,622.296108687006,290.659529985557,"NME1"
"ENSG00000150687",1407.41491175635,0.343122546943776,0.760786851987662,0.451010090470571,0.651982276503989,0.923100336704393,776.570678731772,654.717190548479,430.837534186645,2986.44474391479,1027.22912951916,1051.23989747695,1235.32401391698,2889.66112910914,193.881199691429,2828.24360046816,"PRSS23"
"ENSG00000133313",245.926932781822,-0.090881585473725,0.201547105221519,-0.45091982528768,0.652047334281834,0.923100336704393,217.594523928579,242.920862366202,264.114963486066,297.014516678002,190.023619133571,226.851584854988,237.461577233512,207.089185098731,272.059102792812,304.139392245756,"CNDP2"
"ENSG00000169213",4698.23263962907,-0.210758125425763,0.467414658676786,-0.450901830983226,0.652060303823355,0.923100336704393,4242.60967322078,9685.65748557433,4707.84922413912,1826.4581711571,3509.92902298169,5201.17591148373,2323.10756256756,1713.27950820107,5615.25818676198,8157.00165020336,"RAB3B"
"ENSG00000128791",858.341974647792,0.153762954732487,0.341176342687682,0.450684691444869,0.652216817210064,0.923110315622853,923.56786823019,474.150346329752,736.220460717408,1082.11081533601,612.7573225684,528.998589363973,605.003209642735,1423.73814755377,973.575486622553,1223.29750011313,"TWSG1"
"ENSG00000158092",241.740166352939,-0.119052791466687,0.264185693549006,-0.450640569772573,0.652248621823027,0.923110315622853,331.710763144456,261.107450992548,286.399663530202,135.829809456403,264.380687490186,268.360598253986,181.588264943274,210.924170007966,220.982872766575,256.117382943795,"NCK1"
"ENSG00000170801",90.7203264904199,0.223447169334061,0.495927350012605,0.450564320214204,0.652303586953295,0.923110315622853,60.926466700002,137.698456742339,67.6794593933043,64.2927764760309,61.9642236305124,41.5090133989979,220.001167142813,142.853187869032,69.8389267705686,40.4395867805992,"HTRA3"
"ENSG00000107566",241.785022537338,0.123183031039646,0.273614944140497,0.45020578618832,0.652562064508303,0.923125900742104,275.619730309533,150.688877189729,197.260863353655,294.297920488874,161.106981439332,303.112330401984,212.143982601998,331.726194648893,236.618453386852,255.274891552532,"ERLIN1"
"ENSG00000062370",25.9353895736923,-0.154944273323634,0.344188634660787,-0.450172544123481,0.652586031788913,0.923125900742104,27.0784296444454,27.27988293952,30.5382926530763,25.3548977651953,24.785689452205,23.1678214319988,19.2064510997694,17.2574320915609,38.5677655300155,26.117233129137,"ZNF112"
"ENSG00000164039",116.817338483616,-0.171677854099485,0.381420586437256,-0.450101174934159,0.652637489653279,0.923125900742104,119.918759853972,80.5406067738208,78.4091297849257,221.855355445459,126.682412755714,63.7115089379967,124.841932148501,127.513248232089,64.6270665638097,160.073364339872,"BDH2"
"ENSG00000103035",501.469212203162,0.109522330821943,0.243519686688771,0.449747337930495,0.652892633908104,0.923125900742104,551.239460619066,465.057052016578,596.73474562633,302.447709056258,425.487668929518,612.016616161968,566.590307443196,372.952282423177,575.389366826177,546.776912929352,"PSMD7"
"ENSG00000143499",623.08431071098,0.111849709830374,0.248698541243734,0.449740112149501,0.652897844686571,0.923125900742104,536.733159023828,387.114529332236,629.749116062088,822.223113242762,652.689822241397,632.288459914967,556.114061388777,866.70658948728,657.736758092967,489.487498323503,"SMYD2"
"ENSG00000120437",62.1444332307895,-0.218612190259107,0.486127954387973,-0.449700923976561,0.652926105025366,0.923125900742104,97.6757640746064,55.858807923779,53.6483519581071,64.2927764760309,56.4562926411335,50.1969464359974,29.682697154189,13.4224471823251,90.6863675976039,109.523880864123,"ACAT2"
"ENSG00000197858",1246.31125773538,0.103719082436549,0.230740030824425,0.449506234639759,0.653066511569393,0.923125900742104,1222.3976810921,1396.47019809447,1332.12984708284,821.317581179719,1408.65335053365,1201.83073678494,1703.26300434773,1385.38829846142,979.829718870663,1011.83216090624,"GPAA1"
"ENSG00000263142",109.937770811751,0.139827771618703,0.311074988142553,0.449498599850868,0.653072017896003,0.923125900742104,133.457974676195,129.904204473905,86.6627223938653,65.1983085390736,129.436378250404,89.7753080489953,92.5401734807069,113.132054822455,82.3473912667898,176.923192165121,"LRRC37A17P"
"ENSG00000134077",176.910375623496,0.0932336102344439,0.207437308409644,0.449454396363106,0.653103898499395,0.923125900742104,182.779400100006,166.277381726598,179.928318874882,151.223854528129,187.269653638882,176.654638418991,168.492957375249,127.513248232089,211.601524394409,217.362778945721,"THUMPD3"
"ENSG00000181218",21.6304631903251,0.251759367892518,0.560225442687909,0.449389386323834,0.653150786431789,0.923125900742104,25.1442560984135,20.7846727158247,25.5861370877126,6.33872444129882,20.6547412101708,9.6532589299995,38.4129021995387,35.4736104104307,7.29660428946239,26.9597245203995,"HIST3H2A"
"ENSG00000159873",321.121207628554,-0.090155895936758,0.200630223320171,-0.449363482952839,0.65316946939727,0.923125900742104,318.171548322233,391.011655466453,374.713104445856,249.021317336739,341.491721341491,332.072107191983,251.429905306072,297.211330465771,367.957330597175,288.132055811769,"CCDC117"
"ENSG00000168303",161.707443672395,0.162011719390746,0.360554191041337,0.449340829801009,0.65318580830046,0.923125900742104,207.92365619842,185.763012397684,139.485715091078,71.5370329803724,148.71413671323,113.908455373994,185.953367465949,160.110619960593,110.491436383288,293.187004159344,"MPLKIP"
"ENSG00000259781",25.9282958611907,-0.207027683487555,0.461133526652236,-0.448953874576301,0.653464930857607,0.923210131911297,36.7492973746044,19.4856306710857,44.5694000882736,11.771916819555,19.2777584628261,34.7517321479982,22.6985331179092,11.5049547277073,28.1440451164978,30.3296900854494,"HMGB1P6"
"ENSG00000073060",61.7844971924982,0.164197889163242,0.365781900311938,0.448895609715009,0.653506963273373,0.923210131911297,63.8277270190498,46.7655136106057,35.4904482184401,84.2144818629701,66.0951718725465,30.8904285759984,53.2542507766332,100.668353867438,66.7118106465133,69.9267854747861,"SCARB1"
"ENSG00000076716",47.6139194765615,-0.244841540736324,0.545601043485435,-0.448755631353297,0.653607948504466,0.923210131911297,35.7822106015885,19.4856306710857,28.8875741312884,125.868956762934,33.0475859362733,20.2718437529989,45.3970662358185,74.7822057300972,26.0593010337942,66.5568199097362,"GPC4"
"ENSG00000184307",13.1271422997194,0.270528240701674,0.60319019355424,0.448495754063263,0.653795449789186,0.923210131911297,12.5721280492068,10.3923363579124,15.6818259569851,8.1497885673842,5.50793098937888,15.4452142879992,2.61906151360491,14.3811934096341,22.9321849097389,23.5897589553495,"ZDHHC23"
"ENSG00000161204",157.466587802158,-0.133600078058967,0.297949482251334,-0.448398423281265,0.65386567950701,0.923210131911297,120.885846626988,144.193666966034,137.83499656929,262.60429828238,123.928447261025,141.902906270993,185.953367465949,118.884532186308,121.957528838157,216.520287554458,"ABCF3"
"ENSG00000136830",2758.94239533065,-0.139814496548383,0.311832004050942,-0.448364807755726,0.653889935740624,0.923210131911297,2878.05023649533,4733.70921102908,2844.18801304057,1228.80700954893,2387.68808389574,2808.13302273685,2633.90286218201,2085.27304439694,2699.74358710108,3289.92888288,"FAM129B"
"ENSG00000109062",95.0462625253653,-0.197217211732682,0.440068006700706,-0.448151669127839,0.654043740455246,0.923210131911297,141.194668860322,124.708036294948,118.026374307836,28.0714939543234,95.0118095667857,113.908455373994,66.3495583446578,38.3498490923575,91.7287396389557,133.113639819472,"SLC9A3R1"
"ENSG00000223508",19.1048072964131,-0.177107256951042,0.395198686754904,-0.448147382283386,0.654046834070994,0.923210131911297,19.3417354603181,27.27988293952,18.157903739667,17.2051091978111,26.1626721995497,22.2024955389988,12.2222870634896,12.4637009550162,20.8474408270354,15.1648450427247,"RPL23AP53"
"ENSG00000171604",898.711870127213,0.128826137689529,0.287687578076316,0.447798749431422,0.654298446035607,0.923210131911297,1017.37528521273,1061.3173505518,907.069827722457,419.261345188765,901.923699510791,911.267642991953,1347.07063849746,870.541574396516,669.202850547836,882.08848665182,"CXXC5"
"ENSG00000166004",77.0547945163892,-0.0975214964223984,0.217782953352783,-0.447792147737225,0.654303210926209,0.923210131911297,81.2352889333361,93.5310272212113,64.3780223497285,82.4034177368847,74.3570683566149,86.8793303699955,65.4765378401228,74.7822057300972,75.0507869773274,72.4542596485736,"CEP295"
"ENSG00000214413",208.233229713871,0.091028033795729,0.203302033769733,0.447747777569361,0.654335236252174,0.923210131911297,194.384441376197,145.492709010773,212.117330049746,248.115785273697,220.317239575155,177.619964311991,244.445741269792,221.470378508365,217.85575664252,200.512951120471,"BBIP1"
"ENSG00000141013",71.7801630158638,0.119564587436926,0.267112503380801,0.447618834474673,0.654428307904922,0.923210131911297,58.0252063809543,97.4281533554284,65.2033816106225,53.4263917195186,82.6189648406832,56.954227686997,83.8099684353572,83.4109217758776,59.4152063570509,77.5092079961484,"GAS8"
"ENSG00000136436",739.996104075298,0.0802072395078958,0.179193601342416,0.447601024294556,0.654441163787996,0.923210131911297,562.844501895257,643.025812145828,760.155879283333,894.665678286177,786.257148733835,856.244067090956,680.955993537278,757.409519574061,690.050291374871,768.352148831385,"CALCOCO2"
"ENSG00000126247",3716.37133061556,0.137199392709842,0.306568679801109,0.447532320649493,0.654490756948916,0.923210131911297,4214.56415680332,4211.49430904399,4294.34423443125,1305.77723490756,4411.85272249248,3109.31470135284,4180.89519621798,3503.25871458686,3704.59023496419,4227.62180135514,"CAPNS1"
"ENSG00000270959",36.0189671401159,-0.158947201729384,0.35517203941295,-0.447521719311301,0.654498409573473,0.923210131911297,34.8151238285726,61.0549761027352,39.6172445229098,19.0161733238965,38.5555169256522,30.8904285759984,39.2859227040737,25.8861481373413,32.3135332819049,38.7546039980742,"LPP-AS2"
"ENSG00000140848",372.270952379536,0.100633595451791,0.22494598256242,0.447367827179868,0.654609501402269,0.923210131911297,403.275184347633,342.947099811108,358.205919227976,321.463882380155,520.499478496304,457.564473281976,358.811427363873,298.17007669308,388.80477142421,272.967210769045,"CPNE2"
"ENSG00000119714",41.6834807577814,0.259232460662666,0.57947814960401,0.447355022514334,0.654618745193654,0.923210131911297,34.8151238285726,67.5501863264304,22.2847000441368,25.3548977651953,22.0317239575155,90.7406339419953,68.0955993537277,20.1336707734877,9.38134837216593,56.4469232145864,"GPR68"
"ENSG00000145425",9893.80170281896,0.146289000817094,0.327213846983258,0.447074603247393,0.654821195400754,0.923210131911297,7921.40775777328,6891.41804734064,8409.58550924851,13970.5486686226,12032.0752462982,7628.0052064856,15650.6385847984,13411.9009738247,7618.69725024008,5403.73978355757,"RPS3A"
"ENSG00000005007",248.089169120111,-0.0965945300405354,0.216061454518603,-0.447069701792729,0.654824734258215,0.923210131911297,221.462871020642,281.892123708373,200.562300397231,329.613670947539,212.055343091087,217.198325924989,216.509085124673,276.118913464974,227.237105014686,298.241952506919,"UPF1"
"ENSG00000238083",27.258787362883,-0.212413597501072,0.47513285107988,-0.447061484000316,0.654830667533797,0.923210131911297,20.308822233334,33.7750931632152,36.315807479334,28.977026017366,8.26189648406832,35.7170580409981,35.7938406859338,40.2673415469754,10.4237204135177,22.747267564087,"LRRC37A2"
"ENSG00000196182",537.729948904994,0.117772435727372,0.263576976066522,0.446823685000651,0.655002368704498,0.923210131911297,494.181341011128,539.102448566704,569.497890016829,442.805178827875,782.126200491801,770.33006261396,540.399692307147,424.72457869786,462.813186360186,351.318910156455,"STK40"
"ENSG00000173559",876.008171711668,-0.15252432022893,0.341362784648791,-0.446810042242461,0.655012219919893,0.923210131911297,841.365492523838,375.423150929584,897.990875852623,1612.75260427903,793.142062470559,595.606075980969,735.956285322981,1128.44430954262,852.660329825748,926.740530388731,"NABP1"
"ENSG00000184635",39.4119962835665,-0.210928317717751,0.472174048724823,-0.446717303264325,0.655079186829955,0.923210131911297,24.1771693253976,36.3731772526933,51.1722741754252,59.7651161608175,24.785689452205,70.4687901889964,19.2064510997694,16.2986858642519,57.3304622743473,34.5421470417618,"ZNF93"
"ENSG00000090006",301.703695571819,-0.199043399468034,0.445587470196643,-0.446698825216502,0.655092530178487,0.923210131911297,398.439750482553,468.954178150796,332.619782140264,108.663847565123,287.789394195046,104.255196443995,441.748375294695,248.315272873015,177.203247029801,449.047911542903,"LTBP4"
"ENSG00000185291",10.0871100200896,-0.34652364421211,0.775795938267467,-0.446668546610308,0.655114395171966,0.923210131911297,7.73669418412724,2.59808408947809,4.95215556536373,30.7880901434514,11.0158619787578,5.7919553579997,12.2222870634896,16.2986858642519,1.04237204135177,8.42491391262483,"IL3RA"
"ENSG00000150457",835.943604791111,-0.102794776497117,0.230197577324064,-0.4465502100068,0.655199852042819,0.923228286066223,813.319976106377,1024.94417329911,760.981238544227,888.326953844878,947.364130173167,1006.83490639895,502.859810612143,676.87483648011,952.728045795517,785.201976656634,"LATS2"
"ENSG00000114416",1398.62787753367,0.101789977871462,0.227994011149641,0.446458998454364,0.65526572361872,0.923228286066223,1380.99991186671,1134.06370505719,1370.09637308397,1472.39513450741,2124.6843791529,997.181647468948,1588.02429774911,1405.5219692349,1292.54133127619,1220.77002593934,"FXR1"
"ENSG00000156671",389.625478358608,-0.110057773150491,0.246622411762552,-0.44626022575943,0.655409283484271,0.923276057455665,405.209357893664,322.162427095283,330.969063618476,571.390731779937,356.638531562282,370.685142911981,259.287089846886,506.218008019119,401.313235920431,372.381194938018,"SAMD8"
"ENSG00000247556",1553.37991699251,-0.0819762015105622,0.183712376856108,-0.446220352234459,0.655438082926463,0.923276057455665,1369.39487059052,1622.50351387907,1747.2855553125,1686.10070138549,1717.09748593887,1748.20519222291,1096.51375369592,1483.18041364693,1675.09187045229,1388.42581280057,"OIP5-AS1"
"ENSG00000138496",97.5458248438932,-0.105363710332555,0.236313431938733,-0.445864246768128,0.655695309863144,0.923473944623815,111.214978896829,101.325279489646,91.614877959229,103.230655186867,107.404654292888,78.1913973329959,73.3337223809376,92.039637821658,86.5168794321969,130.586165645685,"PARP9"
"ENSG00000204604",87.1397188947062,0.151113365522555,0.339028126305197,0.445725159058104,0.655795788680192,0.923473944623815,62.8606402460339,74.0453965501256,122.153170612305,67.9149047282017,46.8174134097205,104.255196443995,123.968911643966,109.297069913219,101.110088011122,58.9743973883738,"ZNF468"
"ENSG00000167685",170.421167917231,-0.156295292914783,0.350668794253137,-0.445706305996417,0.655809408862891,0.923473944623815,121.852933400004,192.258222621379,120.502452090517,292.486856362789,132.190343745093,105.220522336995,223.493249160953,199.419215280259,101.110088011122,215.677796163196,"ZNF444"
"ENSG00000162073",22.8954885391724,-0.204840452991003,0.459768313295777,-0.445529731100076,0.655936978969,0.923473944623815,28.0455164174613,35.0741352079542,19.8086222614549,17.2051091978111,12.3928447261025,40.5436875059979,18.3334305952344,9.58746227308938,26.0593010337942,21.9047761728246,"PAQR4"
"ENSG00000164604",18.2292888165175,-0.210590231624565,0.472849293860982,-0.445364377950153,0.656056450797228,0.923473944623815,18.3746486873022,11.6913784026514,19.8086222614549,28.977026017366,16.5237929681366,13.5145625019993,7.85718454081474,15.339939636943,33.3559053232566,16.8498278252497,"GPR85"
"ENSG00000179912",473.578197180544,0.107114237953484,0.240535291640466,0.445316099866084,0.65609133459223,0.923473944623815,359.756279561917,523.513944029835,434.964330491114,491.70391023218,706.392149387841,505.830767931974,464.446908412605,534.980394838387,350.237005894195,363.956281025393,"R3HDM2"
"ENSG00000180787",45.9662654759316,-0.119842401356352,0.269122685350362,-0.445307690060885,0.656097411254741,0.923473944623815,45.4530783317476,40.2703033869104,43.7440408273796,63.3872444129882,38.5555169256522,41.5090133989979,41.9049842176786,55.6072811839184,47.9491139021814,41.2820781718617,"ZFP3"
"ENSG00000185875",16.9925624816573,-0.202827704813702,0.455715436493722,-0.445075344329478,0.656265306020027,0.923473944623815,24.1771693253976,16.8875465816076,24.7607778268187,8.1497885673842,11.0158619787578,9.6532589299995,18.3334305952344,21.0924170007966,15.6355806202765,20.2197933902996,"THNSL1"
"ENSG00000108604",523.604414649386,-0.105334904848876,0.236747744709674,-0.44492463899941,0.656374216103992,0.923473944623815,792.044067100027,510.523523582445,420.933223055917,462.726884214814,673.344563451568,421.847415240978,546.510835838892,445.816995698656,453.43183798802,508.86480032254,"SMARCD2"
"ENSG00000134278",318.5549846381,-0.146894283713743,0.330257733462629,-0.444786809906345,0.656473827323162,0.923473944623815,357.822106015885,400.104949779626,316.937956183279,277.998343354106,298.805256173804,461.425776853976,144.04838324827,194.625484143714,452.389465946668,281.392124681669,"SPIRE1"
"ENSG00000138190",8.0645443264737,-0.277009673331359,0.622838039167212,-0.444753942295728,0.656497582155977,0.923473944623815,6.76960741111134,3.89712613421714,9.90431113072746,15.3940450717257,4.13094824203416,9.6532589299995,3.49208201813988,7.6699698184715,6.25423224811062,13.4798622601997,"EXOC6"
"ENSG00000177239",273.370884490041,0.121558391735657,0.273347939592931,0.44470205964121,0.656535080683813,0.923473944623815,244.672953573024,187.062054442423,198.911581875443,407.48942836921,287.789394195046,250.019406286987,370.160693922828,323.097478603112,216.813384601168,247.69246903117,"MAN1B1"
"ENSG00000137871",213.88317313388,-0.0904754930788365,0.20345908817858,-0.44468641774028,0.656546386139743,0.923473944623815,193.417354603181,180.566844218727,214.593407832428,297.920048741045,228.579136059223,210.441044673989,192.937531502229,234.89282569069,200.13543193954,185.348106077746,"ZNF280D"
"ENSG00000100241",1402.58792692083,-0.125507625472104,0.282336809620902,-0.444531570788186,0.65665830870952,0.923473944623815,1193.38507790163,2330.48142826185,1549.19933269795,833.089497999274,1773.55377858,1398.75721895693,1259.76858804396,1182.13409827192,1436.38867298274,1069.12157551209,"SBF1"
"ENSG00000100014",303.231520870966,0.076050552981047,0.171083269461923,0.444523612508897,0.65666406112048,0.923473944623815,303.665246726994,349.442310034803,287.225022791096,236.343868454142,290.543359689736,291.528419685985,342.224037777709,291.458853101917,305.415008116068,334.469082331206,"SPECC1L"
"ENSG00000198453",137.539083018095,-0.101075137511692,0.22743492465703,-0.444413441181528,0.656743697354212,0.923473944623815,136.359234995243,131.203246518644,154.34218178717,151.223854528129,118.420516271646,196.92648217199,115.238706598616,135.18321805056,126.127017003564,110.366372255385,"ZNF568"
"ENSG00000162413",350.701138008384,0.119779105864167,0.269531834139872,0.444396878930483,0.656755669547641,0.923473944623815,273.685556763501,405.301117958582,364.808793315128,290.675792236703,279.527497710978,392.88763845098,248.810843792467,271.325182328429,453.43183798802,526.557119539052,"KLHL21"
"ENSG00000167461",276.486854064681,-0.168820329611593,0.379983046218054,-0.444283847113314,0.656837378111304,0.923491472893786,323.974068960328,433.880042942841,340.873374749203,86.0255459890555,316.706031889286,376.477098269981,193.810552006764,197.501722825641,242.872685634962,252.747417378745,"RAB8A"
"ENSG00000183207",420.552921320171,-0.111834772233381,0.251865572755403,-0.444025640383923,0.657024046266204,0.923568535983969,504.819295514303,524.812986074574,487.787323188327,244.493657021526,400.701979477313,335.933410763983,529.050425748193,371.034789968559,367.957330597175,438.938014847754,"RUVBL2"
"ENSG00000141279",537.821839417683,-0.110238052495869,0.248274700461274,-0.444016455527106,0.657030686767331,0.923568535983969,440.991568495253,497.533103135055,415.155708229659,896.476742412262,553.547064432577,520.310656326973,421.668903690391,550.32033447533,507.635184138312,574.579128841013,"NPEPPS"
"ENSG00000163882",428.41866363882,0.101228834934131,0.228040797938083,0.4439066862133,0.657110050280061,0.923582752722645,364.591713426996,376.722192974323,433.313611969326,467.254544530028,411.717841456071,432.466000063978,618.971537715295,509.094246701046,361.703098349064,308.351849202069,"POLR2H"
"ENSG00000198960",156.78591078765,-0.106797300228821,0.24076634103808,-0.443572385443735,0.657351774466624,0.923825143947457,179.878139780958,194.856306710857,169.198648483261,111.380443754251,187.269653638882,128.388343768993,189.445449484089,126.55450200478,151.143945996007,129.743674254422,"ARMCX6"
"ENSG00000138448",539.880466892151,-0.194626361833881,0.439111186102169,-0.44322797504092,0.657600846155256,0.923922082600094,440.991568495253,270.200745305722,359.03127848887,1265.93382413368,293.297325184425,356.205254516982,346.589140300384,755.492027119443,782.821403055179,528.242102321577,"ITGAV"
"ENSG00000157020",1070.98092300764,-0.067886466340917,0.153205262759781,-0.443107926699359,0.657687671992245,0.923922082600094,1138.26113183972,1070.41064486497,1180.26374307836,1016.0069747339,1034.11404325588,1205.69204035694,1081.67240511883,863.830350805353,1159.11770998317,960.440186039231,"SEC13"
"ENSG00000197647",18.709597145497,-0.215522317509288,0.486619919845017,-0.44289661955871,0.657840512639406,0.923922082600094,15.4733883682545,10.3923363579124,14.0311074351972,41.6544748999637,11.0158619787578,11.5839107159994,20.9524921088393,23.0099094554145,18.7626967443319,20.2197933902996,"ZNF433"
"ENSG00000123505",839.076748332524,-0.111719799942248,0.252353442966826,-0.442711613635223,0.657974341088187,0.923922082600094,1124.7219170175,702.781746203824,967.321053767715,718.086925992852,685.73740817767,893.891776917954,563.098225425056,675.916090252801,1169.54143039669,889.670909173182,"AMD1"
"ENSG00000117010",15.0245768933109,-0.197124772255046,0.44536882229489,-0.442610174729575,0.658047723993868,0.923922082600094,16.4404751412704,16.8875465816076,9.90431113072746,21.7327695130245,17.9007757154814,6.75728125099965,14.8413485770945,14.3811934096341,18.7626967443319,12.6373708689372,"ZNF684"
"ENSG00000116198",347.416412278304,-0.106765088679338,0.241229669469146,-0.442586887899351,0.658064570611315,0.923922082600094,350.085411831758,413.095370227017,401.124600794462,287.053663984532,384.178186509177,429.570022384978,267.144274387701,267.490197419194,428.414908995577,246.007486248645,"CEP104"
"ENSG00000171357",11.6623750488877,0.262885753952894,0.593978839500324,0.442584375857636,0.658066387932393,0.923922082600094,11.6050412761909,12.9904204473905,12.3803889134093,4.52766031521344,22.0317239575155,23.1678214319988,8.73020504534971,6.71122359116257,5.21186020675885,9.26740530388731,"LURAP1"
"ENSG00000147535",145.516271383706,-0.157026280345362,0.354846212689909,-0.442519251241334,0.658113502639341,0.923922082600094,123.787106946036,85.736774952777,104.820626133532,305.164305245386,161.106981439332,143.833558056993,116.984747607686,168.739336006373,139.677853541137,105.31142390781,"PLPP5"
"ENSG00000124535",350.298802639582,-0.0944945085710594,0.213647882976433,-0.442290872507653,0.658278735026441,0.923980712707059,440.024481722237,429.982916808624,333.445141401158,253.548977651953,410.340858708727,292.493745578985,340.477996768639,294.335091783844,346.067517728787,362.271298242868,"WRNIP1"
"ENSG00000141569",236.906181028392,0.148898967841374,0.336747962494161,0.442167390527138,0.658368081393679,0.923980712707059,232.100825523817,255.911282813592,185.70583370114,216.422163067203,183.138705396848,217.198325924989,187.699408475019,518.681708974135,201.177803980892,171.025752426284,"TRIM65"
"ENSG00000178222",32.6856077282398,0.578310117538796,1.30946395413745,0.441638821528104,0.658750586810035,0.923980712707059,19.3417354603181,0,18.983263000561,62.4817123499455,0,14.4798883949993,23.5715536224442,113.132054822455,52.1186020675885,22.747267564087,"RNF212"
"ENSG00000142507",651.310066564338,0.167343705150844,0.379100362892619,0.441423225960469,0.658906630823317,0.923980712707059,740.788468130184,762.53768026182,777.488423762106,145.790662149873,637.543012020605,749.092892967961,721.114936745886,481.290606109087,783.863775096531,713.590208399323,"PSMB6"
"ENSG00000122545",1170.51297786794,0.12097683468379,0.27420466140287,0.441191750952938,0.659074184608408,0.923980712707059,1383.90117218576,802.80798364873,1438.60119173816,823.128645305804,866.122148079829,1129.43129480994,1010.9577442515,1102.55816140528,1300.88030760701,1846.74112964736,"SEPT7"
"ENSG00000135205",21.9308390037972,0.228711719126189,0.518601985502886,0.441015895657261,0.659201489359649,0.923980712707059,12.5721280492068,14.2894624921295,15.6818259569851,37.1268145847502,13.7698274734472,11.5839107159994,47.1431072448884,20.1336707734877,16.6779526616283,30.3296900854494,"CCDC146"
"ENSG00000178031",381.74088894986,0.146132695584124,0.331372339669421,0.440992436876015,0.659218472331761,0.923980712707059,391.670143071442,240.322778276723,230.275233789413,572.296263842979,373.162324530419,285.736464327985,317.779463650729,600.175138295395,517.016532510478,288.974547203032,"ADAMTSL1"
"ENSG00000112144",450.01224459995,-0.107287176649594,0.243292599793415,-0.440980024631631,0.659227458240504,0.923980712707059,535.766072250812,450.767589524449,529.055286233025,364.929421406204,454.404306623758,468.183058104976,275.001458928516,342.272403149291,543.075833544272,536.667016234202,"ICK"
"ENSG00000185262",327.284050013538,-0.124134407860927,0.281511891937213,-0.440956177753988,0.659244722449366,0.923980712707059,281.422250947628,428.683874763885,442.39256383916,225.47748369763,267.134652984876,367.789165232981,441.748375294695,338.437418240055,269.974358710108,209.780356424358,"UBALD2"
"ENSG00000110436",27.9394778699696,-0.217889141140893,0.494151866865927,-0.440935582258988,0.659259632930171,0.923980712707059,27.0784296444454,12.9904204473905,23.1100593050307,58.8595840977748,16.5237929681366,21.2371696459989,33.1747791723289,34.5148641831218,11.4660924548695,40.4395867805992,"SLC1A2"
"ENSG00000132600",108.377035431085,0.114930984948857,0.260677146907524,0.440893980589825,0.659289751623373,0.923980712707059,91.873243436511,81.8396488185599,92.440237220123,146.696194212916,92.2578440720962,83.0180267979957,136.191198707455,135.18321805056,106.321948217881,117.948794776748,"PRMT7"
"ENSG00000134297",25.8750466150843,-0.206096562922325,0.467551903021491,-0.440799324289888,0.659358282760416,0.923980712707059,22.2429957793658,44.1674295211276,29.7129333921824,16.2995771347684,37.1785341783074,36.6823839339981,8.73020504534971,17.2574320915609,27.101673075146,19.3773019990371,"PLEKHA8P1"
"ENSG00000107882",112.434125592755,-0.125235656380329,0.284213461976846,-0.440639424710049,0.659474056510376,0.923980712707059,113.149152442861,153.286961279207,115.550296525154,92.3642704303543,99.1427578088198,83.9833526909956,81.1909069217523,89.1633991397312,127.169389044916,169.340769643759,"SUFU"
"ENSG00000160199",284.626376399104,-0.0922166577319399,0.209347720902753,-0.440495159604706,0.659578517269856,0.923980712707059,264.014689033342,348.143267990064,296.30397466093,273.470683038892,337.360773099456,291.528419685985,236.588556728977,242.562795509161,343.982773646084,212.307830598146,"PKNOX1"
"ENSG00000219626",69.6440884700264,0.125634853787397,0.285252057856268,0.440434522126047,0.659622426175907,0.923980712707059,69.6302476571452,58.4568920132571,51.1722741754252,85.1200139260128,70.2261201145807,73.3647678679962,93.4131939852419,68.0709821389346,42.7372536954226,84.2491391262483,"FAM228B"
"ENSG00000167333",68.9107456804904,0.121091328416852,0.274976563236903,0.44036963365684,0.659669414614773,0.923980712707059,51.255598969843,72.7463545053866,75.9330520022439,62.4817123499455,57.8332753884782,65.6421607239966,52.3812302720983,69.0297283662435,78.1779031013827,103.626441125285,"TRIM68"
"ENSG00000155465",12.6760667714007,-0.252906071712306,0.57436322996221,-0.440324273071844,0.659702262898037,0.923980712707059,5.80252063809543,7.79425226843427,11.5550296525154,30.7880901434514,11.0158619787578,9.6532589299995,19.2064510997694,14.3811934096341,7.29660428946239,9.26740530388731,"SLC7A7"
"ENSG00000156795",143.310327863903,0.103580193626551,0.23529112057067,0.440221430266171,0.659776739888064,0.923980712707059,138.293408541274,115.614741981775,177.4522410922,116.813636132507,119.797499018991,169.897357167991,158.889731825365,167.780589779064,161.567666409524,106.996406690335,"WDYHV1"
"ENSG00000204642",10.2266404606442,0.315730157682606,0.717231681380097,0.440206652716565,0.659787441812261,0.923980712707059,9.67086773015905,2.59808408947809,2.47607778268187,20.8272374499818,9.63887923141304,13.5145625019993,16.5873895861645,10.5462085003983,2.08474408270354,14.3223536514622,"HLA-F"
"ENSG00000258655",19.2621170471289,0.214772542401345,0.488259348655985,0.439873896920851,0.660028442502283,0.923980712707059,22.2429957793658,11.6913784026514,28.0622148703945,8.1497885673842,17.9007757154814,17.3758660739991,24.4445741269792,24.9274019100324,8.33897633081416,29.4871986941869,"ARHGAP5-AS1"
"ENSG00000175879",273.935962084088,0.0840068893883741,0.19100987598028,0.439803905202509,0.660079138980419,0.923980712707059,287.224771585724,249.416072589897,294.653256139142,225.47748369763,304.313187163183,306.973633973984,312.54134062352,243.52154173647,301.245519950661,213.992813380671,"HOXD8"
"ENSG00000235098",12.2837080319624,0.377707443595153,0.858958304334111,0.439727332152592,0.660134604243455,0.923980712707059,22.2429957793658,0,8.25359260893955,10.8663847565123,19.2777584628261,0.96532589299995,7.85718454081474,32.5973717285039,7.29660428946239,13.4798622601997,"ANKRD65"
"ENSG00000131979",40.1925993954822,0.177666152003655,0.404165009297843,0.439588158094919,0.66023541898027,0.923980712707059,38.6834709206362,27.27988293952,53.6483519581071,28.977026017366,31.6706031889286,22.2024955389988,34.9208201813988,48.8960575927558,80.2626471840863,35.3846384330243,"GCH1"
"ENSG00000168522",459.57358218489,-0.0743544287075382,0.169147774478192,-0.439582660409905,0.660239401513387,0.923980712707059,490.312993919064,381.918361153279,439.091126795584,583.162648599492,411.717841456071,471.079035783976,442.62139579923,455.404457971746,489.914859435332,430.513100935129,"FNTA"
"ENSG00000082153",1021.40090493629,-0.140281193322242,0.31935842483273,-0.439259410161847,0.660473581502928,0.923980712707059,1310.40257743655,1228.89377432314,1164.58191712137,623.00605937337,669.213615209534,1075.37304480194,586.669779047501,770.831966756386,1290.45658719349,1494.57972809965,"BZW1"
"ENSG00000142409",258.266212000549,0.131600751745106,0.299609575159317,0.43924080755806,0.660487059248886,0.923980712707059,264.014689033342,320.863385050544,278.971430182157,114.097039943379,261.626721995497,222.024955389988,347.462160804919,325.973717285039,199.093059898188,248.534960422433,"ZNF787"
"ENSG00000173281",328.896769258377,-0.113250535812921,0.25783737527304,-0.439232425838158,0.660493131912816,0.923980712707059,304.63233350001,414.394412271756,318.588674705067,340.480055704051,330.475859362733,379.37307594898,217.382105629208,222.429124735674,468.025046566945,293.187004159344,"PPP1R3B"
"ENSG00000066379",97.371389947027,0.138430650074131,0.315198439247814,0.439185709182065,0.660526979140887,0.923980712707059,104.445371485718,72.7463545053866,91.614877959229,97.7974628086104,122.55146451368,90.7406339419953,154.52462930269,101.627100094747,89.6439955562522,48.0220093019615,"ZNRD1"
"ENSG00000153310",153.787950892789,-0.111247222296484,0.253340883013771,-0.439120685824863,0.660574091125954,0.923980712707059,191.483181057149,168.875465816076,166.722570700579,116.813636132507,132.190343745093,179.550616097991,103.889440039662,140.935695414414,204.304920104947,133.113639819472,"FAM49B"
"ENSG00000128309",348.785455855397,0.11763288469368,0.267887828556779,0.439112464823117,0.660580047661529,0.923980712707059,337.513283782551,423.487706584929,264.94032274696,302.447709056258,404.832927719348,237.470169677988,481.034297998769,461.156935335599,248.084545841721,326.886659809843,"MPST"
"ENSG00000093144",442.808118961297,0.107919414681172,0.245840337162917,0.438981722554561,0.660674780001516,0.923989335492113,521.259770655573,396.207823645409,535.658160320177,239.06046464327,440.63447915031,448.876540244977,467.938990430745,367.199805059323,506.59281209696,504.652343366227,"ECHDC1"
"ENSG00000152642",57.3703389130709,-0.163532326632535,0.372642269644563,-0.43884534835116,0.660773598883908,0.923989335492113,93.8074169825428,66.2511442816913,57.7751482625769,28.0714939543234,33.0475859362733,56.954227686997,39.2859227040737,53.6897887293005,69.8389267705686,74.981733822361,"GPD1L"
"ENSG00000179604",368.332292529505,-0.174965991933756,0.398788959905369,-0.438743319211432,0.660847534663232,0.923989335492113,360.723366334933,701.482704159085,430.837534186645,89.6476742412262,327.721893868043,389.99166077198,357.938406859338,342.272403149291,339.813285480677,342.893996243831,"CDC42EP4"
"ENSG00000067829",263.284777627315,-0.0871844721553589,0.198755813308849,-0.438651180581479,0.660914306093518,0.923989335492113,250.47547421112,245.51894645568,287.225022791096,307.880901434514,268.51163573222,185.34257145599,317.779463650729,263.655212509958,233.491337262796,272.967210769045,"IDH3G"
"ENSG00000134864",67.1760482971768,-0.13819221930652,0.315081095357465,-0.438592544404287,0.66095680022325,0.923989335492113,78.3340286142883,76.6434806396037,94.0909557419109,35.3157504586649,60.5872408831677,53.0929241149972,70.7146608673327,88.2046529124223,62.5423224811062,52.234466258274,"GGACT"
"ENSG00000139793",716.555501601272,-0.100441810881904,0.229041882475143,-0.438530323783924,0.661001893224132,0.923989335492113,832.661711566695,843.078287035641,858.373631329713,452.766031521344,705.015166640497,642.907044737967,553.494999875172,713.30719311785,871.423026570079,692.527923617761,"MBNL2"
"ENSG00000198715",160.68189767593,0.105937820715991,0.241672526976985,0.43835276620449,0.661130580867595,0.924020226640468,128.622540811115,174.071633995032,163.421133657003,148.507258339001,201.039481112329,110.047151801994,209.524921088393,186.955514325243,135.50836537573,149.12097625346,"GLMP"
"ENSG00000132274",300.461490858517,-0.220356023176153,0.502741672209782,-0.438308649067396,0.661162557009071,0.924020226640468,191.483181057149,154.586003323946,166.722570700579,800.490343729737,280.904480458323,166.036053595991,199.048675033973,367.199805059323,149.059201913303,529.084593712839,"TRIM22"
"ENSG00000130045",13.2632738424689,0.249215657242897,0.569543917657382,0.437570570971872,0.661697608355805,0.924574227620887,5.80252063809543,7.79425226843427,14.0311074351972,19.9217053869392,11.0158619787578,16.4105401809991,16.5873895861645,21.0924170007966,3.12711612405531,16.8498278252497,"NXNL2"
"ENSG00000130024",338.435965674719,-0.0977909976448164,0.223560232129284,-0.437425729582641,0.6618026278096,0.924600692869987,331.710763144456,333.853805497935,255.861370877126,487.176249916967,384.178186509177,381.30372773498,324.763627687009,327.891209739657,276.228590958219,281.392124681669,"PHF10"
"ENSG00000123124",409.162809215691,-0.0940322535307541,0.215050005614626,-0.437257619510422,0.661924526919295,0.924600692869987,439.057394949221,404.002075913843,505.119867667101,352.251972523606,391.0631002459,485.558924178975,282.858643469331,336.519925785437,485.745371269925,409.450816153567,"WWP1"
"ENSG00000102390",141.795338082976,0.115938043809951,0.265228995674879,0.437124317855765,0.66202119229847,0.924638877545784,148.931363044449,154.586003323946,160.945055874321,76.0646932955859,133.567326492438,157.348120558992,154.52462930269,105.462085003983,178.245619071153,148.278484862197,"PBDC1"
"ENSG00000123159",1037.12073340329,0.127805588899355,0.29255996940866,0.436852619166194,0.662218235475489,0.924817236286555,950.646297874635,1413.35774467608,1153.02688746886,413.828152810509,1145.64964579081,1108.19412516394,1119.21228681383,951.076257490466,1176.83803468615,939.377901257669,"GIPC1"
"ENSG00000126457",596.702634247623,-0.105067598185223,0.240800084885866,-0.436327081176168,0.662599436084812,0.925252714800873,793.978240646058,644.324854190567,708.983605107907,345.007716019265,530.138357727717,633.253785807967,628.574763265179,481.290606109087,584.770715198343,616.703698404138,"PRMT1"
"ENSG00000188385",5.53383803349483,0.428670740075426,0.983005259708535,0.436081837652149,0.662777354156441,0.925404268465709,4.83543386507953,2.59808408947809,0.825359260893955,9.96085269346958,11.0158619787578,0.96532589299995,4.36510252267486,11.5049547277073,0,9.26740530388731,"JAKMIP3"
"ENSG00000130669",261.347584917403,-0.162422798981388,0.372654376319797,-0.435853727481797,0.662942859487714,0.9254549206141,260.146341941279,502.729271314011,269.892478312323,85.1200139260128,253.364825511428,298.285700936985,266.271253883166,214.759154917202,208.474408270354,254.43240016127,"PAK4"
"ENSG00000125733",598.894250005403,0.0875728747745655,0.200994157570907,0.435698608521351,0.663055415447866,0.9254549206141,458.399130409539,570.279457640441,610.765853061527,668.282662525505,783.503183239146,581.12618758597,713.257752205071,588.670183567688,502.423323931553,512.23476588759,"TRIP10"
"ENSG00000101974",225.639221254619,-0.163686706317904,0.375955977945074,-0.435387960081375,0.663280848115411,0.9254549206141,276.586817082549,187.062054442423,198.911581875443,301.542176993215,188.646636386227,208.510392887989,89.921111967102,265.572704964576,406.52509612719,133.113639819472,"ATP11C"
"ENSG00000012061",811.443645538364,0.0864969998557339,0.198675028648027,0.43536925825224,0.663294420710795,0.9254549206141,819.122496744472,795.013731380296,725.490790325787,789.623958973225,1010.70533655102,807.977772440958,983.021088106378,925.190109353125,630.635085017821,627.65608649055,"ERCC1"
"ENSG00000258429",16.37738558759,-0.335679403537033,0.771127805952303,-0.43530968659921,0.663337654755629,0.9254549206141,23.2100825523817,38.9712613421714,13.2057481743033,0,9.63887923141304,9.6532589299995,15.7143690816295,22.0511632281056,5.21186020675885,26.117233129137,"PDF"
"ENSG00000125818",871.0616439885,0.0725251525594375,0.166679002020912,0.435118711295971,0.663476262375672,0.9254549206141,999.967723298446,837.882118856685,891.388001765471,650.172021264651,961.133957646614,790.601906366959,857.306135453342,869.582828169207,904.778931893336,947.802815170293,"PSMF1"
"ENSG00000260456",12.0112512254614,0.246372609962835,0.566439549710672,0.434949519483019,0.663599069418342,0.9254549206141,14.5063015952386,10.3923363579124,15.6818259569851,2.71659618912807,12.3928447261025,11.5839107159994,14.8413485770945,6.71122359116257,9.38134837216593,21.9047761728246,"C16orf95"
"ENSG00000206538",7518.44173338335,0.105947407129939,0.243685316157015,0.434771404370025,0.66372836315951,0.9254549206141,7762.80552699867,8858.16770307555,6629.28558350025,5508.35153948868,11398.6631825196,5879.8000142627,5484.31480948869,7726.53584588273,7855.31570362694,8081.17742498974,"VGLL3"
"ENSG00000247081",37.4871333348255,0.154594848125126,0.355646725826753,0.43468654959707,0.663789962751511,0.9254549206141,32.8809502825408,38.9712613421714,35.4904482184401,32.5991542695368,63.3412063778571,37.647709826998,19.2064510997694,33.5561179558128,32.3135332819049,48.864500693224,"BAALC-AS1"
"ENSG00000244625",47.9381687394067,0.13489865189444,0.31038622035574,0.434615466304625,0.663841566804738,0.9254549206141,33.8480370555567,36.3731772526933,43.7440408273796,66.1038406021163,66.0951718725465,47.3009687569975,53.2542507766332,50.8135500473737,48.9914859435332,32.8571642592368,"MIATNB"
"ENSG00000127804",203.469988620676,-0.120353126144044,0.277008310035433,-0.434474785715451,0.663943700828481,0.9254549206141,235.002085842865,275.396913484678,218.720204136898,126.774488825976,177.630774407469,226.851584854988,170.238998384319,127.513248232089,231.406593180093,245.164994857383,"METTL16"
"ENSG00000132109",47.8803075916273,0.136372002437349,0.313907799230702,0.434433304210846,0.663973817567912,0.9254549206141,29.0126031904772,41.5693454316495,60.2512260452587,49.8042634673479,48.1943961570652,41.5090133989979,53.2542507766332,43.1435802289022,39.6101375713672,72.4542596485736,"TRIM21"
"ENSG00000209082",10.6680784301682,-0.390820116777883,0.89998430105488,-0.434252148976153,0.664105347725172,0.9254549206141,7.73669418412724,7.79425226843427,0.825359260893955,33.5046863325795,1.37698274734472,2.89597767899985,11.3492665589546,27.8036405919592,8.33897633081416,5.0549483475749,"MT-TL1"
"ENSG00000010256",757.928607038303,-0.108481822035212,0.249873076078706,-0.434147703056418,0.664181186771423,0.9254549206141,1012.53985134765,859.965833617248,870.754020243123,426.505601693107,721.538959608633,821.492334942957,775.242208027054,574.288990158054,832.855261040064,684.103009705136,"UQCRC1"
"ENSG00000181004",48.1452568457736,0.154153286373172,0.355233867240844,0.433948732339357,0.664325670570163,0.9254549206141,33.8480370555567,58.4568920132571,63.5526630888345,24.4493657021526,68.849137367236,31.8557544689983,55.0002917857032,56.5660274112273,41.6948816540708,47.1795179106991,"BBS12"
"ENSG00000165609",267.919392371971,0.0796467850950763,0.183702096883381,0.433564920849205,0.664604412862353,0.9254549206141,290.126031904772,252.014156679375,272.368556095005,221.855355445459,280.904480458323,233.608866105988,306.430197091775,221.470378508365,292.906543619847,307.509357810806,"NUDT5"
"ENSG00000231437",13.561969442282,-0.270951076352295,0.624977907681583,-0.433537046705243,0.664624658208333,0.9254549206141,9.67086773015905,11.6913784026514,8.25359260893955,30.7880901434514,13.7698274734472,2.89597767899985,18.3334305952344,23.0099094554145,6.25423224811062,10.9523880864123,"LINC01750"
"ENSG00000143178",25.2261472645595,-0.219862167043941,0.507422293432308,-0.433292289065086,0.664802439306027,0.9254549206141,15.4733883682545,10.3923363579124,24.7607778268187,58.8595840977748,33.0475859362733,20.2718437529989,22.6985331179092,34.5148641831218,18.7626967443319,13.4798622601997,"TBX19"
"ENSG00000154832",158.430712699958,-0.118726416702568,0.274015311827938,-0.43328387713282,0.664808549695848,0.9254549206141,110.247892123813,175.370676039771,162.595774396109,216.422163067203,210.678360343742,129.353669661993,191.191490493159,104.503338776674,140.720225582489,143.223536514622,"CXXC1"
"ENSG00000099917",801.668515550619,0.0853857540136416,0.197102386516512,0.433205074391571,0.6648657927347,0.9254549206141,584.120410901607,931.413146077896,689.174982846453,890.138017970963,764.225424776319,990.424366217949,841.591766371712,867.665335714589,674.414710754595,783.516993874109,"MED15"
"ENSG00000169715",815.815955664759,0.149796906722579,0.345854311009636,0.433121409663173,0.664926569704659,0.9254549206141,1247.54193719052,339.049973676891,638.828067931921,835.806094188402,904.677665005481,979.805781394949,930.639857834279,836.026710213394,1015.27036827662,430.513100935129,"MT1E"
"ENSG00000178187",11.384398657696,0.213125959128429,0.492140718082694,0.433058983533684,0.664971919652098,0.9254549206141,13.5392148222227,5.19616817895618,9.07895186983351,13.5829809456403,9.63887923141304,17.3758660739991,11.3492665589546,12.4637009550162,7.29660428946239,14.3223536514622,"ZNF454"
"ENSG00000060491",214.160652205196,0.126188342373044,0.291402495254937,0.433037960991536,0.664987191917358,0.9254549206141,199.219875241277,257.210324858331,191.483348527398,164.806835473769,268.51163573222,126.457691982993,310.79529961445,249.274019100324,143.847341706544,230.000149814658,"OGFR"
"ENSG00000183647",19.4167935207442,-0.174968357593594,0.404100438373245,-0.432982350372967,0.665027592084182,0.9254549206141,11.6050412761909,32.4760511184761,16.5071852178791,23.5438336391099,16.5237929681366,14.4798883949993,24.4445741269792,19.1749245461788,17.7203247029801,17.6923192165121,"ZNF530"
"ENSG00000139436",118.100139630495,-0.133716332854257,0.308833409894434,-0.432972368177279,0.665034844082242,0.9254549206141,122.82002017302,171.473549905554,123.803889134093,81.497885673842,122.55146451368,116.804433052994,66.3495583446578,86.2871604578044,120.915156796805,168.498278252497,"GIT2"
"ENSG00000109133",180.258036347563,-0.147824062130325,0.341427283793829,-0.432959136972746,0.665044456511693,0.9254549206141,142.161755633338,124.708036294948,142.787152134654,355.874100775777,115.666550776956,149.625513414992,177.223162420599,223.387870962983,222.025244807927,149.12097625346,"TMEM33"
"ENSG00000154133",8.93913384924853,-0.310477272950903,0.717217857320455,-0.432891163796249,0.665093839683692,0.9254549206141,13.5392148222227,6.49521022369523,4.12679630446978,16.2995771347684,4.13094824203416,3.8613035719998,3.49208201813988,23.0099094554145,9.38134837216593,5.0549483475749,"ROBO4"
"ENSG00000142046",32.2777404582019,0.209669362896711,0.484453531959196,0.432795612096747,0.665163261377173,0.9254549206141,17.4075619142863,25.9808408947809,15.6818259569851,58.8595840977748,39.9324996729969,20.2718437529989,56.7463327947731,44.1023264562111,21.8898128683872,21.9047761728246,"TMEM91"
"ENSG00000184743",1397.2578382547,-0.102914643139948,0.237805739366874,-0.432767701124224,0.665183540228939,0.9254549206141,1309.43549066354,1857.63012397684,1312.32122482139,1351.95937012273,1007.95137105633,1197.00410731994,964.687657511143,1776.55675920346,1666.75289412148,1528.27938375014,"ATL3"
"ENSG00000136870",148.644440744196,-0.107045037038907,0.247366678774423,-0.432738303999799,0.6652048991164,0.9254549206141,139.26049531429,123.408994250209,122.978529873199,234.532804328056,166.614912428711,132.249647340993,123.095891139431,136.141964277869,161.567666409524,146.593502079672,"ZNF189"
"ENSG00000167088",465.413407145163,0.12094761447838,0.279576272487051,0.432610440801917,0.665297803052707,0.9254549206141,601.527972815893,370.226982750628,515.849538058722,280.714939543234,457.158272118447,595.606075980969,509.843974648423,346.107388058527,631.677457059172,345.421470417618,"SNRPD1"
"ENSG00000162972",85.6676887329198,-0.103948829258519,0.24043880429591,-0.432329671422705,0.665501824901041,0.9254549206141,97.6757640746064,92.2319851764723,108.947422438002,58.8595840977748,82.6189648406832,79.1567232259959,98.6513170124517,73.8234595027882,81.305019225438,83.4066477349858,"MAIP1"
"ENSG00000167775",86.8448539063586,0.169126296441546,0.391374245325561,0.432134455604916,0.665643693613836,0.9254549206141,95.7415905285746,61.0549761027352,64.3780223497285,102.325123123824,52.3253443990994,73.3647678679962,112.619645085011,177.368052052154,45.8643698194779,83.4066477349858,"CD320"
"ENSG00000183751",84.3917084532149,-0.123784735620473,0.286488305485096,-0.432076050751441,0.665686140356068,0.9254549206141,71.564421203177,131.203246518644,82.5359260893955,71.5370329803724,64.7181891252018,62.7461830449967,91.667152976172,84.3696680031865,69.8389267705686,113.736337820435,"TBL3"
"ENSG00000111669",11054.8750119917,0.126624791064134,0.293182369216485,0.431897700405835,0.665815766198502,0.9254549206141,12019.9215018147,13067.0639280301,12655.233547287,4170.88068237463,11888.8690405743,11736.4322070934,13744.8348233986,10157.9162783382,10829.2031376035,10278.3949734023,"TPI1"
"ENSG00000138674",1231.22186342124,-0.0823033738728268,0.190565154414465,-0.431890993532968,0.66582064097904,0.9254549206141,1154.70160698099,1232.79090045735,1217.40490981858,1488.69471164218,1392.12955756551,1299.32865197793,944.608185906839,953.952496172393,1182.04989489291,1446.55771879768,"SEC31A"
"ENSG00000223773",39.895281381995,-0.162715758415561,0.376788196165891,-0.431849405239651,0.665850869063152,0.9254549206141,41.5847312396839,31.1770090737371,32.1890111748642,65.1983085390736,33.0475859362733,27.9944508969985,43.6510252267486,51.7722962746827,52.1186020675885,20.2197933902996,"CD99P1"
"ENSG00000129911",288.56695098146,-0.120544783482224,0.279149084087132,-0.431829407129985,0.66586540470604,0.9254549206141,357.822106015885,371.526024795367,323.54083027043,160.279175158556,254.741808258773,393.85296434398,219.128146638278,241.604049281852,309.584496281476,253.589908770007,"KLF16"
"ENSG00000004142",1301.54430671884,0.0722570051662104,0.167341668307254,0.431793264027585,0.665891675668965,0.9254549206141,1401.30873410005,1313.33150723118,1351.1131100834,984.313352527403,1443.07791921727,1350.49092430693,1315.6419003342,1335.53349464135,1440.55816114815,1080.0739635985,"POLDIP2"
"ENSG00000162755",8.98094651656901,0.335918098224273,0.778238413116614,0.43163906145293,0.666003763904882,0.9254549206141,15.4733883682545,9.09329431317332,5.77751482625769,0.905532063042689,8.26189648406832,0.96532589299995,6.98416403627977,11.5049547277073,11.4660924548695,19.3773019990371,"KLHDC9"
"ENSG00000155275",35.8401347143181,0.147397397380512,0.3414938374863,0.431625350739821,0.666013730439799,0.9254549206141,29.0126031904772,31.1770090737371,24.7607778268187,49.8042634673479,34.424568683618,48.2662946499975,47.1431072448884,39.3085953196665,25.0169289924425,29.4871986941869,"TRMT44"
"ENSG00000254986",103.076389692687,-0.0998429665121912,0.231431105170727,-0.431415502417175,0.666166279874154,0.9254549206141,94.7745037555587,111.717615847558,104.820626133532,118.624700258592,92.2578440720962,100.393892871995,75.0797633900075,88.2046529124223,108.406692300584,136.483605384522,"DPP3"
"ENSG00000197016",148.264051363433,-0.0941658569421991,0.2183449974715,-0.431270961243297,0.666271362248705,0.9254549206141,139.26049531429,197.454390800335,164.246492917897,116.813636132507,121.174481766335,151.556165200992,121.349850130361,153.39939636943,165.737154574931,151.648450427247,"ZNF470"
"ENSG00000219545",131.442117879328,0.134729660853785,0.312412271155684,0.431255982216672,0.666282252473228,0.9254549206141,134.425061449211,155.885045368685,155.167541048064,51.6153275934333,134.944309239783,142.868232163993,103.016419535127,125.595755777471,140.720225582489,170.183261035022,"UMAD1"
"ENSG00000137273",174.295489792192,-0.15608494459138,0.361935545680256,-0.431250664529287,0.6662861186165,0.9254549206141,138.293408541274,332.554763453196,159.294337352533,113.191507880336,272.642583974255,111.977803587994,181.588264943274,185.038021870625,117.78804067275,130.586165645685,"FOXF2"
"ENSG00000103257",752.247278926787,-0.205658530140759,0.476938140751029,-0.431205878852363,0.666318679709615,0.9254549206141,663.421526288911,665.109526906391,582.703638191132,1358.29809456403,378.670255519798,1537.76414754892,433.018170249346,525.392932565298,1145.56687344559,232.527623988445,"SLC7A5"
"ENSG00000132970",970.2185210618,-0.105228716599293,0.244046266471793,-0.431183472382501,0.666334970402784,0.9254549206141,840.398405750822,1063.91543464128,909.545905505139,1237.86233017936,1010.70533655102,1410.34112967293,663.495583446578,976.962405627808,733.829917111646,855.12876213142,"WASF3"
"ENSG00000215271",47.9759741855364,-0.140358518570059,0.325536748574061,-0.431160288922426,0.66635182617476,0.9254549206141,37.7163841476203,61.0549761027352,51.1722741754252,52.520859656476,75.7340511039596,29.9251026829984,39.2859227040737,38.3498490923575,55.2457181916438,38.7546039980742,"HOMEZ"
"ENSG00000163875",675.345252039188,0.0732475111370766,0.170003138487599,0.430859758170993,0.666570345380118,0.9254549206141,695.335389798436,617.044971251047,781.615220066575,524.303064501717,747.701631808183,781.91397332996,622.463619733434,657.699911933932,681.711315044057,643.663422924537,"MEAF6"
"ENSG00000128298",120.8582677895,-0.210980724897549,0.489985823276331,-0.430585365688357,0.666769883876485,0.9254549206141,177.943966234927,119.511868115992,210.466611527959,18.1106412608538,132.190343745093,144.798883949993,69.8416403627977,127.513248232089,132.381249251675,75.8242252136235,"BAIAP2L2"
"ENSG00000236104",285.321728018292,0.0907062499869575,0.210717428900545,0.430463917770036,0.666858208455628,0.9254549206141,270.784296444454,250.715114634636,301.256130226294,274.376215101935,378.670255519798,294.424397364985,313.414361128055,326.932463512348,212.643896435761,230.000149814658,"ZBTB22"
"ENSG00000137509",294.091341904064,0.135647550246015,0.315287146013713,0.430234952363439,0.667024739085666,0.9254549206141,228.232478431754,213.042895337204,235.227389354777,433.749858197448,329.098876615388,225.886258961988,333.493832732359,452.528219289819,167.821898657635,321.831711462269,"PRCP"
"ENSG00000065357",145.225410359138,0.135348948946955,0.314746520318856,0.430025243201543,0.66717727869914,0.9254549206141,96.7086773015905,138.997498787078,128.756044699457,184.728540860709,100.519740556165,153.486816986992,114.365686094081,182.161783188698,107.364320259232,245.164994857383,"DGKA"
"ENSG00000130177",768.934857660507,-0.0601186201034114,0.139834805745532,-0.429926010072298,0.667249464333063,0.9254549206141,865.542661849235,744.351091635473,778.313783023,765.174593271072,693.999304661739,716.271812605963,804.924905181243,679.751075162037,812.007820213028,829.011529002283,"CDC16"
"ENSG00000136147",199.781382276441,0.0896792871909039,0.208648954429795,0.429809425290355,0.667334276097935,0.9254549206141,215.660350382547,138.997498787078,185.70583370114,228.194079886758,201.039481112329,166.036053595991,220.874187647348,239.686556827235,187.626967443319,213.992813380671,"PHF11"
"ENSG00000109881",88.3151818534356,-0.146964822363512,0.341980387284142,-0.429746347533676,0.667380164955349,0.9254549206141,131.523801130163,83.1386908632989,118.026374307836,42.5600069630064,66.0951718725465,65.6421607239966,116.111727103151,67.1122359116257,101.110088011122,91.8315616476107,"CCDC34"
"ENSG00000242498",139.918938519818,-0.167401387638798,0.389553559116152,-0.429726243596928,0.667394790763643,0.9254549206141,164.404751412704,227.332357829333,127.105326177669,80.5923536107993,158.353015944643,222.024955389988,52.3812302720983,102.585846322056,135.50836537573,128.90118286316,"ARPIN"
"ENSG00000254004",162.209145774535,-0.109125560664432,0.254027059008108,-0.429582427519854,0.667499422034475,0.9254549206141,172.141445596831,185.763012397684,222.021641180474,98.7029948716531,147.337153965885,135.145625019993,146.667444761875,148.605665232885,198.050687856836,167.655786861234,"ZNF260"
"ENSG00000177640",35.3415553559663,0.170935247371705,0.39791250642957,0.429579982055579,0.667501201251927,0.9254549206141,30.946776736509,45.4664715658666,42.0933223055917,13.5829809456403,30.2936204415838,26.0637991109986,32.3017586677939,52.7310425019916,30.2287891992013,49.7069920844865,"CASC2"
"ENSG00000260804",38.1618151382441,-0.159175976041789,0.370544145141002,-0.429573582875579,0.667505857036304,0.9254549206141,33.8480370555567,27.27988293952,35.4904482184401,66.1038406021163,24.785689452205,41.5090133989979,21.8255126133743,43.1435802289022,39.6101375713672,48.0220093019615,"LINC01963"
"ENSG00000253368",1228.831332121,-0.206810324897847,0.481469493000969,-0.429539831503781,0.667530413380182,0.9254549206141,1298.79753616036,1435.44145943665,2384.46290472264,224.571951634587,1042.37593973995,1163.21770106494,757.781797936355,890.675245170003,2218.16770399657,872.821081347932,"TRNP1"
"ENSG00000115841",20.6694905500832,0.198159067227854,0.461557615796727,0.429326828213631,0.667685395501778,0.9254549206141,14.5063015952386,10.3923363579124,16.5071852178791,34.4102183956222,16.5237929681366,13.5145625019993,29.682697154189,28.7623868192681,14.5932085789248,27.8022159116619,"RMDN2"
"ENSG00000137710",734.811095463248,0.0821692044132988,0.191409497557716,0.429284886391398,0.667715914224678,0.9254549206141,659.553179196848,687.193241666955,804.725279371606,688.204367912444,563.18594366399,939.262093888951,652.146316887623,720.977162936321,888.100979231708,744.762389876035,"RDX"
"ENSG00000133393",581.853738605814,0.0749740372379612,0.174738132126102,0.429065117760645,0.667875836572141,0.9254549206141,571.5482828524,565.083289461485,697.428575455392,421.07240931485,559.054995421956,601.398031338969,567.463327947731,639.483733615062,604.575783984026,591.428956666263,"FOPNL"
"ENSG00000237037",10.290403729711,0.265371706071257,0.618730617172078,0.428897000901853,0.667998182878146,0.9254549206141,8.70378095714315,2.59808408947809,6.60287408715164,18.1106412608538,22.0317239575155,9.6532589299995,12.2222870634896,9.58746227308938,8.33897633081416,5.0549483475749,"NDUFA6-AS1"
"ENSG00000113812",202.883289458288,-0.0835129530757424,0.194724158508923,-0.428878233267166,0.668011841489352,0.9254549206141,241.771693253976,183.164928308205,196.435504092761,218.233227193288,194.154567375605,181.481267883991,172.858059897924,171.6155746883,218.898128683872,250.219943204957,"ACTR8"
"ENSG00000165915",576.290692362801,0.129243124086389,0.301484530126768,0.428689074136059,0.668149512871918,0.9254549206141,540.601506115891,353.33943616902,415.155708229659,872.932908773152,503.975685528167,514.518700968973,814.528130731128,800.553099802963,498.253835766146,449.047911542903,"SLC39A13"
"ENSG00000039139",22.2625470139292,-0.149437478581385,0.348637918327766,-0.428632316582655,0.668190823607122,0.9254549206141,19.3417354603181,20.7846727158247,32.1890111748642,21.7327695130245,23.4087067048602,24.1331473249987,20.9524921088393,18.2161783188698,25.0169289924425,16.8498278252497,"DNAH5"
"ENSG00000173207",266.756263861935,-0.202012308021768,0.471379595868447,-0.428555477989221,0.668246751840128,0.9254549206141,263.047602260326,410.497286137538,417.631786012341,67.009372665159,159.729998691988,468.183058104976,219.128146638278,138.059456732487,343.982773646084,180.293157730171,"CKS1B"
"ENSG00000138035",127.377663188198,-0.105536245773274,0.246266007076061,-0.428545729986514,0.668253847215748,0.9254549206141,129.589627584131,124.708036294948,121.327811351411,156.657046906385,90.8808613247515,153.486816986992,93.4131939852419,105.462085003983,162.610038450876,135.64111399326,"PNPT1"
"ENSG00000134575",71.2747043398384,0.159457296097398,0.372131413463891,0.428497273619365,0.668289118073203,0.9254549206141,48.3543386507953,58.4568920132571,41.2679630446978,118.624700258592,46.8174134097205,72.3994419749963,89.0480914625671,114.090801049764,56.2880902329956,67.3993113009986,"ACP2"
"ENSG00000042445",191.427205028885,0.113195813376977,0.264192473446985,0.428459644970513,0.668316508058599,0.9254549206141,138.293408541274,140.296540831817,174.976163309518,275.281747164977,217.563274080466,183.41191966999,161.50879333897,265.572704964576,189.711711526022,167.655786861234,"RETSAT"
"ENSG00000096696",495.835414864133,0.153123908621334,0.357410466662993,0.428425921744806,0.668341055652176,0.9254549206141,354.920845696837,297.480628245242,390.394930402841,814.97885673842,541.154219706475,509.692071503974,299.446033055495,310.633777648096,710.897732201907,728.755053442048,"DSP"
"ENSG00000085185",81.9569975606746,-0.135565192623834,0.316482940024673,-0.428349131909814,0.66839695333824,0.9254549206141,60.926466700002,148.090793100251,76.7584112631378,61.5761802869029,100.519740556165,55.0235759009971,71.5876813718676,79.5759368666419,85.4745073908451,80.0366821699359,"BCORL1"
"ENSG00000158435",291.420707562368,-0.0901154004688615,0.21040824244203,-0.428288357067045,0.668441194521661,0.9254549206141,359.756279561917,349.442310034803,288.05038205199,212.800034815032,302.936204415838,278.013857183986,261.033130855956,238.727810599926,347.109889770139,276.337176334094,"CNOT11"
"ENSG00000163682",10986.319243248,-0.153666134641562,0.358803591747356,-0.428273680018686,0.668451878884647,0.9254549206141,8874.95531596696,8277.4959090772,10211.34477578,19416.4184957613,15316.1790987153,7094.17998765663,14094.0430252126,12941.156576216,8787.19630859542,4850.22293949812,"RPL9"
"ENSG00000183655",18.9102617067631,0.18077774581405,0.422246067576501,0.428133639826729,0.668553826481643,0.9254549206141,22.2429957793658,10.3923363579124,18.983263000561,18.1106412608538,22.0317239575155,11.5839107159994,27.0636356405841,16.2986858642519,14.5932085789248,27.8022159116619,"KLHL25"
"ENSG00000128654",347.853316570606,0.101644748213582,0.237467047922611,0.428037275498988,0.668623982118416,0.9254549206141,413.913138850808,355.937520258499,363.15807479334,200.122585932434,364.900428046351,409.298178631979,364.049550391083,286.665121965372,413.821700416653,306.666866419544,"MTX2"
"ENSG00000133872",1053.58883310629,0.11551363523949,0.269882172252682,0.428015064038162,0.668640153026901,0.9254549206141,1004.80315716353,566.382331506224,888.086564721896,1552.98748811821,1175.94326623239,1149.70313856294,1069.45011805534,1324.02853991364,869.338282487376,935.165444301356,"SARAF"
"ENSG00000068001",54.2269877792136,0.168427239112204,0.39351056718826,0.428011985334124,0.668642394469331,0.9254549206141,60.926466700002,31.1770090737371,33.8397296966522,76.0646932955859,24.785689452205,46.3356428639976,48.0161277494234,85.3284142304955,66.7118106465133,69.0842940835236,"HYAL2"
"ENSG00000100336",6.78987422782824,0.35195084872746,0.822790218852548,0.427752835003661,0.668831078776567,0.925526020053225,3.86834709206362,11.6913784026514,2.47607778268187,5.43319237825613,15.1468102207919,1.9306517859999,10.4762460544197,12.4637009550162,1.04237204135177,3.36996556504993,"APOL4"
"ENSG00000115286",219.123708936279,0.158898111274696,0.371513886146875,0.427704366376973,0.668866370535743,0.925526020053225,304.63233350001,228.631399874072,222.021641180474,64.2927764760309,249.233877269394,172.793334846991,342.224037777709,212.841662462584,177.203247029801,217.362778945721,"NDUFS7"
"ENSG00000197562",223.573419022587,0.11520258290743,0.269381738175518,0.427655503627229,0.668901950010725,0.925526020053225,183.746486873022,301.377754379459,216.244126354216,151.223854528129,274.019566721599,182.446593776991,301.192074064565,259.820227600722,202.220176022243,163.443329904922,"RAB40C"
"ENSG00000101193",354.730261190298,-0.0766197432120413,0.179211670060773,-0.427537688734548,0.668987740135929,0.925540195988025,359.756279561917,437.777169077058,380.490619272113,287.053663984532,386.932152003866,380.33840184198,343.970078786779,339.396164467364,292.906543619847,338.681539287518,"GID8"
"ENSG00000196504",372.641856086846,0.0912213890385991,0.213467163160026,0.427332183967867,0.669137394375335,0.925540195988025,420.682746261919,270.200745305722,380.490619272113,363.118357280118,260.249739248152,370.685142911981,396.351309058877,400.755923015136,397.143747755024,466.740230759416,"PRPF40A"
"ENSG00000176894",62.3271614780741,-0.131127839078525,0.306860891391455,-0.427320140028037,0.669146165512276,0.925540195988025,53.1897725158748,94.8300692659503,63.5526630888345,51.6153275934333,78.488016598649,73.3647678679962,49.7621687584934,66.1534896843167,55.2457181916438,37.0696212155493,"PXMP2"
"ENSG00000132394",78.8595224155968,-0.10854906590497,0.254087872639729,-0.427210731379067,0.669225845679802,0.925540195988025,96.7086773015905,93.5310272212113,75.1076927413499,65.1983085390736,60.5872408831677,99.4285669789949,75.0797633900075,66.1534896843167,92.7711116803075,64.0293457359487,"EEFSEC"
"ENSG00000185238",61.3442684886662,-0.121177839031516,0.283679254946389,-0.427164965074433,0.669259177484331,0.925540195988025,82.202375706352,50.6626397448228,62.7273038279406,62.4817123499455,38.5555169256522,69.5034642959964,51.5082097675633,48.8960575927558,71.9236708532721,74.981733822361,"PRMT3"
"ENSG00000176490",431.58519257016,0.169742373428512,0.397567281329015,0.42695257230697,0.669413872615933,0.92563885254357,490.312993919064,429.982916808624,603.337619713481,82.4034177368847,430.995599918897,524.171959898973,452.224621349115,408.425892833608,479.491139021814,414.505764501142,"DIRAS1"
"ENSG00000175449",8.58256183048947,0.230269127910964,0.539716710283206,0.426648135074667,0.669635632303139,0.92563885254357,4.83543386507953,9.09329431317332,10.7296703916214,6.33872444129882,12.3928447261025,8.68793303699955,6.1111435317448,9.58746227308938,6.25423224811062,11.7948794776748,"RFESD"
"ENSG00000214106",49.5636761439868,0.130137025539727,0.305203367843052,0.426394461042281,0.669820436809149,0.92563885254357,32.8809502825408,59.7559340579961,39.6172445229098,55.237455845604,77.1110338513043,39.5783616129979,43.6510252267486,46.978565138138,46.9067418608296,53.9194490407989,"PAXIP1-AS2"
"ENSG00000037241",265.379312447088,0.108561650408575,0.25463093426891,0.426349024403788,0.669853540044113,0.92563885254357,276.586817082549,250.715114634636,334.270500662052,152.129386591172,245.10292902736,270.291250039986,242.699700260722,260.778973828031,379.423423052044,241.795029292333,"RPL26L1"
"ENSG00000164112",53.5235722401548,0.266534571460986,0.625160104806579,0.426346098242226,0.669855671945055,0.92563885254357,7.73669418412724,66.2511442816913,61.9019445670466,55.237455845604,39.9324996729969,25.0984732179987,47.1431072448884,145.729426550959,14.5932085789248,71.6117682573111,"TMEM155"
"ENSG00000179627",46.3851778721575,0.164449378744035,0.385927628825663,0.42611455221394,0.670024376869641,0.92563885254357,48.3543386507953,45.4664715658666,37.141166740228,41.6544748999637,67.4721546198913,84.9486785839956,33.1747791723289,27.8036405919592,50.0338579848849,27.8022159116619,"ZBTB42"
"ENSG00000170340",37.5713010557372,-0.143793241475757,0.337472652880294,-0.426088574136294,0.670043305590507,0.92563885254357,38.6834709206362,32.4760511184761,43.7440408273796,44.3710710890918,24.785689452205,38.613035719998,20.9524921088393,55.6072811839184,38.5677655300155,37.9121126068117,"B3GNT2"
"ENSG00000151779",187.592134183873,-0.0913374564432925,0.214366159086373,-0.426081508539277,0.670048453918149,0.92563885254357,158.602230774609,200.052474889813,177.4522410922,241.777060832398,249.233877269394,181.481267883991,173.731080402459,167.780589779064,165.737154574931,160.073364339872,"NBAS"
"ENSG00000139410",58.6327665856435,-0.160661851886624,0.377134702517877,-0.426006545708979,0.670103076330727,0.92563885254357,95.7415905285746,44.1674295211276,80.0598483067136,29.8825580804087,67.4721546198913,55.9889017939971,51.5082097675633,30.679879273886,58.3728343156991,72.4542596485736,"SDSL"
"ENSG00000115902",257.042830095459,0.166222601740217,0.390346183714762,0.425833807719972,0.670228950226667,0.92563885254357,150.865536590481,209.145769202986,194.784785570973,402.961768053997,206.547412101708,503.900116145974,180.715244438739,285.706375738064,304.372636074717,131.428657036947,"SLC1A4"
"ENSG00000099956",478.445986211977,-0.0871750629439251,0.204749132062198,-0.425765238005713,0.670278919435106,0.92563885254357,649.882311466689,520.915859940357,445.694000882736,367.646017595332,448.896375634379,507.761419717974,515.082097675633,401.714669242445,519.101276593181,407.765833371042,"SMARCB1"
"ENSG00000135597",209.081014908736,-0.0836717037436125,0.196553240290687,-0.425694858145653,0.670330209278796,0.92563885254357,265.948862579374,205.248643068769,227.799156006732,165.712367536812,240.971980785326,220.094303603989,182.461285447809,191.749245461788,192.838827650077,197.985476946684,"REPS1"
"ENSG00000123178",178.739797717153,0.125130762556703,0.29400234366632,0.425611445800994,0.670390998631895,0.92563885254357,196.318614922229,175.370676039771,220.370922658686,86.0255459890555,159.729998691988,200.78778574399,172.858059897924,146.688172778268,265.804870544701,163.443329904922,"SPRYD7"
"ENSG00000158985",241.240726097219,0.101545263293521,0.238625306872208,0.425542724803713,0.670441082827895,0.92563885254357,245.64004034604,235.126610097767,253.385293094444,190.161733238965,229.956118806568,290.563093792985,151.905567789085,253.10900400956,328.347193025807,234.21260677097,"CDC42SE2"
"ENSG00000142252",114.823322064106,0.108975688883263,0.256138952520715,0.42545535464564,0.670504760737487,0.92563885254357,125.721280492068,113.016657892297,128.756044699457,71.5370329803724,99.1427578088198,105.220522336995,159.7627523299,116.008293504381,131.338877210323,97.729001386448,"GEMIN7"
"ENSG00000134717",722.319386899626,0.0990858525174951,0.232897876195147,0.425447643131234,0.67051038122692,0.92563885254357,709.841691393675,745.650133680212,838.565009068258,477.215397223497,660.951718725466,1064.75445997894,672.225788491928,653.864927024696,785.948519179234,614.17622423035,"BTF3L4"
"ENSG00000125817",1308.79019821672,0.113053107915795,0.265832083560485,0.42528014828606,0.67063246335512,0.925711567353264,1428.38716374449,1677.06327975811,1274.35469882027,612.139674616858,1467.86360866947,1452.81546896492,1553.97649807225,1180.2166058173,1311.30402802053,1129.78095568299,"CENPB"
"ENSG00000169660",65.8843433578878,0.15881808081741,0.373720668442575,0.424964670750646,0.670862429381988,0.925923452058477,88.9719831174633,54.5597658790399,43.7440408273796,58.8595840977748,95.0118095667857,52.1275982219973,116.111727103151,65.1947434570078,39.6101375713672,44.6520437369116,"HEXDC"
"ENSG00000165487",158.923977860619,-0.125349560349367,0.295109562273615,-0.424756010559724,0.671014548295293,0.925923452058477,233.067912296833,170.174507860815,161.770415135215,105.041719312952,95.0118095667857,140.937580377993,147.54046526641,131.348233141324,188.66933948467,215.677796163196,"MICU2"
"ENSG00000186635",472.424014087797,-0.106107661750246,0.249868432449217,-0.424654129816142,0.671088827007355,0.925923452058477,501.918035195255,689.791325756433,383.792056315689,399.339639801826,565.93990915868,423.778067026978,529.923446252728,420.889593788624,299.160775867958,509.707291713802,"ARAP1"
"ENSG00000261340",24.4793967656284,0.575116337396381,1.35451071036994,0.424593421811561,0.67113308922916,0.925923452058477,2.90126031904772,1.29904204473905,1.65071852178791,69.725968854287,38.5555169256522,30.8904285759984,21.8255126133743,10.5462085003983,0,67.3993113009986,"LINC01616"
"ENSG00000183723",456.06134324107,0.116568468009166,0.274667081336899,0.424399121444722,0.671274761345547,0.925978664279136,309.46776736509,545.597658790399,350.777685879931,531.547321006058,435.126548160931,668.970843848965,295.953951037355,428.559563607095,424.24542083017,570.366671884701,"CMTM4"
"ENSG00000119242",1069.17411055281,0.0961315193303744,0.226595270638177,0.424243273302361,0.671388404861284,0.925978664279136,927.436215322253,958.693029017416,1347.81167303983,872.027376710109,1306.75662723014,902.579709954953,1464.05538610515,1133.23804067916,877.67725881819,901.465788650857,"CCDC92"
"ENSG00000121552",76.5442199672423,0.209317587159466,0.493426473825091,0.424212315842754,0.671410979746794,0.925978664279136,119.918759853972,63.6530601922132,43.7440408273796,52.520859656476,123.928447261025,33.7864062549982,130.080055175711,120.802024640926,28.1440451164978,48.864500693224,"CSTA"
"ENSG00000110921",56.4418819191356,-0.155206129535366,0.365928754932101,-0.424143026322611,0.671461508319334,0.925978664279136,76.3998550682565,77.9425226843427,49.5215556536373,37.1268145847502,60.5872408831677,60.8155312589968,38.4129021995387,26.8448943646503,54.203346150292,82.5641563437233,"MVK"
"ENSG00000186350",1608.3270671187,0.103788553381693,0.244782694544295,0.424002822482665,0.671563754872794,0.925978664279136,1469.00480821116,1974.54390800335,1768.74489609575,945.375473816567,2203.17239575155,1684.49368328491,1691.04071728424,1433.32560982686,1653.20205758391,1260.36712132867,"RXRA"
"ENSG00000137713",125.298971355854,-0.133749733161165,0.315572995872862,-0.423831363615946,0.671688803063555,0.925978664279136,136.359234995243,103.923363579124,139.485715091078,149.412790402044,85.3729303353726,167.001379488991,61.984455821983,96.8333689582027,158.440550285469,154.175924601034,"PPP2R1B"
"ENSG00000144730",35.01837896952,-0.161642581781871,0.381600346874332,-0.423591286291737,0.671863911261632,0.925978664279136,44.4859915587317,40.2703033869104,24.7607778268187,39.8434107738783,49.5713789044099,31.8557544689983,17.4604100906994,45.0610726835201,19.8050687856836,37.0696212155493,"IL17RD"
"ENSG00000186765",7.74147050043545,-0.283276280056035,0.668845940192053,-0.423529938710093,0.671908659970955,0.925978664279136,4.83543386507953,14.2894624921295,9.07895186983351,6.33872444129882,15.1468102207919,6.75728125099965,1.74604100906994,7.6699698184715,3.12711612405531,8.42491391262483,"FSCN2"
"ENSG00000176095",551.940942202961,-0.116383118013695,0.274821283216011,-0.423486553340255,0.671940307222754,0.925978664279136,561.877415122241,846.975413169858,613.241930844209,294.297920488874,582.463702126816,633.253785807967,481.907318503304,416.095862652079,535.77922925481,553.516844059451,"IP6K1"
"ENSG00000105443",363.972957846759,-0.0895062341215571,0.211404031833804,-0.423389437491536,0.67201115002444,0.925978664279136,299.796899634931,400.104949779626,383.792056315689,425.600069630064,443.388444645,353.309276837982,330.001750714219,284.747629510755,436.753885326391,282.234616072932,"CYTH2"
"ENSG00000174456",48.8916459450738,0.166562322316166,0.393648720465647,0.423124256873334,0.672204605355298,0.925978664279136,61.893553473018,41.5693454316495,49.5215556536373,28.977026017366,64.7181891252018,25.0984732179987,68.0955993537277,78.6171906393329,33.3559053232566,37.0696212155493,"C12orf76"
"ENSG00000170027",2057.00147551163,-0.145223325971035,0.343247622119628,-0.42308618213944,0.672232383527611,0.925978664279136,2464.13709764453,2698.110326923,2327.51311572095,1240.57892636848,1359.08197162924,2053.24817441089,1024.05305181952,1483.18041364693,2868.60785780007,3051.50381915271,"YWHAG"
"ENSG00000198786",1102.46869956719,-0.225572291791074,0.533208519433408,-0.423047051143836,0.672260932782738,0.925978664279136,533.83189870478,676.800905309043,325.191548792218,3293.42011328626,780.749217744456,811.839076012958,971.671821547423,1719.03198556493,622.296108687006,1289.85432002286,"MT-ND5"
"ENSG00000100129",4680.68324701761,0.14040337037879,0.3320659685234,0.42281770397347,0.672428269763958,0.925978664279136,3863.51165819854,3311.25817203983,3889.09283733232,6575.97384181601,7128.63968300361,3023.40069687584,6408.84352379122,6336.35381628477,3378.32778602109,2891.43045481284,"EIF3L"
"ENSG00000099256",95.7217554517548,-0.158003831050137,0.373787371132595,-0.422710458545931,0.67250652406834,0.925978664279136,141.194668860322,83.1386908632989,130.406763221245,53.4263917195186,96.3887923141304,56.954227686997,68.0955993537277,68.0709821389346,96.9405998457146,162.600838513659,"PRTFDC1"
"ENSG00000162437",44.9701422794831,-0.174835111435884,0.413968996561077,-0.422338660354456,0.672777843367227,0.925978664279136,65.7619005650816,55.858807923779,28.8875741312884,43.4655390260491,26.1626721995497,34.7517321479982,26.1906151360491,39.3085953196665,41.6948816540708,87.6191046912982,"RAVER2"
"ENSG00000165246",45.6072561102388,0.538121636878608,1.27495627467536,0.422070660435494,0.672973442424005,0.925978664279136,35.7822106015885,0,29.7129333921824,77.8757574216713,64.7181891252018,27.0291250039986,59.365394308378,95.8746227308938,0,65.7143285184737,"NLGN4Y"
"ENSG00000180914",630.68366098658,0.472490281096213,1.11991171320026,0.421899579696355,0.673098316836143,0.925978664279136,1331.6784864429,172.772591950293,225.32307822405,316.936222064941,607.249391579021,470.113709890976,46.2700867403535,55.6072811839184,2912.38748353684,168.498278252497,"OXTR"
"ENSG00000100124",210.395553103415,0.086453707542716,0.204957719827894,0.42181239923684,0.673161954635725,0.925978664279136,205.022395879372,262.406493037287,198.086222614549,147.601726275958,213.432325838432,187.27322324199,250.556884801537,218.594139826438,209.516780311706,211.465339206883,"ANKRD54"
"ENSG00000139437",162.29670686637,0.13720084204619,0.325284468544139,0.421787251817627,0.673180311551343,0.925978664279136,179.878139780958,172.772591950293,176.626881831306,83.3089497999274,161.106981439332,233.608866105988,115.238706598616,105.462085003983,240.787941552259,154.175924601034,"TCHP"
"ENSG00000114529",10.2275161932966,0.348854106939201,0.827638236292749,0.421505546314326,0.673385962027992,0.925978664279136,4.83543386507953,3.89712613421714,9.07895186983351,17.2051091978111,0,17.3758660739991,8.73020504534971,6.71122359116257,30.2287891992013,4.21245695631242,"C3orf52"
"ENSG00000100714",152.541726736915,-0.1332612015021,0.316218192865386,-0.421421678160148,0.67344719212388,0.925978664279136,122.82002017302,213.042895337204,176.626881831306,132.207681204233,133.567326492438,223.955607175988,82.9369479308223,101.627100094747,188.66933948467,149.963467644722,"MTHFD1"
"ENSG00000109654",346.76892376838,-0.146271771061618,0.347115057388035,-0.421392757094092,0.673468307191369,0.925978664279136,533.83189870478,429.982916808624,270.717837573217,238.154932580227,323.590945626009,287.667116113985,158.889731825365,264.613958737267,469.067418608296,491.172481106028,"TRIM2"
"ENSG00000197713",507.975033552681,-0.128359141652818,0.304657286361311,-0.421323064962212,0.673519189985238,0.925978664279136,677.92782788415,526.112028119314,689.174982846453,248.115785273697,413.094824203416,538.651848293972,364.049550391083,395.962191878591,654.609641968911,572.051654667226,"RPE"
"ENSG00000128272",12759.5858470579,0.121389098560447,0.288172353690865,0.421237835641465,0.673581418638252,0.925978664279136,8003.61013347963,11096.4171461609,13915.5571386721,15468.2987008952,14814.9573786818,14388.1824351643,15419.2881510967,14992.8735026572,13412.2010560732,6084.47282769765,"ATF4"
"ENSG00000152784",67.5752398754085,0.14563586570912,0.345810243161845,0.421143874679733,0.67365002513082,0.925978664279136,80.2682021603202,85.736774952777,61.0765853061527,28.0714939543234,50.9483616517546,83.9833526909956,57.6193532993081,91.0808915943491,55.2457181916438,81.7216649524609,"PRDM8"
"ENSG00000105649",15.8803429015113,0.198078055340627,0.470529918863172,0.420968034974685,0.673778423462884,0.925978664279136,22.2429957793658,14.2894624921295,14.0311074351972,8.1497885673842,13.7698274734472,10.6185848229995,18.3334305952344,17.2574320915609,11.4660924548695,28.6447073029244,"RAB3A"
"ENSG00000231074",252.474529107287,0.104028437951428,0.247137399022475,0.420933611678771,0.673803560501272,0.925978664279136,197.285701695245,224.734273739855,236.878107876565,306.975369371472,253.364825511428,306.973633973984,240.953659251652,199.419215280259,366.914958555823,191.245545816584,"HCG18"
"ENSG00000007866",344.087486640299,-0.115347477051156,0.274079861457192,-0.420853529470907,0.673862040608769,0.925978664279136,287.224771585724,287.088291887329,274.844633877687,593.123501292961,322.213962878664,323.384174154983,238.334597738047,346.107388058527,409.652212251245,358.901332677818,"TEAD3"
"ENSG00000141933",34.9879312554139,-0.286229716700525,0.680200093182186,-0.420802230945682,0.673899502440666,0.925978664279136,55.1239460619066,63.6530601922132,28.8875741312884,9.96085269346958,8.26189648406832,7.7226071439996,44.5240457312835,55.6072811839184,10.4237204135177,65.7143285184737,"TPGS1"
"ENSG00000143816",32.4560467837349,0.135900671285412,0.32318307846946,0.420506766409349,0.674115287401041,0.925978664279136,24.1771693253976,33.7750931632152,41.2679630446978,23.5438336391099,26.1626721995497,41.5090133989979,37.5398816950038,26.8448943646503,38.5677655300155,31.1721814767119,"WNT9A"
"ENSG00000134247",221.82475783233,-0.176862242960345,0.420604871421833,-0.420494994179385,0.67412388550335,0.925978664279136,151.832623363497,206.547685113508,103.169907611744,491.70391023218,238.218015290637,140.937580377993,261.906151360491,280.912644601519,110.491436383288,232.527623988445,"PTGFRN"
"ENSG00000037637",232.508831363474,0.0844920757888981,0.200983048007785,0.420394041320468,0.674197620350758,0.925978664279136,216.627437155563,283.191165753112,226.148437484944,172.051091978111,293.297325184425,202.71843752999,232.223454206302,243.52154173647,230.364221138741,224.945201467083,"FBXO42"
"ENSG00000136718",519.70677861123,0.079519839509184,0.189168656672404,0.42036477346717,0.674218997851054,0.925978664279136,574.449543171448,442.973337256015,594.258667843648,398.434107738783,459.912237613136,567.611625083971,591.90790207471,578.12397506729,542.03346150292,447.362928760379,"IMP4"
"ENSG00000151093",51.1889586070256,0.103262525861418,0.245731166156427,0.420225596437708,0.674320657589735,0.925978664279136,52.2226857428589,42.8683874763885,46.2201186100615,54.3319237825613,55.0793098937888,41.5090133989979,60.238414812913,49.8548038200648,57.3304622743473,52.234466258274,"OXSM"
"ENSG00000171680",39.6839684926143,0.136975799043053,0.326154050145496,0.419972706093789,0.674505392701039,0.925978664279136,32.8809502825408,41.5693454316495,40.4426037838038,34.4102183956222,63.3412063778571,44.4049910779977,29.682697154189,26.8448943646503,34.3982773646084,48.864500693224,"PLEKHG5"
"ENSG00000119383",1036.04496686597,-0.109544751475541,0.261029284186381,-0.419664605130372,0.674730485402728,0.925978664279136,1166.30664825718,1152.25029368353,1368.44565456218,646.54989301248,1291.60981700935,883.273192094954,865.163319994156,726.729640300175,1294.6260753589,965.495134386806,"PTPA"
"ENSG00000175581",117.179361888362,0.104755430944341,0.249621937789282,0.419656348604946,0.674736517863633,0.925978664279136,125.721280492068,105.222405623863,138.660355830184,77.8757574216713,143.206205723851,126.457691982993,114.365686094081,98.7508614128206,148.016829871951,93.5165444301356,"MRPL48"
"ENSG00000204576",114.299235542144,-0.0909438657149261,0.216805603243525,-0.419471934093761,0.674871261989218,0.925978664279136,107.346631804766,114.315699937036,113.899578003366,138.546405645531,123.928447261025,96.532589299995,139.683280725595,117.925785958999,103.194832093825,87.6191046912982,"PRR3"
"ENSG00000114019",1150.00995093681,-0.0805152918790129,0.192010023698122,-0.419328586749194,0.674976007219709,0.925978664279136,1095.70931382702,1279.55641406796,1174.4862282521,1205.26317590982,1326.03438569297,888.099821559954,1146.27592245442,1172.54663599883,842.23660941223,1369.8910021928,"AMOTL2"
"ENSG00000197557",45.1409349671283,-0.171098469512223,0.408032688692589,-0.419325397826467,0.67497833746664,0.925978664279136,58.9922931539702,58.4568920132571,47.0454778709554,29.8825580804087,26.1626721995497,25.0984732179987,31.428738163259,63.2772510023899,34.3982773646084,76.666716604886,"TTC30A"
"ENSG00000159128",778.432236971043,0.0876528464234956,0.209039254264355,0.419312854573467,0.674987503249481,0.925978664279136,660.520265969863,656.016232593218,637.177349410133,1046.79506487735,804.157924449316,743.300937609961,850.321971417062,971.209928263954,647.313037679449,767.509657440122,"IFNGR2"
"ENSG00000173456",560.510113862662,-0.100489357280506,0.239691212215913,-0.41924506264329,0.675037041959699,0.925978664279136,485.477560053985,814.499362051382,663.58884575874,373.984742036631,565.93990915868,548.305107223972,672.225788491928,499.506784427957,483.660627187221,497.912412236128,"RNF26"
"ENSG00000113318",147.969625628978,-0.11028861309882,0.263066769494563,-0.419241903151508,0.675039350781345,0.925978664279136,144.09592917937,192.258222621379,166.722570700579,116.813636132507,114.289568029612,173.758660739991,117.857768112221,116.96703973169,210.559152353057,126.373708689372,"MSH3"
"ENSG00000176393",436.143147343041,-0.0907418949522445,0.216499118427411,-0.419132861193007,0.675119035861228,0.925978664279136,525.128117747637,580.671793998353,367.28487109781,338.668991577966,497.090771791444,393.85296434398,346.589140300384,446.775741925965,396.101375713672,469.267704933203,"RNPEP"
"ENSG00000181523",119.629624123981,0.189974994642837,0.453382310949321,0.419017218040675,0.675203548904368,0.925978664279136,76.3998550682565,51.9616817895618,62.7273038279406,249.926849399782,96.3887923141304,86.8793303699955,178.969203429669,184.079275643316,79.2202751427345,129.743674254422,"SGSH"
"ENSG00000110906",964.833614009812,-0.114893533867473,0.274253298168032,-0.418932186540484,0.675265693292905,0.925978664279136,1080.23592545877,956.094944927938,833.612853502895,1175.38061782941,877.138010058586,919.955576028952,513.336056666563,780.419429029476,1036.11780910366,1476.04491749187,"KCTD10"
"ENSG00000122565",1501.03304118841,-0.101363024641631,0.242019315454298,-0.418822045056036,0.675346192343414,0.925978664279136,1969.9557566334,1126.26945278875,1913.18276675219,1248.72871493587,1275.08602404121,1694.14694221491,1361.03896657002,1044.07464153943,1851.25274544074,1526.59440096762,"CBX3"
"ENSG00000077147",1037.94097759836,-0.137460636694808,0.328207901890796,-0.418821837935349,0.675346343725103,0.925978664279136,1155.66869375401,566.382331506224,827.009979415743,1841.85221622883,604.495426084332,1123.63933945194,844.210827885317,1321.15230123172,1110.12622403963,984.872436385843,"TM9SF3"
"ENSG00000179029",41.5712901078668,0.163775366508557,0.391043781816215,0.418815933468874,0.675350659224755,0.925978664279136,37.7163841476203,45.4664715658666,39.6172445229098,32.5991542695368,49.5713789044099,51.1622723289973,55.8733122902382,45.0610726835201,11.4660924548695,47.1795179106991,"TMEM107"
"ENSG00000054793",438.081425277923,0.10163413850576,0.242779018668993,0.418628179086302,0.675487892085841,0.925978664279136,439.057394949221,372.825066840106,291.351819095566,575.012860032107,499.844737286133,546.374455437972,315.160402137125,500.465530655266,416.948816540708,423.773169805029,"ATP9A"
"ENSG00000108424",2009.78626946425,-0.0846856031852507,0.202302393765883,-0.418609002141884,0.675501909446817,0.925978664279136,1634.37664639688,2288.9120828302,2327.51311572095,2072.76289230472,1931.90679452464,2119.85566102789,1589.77033875818,1829.28780170545,2653.87921728161,1649.59814409194,"KPNB1"
"ENSG00000167632",57.0502490758978,-0.156373956598524,0.373558687901521,-0.418606129807769,0.675504008985152,0.925978664279136,64.7948137920657,93.5310272212113,46.2201186100615,39.8434107738783,52.3253443990994,51.1622723289973,56.7463327947731,45.0610726835201,28.1440451164978,92.6740530388731,"TRAPPC9"
"ENSG00000141736",254.145402805544,0.119191458889588,0.2849712298395,0.418257867493213,0.675758590721211,0.925978664279136,198.252788468261,280.593081663634,147.739307700018,340.480055704051,298.805256173804,214.302348245989,334.366853236894,315.427508784641,190.754083567374,220.732744510771,"ERBB2"
"ENSG00000160783",77.6713060338875,0.128440191802374,0.307353795278924,0.417890371862221,0.676027272335355,0.925978664279136,71.564421203177,89.6339010869942,85.0120038720774,48.8987314043052,74.3570683566149,65.6421607239966,113.492665589546,67.1122359116257,53.1609741089403,107.838898081598,"PMF1"
"ENSG00000156958",52.867993675101,-0.144325917854015,0.345549699440733,-0.417670506117077,0.676188039238415,0.925978664279136,60.926466700002,70.1482704159085,60.2512260452587,32.5991542695368,85.3729303353726,43.4396651849978,48.8891482539584,31.638625501195,40.652509612719,54.7619404320614,"GALK2"
"ENSG00000172037",950.235784314524,-0.192688024743249,0.461481097811442,-0.41754261584508,0.676281560019871,0.925978664279136,567.679935760337,598.8583826247,424.234660099493,2518.28466732172,806.911889944006,656.421607239966,1345.32459748839,1185.01033695385,568.092762536714,831.539003176071,"LAMB2"
"ENSG00000186272",31.2028527268406,-0.134119104408942,0.321373331276109,-0.417331157742249,0.676436201398831,0.925978664279136,31.9138635095249,29.8779670289981,34.6650889575461,34.4102183956222,42.6864651676863,31.8557544689983,28.809676649654,27.8036405919592,32.3135332819049,17.6923192165121,"ZNF17"
"ENSG00000117118",427.349271241215,0.10285628800242,0.246472835124739,0.417312877300919,0.676449570705368,0.925978664279136,465.168737820651,479.346514508708,472.930856492236,220.044291319373,395.194048487935,502.934790252974,390.240165527132,395.962191878591,503.465695972905,448.205420151641,"SDHB"
"ENSG00000240489",6.98623673077486,-0.328617355951173,0.787632575285188,-0.417221641489607,0.676516297070362,0.925978664279136,1.93417354603181,2.59808408947809,13.2057481743033,13.5829809456403,11.0158619787578,2.89597767899985,1.74604100906994,3.83498490923575,11.4660924548695,7.58242252136235,"SETP14"
"ENSG00000105671",472.401800716439,0.0819230239231935,0.196395441701027,0.417133021080524,0.676581113062563,0.925978664279136,420.682746261919,463.758009971839,558.768219625208,382.134530604015,457.158272118447,489.420227750975,563.098225425056,503.341769337192,532.652113130754,353.00389293898,"DDX49"
"ENSG00000156469",70.1620557369847,0.0980867133857492,0.235205676761517,0.417025280751206,0.676659916381284,0.925978664279136,84.1365492523838,51.9616817895618,61.9019445670466,70.6315009173297,70.2261201145807,76.260745546996,79.4448659126824,70.9472208208614,77.1355310600309,58.9743973883738,"MTERF3"
"ENSG00000174996",254.628285241026,-0.0736613532688773,0.176661510180341,-0.416963226419167,0.676705305702777,0.925978664279136,244.672953573024,315.667216871588,259.162807920702,230.910676075886,274.019566721599,228.782236640988,253.175946315142,220.511632281056,287.694683413088,231.685132597183,"KLC2"
"ENSG00000137310",384.987316157249,-0.22837856126895,0.547812136359498,-0.416892117043347,0.676757319733389,0.925978664279136,324.941155733344,571.57849968518,600.861541930799,191.067265302007,176.253791660124,891.961125131954,172.858059897924,128.471994459398,619.168992562951,172.710735208809,"TCF19"
"ENSG00000183943",124.415305054688,-0.129209356600042,0.309943237791189,-0.416880708612495,0.676765664746575,0.925978664279136,130.556714357147,175.370676039771,84.1866446111834,134.924277393361,141.829222976506,192.09985270699,87.3020504534971,116.008293504381,91.7287396389557,90.1465788650857,"PRKX"
"ENSG00000198805",72.3194471917747,-0.18711568646427,0.449026683602736,-0.416713957760727,0.676887643811467,0.925978664279136,54.1568592888907,57.157849968518,126.279966916775,74.2536291695005,31.6706031889286,133.214973233993,47.1431072448884,37.3911028650486,106.321948217881,55.6044318233239,"PNP"
"ENSG00000198586",541.859538597609,0.0950138180336471,0.228033990731529,0.416665154737872,0.676923345065274,0.925978664279136,575.416629944464,562.485205372007,596.73474562633,348.629844271435,425.487668929518,628.427156342967,503.732831116678,462.115681562908,652.524897886208,663.040724923574,"TLK1"
"ENSG00000197208",80.7021861086344,0.170859756761396,0.41017852998571,0.416549732057767,0.677007784002386,0.925978664279136,39.6505576936521,45.4664715658666,102.34454835085,112.285975817293,38.5555169256522,119.700410731994,73.3337223809376,85.3284142304955,127.169389044916,63.1868543446862,"SLC22A4"
"ENSG00000168502",650.964926934246,-0.166130750391266,0.398870037270268,-0.416503459443103,0.677041636465254,0.925978664279136,562.844501895257,681.997073487999,398.64852301178,1140.97039943379,1378.35973009206,490.385553643975,566.590307443196,393.085953196665,476.364022897759,420.403204239979,"MTCL1"
"ENSG00000133083",31.0405256567228,-0.381858737386173,0.917013084283343,-0.416415800309545,0.677105768573439,0.925978664279136,57.0581196079384,45.4664715658666,42.0933223055917,0,11.0158619787578,38.613035719998,12.2222870634896,11.5049547277073,3.12711612405531,89.3040874738232,"DCLK1"
"ENSG00000042317",79.9203567719571,0.102278577547048,0.245690264852062,0.416290721199852,0.677197281482285,0.925978664279136,79.3011153873043,63.6530601922132,75.9330520022439,86.0255459890555,108.781637040233,63.7115089379967,90.794132471637,91.0808915943491,75.0507869773274,64.8718371272112,"SPATA7"
"ENSG00000250479",49.6748768044056,-0.188174613897891,0.452116646430403,-0.416208107760655,0.677257727411234,0.925978664279136,26.1113428714294,113.016657892297,54.473711219001,21.7327695130245,44.063447915031,33.7864062549982,38.4129021995387,59.4422660931542,63.5846945224579,42.1245695631242,"CHCHD10"
"ENSG00000197530",360.446115051916,0.142880997341664,0.343453609302074,0.416012507866812,0.677400850635417,0.925978664279136,309.46776736509,491.037892911359,264.94032274696,292.486856362789,433.749565413587,223.955607175988,579.685615011221,479.373113654469,179.287991112504,350.476418765193,"MIB2"
"ENSG00000135686",680.490852114178,0.0983223221568208,0.236376795533723,0.415955897594837,0.677442275349912,0.925978664279136,665.355699834943,811.901277961904,533.182082537495,601.273289860345,968.018871383338,710.479857247963,627.701742760644,732.482117664029,440.923373491799,713.590208399323,"KLHL36"
"ENSG00000101134",363.638288912522,-0.139084897311349,0.334392169741264,-0.415933475412914,0.677458683109843,0.925978664279136,404.242271120648,440.375253166537,366.459511836916,328.708138884496,291.920342437081,159.278772344992,454.84368286272,495.671799518721,486.787743311276,208.095373641833,"DOK5"
"ENSG00000122121",9.52538150278236,0.301485563860659,0.724943360748558,0.415874646468039,0.677501732779048,0.925978664279136,2.90126031904772,11.6913784026514,9.90431113072746,9.05532063042689,11.0158619787578,3.8613035719998,20.9524921088393,19.1749245461788,4.16948816540708,2.52747417378745,"XPNPEP2"
"ENSG00000137266",138.230065148949,-0.113312822206031,0.272503024366759,-0.415822255438619,0.677540072216411,0.925978664279136,95.7415905285746,168.875465816076,165.897211439685,148.507258339001,154.222067702609,145.764209842992,75.9527838945425,129.430740686707,134.465993334378,163.443329904922,"SLC22A23"
"ENSG00000130758",162.497351521816,0.0933119895723,0.224438314105912,0.415757843949345,0.677587209298019,0.925978664279136,136.359234995243,187.062054442423,144.437870656442,157.562578969428,195.53155012295,137.076276805993,220.874187647348,167.780589779064,137.593109458434,140.696062340835,"MAP3K10"
"ENSG00000148841",122.872735738874,-0.190313895582224,0.458033430541992,-0.415502194582227,0.677774308942774,0.925978664279136,129.589627584131,68.8492283711694,66.8541001324104,265.320894471508,70.2261201145807,174.723986632991,90.794132471637,170.656828460991,138.635481499785,53.0769576495364,"ITPRIP"
"ENSG00000135272",1112.31169908213,0.108210427685104,0.260444156805562,0.415484182914073,0.677787491718801,0.925978664279136,1044.45371485718,1217.20239592049,1284.25900995099,705.409477110255,908.808613247515,1283.88343768993,733.337223809376,1092.97069913219,1296.7108194416,1556.08159966181,"MDFIC"
"ENSG00000123636",133.691814402531,0.12732882297293,0.306652671069935,0.415221633415648,0.677979663421158,0.925978664279136,117.98458630794,107.820489713341,97.3923927854867,183.823008797666,118.420516271646,111.977803587994,201.667736547578,152.440650142121,80.2626471840863,165.128312687447,"BAZ2B"
"ENSG00000152061",93.1316526066511,-0.106713523293039,0.257031511240274,-0.415176811504961,0.678012472673126,0.925978664279136,113.149152442861,79.2415647290818,76.7584112631378,120.435764384678,70.2261201145807,87.8446562629954,84.6829889398922,86.2871604578044,85.4745073908451,127.216200080635,"RABGAP1L"
"ENSG00000104969",646.987993947172,0.0898775293078835,0.216570374687759,0.415003803901918,0.678139118472197,0.925978664279136,687.598695614309,702.781746203824,703.20609028165,398.434107738783,728.423873345357,672.832147420965,778.734290045194,629.896271341972,647.313037679449,520.659679800215,"SGTA"
"ENSG00000237149",57.4830677801098,0.169963524540832,0.409666825188188,0.414882324100215,0.678228050094124,0.925978664279136,41.5847312396839,80.5406067738208,67.6794593933043,24.4493657021526,81.2419820933385,36.6823839339981,91.667152976172,65.1947434570078,34.3982773646084,51.3919748670115,"ZNF503-AS2"
"ENSG00000125870",324.920622274405,0.0790610233923366,0.190658989996047,0.414672412740548,0.678381730299977,0.925978664279136,305.599420273026,290.985418021546,400.299241533568,259.887702093252,320.83698013132,290.563093792985,355.319345345733,291.458853101917,345.025145687436,389.231022763267,"SNRPB2"
"ENSG00000163923",109.37959369455,-0.167926440921846,0.405066091630899,-0.414565534838357,0.678459982839444,0.925978664279136,137.326321768259,140.296540831817,145.263229917336,46.1821352151771,42.6864651676863,165.070727702991,123.095891139431,91.0808915943491,126.127017003564,76.666716604886,"RPL39L"
"ENSG00000132688",32.6936015395905,-0.253484404898434,0.611511646046818,-0.414520976889175,0.678492607751257,0.925978664279136,33.8480370555567,11.6913784026514,37.141166740228,61.5761802869029,27.5396549468944,31.8557544689983,10.4762460544197,7.6699698184715,78.1779031013827,26.9597245203995,"NES"
"ENSG00000174640",6.14847862164716,-0.373176387144945,0.900530437436837,-0.41439619543245,0.678583974768162,0.925978664279136,6.76960741111134,1.29904204473905,12.3803889134093,8.1497885673842,0,6.75728125099965,8.73020504534971,2.87623868192681,1.04237204135177,13.4798622601997,"SLCO2A1"
"ENSG00000203993",103.345149954284,-0.106409263411581,0.256859524743097,-0.414270265110894,0.678676187792688,0.925978664279136,109.280805350797,83.1386908632989,113.074218742472,125.868956762934,100.519740556165,83.9833526909956,149.28650627548,103.544592549365,77.1355310600309,87.6191046912982,"ARRDC1-AS1"
"ENSG00000137269",9.29554054443233,0.272407916444026,0.657719751369275,0.414170193120875,0.678749469372234,0.925978664279136,9.67086773015905,11.6913784026514,7.4282333480456,4.52766031521344,8.26189648406832,5.7919553579997,1.74604100906994,20.1336707734877,9.38134837216593,14.3223536514622,"LRRC1"
"ENSG00000234518",24.8932792713013,0.147232281792073,0.355527221451859,0.414123793927293,0.678783448004373,0.925978664279136,28.0455164174613,24.6817988500419,27.2368556095005,13.5829809456403,24.785689452205,25.0984732179987,27.0636356405841,21.0924170007966,35.4406494059602,21.9047761728246,"PTGES3P1"
"ENSG00000206530",34.7745150456017,-0.182295240396385,0.440289027890125,-0.414035392319332,0.678848187266531,0.925978664279136,28.0455164174613,23.3827568053028,19.8086222614549,77.8757574216713,48.1943961570652,26.0637991109986,34.0477996768639,38.3498490923575,25.0169289924425,26.9597245203995,"CFAP44"
"ENSG00000145555",341.918582121815,-0.185111048070952,0.447135088876835,-0.413993561847125,0.678878821855462,0.925978664279136,349.118325058742,398.805907734887,476.232293535812,249.926849399782,238.218015290637,347.517321479982,113.492665589546,161.069366187902,767.185822434902,317.619254505956,"MYO10"
"ENSG00000140463",94.6371389083317,-0.10805262617097,0.261146284644141,-0.413762831503465,0.67904780699002,0.925978664279136,94.7745037555587,89.6339010869942,99.0431113072746,112.285975817293,88.1268958300621,63.7115089379967,75.0797633900075,109.297069913219,81.305019225438,133.113639819472,"BBS4"
"ENSG00000162980",763.580519060822,-0.0644372833986517,0.155895810208166,-0.413335568881609,0.679360773451883,0.925978664279136,846.200926388917,706.678872338041,796.471686762667,786.907362784097,659.574735978121,863.001348341955,626.828722256109,773.708205438313,804.711215923566,771.722114396435,"ARL5A"
"ENSG00000169139",807.817818351448,0.103444652062552,0.25026915242774,0.413333609272601,0.679362208977225,0.925978664279136,984.494334930192,667.70761099587,995.38326863811,445.521775017003,684.360425430326,886.169169773954,868.655402012296,743.028326164427,988.168695201478,814.689175350821,"UBE2V2"
"ENSG00000111642",573.882481991306,-0.0876608937446183,0.212106295158325,-0.413287562630729,0.679395941102771,0.925978664279136,464.201651047635,632.633475787915,548.038549233586,734.386503127621,656.820770483431,480.732294713975,534.288548775402,416.095862652079,665.033362382429,606.593801708988,"CHD4"
"ENSG00000213918",87.7412079580208,-0.119154699297255,0.288315080593039,-0.413279454727667,0.679401880729498,0.925978664279136,60.926466700002,75.3444385948647,97.3923927854867,134.018745330318,101.896723303509,63.7115089379967,103.016419535127,93.9571302762759,68.7965547292168,78.3516993874109,"DNASE1"
"ENSG00000138031",189.662840319349,-0.104009780317755,0.25172126869664,-0.413194247972351,0.679464302057874,0.925978664279136,204.055309106356,239.023736231984,149.390026221806,199.217053869392,234.087067048602,237.470169677988,185.953367465949,163.945604869828,164.69478253358,118.79128616801,"ADCY3"
"ENSG00000188725",726.667565772027,0.0769963749010806,0.186408083926908,0.413052767235522,0.679567953805827,0.925978664279136,834.595885112726,630.035391698437,760.981238544227,587.690308914705,716.031028619254,896.787754596954,622.463619733434,756.450773346752,825.558656750601,636.081000403175,"SMIM15"
"ENSG00000162923",1455.4004396296,-0.0948335778594781,0.229781888713537,-0.412711281948355,0.679818158023557,0.925978664279136,1715.61193533022,1701.74507860815,1484.82131034823,1150.02572006421,1812.10929550565,1504.94306718692,972.544842051958,1076.67201326794,1615.67666409524,1519.85446983752,"WDR26"
"ENSG00000213859",304.85988079296,0.0809501784400764,0.196146689204018,0.412702242227896,0.679824781851639,0.925978664279136,268.850122898422,349.442310034803,248.43313752908,312.408561749728,378.670255519798,290.563093792985,362.303509382013,304.881300284242,249.126917883073,283.919598855457,"KCTD11"
"ENSG00000163618",23.7413520142392,-0.358367374544969,0.86837465850365,-0.412687508825388,0.679835577761142,0.925978664279136,23.2100825523817,1.29904204473905,4.95215556536373,79.6868215477566,15.1468102207919,4.82662946499975,19.2064510997694,12.4637009550162,65.6694386051615,10.9523880864123,"CADPS"
"ENSG00000103042",140.414002215949,-0.157445071761451,0.381551909501678,-0.412643909886548,0.679867525294191,0.925978664279136,99.6099376206383,101.325279489646,90.7895186983351,306.975369371472,95.0118095667857,109.081825908994,158.01671132083,188.873006779861,140.720225582489,113.736337820435,"SLC38A7"
"ENSG00000101019",206.766641454179,0.103886575991839,0.251888919048813,0.412430115561007,0.680024193418425,0.925978664279136,220.495784247626,123.408994250209,190.657989266504,256.265573841081,202.416463859674,155.417468772992,259.287089846886,221.470378508365,189.711711526022,248.534960422433,"UQCC1"
"ENSG00000100324",166.489463928756,-0.0912744347018204,0.221362450875806,-0.412330249961993,0.680097379496421,0.925978664279136,179.878139780958,209.145769202986,178.277600353094,124.963424699891,172.12284341809,158.313446451992,176.350141916064,118.884532186308,157.398178244117,189.560563034059,"TAB1"
"ENSG00000198001",247.592163087222,-0.0741784466610795,0.179916523614104,-0.412293685821664,0.680124176124338,0.925978664279136,223.397044566674,266.303619171504,259.162807920702,271.659618912807,254.741808258773,245.192776821987,185.953367465949,255.985242691486,283.525195247681,230.000149814658,"IRAK4"
"ENSG00000136161",59.5150595557519,-0.155806862111931,0.377931085500897,-0.412262626942766,0.680146938448737,0.925978664279136,73.4985947492088,67.5501863264304,54.473711219001,58.8595840977748,39.9324996729969,55.0235759009971,35.7938406859338,39.3085953196665,51.0762300262367,119.633777559273,"RCBTB2"
"ENSG00000092036",69.4160772469023,-0.102289030253097,0.248116428886381,-0.412262221861729,0.68014723532506,0.925978664279136,77.3669418412724,83.1386908632989,51.1722741754252,77.8757574216713,85.3729303353726,66.6074866169966,62.8574763265179,72.8647132754793,60.4575783984026,56.4469232145864,"HAUS4"
"ENSG00000168228",57.2945051560149,-0.139302749273173,0.337943946415308,-0.412206671404555,0.680187947686767,0.925978664279136,42.5518180126998,41.5693454316495,63.5526630888345,94.1753345564397,49.5713789044099,55.0235759009971,39.2859227040737,46.978565138138,85.4745073908451,54.7619404320614,"ZCCHC4"
"ENSG00000172172",204.979489896274,0.137751260638302,0.334248175375555,0.412122700396276,0.680249490949261,0.925978664279136,270.784296444454,201.351516934552,233.576670832989,67.9149047282017,194.154567375605,182.446593776991,205.159818565718,184.079275643316,266.847242586053,243.480012074858,"MRPL13"
"ENSG00000167257",126.057162680291,-0.0826538110031354,0.200580583195937,-0.412072842177327,0.680286033586309,0.925978664279136,119.918759853972,158.483129458164,131.232122482139,112.285975817293,143.206205723851,139.972254484993,107.381522057801,116.96703973169,115.703296590046,115.42132060296,"RNF214"
"ENSG00000177383",235.350332724781,-0.0877635479472599,0.213004173367082,-0.412027363407628,0.680319367043755,0.925978664279136,325.90824250636,250.715114634636,226.148437484944,173.862156104196,227.202153311879,222.024955389988,266.271253883166,227.222855872218,199.093059898188,235.055098162233,"MAGEF1"
"ENSG00000183605",108.995063685608,0.138947818532117,0.337300455882974,0.411940796724937,0.680382817426166,0.925978664279136,83.1694624793679,59.7559340579961,92.440237220123,174.767688167239,108.781637040233,126.457691982993,122.222870634896,128.471994459398,132.381249251675,61.5018715621613,"SFXN4"
"ENSG00000177119",676.883847149969,-0.115709968391322,0.280898399397583,-0.411928186986736,0.680392060116667,0.925978664279136,645.046877601609,568.980415595702,597.560104887223,1025.96782742737,878.514992805931,843.694830481956,368.414652913758,626.061286432737,578.516482950232,636.081000403175,"ANO6"
"ENSG00000196549",5086.04144538395,-0.139662603065527,0.339070615458892,-0.411898279290613,0.680413982062638,0.925978664279136,4625.57603533508,2203.17530787742,5888.11296721748,8818.97676197275,3603.56384980113,4914.47412126275,4478.5951882644,6694.92490529831,3743.1580004942,5889.85731631602,"MME"
"ENSG00000227354",11.5725699691455,0.202348664450981,0.491346342631834,0.411824912274966,0.680467760259199,0.925978664279136,11.6050412761909,15.5885045368685,7.4282333480456,8.1497885673842,15.1468102207919,16.4105401809991,13.0953075680246,13.4224471823251,7.29660428946239,7.58242252136235,"RBM26-AS1"
"ENSG00000176390",138.171601801491,-0.0979935661094017,0.238069200960373,-0.411617990542644,0.680619443133204,0.925978664279136,146.997189498418,135.100372652861,169.198648483261,123.152360573806,154.222067702609,161.209424130992,82.0639274262873,127.513248232089,140.720225582489,141.538553732097,"CRLF3"
"ENSG00000198542",665.188193150512,0.186686197203401,0.45360966914923,0.411556917544419,0.680664214838961,0.925978664279136,250.47547421112,457.262799748144,409.378193403402,1340.18745330318,327.721893868043,714.341160819963,732.464203304841,935.736317853523,403.397980003135,1080.91645498977,"ITGBL1"
"ENSG00000180423",27.167247391999,0.137163063201956,0.333356242650968,0.411460910739774,0.680734598273068,0.925978664279136,29.0126031904772,19.4856306710857,28.8875741312884,24.4493657021526,30.2936204415838,34.7517321479982,21.8255126133743,22.0511632281056,36.4830214473119,24.432250346612,"HARBI1"
"ENSG00000180098",215.133625474208,0.0744252708603871,0.180942942706886,0.411319003366439,0.680838636910362,0.925978664279136,203.08822233334,215.640979426682,203.863737440807,210.988970688947,249.233877269394,162.174750023992,218.255126133743,229.140348326836,244.957429717666,213.992813380671,"TRNAU1AP"
"ENSG00000100139",1069.04482755696,-0.113501604916542,0.27596436308547,-0.411290804535473,0.680859311456889,0.925978664279136,861.674314757172,1404.26445036291,1332.12984708284,881.082697340536,1277.8399895359,1156.46041981394,1010.9577442515,778.501936574858,1380.10058274974,607.43629310025,"MICALL1"
"ENSG00000144674",1421.7656022236,0.149348528178762,0.363139184298967,0.411270759631947,0.680874007931456,0.925978664279136,1973.82410372546,766.434806396037,1337.08200264821,1260.50063175542,699.507235651118,1841.8418038439,2571.04538585549,977.921151855117,1511.43945996007,1278.05944054519,"GOLGA4"
"ENSG00000227001",18.0168478973118,0.296248350827084,0.72040745418416,0.411223328002034,0.680908784223297,0.925978664279136,28.0455164174613,20.7846727158247,6.60287408715164,8.1497885673842,28.9166376942391,15.4452142879992,17.4604100906994,27.8036405919592,0,26.9597245203995,"NBPF2P"
"ENSG00000121749",196.288635868816,0.0787683555697655,0.191580638693299,0.41114987457509,0.680962640717535,0.925978664279136,206.956569425404,149.38983514499,202.213018919019,200.122585932434,194.154567375605,196.92648217199,192.937531502229,164.904351097137,212.643896435761,242.637520683595,"TBC1D15"
"ENSG00000171084",59.3800563055966,-0.212587085510221,0.517240814858415,-0.411002147168941,0.681070960264672,0.926031542160254,126.688367265084,67.5501863264304,40.4426037838038,24.4493657021526,39.9324996729969,20.2718437529989,87.3020504534971,90.1221453670402,66.7118106465133,30.3296900854494,"FAM86JP"
"ENSG00000167460",25878.1497082574,-0.105453986692706,0.256691790710317,-0.410819474985523,0.681204911791964,0.92605458348321,28269.8805488009,28439.9274854719,30831.2951906937,20541.9948501234,28378.2374400273,32673.3855003693,17309.3775434149,18324.5166425557,34221.0741175786,19791.8077635383,"TPM4"
"ENSG00000060339",305.894043187789,-0.0999062683973934,0.243251677129525,-0.410711529623683,0.681284071678568,0.92605458348321,323.006982187312,220.837147605638,307.033645052551,423.789005503978,210.678360343742,269.325924146986,398.970370572482,292.417599329226,309.584496281476,303.296900854494,"CCAR1"
"ENSG00000105429",239.051317712319,-0.159686299723782,0.388819706041418,-0.410694975698509,0.681296211527125,0.92605458348321,195.351528149213,189.660138531901,124.629248394987,510.720083556077,195.53155012295,174.723986632991,275.001458928516,352.818611649689,152.186318037358,219.890253119508,"MEGF8"
"ENSG00000136463",147.901715290722,-0.105850466267111,0.258021958337414,-0.410238209760004,0.681631214135628,0.926186415000293,181.81231332699,190.95918057664,162.595774396109,83.3089497999274,139.075257481817,132.249647340993,155.397649807225,120.802024640926,159.482922326821,153.333433209772,"TACO1"
"ENSG00000185652",58.9070041640076,0.192324546761667,0.469032922750421,0.410044876239969,0.681773028283703,0.926186415000293,52.2226857428589,38.9712613421714,14.0311074351972,111.380443754251,85.3729303353726,57.919553579997,54.1272712811682,71.9059670481704,67.754182687865,35.3846384330243,"NTF3"
"ENSG00000151748",774.82214202707,0.0818007313095201,0.199542849879215,0.409940678701515,0.681849464002768,0.926186415000293,736.92012103812,775.52810070921,785.742016371045,695.448624416785,981.788698856785,627.461830449967,563.971245929591,837.944202668012,849.533213701692,893.883366129495,"SAV1"
"ENSG00000176371",45.161905030635,0.110169277577775,0.268765785596389,0.409908118822901,0.681873349475867,0.926186415000293,47.3872518777794,37.6722192974323,35.4904482184401,51.6153275934333,46.8174134097205,37.647709826998,42.7780047222136,57.5247736385363,50.0338579848849,44.6520437369116,"ZSCAN2"
"ENSG00000035928",386.118848684154,-0.0833952978198056,0.203502588437444,-0.409799690805608,0.681952893056301,0.926186415000293,381.999275341283,365.030814571672,453.947593491675,396.623043612698,353.884566067593,496.177509001974,346.589140300384,298.17007669308,450.304721863964,318.461745897219,"RFC1"
"ENSG00000026025",36729.4009983497,0.101696637396109,0.248181162534142,0.409767753352832,0.681976323277357,0.926186415000293,32875.1477619027,30557.3660183966,38498.8827243985,38816.5374143879,61317.0417392604,28940.4702721385,42030.6991703317,33789.0932890489,30349.7043559981,30119.0672376338,"VIM"
"ENSG00000163155",60.5289343435701,-0.135355696145811,0.330392893269013,-0.409681015855271,0.682039957912481,0.926186415000293,53.1897725158748,74.0453965501256,80.0598483067136,47.9931993412625,77.1110338513043,67.5728125099965,56.7463327947731,51.7722962746827,69.8389267705686,26.9597245203995,"LYSMD1"
"ENSG00000167721",364.784261354352,-0.0802569817888402,0.195944309823108,-0.409590775365172,0.682106164904857,0.926186415000293,318.171548322233,402.703033869104,379.665260011219,407.48942836921,378.670255519798,419.916763454978,251.429905306072,356.653596558925,330.431937108511,402.710885023467,"TSR1"
"ENSG00000177464",12.3345797227088,0.456991250696761,1.1158091135977,0.409560421337021,0.682128435379494,0.926186415000293,30.946776736509,0,7.4282333480456,1.81106412608538,13.7698274734472,1.9306517859999,0,8.62871604578044,34.3982773646084,24.432250346612,"GPR4"
"ENSG00000162378",632.512074759162,-0.0971923358195479,0.237347353600008,-0.409494078384975,0.682177111564405,0.926186415000293,748.525162314311,875.554338154117,574.450045582193,435.560922323533,660.951718725466,547.339781330972,460.954826394465,615.515077932338,659.82150217567,746.44737265856,"ZYG11B"
"ENSG00000163576",6.52454500926947,0.371792158043098,0.908811858689079,0.409096948382025,0.682468515652752,0.926186415000293,1.93417354603181,5.19616817895618,11.5550296525154,3.62212825217076,1.37698274734472,6.75728125099965,19.2064510997694,1.91749245461788,1.04237204135177,12.6373708689372,"EFHB"
"ENSG00000244486",180.673520906427,0.12758696684046,0.312013112021782,0.408915401066713,0.682601746315295,0.926186415000293,186.64774719207,162.380255592381,92.440237220123,243.588124958483,143.206205723851,148.660187521992,180.715244438739,291.458853101917,204.304920104947,153.333433209772,"SCARF2"
"ENSG00000170522",102.259387542132,-0.118866737055249,0.290849430387477,-0.408688223651983,0.682768477102597,0.926186415000293,132.490887903179,98.7271954001675,127.105326177669,71.5370329803724,55.0793098937888,117.769758945994,82.9369479308223,114.090801049764,120.915156796805,101.94145834276,"ELOVL6"
"ENSG00000198755",10466.6932317797,0.125748958013236,0.30769471281604,0.408680919026441,0.682773838394063,0.926186415000293,8275.3615166971,8576.27557936718,10258.390253651,12586.8956762934,12676.5031720555,7794.0412600816,15724.8453276839,14899.8751186082,8342.10344693821,5532.64096642073,"RPL10A"
"ENSG00000116205",78.6287295115119,-0.131656652441352,0.322165179769324,-0.408661955757046,0.68278775672013,0.926186415000293,101.54411116667,113.016657892297,72.6316149586681,45.2766031521344,74.3570683566149,103.289870550995,55.0002917857032,60.4010123204631,95.8982278043628,64.8718371272112,"TCEANC2"
"ENSG00000176749",17.3471919987345,0.177643276517096,0.434771365084198,0.408590102254535,0.682840495465426,0.926186415000293,13.5392148222227,20.7846727158247,13.2057481743033,17.2051091978111,13.7698274734472,31.8557544689983,11.3492665589546,13.4224471823251,19.8050687856836,18.5348106077746,"CDK5R1"
"ENSG00000159335",3135.18436401574,0.108029615300161,0.264436188390657,0.408528106374634,0.682886000196763,0.926186415000293,3509.55789927472,2951.42352564711,3644.78649610771,1875.35690256141,3486.52031627683,3102.55742010184,3205.73129265241,2860.89874228987,4645.85218830484,2069.15885694066,"PTMS"
"ENSG00000235217",39.564313043191,0.153826431693715,0.376659441073354,0.408396590977145,0.682982535795346,0.926186415000293,45.4530783317476,48.0645556553447,30.5382926530763,24.4493657021526,59.2102581358229,26.0637991109986,36.6668611904688,24.9274019100324,39.6101375713672,60.6593801708988,"TSPY26P"
"ENSG00000108528",428.134623889192,0.0892731964213084,0.218731903764773,0.40813980441241,0.683171038515418,0.926186415000293,442.925742041285,475.449388374491,470.454778709554,260.793234156294,470.928099591894,453.703169709976,495.875646575864,406.50840037899,457.601326153427,347.106453200143,"SLC25A11"
"ENSG00000167702",45.3045000944314,-0.172609794255349,0.423076570678668,-0.407987126251073,0.683283126365088,0.926186415000293,49.3214254238112,45.4664715658666,16.5071852178791,83.3089497999274,42.6864651676863,38.613035719998,52.3812302720983,54.6485349566095,22.9321849097389,47.1795179106991,"KIFC2"
"ENSG00000175387",1389.13082557042,-0.0665369409152165,0.163112030022275,-0.407921726595702,0.683331141305885,0.926186415000293,1302.66588325242,1534.16865483681,1469.13948439124,1404.48022977921,1489.89533262699,1535.83349576292,1021.43399030592,1397.85199941643,1424.92258052787,1310.91660480442,"SMAD2"
"ENSG00000095319",145.202246552517,0.0944557104675222,0.23157285467666,0.407887662823904,0.68335615066042,0.926186415000293,108.313718577781,166.277381726598,134.533559525715,149.412790402044,172.12284341809,155.417468772992,165.873895861645,97.7921151855117,139.677853541137,162.600838513659,"NUP188"
"ENSG00000143742",2034.72060004542,0.0839314729928119,0.205816380595427,0.407797828093167,0.683422108282865,0.926186415000293,2527.96482466358,1562.74757982107,2361.35284541761,1403.57469771617,1999.37894914453,2304.23290659088,1999.21695538508,1954.88355748292,2093.08305903435,2140.77062519797,"SRP9"
"ENSG00000107771",1021.78325372351,0.0834535560087028,0.204648788116482,0.407789153196464,0.683428477612971,0.926186415000293,1028.98032648892,1106.78382211767,959.89282041967,850.294607197085,1142.89568029612,1118.81270998694,756.90877743182,958.746227308938,1390.52430316326,903.993262824644,"CCSER2"
"ENSG00000093183",684.461672115051,0.0622945049933313,0.152788177270645,0.407718097735955,0.683480649189919,0.926186415000293,655.684832104784,683.296115532738,732.093664412938,595.840097482089,731.177838840046,795.428535831959,723.733998259491,579.082721294599,686.923175250816,661.355742141049,"SEC22C"
"ENSG00000231768",9.32452426843817,0.249693937867003,0.612441653657824,0.407702409487825,0.683492168292223,0.926186415000293,3.86834709206362,3.89712613421714,10.7296703916214,14.488513008683,16.5237929681366,10.6185848229995,10.4762460544197,4.79373113654469,5.21186020675885,12.6373708689372,"LINC01354"
"ENSG00000104722",31.055649016678,0.337469728537139,0.827773793948135,0.407683513303253,0.683506042920926,0.926186415000293,4.83543386507953,16.8875465816076,81.7105668285016,3.62212825217076,5.50793098937888,36.6823839339981,27.9366561451191,9.58746227308938,87.5592514735486,36.2271298242868,"NEFM"
"ENSG00000142632",98.2576071203391,-0.180754388008287,0.443520684057716,-0.407544438186259,0.683608162887726,0.926186415000293,89.9390698904792,38.9712613421714,146.913948439124,145.790662149873,136.321291987127,127.423017875993,76.8258043990775,49.8548038200648,129.254133127619,41.2820781718617,"ARHGEF19"
"ENSG00000182195",337.096867114841,0.143576311189284,0.352589341767212,0.407205477254831,0.683857079094161,0.926409561570334,528.029378066684,214.341937381943,367.28487109781,158.468111032471,457.158272118447,334.002758977983,477.542215980629,296.252584238462,208.474408270354,329.414133983631,"LDOC1"
"ENSG00000213523",476.719878418061,0.106773505383131,0.262367473291654,0.406961671138399,0.6840361395394,0.926409561570334,411.978965304776,357.236562303238,550.514627016268,502.570294988692,358.015514309627,594.640750087969,577.066553497616,492.795560836794,627.507968893765,294.871986941869,"SRA1"
"ENSG00000173020",627.390468704915,-0.104729689410308,0.257364149996346,-0.406931926656432,0.684057986229636,0.926409561570334,695.335389798436,826.190740454033,646.256301279967,451.860499458302,806.911889944006,682.485406350965,721.114936745886,558.949050521111,493.041975559387,391.758496937055,"GRK2"
"ENSG00000137806",77.5278342950533,0.113820719134187,0.27979833116533,0.40679556114626,0.684158147185343,0.926439111888379,82.202375706352,58.4568920132571,96.5670335245927,57.9540520347321,68.849137367236,66.6074866169966,82.0639274262873,58.4835198658452,102.152460052473,101.94145834276,"NDUFAF1"
"ENSG00000119688",171.29116288284,-0.1312631432914,0.32274138763416,-0.406713078398832,0.684218733755757,0.926439111888379,146.030102725402,102.624321534385,159.294337352533,314.219625875813,152.845084955264,154.452142879992,219.128146638278,194.625484143714,154.271062120062,115.42132060296,"ABCD4"
"ENSG00000184584",367.106012082804,-0.138442307770321,0.340561793198202,-0.40651156569918,0.684366760692273,0.926502471835398,288.19185835874,262.406493037287,241.004904181035,761.552465018901,362.146462551661,299.251026829984,398.097350067947,451.56947306251,343.982773646084,262.857314073895,"TMEM173"
"ENSG00000196365",1331.32124257746,0.105385543471938,0.259276389264894,0.406460240250683,0.684404465211243,0.926502471835398,1322.00761871274,1631.59680819224,1287.56044699457,853.011203386213,1520.18895306857,1506.87371897292,1696.27884031145,1301.97737668554,1422.83783644517,770.879623005172,"LONP1"
"ENSG00000184160",58.8798876223242,0.216225013173384,0.532413021859763,0.406122698535983,0.684652448501557,0.926612403276987,55.1239460619066,68.8492283711694,80.8852075676076,9.96085269346958,44.063447915031,32.8210803619983,34.9208201813988,104.503338776674,110.491436383288,47.1795179106991,"ADRA2C"
"ENSG00000167720",65.5498809847092,-0.132174956467304,0.325457027074553,-0.40612107120682,0.68465364414116,0.926612403276987,88.9719831174633,75.3444385948647,80.0598483067136,32.5991542695368,66.0951718725465,81.0873750119958,63.7304968310529,60.4010123204631,40.652509612719,66.5568199097362,"SRR"
"ENSG00000196715",632.953827401838,0.0972511388499671,0.239543994676446,0.405984458017095,0.684754020099783,0.926612403276987,659.553179196848,432.581000898102,520.801693624086,816.789920864505,505.352668275512,710.479857247963,485.399400521444,772.749459211004,682.753687085409,743.07740709351,"VKORC1L1"
"ENSG00000198429",24.3968375974923,-0.162496431573747,0.400265663680491,-0.405971449260906,0.684763578518256,0.926612403276987,12.5721280492068,29.8779670289981,21.4593407832428,40.748942836921,15.1468102207919,30.8904285759984,22.6985331179092,23.0099094554145,23.9745569510907,23.5897589553495,"ZNF69"
"ENSG00000070785",116.80955817188,-0.116593345660995,0.287270441720417,-0.405866141196903,0.684840957377758,0.926623095114859,139.26049531429,110.418573802819,153.516822526276,86.9310780520981,97.7657750614751,126.457691982993,121.349850130361,61.359758547772,126.127017003564,144.908519297147,"EIF2B3"
"ENSG00000140263",56.8335898666314,-0.150327606514543,0.370537744520298,-0.405701197078205,0.684962162604219,0.926673311072118,75.4327682952406,80.5406067738208,63.5526630888345,22.6383015760672,56.4562926411335,74.3300937609961,65.4765378401228,38.3498490923575,46.9067418608296,44.6520437369116,"SORD"
"ENSG00000123104",29.7416845017021,-0.158659337666166,0.391234476044007,-0.405535164667644,0.685084175727364,0.926673311072118,29.0126031904772,31.1770090737371,31.3636519139703,35.3157504586649,23.4087067048602,30.8904285759984,12.2222870634896,21.0924170007966,45.8643698194779,37.0696212155493,"ITPR2"
"ENSG00000137221",212.103615265677,-0.114269738039032,0.281833860644836,-0.405450706943385,0.685146244778366,0.926673311072118,161.503491093656,226.033315784594,190.657989266504,310.597497623642,258.872756500807,161.209424130992,301.192074064565,167.780589779064,155.313434161414,187.875580251534,"TJAP1"
"ENSG00000123810",47.8015852236496,0.15957751265242,0.393723825025682,0.405303165593321,0.685254679884324,0.926673311072118,49.3214254238112,53.2607238343009,61.9019445670466,14.488513008683,46.8174134097205,58.8848794729969,70.7146608673327,45.0610726835201,35.4406494059602,42.1245695631242,"B9D2"
"ENSG00000176826",112.327743161738,0.128866425910941,0.318080763648446,0.405137438783845,0.685376488075782,0.926673311072118,106.37954503175,122.10995220547,115.550296525154,81.497885673842,126.682412755714,176.654638418991,133.572137193851,123.678263322853,78.1779031013827,58.9743973883738,"FKBP9P1"
"ENSG00000109625",10.0443190682842,0.368378080641717,0.909305963489123,0.405120053571631,0.685389266574476,0.926673311072118,2.90126031904772,9.09329431317332,3.30143704357582,19.0161733238965,11.0158619787578,1.9306517859999,28.809676649654,13.4224471823251,0,10.9523880864123,"CPZ"
"ENSG00000143367",213.783707406795,-0.171250842409696,0.422779681848659,-0.405059301007275,0.685433921701015,0.926673311072118,203.08822233334,90.9329431317332,111.423500220684,510.720083556077,195.53155012295,181.481267883991,159.7627523299,271.325182328429,192.838827650077,220.732744510771,"TUFT1"
"ENSG00000132005",40.6591327071285,-0.150255811641682,0.371266048893509,-0.404711963535293,0.685689247227279,0.926924537833997,27.0784296444454,74.0453965501256,46.2201186100615,26.260429828238,48.1943961570652,43.4396651849978,30.555717658724,35.4736104104307,28.1440451164978,47.1795179106991,"RFX1"
"ENSG00000196642",828.608428962201,0.0898465190528358,0.222236007415255,0.404284256623432,0.686003701118653,0.927171328183576,877.147703125426,987.271954001675,782.440579327469,545.130301951699,983.16568160413,782.879299222959,1002.22753920615,921.355124443889,773.440054683013,631.0260520556,"RABL6"
"ENSG00000164197",6.37185112940412,0.36251485061919,0.896704631605709,0.404274537949071,0.686010847005738,0.927171328183576,13.5392148222227,1.29904204473905,2.47607778268187,4.52766031521344,2.75396549468944,2.89597767899985,3.49208201813988,9.58746227308938,2.08474408270354,21.0622847815621,"RNF180"
"ENSG00000145685",247.074495199718,-0.0922883982657048,0.228352334998169,-0.404149133252544,0.686103056317679,0.927182917353192,279.488077401597,206.547685113508,225.32307822405,315.125157938856,221.6942223225,194.99583038599,247.937823287932,287.623868192681,184.499851319263,307.509357810806,"LHFPL2"
"ENSG00000077514",103.209635136529,-0.109091298530713,0.269978658178899,-0.404073785930236,0.686158460993927,0.927182917353192,82.202375706352,109.11953175808,134.533559525715,105.947251375995,74.3570683566149,130.318995554993,86.4290299489622,73.8234595027882,133.423621293027,101.94145834276,"POLD3"
"ENSG00000049167",133.119770145736,-0.0928758256338777,0.229938549371154,-0.403915854422316,0.686274597257071,0.927245902504058,147.964276271434,109.11953175808,134.533559525715,160.279175158556,140.452240229161,158.313446451992,124.841932148501,106.420831231292,153.22869007871,96.0440186039231,"ERCC8"
"ENSG00000102226",171.289884909405,-0.126808238325468,0.314188694995013,-0.403605350369085,0.68650295062469,0.927422381103085,117.017499534925,158.483129458164,117.201015046942,328.708138884496,173.499826165435,138.041602698993,174.604100906994,181.203036961389,143.847341706544,180.293157730171,"USP11"
"ENSG00000162600",52.1209265537638,0.110899255644545,0.274969272154015,0.40331508599415,0.686716445048851,0.927422381103085,46.4201651047635,46.7655136106057,38.7918852620159,67.009372665159,48.1943961570652,52.1275982219973,52.3812302720983,71.9059670481704,52.1186020675885,45.4945351281741,"OMA1"
"ENSG00000131849",51.5930845748158,-0.106142487597159,0.263188039565924,-0.403295255256354,0.686731031808806,0.927422381103085,44.4859915587317,74.0453965501256,47.0454778709554,50.7097955303906,55.0793098937888,44.4049910779977,42.7780047222136,58.4835198658452,50.0338579848849,48.864500693224,"ZNF132"
"ENSG00000154710",94.3512368645925,0.132171052680028,0.327741562756906,0.403278276847856,0.686743520593137,0.927422381103085,104.445371485718,84.437732908038,91.614877959229,76.0646932955859,136.321291987127,56.954227686997,126.587973157571,110.255816140528,48.9914859435332,107.838898081598,"RABGEF1"
"ENSG00000260027",29.0224127874345,-0.307745212372311,0.763189535440743,-0.403235629003466,0.686774891385893,0.927422381103085,12.5721280492068,35.0741352079542,82.5359260893955,0.905532063042689,20.6547412101708,33.7864062549982,28.809676649654,36.4323566377396,34.3982773646084,5.0549483475749,"HOXB7"
"ENSG00000002834",4023.77471381927,-0.134848044318422,0.334468617806974,-0.403170991654124,0.686822438191135,0.927422381103085,4517.26231675729,5891.15567289157,4296.82031221393,2300.95697219147,3515.43695397107,5317.98034453672,2156.36064620138,2437.13290981932,5565.2243287771,4239.41668083281,"LASP1"
"ENSG00000186153",28.0799371412688,0.177421721816038,0.440299620752413,0.402956789998701,0.686980012363348,0.927494509471847,43.5189047857157,20.7846727158247,28.8875741312884,10.8663847565123,34.424568683618,27.9944508969985,24.4445741269792,22.0511632281056,19.8050687856836,48.0220093019615,"WWOX"
"ENSG00000112874",30.6511073242808,-0.174900456173867,0.43418099123654,-0.402828451047002,0.687074429466961,0.927494509471847,37.7163841476203,31.1770090737371,32.1890111748642,30.7880901434514,26.1626721995497,14.4798883949993,19.2064510997694,20.1336707734877,32.3135332819049,62.3443629534237,"NUDT12"
"ENSG00000125753",615.452065886654,-0.15286526897224,0.379660863295934,-0.402636362476705,0.687215755359723,0.927494509471847,780.439025823836,724.865460964388,636.351990149239,478.12092928654,505.352668275512,677.658776885965,260.160110351421,368.158551286632,1237.29561308455,486.117532758453,"VASP"
"ENSG00000134146",35.072344414421,0.149155765931246,0.370485352640316,0.402595581359065,0.687245760779009,0.927494509471847,41.5847312396839,28.578924984259,43.7440408273796,17.2051091978111,48.1943961570652,25.0984732179987,29.682697154189,27.8036405919592,45.8643698194779,42.9670609543866,"DPH6"
"ENSG00000249936",9.36555706300883,-0.202983747346195,0.504231250088106,-0.402560823651305,0.687271334758187,0.927494509471847,10.637954503175,6.49521022369523,12.3803889134093,10.8663847565123,6.8849137367236,8.68793303699955,7.85718454081474,7.6699698184715,14.5932085789248,7.58242252136235,"RAC1P2"
"ENSG00000157578",18.3251728521347,-0.196301917507004,0.487787984871085,-0.40243286754774,0.687365485210158,0.927494509471847,25.1442560984135,24.6817988500419,14.0311074351972,16.2995771347684,5.50793098937888,9.6532589299995,31.428738163259,21.0924170007966,17.7203247029801,17.6923192165121,"LCA5L"
"ENSG00000160207",17.9813287292336,-0.165029904112668,0.410186220078466,-0.402329225201906,0.68744174908649,0.927494509471847,18.3746486873022,24.6817988500419,15.6818259569851,18.1106412608538,27.5396549468944,10.6185848229995,21.8255126133743,13.4224471823251,13.550836537573,16.0073364339872,"HSF2BP"
"ENSG00000146143",143.469211078966,0.163415172139041,0.406213892211582,0.402288487105517,0.687471726557203,0.927494509471847,96.7086773015905,263.705535082026,123.803889134093,52.520859656476,144.583188471196,178.585290204991,137.937239716525,147.646919005576,80.2626471840863,208.937865033096,"PRIM2"
"ENSG00000259291",12.0913437976028,-0.200190244119568,0.497679028239908,-0.4022476993406,0.687501741069107,0.927494509471847,4.83543386507953,14.2894624921295,12.3803889134093,20.8272374499818,13.7698274734472,8.68793303699955,13.9683280725595,12.4637009550162,10.4237204135177,9.26740530388731,"ZNF710-AS1"
"ENSG00000185730",43.2357843872333,-0.11387607356291,0.283198636917459,-0.402106714927798,0.687605491128384,0.927516527629873,56.0910328349225,51.9616817895618,39.6172445229098,34.4102183956222,38.5555169256522,38.613035719998,44.5240457312835,40.2673415469754,34.3982773646084,53.9194490407989,"ZNF696"
"ENSG00000171488",36.1679954208346,-0.245990932217665,0.611862160031243,-0.402036517841052,0.687657151173741,0.927516527629873,25.1442560984135,41.5693454316495,30.5382926530763,62.4817123499455,11.0158619787578,64.6768348309966,9.60322554988468,28.7623868192681,76.0931590186792,11.7948794776748,"LRRC8C"
"ENSG00000164442",6039.23757309862,-0.129172490994933,0.32163930656601,-0.401606670447237,0.687973519964267,0.927768051316574,7623.54503168438,7768.27142753949,7726.18804122831,2348.04463946969,5758.54184939562,5229.17036238073,4981.45499887655,4598.14690617367,6293.84238568198,8065.17008855575,"CITED2"
"ENSG00000224631",59.9854993234221,0.186294178888358,0.463886717687585,0.401594121549784,0.687982756805947,0.927768051316574,41.5847312396839,18.1865886263466,48.6961963927434,112.285975817293,68.849137367236,43.4396651849978,71.5876813718676,67.1122359116257,96.9405998457146,31.1721814767119,"RPS27AP16"
"ENSG00000196950",172.088889022603,-0.169721559685405,0.422873508897875,-0.401353019553639,0.688160233304188,0.927883342190118,182.779400100006,87.0358169975161,129.581403960351,337.763459514923,101.896723303509,112.943129480994,87.3020504534971,259.820227600722,235.5760813455,186.190597469009,"SLC39A10"
"ENSG00000108771",56.6655419325079,0.161974065434513,0.403646780899542,0.401276742684651,0.688216384701366,0.927883342190118,58.0252063809543,50.6626397448228,29.7129333921824,73.3480971064578,64.7181891252018,33.7864062549982,79.4448659126824,91.0808915943491,26.0593010337942,59.8168887796363,"DHX58"
"ENSG00000196670",117.047038312928,-0.0743726492071655,0.185378061001369,-0.401194449901038,0.688276966655682,0.927883342190118,115.083325988893,110.418573802819,121.327811351411,134.924277393361,122.55146451368,119.700410731994,111.746624580476,99.7096076401295,127.169389044916,107.838898081598,"ZFP62"
"ENSG00000180822",145.336342140353,0.117362680223172,0.292879974847367,0.400719374154328,0.688626745008037,0.92821354604695,189.549007511117,80.5406067738208,132.057481743033,150.318322465086,143.206205723851,120.665736624994,191.191490493159,205.171692644113,130.296505168971,110.366372255385,"PSMG4"
"ENSG00000171612",131.301854711048,0.103719286406808,0.258920060976729,0.400584203539679,0.688726277636184,0.92821354604695,106.37954503175,102.624321534385,125.454607655881,167.523431662897,122.55146451368,131.284321447993,146.667444761875,150.523157687503,174.076130905746,85.9341219087733,"SLC25A33"
"ENSG00000135336",144.039735911076,0.0930535721872938,0.232298139153997,0.400578207497418,0.688730692935489,0.92821354604695,111.214978896829,137.698456742339,176.626881831306,128.585552952062,106.027671545543,170.862683060991,130.953075680246,155.316888824048,182.41510723656,140.696062340835,"ORC3"
"ENSG00000182511",39.1264133120885,-0.211888432072102,0.529274962727772,-0.400337153641415,0.688908206290534,0.928269602366966,62.8606402460339,22.0837147605638,33.8397296966522,50.7097955303906,85.3729303353726,19.306517859999,48.0161277494234,36.4323566377396,20.8474408270354,11.7948794776748,"FES"
"ENSG00000125656",554.341441974143,0.105395312157506,0.263508527977683,0.399969264624451,0.689179154760636,0.928269602366966,514.490163244462,605.353592848395,671.017079106786,330.519203010581,508.106633770202,457.564473281976,708.892649682397,781.378175256785,534.736857213458,431.355592326391,"CLPP"
"ENSG00000214832",8.083471825722,0.282339341570713,0.705911507232861,0.399964214604561,0.689182874353187,0.928269602366966,8.70378095714315,0,4.95215556536373,14.488513008683,11.0158619787578,8.68793303699955,8.73020504534971,11.5049547277073,9.38134837216593,3.36996556504993,"UPF3AP2"
"ENSG00000124541",364.897246900009,-0.0948212268459417,0.237151701775863,-0.399833634487511,0.689279055757245,0.928269602366966,471.938345231762,416.992496361234,396.172445229098,232.721740201971,338.737755846801,420.882089347978,300.31905356003,305.840046511551,432.584397160984,332.784099548681,"RRP36"
"ENSG00000107872",55.2578841541402,0.209154147699201,0.523192807922355,0.399764951910885,0.689329647301943,0.928269602366966,80.2682021603202,66.2511442816913,46.2201186100615,9.96085269346958,42.6864651676863,29.9251026829984,69.8416403627977,95.8746227308938,28.1440451164978,83.4066477349858,"FBXL15"
"ENSG00000070718",104.533353733451,-0.106238543674145,0.265808908811503,-0.399680146723311,0.689392116668658,0.928269602366966,102.511197939686,88.3348590422551,89.1388001765472,156.657046906385,74.3570683566149,92.6712857279952,95.1592349943119,109.297069913219,138.635481499785,98.5714927777105,"AP3M2"
"ENSG00000162062",22.4477405744083,-0.277012145551194,0.693184472492887,-0.399622548605251,0.689434545916923,0.928269602366966,14.5063015952386,42.8683874763885,39.6172445229098,3.62212825217076,5.50793098937888,38.613035719998,13.0953075680246,9.58746227308938,42.7372536954226,14.3223536514622,"C16orf59"
"ENSG00000167535",256.987191841484,-0.0646263264363295,0.161796526555938,-0.399429628138441,0.689576666534032,0.928269602366966,232.100825523817,285.78924984259,269.067119051429,268.037490660636,289.166376942391,251.950058072987,235.715536224442,252.150257782251,266.847242586053,219.047761728246,"CACNB3"
"ENSG00000149591",5402.09589946679,0.149770596122449,0.37500695907823,0.39938084479975,0.689612605970812,0.928269602366966,5179.71675627319,4073.79585230165,5544.76351468559,5478.46898140827,5579.5340922408,6595.10650097566,2311.7582960086,3741.02777895948,11589.092355749,3927.6948660657,"TAGLN"
"ENSG00000169230",817.284841431819,0.0885991500380586,0.221842187164099,0.399379176569879,0.689613834993828,0.928269602366966,820.089583517488,1041.83171988071,774.18698671853,515.24774387129,660.951718725466,969.18719657195,872.147484030436,881.087782896914,889.143351273059,748.974846832347,"PRELID1"
"ENSG00000105401",1586.04201344041,-0.0686255613456485,0.171849299443147,-0.399335706156614,0.689645860927959,0.928269602366966,1695.30311309688,1726.42687745819,1714.27118487674,1389.99171677053,1543.59765977343,1766.54638418991,1519.05567789085,1315.39982386786,1885.65102280535,1304.17667367432,"CDC37"
"ENSG00000197070",139.247963740084,-0.10394128689952,0.260313122992499,-0.399293303789817,0.689677100536422,0.928269602366966,137.326321768259,185.763012397684,122.153170612305,136.735341519446,161.106981439332,126.457691982993,173.731080402459,143.811934096341,78.1779031013827,127.216200080635,"ARRDC1"
"ENSG00000135679",819.866862518084,0.0862681392012779,0.216151136540872,0.399110273403377,0.689811952794877,0.928355553534623,625.705142141291,1071.70968690971,631.399834583876,835.806094188402,739.439735324115,874.585259057955,849.448950912527,1049.82711890329,690.050291374871,830.696511784808,"MDM2"
"ENSG00000106785",122.570627991506,-0.178499888554104,0.447348315900232,-0.399017683110969,0.689880174783058,0.928355553534623,243.705866800008,110.418573802819,94.0909557419109,77.8757574216713,243.725946280015,85.9140044769955,58.4923738038431,78.6171906393329,151.143945996007,81.7216649524609,"TRIM14"
"ENSG00000129680",293.350166162869,0.112509266541183,0.282351103618851,0.39847291226834,0.690281621560274,0.928774680158352,311.401940911122,129.904204473905,306.208285791657,370.36261378446,260.249739248152,307.938959866984,396.351309058877,301.046315375007,276.228590958219,273.809702160307,"MAP7D3"
"ENSG00000205323",27.3760708973274,0.14430611646419,0.362239748463049,0.398371843720818,0.690356109514668,0.928774680158352,29.0126031904772,16.8875465816076,19.8086222614549,37.1268145847502,22.0317239575155,20.2718437529989,30.555717658724,38.3498490923575,30.2287891992013,29.4871986941869,"SARNP"
"ENSG00000162618",248.086298864206,-0.233587713374886,0.586511184336846,-0.398266426306939,0.690433805797781,0.928774680158352,154.733883682545,49.3635977000837,430.012174925751,455.482627710473,108.781637040233,414.124808096979,151.03254728455,136.141964277869,482.618255145869,98.5714927777105,"ADGRL4"
"ENSG00000177854",25.9764922660952,0.184964100997202,0.464480606120765,0.398217059140487,0.690470192229891,0.928774680158352,20.308822233334,27.27988293952,21.4593407832428,27.1659618912807,31.6706031889286,9.6532589299995,55.8733122902382,25.8861481373413,17.7203247029801,22.747267564087,"TMEM187"
"ENSG00000165506",79.8514349204154,-0.125572358598034,0.315490649335807,-0.398022441750328,0.690613643372493,0.928783654768255,122.82002017302,92.2319851764723,81.7105668285016,39.8434107738783,72.9800856092701,60.8155312589968,68.0955993537277,76.699698184715,94.855855763011,88.4615960825607,"DNAAF2"
"ENSG00000019549",1152.35195605637,-0.103384193106653,0.259754775170493,-0.398006901081206,0.690625098772213,0.928783654768255,1351.98730867624,1060.01830850706,1573.96011052477,821.317581179719,1531.20481504733,964.36056710695,873.893525039506,1005.72479244708,1453.06662564437,887.985926390657,"SNAI2"
"ENSG00000147408",52.9400869656511,0.227780297867946,0.57255446928771,0.397831665083879,0.690754274329704,0.928783654768255,29.0126031904772,55.858807923779,78.4091297849257,28.977026017366,17.9007757154814,19.306517859999,57.6193532993081,25.8861481373413,131.338877210323,85.0916305175108,"CSGALNACT1"
"ENSG00000132824",844.79779399261,0.136557391743977,0.343280663982751,0.397801000964153,0.690776879371335,0.928783654768255,670.191133700023,450.767589524449,552.99070479895,1514.95514147042,648.558873999363,878.446562629954,853.814053435202,1231.98890209199,650.440153803504,995.824824472255,"SERINC3"
"ENSG00000136630",138.036769518888,0.146693670272328,0.36882203914645,0.397735641318548,0.690825062255462,0.928783654768255,146.030102725402,113.016657892297,103.169907611744,156.657046906385,158.353015944643,49.2316205429974,150.159526780015,176.409305824845,99.0253439284181,228.315167032133,"HLX"
"ENSG00000172053",1513.49246587586,0.121859380420878,0.306471405476298,0.397620718420672,0.690909786019527,0.928803932682434,1321.04053193973,1314.63054927591,1270.2279025158,1842.75774829187,2693.37825380627,1017.45349122195,1763.50141916064,1775.59801297615,1145.56687344559,990.76987612468,"QARS"
"ENSG00000089050",272.97544027074,0.120819102501341,0.303976069141334,0.397462546451859,0.691026400309633,0.92886707326442,303.665246726994,285.78924984259,305.382926530763,143.074065960745,231.333101553913,383.23437952098,158.889731825365,261.73772005534,313.753984446883,342.893996243831,"RBBP9"
"ENSG00000213799",38.3602461792345,0.132839882271885,0.334772464061476,0.396806477630404,0.69151017361329,0.929095098146383,39.6505576936521,53.2607238343009,32.1890111748642,20.8272374499818,38.5555169256522,40.5436875059979,26.1906151360491,41.2260877742843,44.8219977781261,46.3370265194366,"ZNF845"
"ENSG00000196922",294.881493287589,-0.0793852943644564,0.200151513505365,-0.396626000843749,0.691643276035371,0.929095098146383,293.027292223819,335.152847542674,307.033645052551,282.526003669319,371.785341783074,322.418848261983,238.334597738047,227.222855872218,316.881100570938,254.43240016127,"ZNF252P"
"ENSG00000164296",53.5787567183269,-0.139557307684448,0.351918131283785,-0.396561857086895,0.691690584632678,0.929095098146383,71.564421203177,64.9521022369523,46.2201186100615,44.3710710890918,70.2261201145807,32.8210803619983,60.238414812913,41.2260877742843,29.1864171578495,74.981733822361,"TIGD6"
"ENSG00000143434",31.3824488421989,-0.142495409028293,0.359409109175943,-0.396471334171269,0.691757350966697,0.929095098146383,20.308822233334,33.7750931632152,28.8875741312884,49.8042634673479,37.1785341783074,19.306517859999,38.4129021995387,28.7623868192681,31.2711612405531,26.117233129137,"SEMA6C"
"ENSG00000173621",124.307712751666,-0.150383519220486,0.379528367167091,-0.396237889523231,0.691929542108943,0.929095098146383,170.207272050799,179.267802173988,142.787152134654,37.1268145847502,99.1427578088198,96.532589299995,162.381813843505,137.100710505178,111.533808424639,106.996406690335,"LRFN4"
"ENSG00000102024",782.289076024857,0.137018241470786,0.345810401609934,0.396223597765978,0.691940084371684,0.929095098146383,659.553179196848,862.563917706726,681.746749498407,748.875016136304,850.975337859037,392.88763845098,401.589432086087,786.171906393329,1355.0836537573,1083.44392916355,"PLS3"
"ENSG00000164543",782.395610975424,0.110227352358352,0.278233102272277,0.396169080738941,0.691980299206516,0.929095098146383,839.431318977806,819.695530230338,828.660697937531,499.853698799564,677.475511693602,954.707308176951,626.828722256109,488.960575927558,1163.28719814857,925.055547606206,"STK17A"
"ENSG00000267508",25.3441138552086,0.151218347626497,0.381702874333168,0.396167694284918,0.691981321944549,0.929095098146383,18.3746486873022,22.0837147605638,31.3636519139703,22.6383015760672,38.5555169256522,29.9251026829984,28.809676649654,28.7623868192681,13.550836537573,19.3773019990371,"ZNF285"
"ENSG00000164032",1567.35481992855,-0.158946693839394,0.401255839444815,-0.396123067166613,0.692014242089336,0.929095098146383,1751.3941459318,1923.88126825853,2316.78344532933,696.354156479828,802.780941701972,2616.03317002986,1325.24512588409,827.397994167614,2196.27789112818,1217.40006037429,"H2AFZ"
"ENSG00000172197",12.4531070156029,-0.203890269715436,0.514884351341343,-0.395992360584031,0.69211066393337,0.929095098146383,8.70378095714315,19.4856306710857,12.3803889134093,13.5829809456403,16.5237929681366,11.5839107159994,3.49208201813988,11.5049547277073,10.4237204135177,16.8498278252497,"MBOAT1"
"ENSG00000167657",422.970649300249,-0.0935449185720811,0.236319808418251,-0.39584036225402,0.692222798910423,0.929095098146383,550.27237384605,442.973337256015,424.234660099493,340.480055704051,486.074909812686,258.707339323987,477.542215980629,348.983626740453,447.177605739909,453.260368499216,"DAPK3"
"ENSG00000172890",336.19808080263,-0.148192568259122,0.374485636628289,-0.395722969760297,0.692309408457339,0.929095098146383,292.060205450803,211.743853292464,198.911581875443,725.331182497194,335.983790352112,222.024955389988,401.589432086087,418.013355106697,238.703197469555,317.619254505956,"NADSYN1"
"ENSG00000185104",329.477554170083,-0.113787840472424,0.287726013021936,-0.395472898947613,0.692493918503146,0.929095098146383,469.037084912714,350.741352079542,380.490619272113,180.200880545495,360.769479804317,389.02633487898,318.652484155264,213.800408689893,370.042074679878,262.014822682632,"FAF1"
"ENSG00000254560",25.2776701473024,-0.218155246378016,0.551649642285632,-0.395459780367373,0.692503598304683,0.929095098146383,13.5392148222227,16.8875465816076,26.4114963486066,53.4263917195186,24.785689452205,8.68793303699955,37.5398816950038,34.5148641831218,8.33897633081416,28.6447073029244,"BBOX1-AS1"
"ENSG00000100968",995.88051142409,-0.162762702757346,0.411702401589881,-0.39534066871799,0.692591489467374,0.929095098146383,551.239460619066,992.468122180631,643.780223497285,2068.2352319895,1269.57809305183,488.454901857975,1284.21316217094,1237.74137945584,519.101276593181,903.993262824644,"NFATC4"
"ENSG00000242071",64.4681128849052,0.167796314581873,0.424463207821738,0.395314155596597,0.692611053768283,0.929095098146383,39.6505576936521,36.3731772526933,51.9976334363192,111.380443754251,77.1110338513043,34.7517321479982,80.3178864172174,92.039637821658,86.5168794321969,34.5421470417618,"RPL7AP6"
"ENSG00000099984",13.0695258120012,-0.303654803031822,0.768227464472279,-0.395266788906606,0.692646006639149,0.929095098146383,1.93417354603181,15.5885045368685,13.2057481743033,28.0714939543234,15.1468102207919,6.75728125099965,4.36510252267486,1.91749245461788,30.2287891992013,13.4798622601997,"GSTT2"
"ENSG00000144504",79.6021920501844,-0.109898325783732,0.278053205762007,-0.395242074201429,0.692664244396636,0.929095098146383,57.0581196079384,85.736774952777,80.8852075676076,109.569379628165,68.849137367236,94.6019375139951,74.2067428854726,101.627100094747,55.2457181916438,68.2418026922611,"ANKMY1"
"ENSG00000051128",409.790623508655,0.121419238387279,0.307324380704612,0.395084952612277,0.692780193520108,0.929095098146383,518.358510336525,423.487706584929,434.964330491114,181.106412608538,320.83698013132,353.309276837982,592.780922579245,513.887977837591,338.770913439325,420.403204239979,"HOMER3"
"ENSG00000108239",135.346837958338,-0.0996296351356089,0.252192357615196,-0.395054140727085,0.692802932239519,0.929095098146383,170.207272050799,132.502288563383,122.153170612305,138.546405645531,158.353015944643,121.631062517994,78.5718454081474,119.843278413617,149.059201913303,162.600838513659,"TBC1D12"
"ENSG00000234127",267.118012295199,-0.0906168667335866,0.229504026607469,-0.394837807741704,0.692962590602987,0.929095098146383,205.989482652388,375.423150929584,242.655622702823,286.14813192149,279.527497710978,278.013857183986,247.937823287932,192.707991689097,245.999801759018,316.776763114694,"TRIM26"
"ENSG00000146232",30.7013297920721,0.129501961340992,0.328038043721073,0.394777263856342,0.693007275726192,0.929095098146383,37.7163841476203,37.6722192974323,20.6339815223489,20.8272374499818,37.1785341783074,27.9944508969985,33.1747791723289,26.8448943646503,31.2711612405531,33.6996556504993,"NFKBIE"
"ENSG00000147155",54.347567803497,0.117158973544602,0.296870869183702,0.394646244229861,0.693103979951334,0.929100575190424,54.1568592888907,35.0741352079542,42.9186815664857,74.2536291695005,49.5713789044099,54.0582500079972,72.4607018764026,59.4422660931542,59.4152063570509,42.1245695631242,"EBP"
"ENSG00000143761",4641.1707727625,0.101222728471768,0.256530913797416,0.394582964576754,0.69315068779671,0.929100575190424,4840.26929894461,5231.24231416414,5534.85920355486,2183.23780399592,4179.14263819122,5632.67658565471,4730.89811407501,4289.43062098019,4987.75021786822,4802.20093019615,"ARF1"
"ENSG00000131966",495.353898155155,0.101913942004037,0.258477734244072,0.394285187859946,0.693370497779205,0.929203581978139,644.079790828593,458.561841792883,521.62705288498,274.376215101935,393.81706574059,523.206634005973,469.685031439815,453.486965517128,548.287693751031,666.410690488624,"ACTR10"
"ENSG00000015676",482.611442392983,-0.100555534889473,0.255076947173518,-0.394216474690163,0.693421223478365,0.929203581978139,505.786382287319,571.57849968518,520.801693624086,414.733684873552,366.277410793695,443.084584886977,342.224037777709,423.765832470551,466.982674525593,770.879623005172,"NUDCD3"
"ENSG00000160584",240.844923926993,-0.0987200619645095,0.250434132402914,-0.394195715325587,0.69343654880621,0.929203581978139,253.376734530167,309.172006647893,188.181911483822,252.64344558891,280.904480458323,321.453522368983,154.52462930269,208.04793132604,230.364221138741,209.780356424358,"SIK3"
"ENSG00000164715",52.7280816492725,-0.139611788698498,0.354387691461286,-0.3939521379053,0.693616375999993,0.929351176081164,37.7163841476203,58.4568920132571,30.5382926530763,96.8919307455677,39.9324996729969,55.0235759009971,43.6510252267486,61.359758547772,53.1609741089403,50.549483475749,"LMTK2"
"ENSG00000126860",13.4334599475215,0.340023268961724,0.863722761716465,0.393671770657057,0.693823385577752,0.929387443848634,14.5063015952386,3.89712613421714,4.12679630446978,23.5438336391099,33.0475859362733,0.96532589299995,26.1906151360491,5.75247736385363,2.08474408270354,20.2197933902996,"EVI2A"
"ENSG00000137574",80.7945842718011,-0.10438929436754,0.265219882819492,-0.393595281235335,0.693879865624671,0.929387443848634,98.6428508476224,66.2511442816913,66.8541001324104,105.041719312952,81.2419820933385,95.567263406995,64.6035173355879,55.6072811839184,86.5168794321969,87.6191046912982,"TGS1"
"ENSG00000105176",1104.79246426261,0.0633719573551681,0.161069320190652,0.393445240100081,0.693990661443822,0.929387443848634,1195.31925144766,897.638052914681,1226.48386168842,981.596756338275,1213.1218004107,1165.14835285094,1095.64073319139,1094.88819158681,1222.70240450563,955.385237691656,"URI1"
"ENSG00000179820",686.812724382292,0.111334228615544,0.283031343656467,0.393363601279008,0.694050949259724,0.929387443848634,440.024481722237,654.717190548479,729.617586630256,796.868215477566,503.975685528167,633.253785807967,832.861561326363,1047.90962644867,784.906147137882,443.992963195329,"MYADM"
"ENSG00000186522",1133.57043367667,-0.102014343625578,0.259340823092797,-0.393360144419203,0.69405350208953,0.929387443848634,1431.28842406354,1192.52059707044,1338.73272117,765.174593271072,1056.1457672134,1385.24265645493,742.94044935926,911.7676621708,1491.63439117438,1020.25707481887,"SEPT10"
"ENSG00000135503",216.893068774178,-0.0961556174773312,0.244453547382902,-0.393349241632059,0.694061553627682,0.929387443848634,197.285701695245,190.95918057664,215.418767093322,297.920048741045,232.710084301258,185.34257145599,151.03254728455,298.17007669308,192.838827650077,207.252882250571,"ACVR1B"
"ENSG00000099899",177.230234610738,-0.0897567119427024,0.228298374646537,-0.393155282343417,0.69420479530572,0.92948593062869,173.108532369847,172.772591950293,159.294337352533,230.005144012843,190.023619133571,135.145625019993,210.397941592928,212.841662462584,148.016829871951,140.696062340835,"TRMT2A"
"ENSG00000164050",95.8468107022037,-0.202693071507829,0.515896332493544,-0.392894965017735,0.694397060500392,0.929650029702241,48.3543386507953,58.4568920132571,53.6483519581071,255.360041778038,92.2578440720962,51.1622723289973,86.4290299489622,180.24429073408,54.203346150292,78.3516993874109,"PLXNB1"
"ENSG00000163820",133.786712604839,-0.161167753718331,0.410488574326321,-0.392624213677162,0.694597052914119,0.929759187302196,153.766796909529,248.117030545158,88.3134409156532,82.4034177368847,129.436378250404,98.4632410859949,89.921111967102,108.33832368591,81.305019225438,257.80236572632,"FYCO1"
"ENSG00000102882",691.964775907129,-0.124727671104754,0.317699939485194,-0.392595828966366,0.694618020715235,0.929759187302196,660.520265969863,1267.86503566531,656.985971671588,328.708138884496,695.376287409083,602.363357231969,717.622854727746,807.264323394126,523.270764758588,659.670759358524,"MAPK3"
"ENSG00000154864",31.997049788575,-0.316281392100875,0.806041234498062,-0.392388600687196,0.694771107435515,0.929764205768153,31.9138635095249,40.2703033869104,1.65071852178791,71.5370329803724,22.0317239575155,17.3758660739991,26.1906151360491,56.5660274112273,1.04237204135177,51.3919748670115,"PIEZO2"
"ENSG00000135931",71.4129721861497,-0.131348458180417,0.335006141671518,-0.392077761694313,0.695000758324105,0.929764205768153,72.5315079761929,76.6434806396037,69.3301779150922,83.3089497999274,66.0951718725465,76.260745546996,54.1272712811682,40.2673415469754,50.0338579848849,125.53121729811,"ARMC9"
"ENSG00000198727",1448.1225862102,0.223039203059652,0.568867490628042,0.392075846720317,0.695002173212394,0.929764205768153,558.976154803193,611.848803072091,414.330348968765,3679.17677214245,969.395854130683,779.01799565096,1999.21695538508,2606.830992053,810.965448171677,2051.46653772415,"MT-CYB"
"ENSG00000160271",525.79457971885,-0.0883701926159744,0.225449223972303,-0.391973815917108,0.695077560727017,0.929764205768153,423.584006580967,696.286535980129,457.249030535251,603.989886049474,670.590597956878,573.40358044197,512.463036162028,491.836814609485,392.974259589617,435.568049282704,"RALGDS"
"ENSG00000167965",490.665162378814,0.0876404640733178,0.223615022741609,0.391925654183743,0.695113147041596,0.929764205768153,477.740865869857,574.176583774658,537.308878841965,303.353241119301,457.158272118447,424.743392919978,603.257168633665,553.196573157257,540.991089461568,434.725557891441,"MLST8"
"ENSG00000157870",160.52419131172,0.15748428214276,0.401915574409179,0.391834236267813,0.695180696846574,0.929764205768153,205.989482652388,202.650558979291,155.167541048064,37.1268145847502,176.253791660124,213.337022352989,117.857768112221,119.843278413617,204.304920104947,172.710735208809,"FAM213B"
"ENSG00000129696",23.6854262390137,0.143743864086918,0.36697932645658,0.391694718813883,0.69528379264677,0.929764205768153,11.6050412761909,32.4760511184761,24.7607778268187,20.8272374499818,26.1626721995497,24.1331473249987,27.0636356405841,20.1336707734877,21.8898128683872,27.8022159116619,"TTI2"
"ENSG00000170955",956.684626863504,-0.219155014422972,0.559648514071651,-0.391594025379497,0.695358203111562,0.929764205768153,1397.44038700798,1844.63970352945,849.29467945988,89.6476742412262,718.784994113944,468.183058104976,1398.57884826502,872.459066851134,532.652113130754,1395.16574393067,"CAVIN3"
"ENSG00000188647",603.442125310075,-0.137777978751278,0.351875795492412,-0.391552873247425,0.695388614571292,0.929764205768153,624.738055368275,672.903779174826,728.792227369362,527.019660690845,421.356720687484,898.718406382953,217.382105629208,438.147025880185,833.897633081416,671.465638836199,"PTAR1"
"ENSG00000172819",1178.00374117661,-0.122421153518322,0.312772031133174,-0.391406971636144,0.695496439931259,0.92981515831628,1269.78493296988,1623.80255592381,1572.30939200298,488.081781980009,1376.98274734472,1456.67677253692,1029.29117484673,1001.88980753784,970.448370498498,990.76987612468,"RARG"
"ENSG00000164117",200.985937989213,0.111659295044905,0.285467194390407,0.391145803227389,0.695689466044744,0.929979994852035,179.878139780958,220.837147605638,268.241759790535,97.7974628086104,218.94025682781,242.296799142987,167.619936870714,186.955514325243,251.211661965776,176.080700773859,"FBXO8"
"ENSG00000183624",142.293057821332,0.119397956769255,0.305468671710723,0.390868091646149,0.69589474063053,0.930058308983482,193.417354603181,144.193666966034,133.708200264821,70.6315009173297,112.912585282267,135.145625019993,126.587973157571,136.141964277869,151.143945996007,219.047761728246,"HMCES"
"ENSG00000068308",510.784715916763,0.0731935627440118,0.187283153214917,0.390817654912176,0.695932024073121,0.930058308983482,443.892828814301,598.8583826247,545.562471450904,393.90644742357,553.547064432577,430.535348277978,564.844266434126,582.917706203834,463.855558401537,529.927085104102,"OTUD5"
"ENSG00000171757",18.2430559117363,-0.199286442339421,0.510095826517429,-0.390684322394886,0.696030588618565,0.930058308983482,35.7822106015885,7.79425226843427,21.4593407832428,13.5829809456403,17.9007757154814,12.5492366089993,13.9683280725595,9.58746227308938,31.2711612405531,18.5348106077746,"LRRC34"
"ENSG00000198860",737.553977220542,-0.103589240769592,0.265202583568803,-0.390604191616849,0.69608982685415,0.930058308983482,889.719831174633,658.614316682696,924.40237220123,604.895418112516,622.396201799813,1034.82935729595,676.590891014603,583.876452431143,919.372140472261,460.842791020578,"TSEN15"
"ENSG00000256268",14.5548567291489,-0.21699037698725,0.555770234563884,-0.390431807053366,0.69621727177879,0.930058308983482,32.8809502825408,11.6913784026514,9.07895186983351,9.96085269346958,12.3928447261025,17.3758660739991,10.4762460544197,4.79373113654469,16.6779526616283,20.2197933902996,"LINC02454"
"ENSG00000136631",148.484321633612,-0.108675803815445,0.278434954800568,-0.390309485004444,0.696307710394233,0.930058308983482,115.083325988893,107.820489713341,147.739307700018,249.926849399782,122.55146451368,149.625513414992,136.191198707455,139.018202959796,132.381249251675,184.505614686484,"VPS45"
"ENSG00000150907",64.7102332630953,0.144405105631255,0.370058660001238,0.390222203233324,0.696372244674928,0.930058308983482,59.9593799269861,55.858807923779,42.9186815664857,85.1200139260128,46.8174134097205,45.3703169709976,41.0319637131436,75.7409519574061,72.9660428946239,121.318760341798,"FOXO1"
"ENSG00000250539",7.3036049311033,-0.245924019277293,0.630222817775455,-0.390217574389561,0.696375667204697,0.930058308983482,7.73669418412724,5.19616817895618,6.60287408715164,12.6774488825976,2.75396549468944,5.7919553579997,3.49208201813988,12.4637009550162,10.4237204135177,5.89743973883738,"KRT8P33"
"ENSG00000114745",248.214232916585,-0.0913556067808764,0.234207965487766,-0.39006191181678,0.696490766455491,0.9301188897784,261.113428714294,188.361096487162,208.815893006171,371.268145847502,279.527497710978,264.499294681986,200.794716043043,239.686556827235,217.85575664252,250.219943204957,"GORASP1"
"ENSG00000087253",80.1334241502379,-0.172495179592077,0.442430745849039,-0.389880633772531,0.69662481498006,0.930204761452649,61.893553473018,45.4664715658666,48.6961963927434,187.445137049837,67.4721546198913,102.324544657995,56.7463327947731,104.503338776674,41.6948816540708,85.0916305175108,"LPCAT2"
"ENSG00000213888",17.4404469119193,-0.197071986092488,0.505847067398255,-0.389588076700922,0.696841170282449,0.930400509366005,19.3417354603181,36.3731772526933,9.07895186983351,11.771916819555,11.0158619787578,8.68793303699955,20.0794716043043,24.9274019100324,14.5932085789248,18.5348106077746,"LINC01521"
"ENSG00000196878",22.8259688684596,0.219867819210017,0.564791231249636,0.389290426346644,0.697061317538639,0.930601280481765,37.7163841476203,19.4856306710857,18.157903739667,7.24425650434151,56.4562926411335,22.2024955389988,24.4445741269792,20.1336707734877,11.4660924548695,10.9523880864123,"LAMB3"
"ENSG00000082068",129.398689471917,0.0819354092875512,0.210527415278305,0.389191161537025,0.697134741150613,0.9306061498074,129.589627584131,111.717615847558,130.406763221245,128.585552952062,110.158619787578,157.348120558992,167.619936870714,117.925785958999,112.576180465991,128.058691471897,"WDR70"
"ENSG00000014138",59.8977085863685,-0.114545472416151,0.294541972625187,-0.388893546801608,0.697354896071298,0.930616243695557,41.5847312396839,81.8396488185599,70.9808964368801,57.9540520347321,35.8015514309627,55.9889017939971,74.2067428854726,54.6485349566095,59.4152063570509,66.5568199097362,"POLA2"
"ENSG00000185386",214.302583617233,0.104055910229825,0.267643076799429,0.388786108253435,0.697434377983827,0.930616243695557,237.903346161913,148.090793100251,163.421133657003,269.848554786721,274.019566721599,273.187227718986,252.302925810607,169.698082233682,197.008315815484,157.545890166084,"MAPK11"
"ENSG00000164889",366.944855255299,-0.0848234463836367,0.218259889728631,-0.388635064780342,0.697546123977625,0.930616243695557,402.308097574617,406.600160003321,324.366189531324,386.662190919228,349.753617825559,464.321754532976,332.620812227824,281.871390828828,451.347093905316,269.597245203995,"SLC4A2"
"ENSG00000100105",98.6823434870005,-0.0865733254134795,0.222796360151664,-0.388576031289498,0.697589800313206,0.930616243695557,126.688367265084,88.3348590422551,90.7895186983351,102.325123123824,115.666550776956,90.7406339419953,100.397358021522,109.297069913219,83.3897633081416,79.1941907786734,"PATZ1"
"ENSG00000023909",674.898264213108,-0.111097520695131,0.286089401060965,-0.388331480590069,0.697770743506361,0.930616243695557,783.340286142883,735.2577973223,886.435846200108,420.166877251808,611.380339821056,503.900116145974,424.287965203996,627.020032660045,943.346697423351,813.846683959559,"GCLM"
"ENSG00000204519",25.003116657536,-0.15171291645617,0.390735988123,-0.388274745781574,0.697812724077621,0.930616243695557,23.2100825523817,27.27988293952,26.4114963486066,29.8825580804087,13.7698274734472,30.8904285759984,20.9524921088393,12.4637009550162,32.3135332819049,32.8571642592368,"ZNF551"
"ENSG00000158158",27.0424555405988,-0.196924556845636,0.507430470812489,-0.388081851943821,0.697955461598356,0.930616243695557,21.2759090063499,12.9904204473905,19.8086222614549,62.4817123499455,30.2936204415838,30.8904285759984,11.3492665589546,40.2673415469754,20.8474408270354,20.2197933902996,"CNNM4"
"ENSG00000116641",268.866021713569,-0.0924318518412699,0.238235024946694,-0.387985989305946,0.698026401977691,0.930616243695557,298.829812861915,279.294039618895,254.210652355338,285.242599858447,238.218015290637,216.233000031989,197.302634024903,221.470378508365,300.20314790931,397.655936675892,"DOCK7"
"ENSG00000204291",107.083366151137,0.255521153419396,0.658584932338981,0.387985119112741,0.698027045951151,0.930616243695557,73.4985947492088,122.10995220547,54.473711219001,134.018745330318,68.849137367236,116.804433052994,358.811427363873,95.8746227308938,35.4406494059602,10.9523880864123,"COL15A1"
"ENSG00000064115",127.613460511491,0.105904218680853,0.273126121851003,0.387748407084351,0.698202229217926,0.930616243695557,133.457974676195,89.6339010869942,94.0909557419109,170.240027852026,126.682412755714,159.278772344992,86.4290299489622,152.440650142121,145.932085789248,117.948794776748,"TM7SF3"
"ENSG00000205918",13.5254651809622,0.287624661352524,0.741819634888185,0.387728563420781,0.698216915631525,0.930616243695557,0.967086773015906,28.578924984259,12.3803889134093,6.33872444129882,9.63887923141304,24.1331473249987,16.5873895861645,15.339939636943,18.7626967443319,2.52747417378745,"PDPK2P"
"ENSG00000198695",682.362035393276,0.238155123063014,0.61433395793564,0.387663940738832,0.698264744046489,0.930616243695557,220.495784247626,236.425652142506,210.466611527959,1796.57561307669,402.078962224658,400.610245594979,933.258919347884,1607.81742319709,341.89802956338,673.993113009986,"MT-ND6"
"ENSG00000153443",199.321857086183,-0.0800577597159768,0.206526426666686,-0.387639301217284,0.698282980517278,0.930616243695557,192.450267830165,219.538105560899,179.102959613988,233.627272265014,173.499826165435,149.625513414992,226.112310674558,241.604049281852,203.262548063595,174.395717991334,"UBALD1"
"ENSG00000072682",350.493831184604,0.162337850769124,0.419475892659808,0.387001621809,0.698755007299136,0.930616243695557,176.009792688895,162.380255592381,224.497718963156,745.252887884133,257.495773753463,484.593598285975,433.891190753881,418.972101334006,256.423522172535,345.421470417618,"P4HA2"
"ENSG00000060069",131.398281330436,-0.112863454508805,0.29180353799145,-0.38677891051517,0.69891989141396,0.930616243695557,139.26049531429,194.856306710857,140.311074351972,76.9702253586286,147.337153965885,97.4979151929949,148.413485770945,115.049547277073,95.8982278043628,158.388381557347,"CTDP1"
"ENSG00000167280",79.559539111946,-0.15773354531425,0.407831576501117,-0.386761482932448,0.698932794509151,0.930616243695557,58.9922931539702,58.4568920132571,47.8708371318494,173.862156104196,72.9800856092701,44.4049910779977,78.5718454081474,101.627100094747,59.4152063570509,99.413984168973,"ENGASE"
"ENSG00000186056",7.92210103488002,-0.258094573962641,0.667330241294481,-0.386756897847146,0.698936189245236,0.930616243695557,4.83543386507953,5.19616817895618,5.77751482625769,19.0161733238965,11.0158619787578,3.8613035719998,11.3492665589546,9.58746227308938,5.21186020675885,3.36996556504993,"MATN1-AS1"
"ENSG00000057657",74.1647691688287,0.143752921576608,0.371852611114673,0.386585752741365,0.699062907107467,0.930616243695557,51.255598969843,70.1482704159085,86.6627223938653,71.5370329803724,52.3253443990994,70.4687901889964,98.6513170124517,96.8333689582027,29.1864171578495,114.578829211698,"PRDM1"
"ENSG00000131591",63.466860841283,0.123064116226327,0.318348307879288,0.386570662323078,0.699074080634068,0.930616243695557,42.5518180126998,72.7463545053866,69.3301779150922,57.0485199716894,50.9483616517546,55.9889017939971,96.0322554988468,91.0808915943491,45.8643698194779,53.0769576495364,"C1orf159"
"ENSG00000072818",50.3665527497541,-0.193990686300262,0.50184858211842,-0.386552225536598,0.69908773202896,0.930616243695557,40.617644466668,40.2703033869104,23.9354185659247,113.191507880336,28.9166376942391,28.9597767899985,64.6035173355879,94.9158765035849,39.6101375713672,28.6447073029244,"ACAP1"
"ENSG00000122140",310.71862071275,0.0943070314770313,0.244291092324755,0.386043676744716,0.699464321910567,0.930616243695557,295.928552542867,400.104949779626,289.701100573778,210.083438625904,313.952066394596,279.944508969985,423.414944699461,377.746013559722,258.508266255239,257.80236572632,"MRPS2"
"ENSG00000119718",136.576373423112,-0.0829882949879846,0.215124702351606,-0.385768319866616,0.69966825968495,0.930616243695557,171.174358823815,153.286961279207,136.184278047503,105.947251375995,103.273706050854,130.318995554993,147.54046526641,126.55450200478,144.889713747896,146.593502079672,"EIF2B2"
"ENSG00000166908",85.5787122907927,-0.132077625922489,0.342406883710824,-0.385732975024048,0.699694438731787,0.930616243695557,112.182065669845,100.026237444907,93.2655964810169,56.1429879086467,78.488016598649,125.492366089993,66.3495583446578,39.3085953196665,79.2202751427345,105.31142390781,"PIP4K2C"
"ENSG00000170469",24.2123775053512,0.160379617122922,0.41591163006948,0.385609839994447,0.699785644576737,0.930616243695557,27.0784296444454,18.1865886263466,23.1100593050307,21.7327695130245,34.424568683618,13.5145625019993,42.7780047222136,25.8861481373413,17.7203247029801,17.6923192165121,"SPATA24"
"ENSG00000100225",935.387063500447,0.0573492889379501,0.148743787429116,0.385557541119356,0.699824383548597,0.930616243695557,936.139996279397,836.583076811945,922.751653679442,955.336326510037,1113.97904260188,928.643509065952,1009.21170324243,984.632375446279,844.321353494933,822.271597872184,"FBXO7"
"ENSG00000172380",6041.05737692922,0.0995635222093323,0.258258124972498,0.385519418682122,0.699852622201228,0.930616243695557,6644.85321739229,6157.45929206308,7259.03469956233,3109.59710448859,6200.55331129327,6879.87763941064,4719.54884751605,5044.92264809963,7161.09592408666,7233.63108537968,"GNG12"
"ENSG00000169251",287.325004367327,-0.0736817677214042,0.191167807276162,-0.385429789519755,0.699919015362065,0.930616243695557,278.520990628581,229.930441918811,313.636519139703,361.307293154033,276.773532216289,275.117879504986,263.652192369561,237.769064372617,323.135332819049,313.406797549644,"NMD3"
"ENSG00000118804",26.4681746733113,0.209166880603416,0.542834325054854,0.385323607865584,0.699997672815565,0.930616243695557,33.8480370555567,35.0741352079542,26.4114963486066,1.81106412608538,30.2936204415838,27.9944508969985,27.9366561451191,36.4323566377396,18.7626967443319,26.117233129137,"STBD1"
"ENSG00000214100",9.71337287507606,0.450017971598255,1.16808728305657,0.385260569245029,0.700044372210759,0.930616243695557,0,5.19616817895618,24.7607778268187,1.81106412608538,2.75396549468944,0,10.4762460544197,41.2260877742843,4.16948816540708,6.73993113009986,"PLAC9P1"
"ENSG00000146376",281.915045763546,0.18206845624841,0.472614277070553,0.385236894189783,0.700061911129282,0.930616243695557,402.308097574617,263.705535082026,297.129333921824,80.5923536107993,235.464049795947,410.263504524979,185.080346961414,100.668353867438,288.73705545444,555.201826841976,"ARHGAP18"
"ENSG00000212719",149.519707730726,-0.115507970495035,0.299853978155456,-0.385214067212246,0.700078821927635,0.930616243695557,172.141445596831,138.997498787078,116.375655786048,199.217053869392,125.305430008369,180.515941990991,99.5243375169867,115.049547277073,233.491337262796,114.578829211698,"C17orf51"
"ENSG00000205659",105.486255894712,0.110288068502841,0.286306495192601,0.385209802623055,0.700081981258915,0.930616243695557,100.577024393654,89.6339010869942,137.009637308397,75.1591612325432,93.6348268194409,161.209424130992,96.9052760033818,72.8647132754793,125.084644962212,102.783949734023,"LIN52"
"ENSG00000005020",193.313703085568,0.123058460851667,0.319499606417692,0.385159976349984,0.700118894390762,0.930616243695557,207.92365619842,141.595582876556,207.990533745277,176.578752293324,163.860946934022,138.041602698993,148.413485770945,165.863097324446,197.008315815484,385.861057198217,"SKAP2"
"ENSG00000134317",12.6258787003991,0.241488619129799,0.626985835648965,0.385158013784865,0.700120348345536,0.930616243695557,14.5063015952386,9.09329431317332,4.95215556536373,17.2051091978111,2.75396549468944,22.2024955389988,13.0953075680246,25.8861481373413,7.29660428946239,9.26740530388731,"GRHL1"
"ENSG00000130706",468.139294159024,0.119167033833747,0.309447088074326,0.385096639866019,0.700165817405265,0.930616243695557,455.497870090491,566.382331506224,591.782590060966,167.523431662897,447.519392887034,519.345330433973,546.510835838892,409.384639060917,475.321650856407,502.12486919244,"ADRM1"
"ENSG00000213593",219.044249372461,0.138253457982841,0.359022252964589,0.385083255539811,0.700175733367938,0.930616243695557,176.009792688895,101.325279489646,170.849367005049,377.606870288801,154.222067702609,244.227450928987,247.064802783397,338.437418240055,214.728640518465,165.970804078709,"TMX2"
"ENSG00000126970",63.0413164023144,0.132327856259236,0.343761066930205,0.384941370588958,0.700280853932985,0.930616243695557,53.1897725158748,79.2415647290818,65.2033816106225,41.6544748999637,64.7181891252018,52.1275982219973,81.1909069217523,61.359758547772,32.3135332819049,99.413984168973,"ZC4H2"
"ENSG00000070614",3679.82030482153,-0.106577673294683,0.276881729390179,-0.384921293035175,0.700295729574032,0.930616243695557,3942.81277358585,3910.11655466453,2770.73103882101,4751.32673478499,5663.53003982883,3913.4311702218,2306.52017298139,3413.13656921982,3637.87842431768,2488.71956978938,"NDST1"
"ENSG00000175213",91.2316685119993,0.0853156963587453,0.221727016626015,0.384778082783871,0.700401838677712,0.930616243695557,81.2352889333361,84.437732908038,88.3134409156532,97.7974628086104,97.7657750614751,111.012477694994,110.873604075941,89.1633991397312,75.0507869773274,76.666716604886,"ZNF408"
"ENSG00000101546",139.421358375675,0.0720087250476677,0.187208800180604,0.384643910853547,0.700501256302612,0.930616243695557,164.404751412704,126.007078339687,132.882841003927,117.71916819555,144.583188471196,149.625513414992,155.397649807225,129.430740686707,129.254133127619,144.908519297147,"RBFA"
"ENSG00000105221",1839.74931355588,0.0808711608178655,0.210267482114124,0.384610877558195,0.700525733832126,0.930616243695557,1829.72817454609,2296.70633509863,1725.00085526837,1262.31169588151,2266.51360212941,1909.4146163539,2146.75742065149,1800.52541488619,1601.08345551632,1559.45156522686,"AKT2"
"ENSG00000168038",40.5011596024268,-0.172066580565586,0.447386982172461,-0.384603458352879,0.700531231474064,0.930616243695557,17.4075619142863,63.6530601922132,70.1555371759862,22.6383015760672,34.424568683618,50.1969464359974,28.809676649654,44.1023264562111,50.0338579848849,23.5897589553495,"ULK4"
"ENSG00000163281",165.837425002742,0.120050583877705,0.312233969269156,0.384489183411744,0.700615911353249,0.930616243695557,166.338924958736,154.586003323946,202.213018919019,107.75831550208,110.158619787578,186.30789734899,100.397358021522,166.821843551755,204.304920104947,259.487348508845,"GNPDA2"
"ENSG00000173848",130.03810724419,-0.177577859517003,0.461878689451833,-0.384468613885944,0.700631154153639,0.930616243695557,191.483181057149,132.502288563383,134.533559525715,100.514058997738,79.8649993459938,160.244098237992,44.5240457312835,50.8135500473737,262.677754420646,143.223536514622,"NET1"
"ENSG00000260439",11.9677379712929,-0.270154784125265,0.703025321631151,-0.384274614033041,0.700774921346932,0.930710797493794,7.73669418412724,18.1865886263466,6.60287408715164,20.8272374499818,17.9007757154814,18.341191966999,7.85718454081474,9.58746227308938,0,12.6373708689372,"LMF1-AS1"
"ENSG00000145723",24.9299660493264,0.16262217260422,0.423324309082044,0.384155053502261,0.700863529236834,0.930710797493794,21.2759090063499,22.0837147605638,28.0622148703945,21.7327695130245,13.7698274734472,22.2024955389988,21.8255126133743,16.2986858642519,50.0338579848849,32.0146728679744,"GIN1"
"ENSG00000196547",128.569736111365,-0.123241238290287,0.320865465589266,-0.384090067355663,0.70091169303649,0.930710797493794,123.787106946036,118.212826071253,66.8541001324104,231.816208138928,143.206205723851,115.839107159994,145.79442425734,119.843278413617,99.0253439284181,121.318760341798,"MAN2A2"
"ENSG00000251493",15.2800874872597,0.164784672275548,0.429182149467671,0.383950433353148,0.701015185376667,0.930755552749489,13.5392148222227,12.9904204473905,14.0311074351972,16.2995771347684,13.7698274734472,15.4452142879992,20.0794716043043,18.2161783188698,20.8474408270354,7.58242252136235,"FOXD1"
"ENSG00000155966",27.0709740815143,0.271128024493762,0.706513413605909,0.383754956767171,0.701160075807547,0.930762710709248,16.4404751412704,15.5885045368685,40.4426037838038,23.5438336391099,44.063447915031,23.1678214319988,16.5873895861645,54.6485349566095,0,36.2271298242868,"AFF2"
"ENSG00000107902",141.365383673276,0.123272805544907,0.321324311096444,0.38363983454681,0.701245411359159,0.930762710709248,188.581920738102,170.174507860815,112.248859481578,66.1038406021163,196.908532870295,98.4632410859949,156.27067031176,158.193127505975,116.745668631398,149.963467644722,"LHPP"
"ENSG00000105248",98.9948943968267,0.118061824967021,0.307897301297371,0.38344546856874,0.701389495729049,0.930762710709248,118.951673080956,96.1291113106894,116.375655786048,45.2766031521344,107.404654292888,81.0873750119958,137.937239716525,81.4934293212597,108.406692300584,96.8865099951856,"CCDC94"
"ENSG00000148331",171.135197953522,-0.0759028166601912,0.198023450011339,-0.383302162727925,0.701495735868541,0.930762710709248,178.911053007943,192.258222621379,168.373289222367,166.617899599855,180.384739902158,155.417468772992,125.714952653036,157.234381278666,209.516780311706,176.923192165121,"ASB6"
"ENSG00000164930",171.086884239386,-0.135978361220541,0.354823915147524,-0.3832277234301,0.701550923929219,0.930762710709248,153.766796909529,110.418573802819,138.660355830184,319.652818254069,166.614912428711,197.89180806499,93.4131939852419,157.234381278666,245.999801759018,127.216200080635,"FZD6"
"ENSG00000141480",82.5022346944069,0.10065692268751,0.262693495474518,0.383172497307889,0.701591868677492,0.930762710709248,100.577024393654,81.8396488185599,61.0765853061527,72.4425650434151,112.912585282267,88.8099821559954,81.1909069217523,95.8746227308938,68.7965547292168,61.5018715621613,"ARRB2"
"ENSG00000144597",160.130526228008,-0.0916427671837091,0.239406695271134,-0.382791162460687,0.701874614673603,0.930762710709248,175.042705915879,175.370676039771,186.531192962034,128.585552952062,119.797499018991,209.475718780989,116.111727103151,153.39939636943,184.499851319263,152.490941818509,"EAF1"
"ENSG00000187676",58.9415221118483,-0.133633969685107,0.34910910404473,-0.382785691168869,0.701878671739027,0.930762710709248,57.0581196079384,58.4568920132571,60.2512260452587,73.3480971064578,38.5555169256522,56.954227686997,35.7938406859338,36.4323566377396,95.8982278043628,76.666716604886,"B3GLCT"
"ENSG00000125266",44.1173229717972,0.313645700205178,0.819474605032229,0.382739987644697,0.701912562090683,0.930762710709248,2.90126031904772,123.408994250209,4.95215556536373,23.5438336391099,41.3094824203416,87.8446562629954,36.6668611904688,67.1122359116257,6.25423224811062,47.1795179106991,"EFNB2"
"ENSG00000165406",622.764567471059,0.0923426064548972,0.241280175212317,0.38271941063388,0.701927820672836,0.930762710709248,555.10780771113,743.052049590734,626.447679018512,470.876672782198,968.018871383338,702.757250103964,540.399692307147,585.793944885761,512.847044345071,522.344662582739,"MARCH8"
"ENSG00000100991",488.758179355801,-0.0694550525118292,0.181540654649112,-0.382586769041207,0.702026181994273,0.930800595412826,416.814399169855,496.234061090315,489.438041710115,609.42307842773,472.305082339239,446.945888458977,446.11347781737,430.477056061713,473.236906773703,606.593801708988,"TRPC4AP"
"ENSG00000196652",208.849557558689,0.070133895947622,0.183388698634368,0.382433031423882,0.702140193469173,0.930859220705602,183.746486873022,235.126610097767,209.641252267065,182.917476734623,229.956118806568,245.192776821987,196.429613520369,175.450559597536,230.364221138741,199.670459729208,"ZKSCAN5"
"ENSG00000185904",36.2315130180974,-0.329743762752615,0.862750981379052,-0.382200391387027,0.702312731548923,0.930956988498701,27.0784296444454,111.717615847558,23.1100593050307,3.62212825217076,57.8332753884782,38.613035719998,42.7780047222136,0.958746227308938,5.21186020675885,51.3919748670115,"LINC00839"
"ENSG00000004455",1125.32968175362,0.0687878643090103,0.180004444860462,0.382145365145479,0.702353544145905,0.930956988498701,1380.0328250937,1088.59723349132,1080.39527251019,824.034177368847,1191.09007645318,1274.23017875993,1107.86302025488,1044.07464153943,1221.66003246427,1041.31935960043,"AK2"
"ENSG00000156804",401.183298560448,0.13922025577035,0.364427064735072,0.382025017465593,0.70244280820973,0.930982781784078,306.566507046042,466.356094061317,297.954693182718,442.805178827875,334.606807604767,537.686522400972,296.82697154189,278.036405919592,226.194732973334,824.799072045971,"FBXO32"
"ENSG00000187778",589.414504571531,0.0847042122692178,0.221903529906917,0.381716380558476,0.702671748575163,0.931046053344462,572.515369625416,653.41814850374,663.58884575874,385.756658856186,645.804908504674,646.768348309966,722.860977754956,504.300515564501,644.185921555394,454.945351281741,"MCRS1"
"ENSG00000151247",268.730937009528,-0.124284799358342,0.325627077986065,-0.38167833009164,0.702699975479145,0.931046053344462,345.249977966678,293.583502111024,348.301608097249,143.979598023788,202.416463859674,276.083205397986,178.096182925134,184.079275643316,405.482724085838,310.036831984594,"EIF4E"
"ENSG00000172985",182.847791253987,0.154905859939961,0.406103965636404,0.381443849476348,0.702873928824522,0.931146351050333,146.997189498418,320.863385050544,165.071852178791,53.4263917195186,114.289568029612,211.406370566989,216.509085124673,153.39939636943,184.499851319263,262.014822682632,"SH3RF3"
"ENSG00000112619",24.795298962176,-0.169468890320924,0.444353357310475,-0.381383166196073,0.702918950260295,0.931146351050333,22.2429957793658,25.9808408947809,14.8564666960912,43.4655390260491,13.7698274734472,39.5783616129979,19.2064510997694,32.5973717285039,17.7203247029801,18.5348106077746,"PRPH2"
"ENSG00000117242",18.509678845724,-0.23656674191159,0.620438189948859,-0.381289781551147,0.702988235148873,0.931146351050333,6.76960741111134,15.5885045368685,17.3325444787731,41.6544748999637,12.3928447261025,12.5492366089993,23.5715536224442,36.4323566377396,14.5932085789248,4.21245695631242,"PINK1-AS"
"ENSG00000256628",20.2901463564302,-0.145115740444527,0.380741671517934,-0.381139631672,0.703099641051262,0.931146351050333,26.1113428714294,20.7846727158247,21.4593407832428,18.1106412608538,15.1468102207919,27.9944508969985,22.6985331179092,15.339939636943,12.5084644962212,22.747267564087,"ZBTB11-AS1"
"ENSG00000182628",441.624926993734,-0.0948114653623168,0.248806723663351,-0.381064723518492,0.703155222637045,0.931146351050333,538.667332569859,484.542682687664,490.263400971009,323.27494650624,410.340858708727,563.750321511971,349.208201813988,280.912644601519,521.186020675885,454.102859890478,"SKA2"
"ENSG00000261221",167.497007161318,-0.151975002050927,0.398940196106622,-0.380946827454584,0.703242704314277,0.931146351050333,189.549007511117,298.779670289981,140.311074351972,85.1200139260128,176.253791660124,96.532589299995,240.080638747117,209.006677553348,75.0507869773274,164.285821296184,"ZNF865"
"ENSG00000049239",539.573174210788,-0.130833049243153,0.343714381450562,-0.38064467564902,0.703466926060439,0.931146351050333,561.877415122241,579.372751953614,256.68673013802,878.366101151408,809.665855438695,340.760040228982,564.844266434126,559.90779674842,360.660726307712,483.590058584665,"H6PD"
"ENSG00000141425",506.117416714902,-0.0982022679972194,0.257994138053023,-0.380637594087649,0.703472181476769,0.931146351050333,584.120410901607,452.066631569188,619.019445670466,451.860499458302,430.995599918897,616.843245626968,291.58884851468,455.404457971746,694.219779540279,465.055247976891,"RPRD1A"
"ENSG00000247572",36.4590970749338,-0.150277096426857,0.395165729681562,-0.380288788068629,0.703731057292659,0.931146351050333,24.1771693253976,25.9808408947809,39.6172445229098,64.2927764760309,53.7023271464441,40.5436875059979,21.8255126133743,30.679879273886,25.0169289924425,38.7546039980742,"CKMT2-AS1"
"ENSG00000186281",9.57308438538838,-0.389208788611299,1.02346739049219,-0.380284503665649,0.7037342372917,0.931146351050333,9.67086773015905,23.3827568053028,11.5550296525154,0,16.5237929681366,0,1.74604100906994,18.2161783188698,10.4237204135177,4.21245695631242,"GPAT2"
"ENSG00000160216",886.090837860913,-0.0706450459657137,0.185868006476669,-0.380081797318795,0.703884697311009,0.931146351050333,1002.86898361749,974.281533554284,682.572108759301,988.841012842616,1067.16162919216,893.891776917954,794.448659126824,905.056438579638,825.558656750601,726.22757926826,"AGPAT3"
"ENSG00000161395",35.9011527565328,0.225895374178713,0.594385712401285,0.38004845921701,0.703909443830119,0.931146351050333,28.0455164174613,6.49521022369523,14.8564666960912,80.5923536107993,33.0475859362733,18.341191966999,43.6510252267486,73.8234595027882,28.1440451164978,32.0146728679744,"PGAP3"
"ENSG00000189046",125.497348501015,-0.114397556825185,0.301180731132224,-0.379830264689019,0.704071415052755,0.931146351050333,120.885846626988,80.5406067738208,163.421133657003,160.279175158556,115.666550776956,103.289870550995,169.365977879784,151.481903914812,116.745668631398,73.296751039836,"ALKBH2"
"ENSG00000167112",168.357519469405,-0.0912369894451626,0.240319572901533,-0.379648600168516,0.704206279384095,0.931146351050333,184.713573646038,206.547685113508,203.038378179913,105.041719312952,188.646636386227,159.278772344992,167.619936870714,127.513248232089,166.779526616283,174.395717991334,"TRUB2"
"ENSG00000130720",46.3854967304746,-0.267099264857472,0.703554375325196,-0.379642674717237,0.70421067848461,0.931146351050333,134.425061449211,14.2894624921295,45.3947593491675,11.771916819555,90.8808613247515,33.7864062549982,6.1111435317448,65.1947434570078,33.3559053232566,28.6447073029244,"FIBCD1"
"ENSG00000143919",22.1549461535283,-0.174161589095547,0.458773319868932,-0.379624493301625,0.704224176568893,0.931146351050333,38.6834709206362,23.3827568053028,23.9354185659247,9.05532063042689,22.0317239575155,23.1678214319988,13.9683280725595,12.4637009550162,31.2711612405531,23.5897589553495,"CAMKMT"
"ENSG00000198924",40.3589179805137,-0.134748831164767,0.355124955170387,-0.379440614360979,0.704360695565776,0.931146351050333,49.3214254238112,50.6626397448228,45.3947593491675,25.3548977651953,41.3094824203416,55.9889017939971,34.0477996768639,19.1749245461788,42.7372536954226,39.5970953893367,"DCLRE1A"
"ENSG00000102144",3518.32502738815,-0.10914017503459,0.287643256130265,-0.379428937437574,0.704369365297163,0.931146351050333,2997.96899634931,4719.41974853695,4397.51414204299,2603.40468124773,1867.18860539944,2966.44646918885,3691.13069317386,3670.08055813861,3168.81100570938,5101.28537409434,"PGK1"
"ENSG00000037897",85.4200777844718,-0.0805207386104276,0.212300258061397,-0.379277629456019,0.704481709967816,0.931146351050333,91.873243436511,81.8396488185599,79.2344890458197,99.6085269346958,88.1268958300621,90.7406339419953,80.3178864172174,72.8647132754793,97.9829718870663,71.6117682573111,"METTL1"
"ENSG00000166170",471.550660268341,-0.0901657777542683,0.23776285255651,-0.379225672912207,0.704520288671765,0.931146351050333,538.667332569859,578.073709908875,500.167712101737,341.385587767094,391.0631002459,544.443803651972,305.55717658724,444.858249471347,525.355508841292,545.934421538089,"BAG5"
"ENSG00000173065",172.130916202537,0.0782976819197167,0.206479664459652,0.379202872712034,0.704537218486116,0.931146351050333,144.09592917937,206.547685113508,188.181911483822,127.680020889019,206.547412101708,177.619964311991,155.397649807225,181.203036961389,164.69478253358,169.340769643759,"FAM222B"
"ENSG00000029725",738.462350183811,0.0849885280745539,0.224212481655889,0.379053509630166,0.704648128555448,0.931146351050333,868.443922168283,662.511442816913,737.045819978302,581.351584473406,819.304734670108,800.255165296958,582.304676524826,553.196573157257,1019.43985644203,760.769726310022,"RABEP1"
"ENSG00000168438",97.0248269003027,-0.097715155142134,0.257809309061474,-0.37902105047275,0.704672232044925,0.931146351050333,114.116239215877,83.1386908632989,99.8684705681686,106.852783439037,82.6189648406832,73.3647678679962,71.5876813718676,112.173308595146,91.7287396389557,134.798622601997,"CDC40"
"ENSG00000157837",307.08929366529,0.105434908871185,0.278200755516843,0.378988578500828,0.704696345346903,0.931146351050333,333.644936690487,218.23906351616,219.545563397792,402.961768053997,324.967928373354,252.915383965987,348.335181309454,473.620636290615,243.915057676314,252.747417378745,"SPPL3"
"ENSG00000137944",165.600338852016,0.10106573732634,0.266858849904946,0.378723573763206,0.704893145819354,0.931146351050333,198.252788468261,136.3994146976,113.074218742472,187.445137049837,122.55146451368,151.556165200992,186.826387970484,131.348233141324,231.406593180093,197.142985555421,"KYAT3"
"ENSG00000177479",828.813583058457,0.0722071993340023,0.190742251902004,0.378559016756809,0.705015360733312,0.931146351050333,748.525162314311,780.724268888167,779.139142283894,906.437595105732,1003.8204228143,1003.93892871995,701.908485646117,744.945818619045,954.812789878221,663.883216314837,"ARIH2"
"ENSG00000172932",217.94340411829,0.0948408616959952,0.25054434482879,0.378539223309171,0.705030061650488,0.931146351050333,185.680660419054,164.978339681859,179.102959613988,306.975369371472,239.594998037981,200.78778574399,255.795007828747,274.201421010356,210.559152353057,161.758347122397,"ANKRD13D"
"ENSG00000119771",245.895127854045,-0.117980076673898,0.311707261234486,-0.378496401420516,0.705061866544229,0.931146351050333,249.508387438104,250.715114634636,212.94268931064,319.652818254069,128.059395503059,175.689312525991,275.001458928516,387.333475832811,281.440451164978,178.608174947646,"KLHL29"
"ENSG00000148358",537.439912598203,-0.0996978029816772,0.263443318736814,-0.378441189777439,0.705102874380991,0.931146351050333,431.320700765094,462.4589679271,448.995437926312,896.476742412262,428.241634424208,592.710098301969,409.446616626901,647.153703433533,546.202949668327,511.392274496327,"GPR107"
"ENSG00000183287",395.826461799054,0.138484429430578,0.365947363151337,0.378427182089867,0.70511327857216,0.931146351050333,530.930638385732,137.698456742339,265.765682007854,557.807750834296,483.320944317997,360.066558088981,412.065678140506,488.001829700249,249.126917883073,473.480161889516,"CCBE1"
"ENSG00000047644",238.293097735062,0.121532900836057,0.321363145249628,0.378179335846531,0.705297375156473,0.931146351050333,180.845226553974,281.892123708373,193.959426310079,249.021317336739,221.6942223225,313.730915224984,143.175362743735,156.275635051357,414.864072458004,227.47267564087,"WWC3"
"ENSG00000165275",87.6249832663826,0.0855566252111028,0.22625706917307,0.378139014722489,0.705327326733179,0.931146351050333,72.5315079761929,68.8492283711694,92.440237220123,103.230655186867,96.3887923141304,85.9140044769955,103.016419535127,97.7921151855117,80.2626471840863,75.8242252136235,"TRMT10B"
"ENSG00000149970",9.29663987570092,0.285903856374593,0.75609939511617,0.378129989550733,0.705334030927386,0.931146351050333,5.80252063809543,5.19616817895618,17.3325444787731,4.52766031521344,2.75396549468944,8.68793303699955,6.1111435317448,21.0924170007966,2.08474408270354,19.3773019990371,"CNKSR2"
"ENSG00000160606",12.5901882279281,-0.207821510780776,0.549902584341415,-0.37792423003371,0.705486882065114,0.931146351050333,17.4075619142863,3.89712613421714,11.5550296525154,21.7327695130245,5.50793098937888,11.5839107159994,11.3492665589546,21.0924170007966,12.5084644962212,9.26740530388731,"TLCD1"
"ENSG00000108379",63.1909310752371,0.0954712744119396,0.252731351858346,0.377757938261061,0.705610422760115,0.931146351050333,49.3214254238112,61.0549761027352,66.8541001324104,65.1983085390736,77.1110338513043,60.8155312589968,65.4765378401228,75.7409519574061,43.7796257367743,66.5568199097362,"WNT3"
"ENSG00000246263",20.0865708596218,0.144335012558681,0.38220894199195,0.377633793198175,0.705702657081182,0.931146351050333,17.4075619142863,11.6913784026514,18.157903739667,28.0714939543234,17.9007757154814,19.306517859999,25.3175946315142,19.1749245461788,17.7203247029801,26.117233129137,"UBR5-AS1"
"ENSG00000164051",66.4359388362481,0.123840689973366,0.327980193185913,0.377585880325304,0.705738255394779,0.931146351050333,77.3669418412724,75.3444385948647,69.3301779150922,30.7880901434514,64.7181891252018,45.3703169709976,74.2067428854726,84.3696680031865,55.2457181916438,87.6191046912982,"CCDC51"
"ENSG00000183323",56.2468127050165,-0.129459785466638,0.342979017791125,-0.377456866896385,0.705834113013488,0.931146351050333,90.9061566634951,37.6722192974323,50.3469149145313,57.9540520347321,52.3253443990994,66.6074866169966,32.3017586677939,69.0297283662435,39.6101375713672,65.7143285184737,"CCDC125"
"ENSG00000103599",17.9748328423043,-0.167059118892103,0.442898640175568,-0.377194923935373,0.706028752294247,0.931146351050333,17.4075619142863,33.7750931632152,17.3325444787731,9.05532063042689,19.2777584628261,20.2718437529989,11.3492665589546,14.3811934096341,16.6779526616283,20.2197933902996,"IQCH"
"ENSG00000128311",109.529875338004,0.104230028165459,0.276352564765642,0.377163238032005,0.706052298118979,0.931146351050333,124.754193719052,141.595582876556,101.519189089956,52.520859656476,111.535602534922,100.393892871995,118.730788616756,116.008293504381,109.449064341936,118.79128616801,"TST"
"ENSG00000100445",59.903926205935,-0.143317362829069,0.379988853213199,-0.377162018351781,0.706053204470131,0.931146351050333,39.6505576936521,49.3635977000837,46.2201186100615,118.624700258592,57.8332753884782,44.4049910779977,86.4290299489622,66.1534896843167,40.652509612719,49.7069920844865,"SDR39U1"
"ENSG00000122863",259.765004049267,0.0950542324721452,0.252049722055055,0.377124924785207,0.706080769104705,0.931146351050333,268.850122898422,275.396913484678,223.672359702262,230.910676075886,213.432325838432,370.685142911981,210.397941592928,193.666737916405,363.787842431768,246.849977639908,"CHST3"
"ENSG00000081320",289.748857725786,-0.10178084682403,0.269892279007724,-0.377116556272871,0.706086987890961,0.931146351050333,307.533593819058,444.272379300754,262.464244964278,195.594925617221,302.936204415838,224.920933068988,263.652192369561,255.985242691486,240.787941552259,399.340919458417,"STK17B"
"ENSG00000154889",74.6788932929325,0.0869087785997698,0.230487700075817,0.377064713523463,0.706125513572075,0.931146351050333,71.564421203177,61.0549761027352,64.3780223497285,90.5532063042689,75.7340511039596,71.4341160819963,81.1909069217523,92.998384048967,68.7965547292168,69.0842940835236,"MPPE1"
"ENSG00000103507",906.534321096327,0.11856911224161,0.314454485027819,0.377062875192004,0.706126879697314,0.931146351050333,928.403302095269,1193.81963911518,860.024349851501,467.254544530028,1148.4036112855,638.080415272967,1362.78500757909,1095.84693781412,716.109592408666,654.615811010949,"BCKDK"
"ENSG00000132613",572.1589434785,0.140482941972232,0.372705258828794,0.376927716055555,0.706227323540088,0.93118673396482,510.621816152398,833.984992722467,573.624686321299,238.154932580227,1021.72119852978,703.722575996964,476.669195476094,310.633777648096,493.041975559387,559.414283798289,"MTSS1L"
"ENSG00000163364",348.466809634082,-0.0890436247950611,0.236491457197517,-0.376519413640773,0.706530785550725,0.931265012004494,397.472663709537,300.07871233472,449.820797187206,297.920048741045,316.706031889286,336.898736656983,390.240165527132,467.868158926762,260.593010337942,267.069771030207,"LINC01116"
"ENSG00000100325",480.297695357179,0.0641830992143582,0.170485697155419,0.376472045956132,0.706565993587274,0.931265012004494,420.682746261919,481.944598598186,487.787323188327,479.026461349582,545.285167948509,570.50760276297,517.701159189238,410.343385288225,487.830115352628,401.868393632204,"ASCC2"
"ENSG00000138709",136.556106152008,-0.108054058916722,0.287195101461626,-0.376239212879332,0.706739065753573,0.931401079046977,130.556714357147,88.3348590422551,122.153170612305,229.0996119498,122.55146451368,135.145625019993,163.25483434804,116.96703973169,152.186318037358,105.31142390781,"LARP1B"
"ENSG00000111144",353.274325126222,0.131797676198173,0.350521825618499,0.376004193078747,0.706913778756789,0.931482519660159,321.072808641281,244.219904410941,278.146070921263,491.70391023218,658.197753230776,175.689312525991,381.509960481782,404.590907924372,257.465894213887,320.146728679744,"LTA4H"
"ENSG00000124459",114.774128374295,-0.0965746534760571,0.256877950506826,-0.375955403278145,0.706950050881425,0.931482519660159,104.445371485718,135.100372652861,125.454607655881,112.285975817293,126.682412755714,144.798883949993,75.0797633900075,86.2871604578044,140.720225582489,96.8865099951856,"ZNF45"
"ENSG00000236810",6.47609453864914,0.264916911226143,0.705015900382945,0.375760193610169,0.707095183553656,0.931482519660159,6.76960741111134,5.19616817895618,4.95215556536373,6.33872444129882,5.50793098937888,10.6185848229995,11.3492665589546,2.87623868192681,1.04237204135177,10.1098966951498,"ELOA-AS1"
"ENSG00000198382",174.950107148895,0.0751168537057249,0.199978297999763,0.375625027600815,0.707195681761985,0.931482519660159,184.713573646038,201.351516934552,166.722570700579,125.868956762934,195.53155012295,184.37724556299,149.28650627548,164.904351097137,189.711711526022,187.033088860271,"UVRAG"
"ENSG00000102904",7.32357292158244,-0.287421702403675,0.7652268654282,-0.375603256222378,0.707211869626329,0.931482519660159,3.86834709206362,3.89712613421714,3.30143704357582,21.7327695130245,5.50793098937888,3.8613035719998,12.2222870634896,11.5049547277073,3.12711612405531,4.21245695631242,"TSNAXIP1"
"ENSG00000158792",60.3251996210186,0.135837661715901,0.361780365111846,0.375469966906318,0.707310978288687,0.931482519660159,66.7289873380975,85.736774952777,51.9976334363192,24.4493657021526,55.0793098937888,68.5381384029965,93.4131939852419,57.5247736385363,45.8643698194779,53.9194490407989,"SPATA2L"
"ENSG00000073169",90.9325831114845,-0.116408870238454,0.310067026901738,-0.375431310454512,0.707339722624895,0.931482519660159,103.478284712702,74.0453965501256,68.5048186541983,134.924277393361,111.535602534922,77.226071439996,110.873604075941,99.7096076401295,48.9914859435332,80.0366821699359,"SELENOO"
"ENSG00000170961",1473.60702342123,0.105519156336657,0.281081162868737,0.375404581579639,0.707359598044395,0.931482519660159,1740.75619142863,1579.63512640268,1580.56298461192,737.103099316749,1518.81197032123,2277.20378158688,1540.88119050422,1282.80245213936,1255.01593778753,1223.29750011313,"HAS2"
"ENSG00000119523",185.189828552617,-0.114755636345988,0.30577636186508,-0.375292699690837,0.707442794861943,0.931500104163662,184.713573646038,116.913784026514,132.057481743033,342.291119830136,148.71413671323,179.550616097991,174.604100906994,207.089185098731,173.033758864394,192.930528599109,"ALG2"
"ENSG00000198933",211.20797802558,0.118469121882648,0.315754994197263,0.375193184778691,0.707516798371454,0.931505581429426,132.490887903179,153.286961279207,202.213018919019,315.125157938856,209.301377596397,154.452142879992,309.04925860538,291.458853101917,171.991386823042,172.710735208809,"TBKBP1"
"ENSG00000106868",57.0288404976963,0.14964529827908,0.398980941367449,0.375068788414284,0.707609308669921,0.931531383388748,41.5847312396839,46.7655136106057,40.4426037838038,85.1200139260128,66.0951718725465,40.5436875059979,58.4923738038431,108.33832368591,28.1440451164978,54.7619404320614,"SUSD1"
"ENSG00000087206",218.951092320336,-0.076838147829184,0.205094362151433,-0.374647781748628,0.707922432251058,0.931531383388748,216.627437155563,215.640979426682,230.275233789413,239.965996706313,261.626721995497,216.233000031989,220.001167142813,185.038021870625,253.29640604848,150.805959035984,"UIMC1"
"ENSG00000165521",26.7708964849853,-0.128614092834104,0.343296504382731,-0.374644341530246,0.707924991115964,0.931531383388748,31.9138635095249,23.3827568053028,22.2847000441368,35.3157504586649,23.4087067048602,15.4452142879992,30.555717658724,25.8861481373413,29.1864171578495,30.3296900854494,"EML5"
"ENSG00000148303",18126.8411429128,0.119532775540716,0.319064247997522,0.374635441892706,0.707931610760501,0.931531383388748,14400.8891369798,14666.1846851038,16606.2283291864,23260.4021033776,25587.0934111596,11829.1034928214,26009.0268711059,24883.2995835762,13712.4042039825,10313.7796118353,"RPL7A"
"ENSG00000136827",220.040558420258,0.123642076506952,0.330075824589841,0.374586889726299,0.707967724764063,0.931531383388748,198.252788468261,124.708036294948,152.691463265382,359.496229027948,134.944309239783,247.123428607987,239.207618242582,317.345001239258,212.643896435761,213.992813380671,"TOR1A"
"ENSG00000182261",14.6818992910493,0.260779409617859,0.696308371410782,0.374517125349932,0.708019617953469,0.931531383388748,11.6050412761909,29.8779670289981,9.07895186983351,2.71659618912807,6.8849137367236,14.4798883949993,5.23812302720983,11.5049547277073,16.6779526616283,38.7546039980742,"NLRP10"
"ENSG00000146776",59.2748777561122,0.109361744997772,0.292223459752699,0.374240128052424,0.708225671633268,0.931531383388748,53.1897725158748,68.8492283711694,53.6483519581071,51.6153275934333,57.8332753884782,54.0582500079972,50.6351892630283,58.4835198658452,45.8643698194779,98.5714927777105,"ATXN7L1"
"ENSG00000100243",4013.23688617849,0.127924371983552,0.342128443821572,0.373907444100929,0.708473177921671,0.931531383388748,4404.11316431443,5627.45013780955,3957.59765598651,1218.84615685546,4064.85307016161,3343.88889335183,4151.21249906379,4586.64195144596,3509.66666323141,5268.09866956431,"CYB5R3"
"ENSG00000166483",455.357568167776,-0.101677669590486,0.272019214736785,-0.373788556403536,0.708561634059494,0.931531383388748,342.348717647631,678.099947353782,466.327982405085,412.922620747466,552.170081685233,311.800263438984,448.732539330975,559.90779674842,300.20314790931,481.062584410878,"WEE1"
"ENSG00000117906",570.06322850084,0.0969249785783019,0.259462837071101,0.373560158643225,0.70873158011302,0.931531383388748,537.700245796843,350.741352079542,463.026545361509,836.711626251445,494.336806296754,570.50760276297,527.304384739123,779.460682802167,602.491039901323,538.351999016727,"RCN2"
"ENSG00000117020",1468.35791674092,-0.113055593257937,0.302711635794205,-0.373476206031263,0.70879405116163,0.931531383388748,1229.16728850322,1551.05620141842,1521.96247708845,1849.09647273317,1292.98679975669,1863.0789734899,783.972413072404,1049.82711890329,2353.6760693723,1188.75535307136,"AKT3"
"ENSG00000171873",17.9526858843953,-0.235820335312935,0.631479734979272,-0.373440860015366,0.708820353522206,0.931531383388748,16.4404751412704,24.6817988500419,34.6650889575461,3.62212825217076,5.50793098937888,12.5492366089993,18.3334305952344,12.4637009550162,12.5084644962212,38.7546039980742,"ADRA1D"
"ENSG00000151239",1821.74696381985,-0.0936748439801155,0.250884331760234,-0.373378613653876,0.708866674331972,0.931531383388748,2321.00825523817,1590.02746276059,2292.84802676341,1368.2589472575,1546.35162526812,2044.56024137389,1100.8788562186,1786.14422147655,2247.35412115442,1920.0378806872,"TWF1"
"ENSG00000171806",23.0402854797933,0.127150810672535,0.340569581072279,0.373347526435575,0.708889808378402,0.931531383388748,24.1771693253976,24.6817988500419,18.983263000561,19.9217053869392,22.0317239575155,18.341191966999,32.3017586677939,24.9274019100324,23.9745569510907,21.0622847815621,"METTL18"
"ENSG00000072401",290.591515788931,0.101676429738823,0.272386597563807,0.373279855353403,0.708940167815588,0.931531383388748,375.229667930171,284.490207797851,308.684363574339,145.790662149873,256.118791006118,273.187227718986,280.239581955726,316.38625501195,264.762498503349,401.025902240942,"UBE2D1"
"ENSG00000188542",26.0831402936942,0.136066799307155,0.364545502009554,0.373250523068007,0.70896199669849,0.931531383388748,19.3417354603181,18.1865886263466,26.4114963486066,34.4102183956222,17.9007757154814,27.9944508969985,30.555717658724,39.3085953196665,23.9745569510907,22.747267564087,"DUSP28"
"ENSG00000181991",293.224996454213,0.091831084403325,0.246051017133413,0.373219690262579,0.70898494251561,0.931531383388748,331.710763144456,272.7988293952,357.380559967083,166.617899599855,260.249739248152,327.245477726983,373.652775940968,283.788883283446,304.372636074717,254.43240016127,"MRPS11"
"ENSG00000177045",68.4455234827883,-0.177065501250959,0.474483181740555,-0.373175505613131,0.709017825254127,0.931531383388748,66.7289873380975,116.913784026514,88.3134409156532,22.6383015760672,86.7499130827173,27.0291250039986,103.889440039662,59.4422660931542,34.3982773646084,78.3516993874109,"SIX5"
"ENSG00000168803",104.724147619229,0.101246817824142,0.271448742318031,0.372986873910509,0.70915821329508,0.931531383388748,94.7745037555587,61.0549761027352,113.074218742472,130.396617078147,152.845084955264,106.185848229994,89.921111967102,98.7508614128206,108.406692300584,91.8315616476107,"ADAL"
"ENSG00000040531",63.9656855130861,-0.112633306992083,0.302104461476292,-0.372829009017869,0.709275710910302,0.931531383388748,48.3543386507953,50.6626397448228,57.7751482625769,110.474911691208,68.849137367236,53.0929241149972,69.8416403627977,68.0709821389346,55.2457181916438,57.2894146058489,"CTNS"
"ENSG00000251396",17.8345043251909,0.156978311885393,0.421051781775434,0.372824243192768,0.709279258184517,0.931531383388748,15.4733883682545,27.27988293952,14.0311074351972,10.8663847565123,13.7698274734472,21.2371696459989,15.7143690816295,26.8448943646503,14.5932085789248,18.5348106077746,"LINC01301"
"ENSG00000155876",611.153077544935,-0.120913873308154,0.324432101092503,-0.372693925480817,0.709376258030068,0.931531383388748,850.069273480981,844.37732908038,619.84480493136,255.360041778038,473.682065086584,505.830767931974,594.526963588315,494.713053291412,630.635085017821,842.491391262483,"RRAGA"
"ENSG00000167103",19.7592138410487,0.181271815618824,0.486457664568395,0.3726363645224,0.709419104082894,0.931531383388748,8.70378095714315,22.0837147605638,28.8875741312884,13.5829809456403,11.0158619787578,27.9944508969985,11.3492665589546,23.9686556827235,32.3135332819049,17.6923192165121,"PIP5KL1"
"ENSG00000188060",32.923699806049,0.160349730059967,0.430316392928056,0.372632167157005,0.709422228468135,0.931531383388748,24.1771693253976,44.1674295211276,27.2368556095005,27.1659618912807,70.2261201145807,27.0291250039986,32.3017586677939,38.3498490923575,16.6779526616283,21.9047761728246,"RAB42"
"ENSG00000144278",18.9432468906312,0.349143144922918,0.937808055135015,0.372297020708201,0.709671716589267,0.931669703890676,37.7163841476203,1.29904204473905,20.6339815223489,5.43319237825613,2.75396549468944,12.5492366089993,10.4762460544197,46.978565138138,1.04237204135177,50.549483475749,"GALNT13"
"ENSG00000156500",24.7171303648461,-0.163251158865234,0.438552085986768,-0.372250330306625,0.709706476106523,0.931669703890676,34.8151238285726,28.578924984259,23.9354185659247,18.1106412608538,31.6706031889286,27.0291250039986,6.98416403627977,18.2161783188698,29.1864171578495,28.6447073029244,"FAM122C"
"ENSG00000122778",113.060723929545,0.137041480843568,0.368184076447029,0.372209146484597,0.709737136652116,0.931669703890676,110.247892123813,162.380255592381,105.645985394426,48.8987314043052,159.729998691988,83.0180267979957,64.6035173355879,102.585846322056,133.423621293027,160.073364339872,"KIAA1549"
"ENSG00000143344",359.030819296229,-0.112426240325211,0.302497161092489,-0.371660480776667,0.71014565230394,0.931997954785488,300.763986407947,461.159925882361,454.772952752569,287.959196047575,305.690169910528,419.916763454978,285.477704982936,277.077659692283,217.85575664252,579.634077188588,"RGL1"
"ENSG00000176148",292.123841832756,-0.0925443530177264,0.249023996669151,-0.371628253724798,0.710169649934516,0.931997954785488,215.660350382547,387.114529332236,353.253763662613,258.076637967166,286.412411447702,401.575571487979,223.493249160953,247.356526645706,302.287891992013,246.007486248645,"TCP11L1"
"ENSG00000042832",13.2485116711927,0.270745446291402,0.728609961462445,0.371591744021685,0.710196836956206,0.931997954785488,12.5721280492068,7.79425226843427,8.25359260893955,18.1106412608538,34.424568683618,11.5839107159994,20.9524921088393,14.3811934096341,1.04237204135177,3.36996556504993,"TG"
"ENSG00000164530",41.5495141102169,-0.509722415044029,1.37263681299198,-0.371345435456426,0.71038026074638,0.9320450530255,3.86834709206362,33.7750931632152,9.90431113072746,154.8459827803,1.37698274734472,0.96532589299995,36.6668611904688,154.358142596739,6.25423224811062,13.4798622601997,"PI16"
"ENSG00000154957",47.4976459831393,-0.155076452952537,0.417760764012182,-0.37120875465465,0.710482052958493,0.9320450530255,38.6834709206362,24.6817988500419,31.3636519139703,106.852783439037,57.8332753884782,35.7170580409981,44.5240457312835,38.3498490923575,53.1609741089403,43.8095523456491,"ZNF18"
"ENSG00000173327",349.864595846432,0.108890001370826,0.293456814677991,0.371059712790484,0.710593056884584,0.9320450530255,338.480370555567,481.944598598186,330.143704357582,186.539604986794,517.745513001615,312.765589331984,424.287965203996,270.366436101121,278.313335040922,358.058841286555,"MAP3K11"
"ENSG00000166963",782.519199577342,0.11261977747567,0.303515939015106,0.371050620409311,0.710599828939057,0.9320450530255,727.249253307961,980.77674377798,819.581746067697,457.293691836558,945.987147425823,507.761419717974,584.923738038431,651.947434570078,1241.46510124996,908.205719780957,"MAP1A"
"ENSG00000163933",65.9371970030887,0.145372353159863,0.392804492134983,0.370088316377776,0.711316687237902,0.932506203070815,55.1239460619066,32.4760511184761,48.6961963927434,111.380443754251,38.5555169256522,110.047151801994,70.7146608673327,70.9472208208614,70.8812988119203,50.549483475749,"RFT1"
"ENSG00000154309",17.8060819898841,-0.147426622625951,0.39843532149655,-0.370013938704549,0.711372104743781,0.932506203070815,20.308822233334,16.8875465816076,19.8086222614549,19.0161733238965,6.8849137367236,23.1678214319988,15.7143690816295,19.1749245461788,17.7203247029801,19.3773019990371,"DISP1"
"ENSG00000240990",26.1170907037031,0.168938987400634,0.45658953673445,0.370001880921086,0.711381088931415,0.932506203070815,33.8480370555567,11.6913784026514,19.8086222614549,30.7880901434514,56.4562926411335,17.3758660739991,18.3334305952344,21.0924170007966,23.9745569510907,27.8022159116619,"HOXA11-AS"
"ENSG00000240849",236.197053758969,0.105788778109943,0.286260120330023,0.36955471823313,0.711714295668124,0.932506203070815,187.614833965086,207.846727158247,217.06948561511,290.675792236703,246.479911774705,187.27322324199,322.144566173404,342.272403149291,224.10998889063,136.483605384522,"TMEM189"
"ENSG00000131732",341.235265889018,0.0723990230841744,0.195925664199589,0.36952291768383,0.711737994191503,0.932506203070815,332.677849917471,275.396913484678,365.634152576022,349.535376334478,326.344911120699,327.245477726983,443.494416303765,383.498490923575,343.982773646084,264.54229685642,"ZCCHC9"
"ENSG00000244041",8.46097282243188,0.29093982509397,0.787463604328421,0.369464472382942,0.711781549741776,0.932506203070815,13.5392148222227,6.49521022369523,2.47607778268187,7.24425650434151,17.9007757154814,0,10.4762460544197,8.62871604578044,5.21186020675885,12.6373708689372,"LINC01011"
"ENSG00000182903",81.9896761271583,-0.0856865273119575,0.231955143474108,-0.369409904124511,0.711822216828916,0.932506203070815,93.8074169825428,93.5310272212113,89.9641594374411,63.3872444129882,61.9642236305124,98.4632410859949,82.0639274262873,77.658444412024,78.1779031013827,80.8791735611984,"ZNF721"
"ENSG00000183049",41.7066453776536,-0.166198474984963,0.449953437286183,-0.369368163931274,0.711853324332075,0.932506203070815,46.4201651047635,80.5406067738208,36.315807479334,16.2995771347684,35.8015514309627,27.9944508969985,52.3812302720983,45.0610726835201,19.8050687856836,56.4469232145864,"CAMK1D"
"ENSG00000020256",203.805317477561,-0.105047685640183,0.284470188879456,-0.36927484758235,0.71192287147109,0.932506203070815,241.771693253976,274.097871439939,230.275233789413,105.041719312952,236.841032543292,216.233000031989,151.03254728455,199.419215280259,224.10998889063,159.230872948609,"ZFP64"
"ENSG00000108590",58.9758460025517,0.114109967333223,0.30903145025824,0.36925033758819,0.71194113876377,0.932506203070815,67.6960741111134,61.0549761027352,66.8541001324104,28.977026017366,71.6031028619254,55.0235759009971,56.7463327947731,46.978565138138,79.2202751427345,55.6044318233239,"MED31"
"ENSG00000197106",6.82188003460506,0.32129904474711,0.870520156437645,0.369088575802695,0.712061703928834,0.932506203070815,3.86834709206362,6.49521022369523,10.7296703916214,2.71659618912807,2.75396549468944,4.82662946499975,0,7.6699698184715,11.4660924548695,17.6923192165121,"SLC6A17"
"ENSG00000160325",99.7339391665547,0.132400333877975,0.358805041314882,0.369003549651307,0.712125078964294,0.932506203070815,66.7289873380975,123.408994250209,81.7105668285016,105.947251375995,100.519740556165,86.8793303699955,145.79442425734,164.904351097137,48.9914859435332,72.4542596485736,"CACFD1"
"ENSG00000044115",1086.22000045801,0.094642378941435,0.25653496579097,0.368925844668487,0.712182998837418,0.932506203070815,823.957930609551,1471.81463668934,1098.55317624985,782.379702468883,987.296629846164,887.134495666954,1004.84660071975,1012.43601603824,1116.38045628775,1677.4003600036,"CTNNA1"
"ENSG00000132475",3770.58131808342,0.107364096596157,0.291091166819127,0.368833234513326,0.712252030922126,0.932506203070815,4839.30221217159,3838.66924220388,3991.43738568317,1744.96028548326,3643.49634947413,5506.21889367171,3817.71866633143,2921.29975461033,4256.00504483927,3146.70534636537,"H3F3B"
"ENSG00000141179",123.468296226793,0.0870037068177176,0.235899611557651,0.368816659947976,0.712264385936947,0.932506203070815,151.832623363497,123.408994250209,124.629248394987,76.0646932955859,145.96017121854,132.249647340993,132.699116689316,118.884532186308,121.957528838157,106.996406690335,"PCTP"
"ENSG00000113552",298.766368587807,-0.0883851708992351,0.239736733456141,-0.368675962273445,0.712369267858611,0.932506203070815,378.130928249219,362.432730482194,312.811159878809,186.539604986794,307.067152657872,275.117879504986,234.842515719907,280.912644601519,282.48282320633,367.326246590443,"GNPDA1"
"ENSG00000213930",62.5712370217243,-0.111754396451722,0.303241611083244,-0.368532524453065,0.712476197999927,0.932506203070815,68.6631608841293,59.7559340579961,47.0454778709554,86.9310780520981,46.8174134097205,38.613035719998,70.7146608673327,84.3696680031865,60.4575783984026,62.3443629534237,"GALT"
"ENSG00000198373",341.961234789159,0.114061343754218,0.309541193437337,0.368485184435746,0.712511490314731,0.932506203070815,220.495784247626,349.442310034803,272.368556095005,460.915820088729,400.701979477313,405.436875059979,276.747499937586,531.145409929152,304.372636074717,197.985476946684,"WWP2"
"ENSG00000104643",214.942836060091,-0.0952503611740976,0.258582388475096,-0.36835594928102,0.712607839162834,0.932506203070815,246.607127119056,198.753432845074,228.624515267626,220.044291319373,143.206205723851,242.296799142987,147.54046526641,207.089185098731,318.965844653642,196.300494164159,"MTMR9"
"ENSG00000106069",21.639418709858,-0.25971582298809,0.705138858638035,-0.368318693270894,0.712635615534901,0.932506203070815,19.3417354603181,6.49521022369523,41.2679630446978,28.977026017366,4.13094824203416,6.75728125099965,35.7938406859338,43.1435802289022,5.21186020675885,25.2747417378745,"CHN2"
"ENSG00000137193",193.649351670452,-0.153490149066775,0.416780289157994,-0.368275931131162,0.712667497494424,0.932506203070815,145.063015952386,280.593081663634,161.770415135215,237.249400517185,251.987842764084,88.8099821559954,239.207618242582,333.64368710351,84.4321353494933,113.736337820435,"PIM1"
"ENSG00000121988",34.5713858066096,-0.113602474942237,0.308479088148186,-0.368266373011532,0.712674623763619,0.932506203070815,34.8151238285726,40.2703033869104,33.8397296966522,36.2212825217076,30.2936204415838,34.7517321479982,36.6668611904688,20.1336707734877,45.8643698194779,32.8571642592368,"ZRANB3"
"ENSG00000000003",96.4240264573377,0.128234042364025,0.348222987812689,0.368252662380241,0.712684846074264,0.932506203070815,65.7619005650816,54.5597658790399,81.7105668285016,162.995771347684,72.9800856092701,90.7406339419953,98.6513170124517,137.100710505178,75.0507869773274,124.688725906847,"TSPAN6"
"ENSG00000204392",255.502703931449,-0.0885194871695359,0.240467982698211,-0.368113401943527,0.712788678166794,0.932506203070815,290.126031904772,280.593081663634,301.256130226294,188.350669112879,195.53155012295,278.979183076986,288.096766496541,280.912644601519,283.525195247681,167.655786861234,"LSM2"
"ENSG00000198680",179.0942549444,0.108364468033875,0.294463662922169,0.368006248915394,0.7128685747119,0.932506203070815,154.733883682545,207.846727158247,174.976163309518,147.601726275958,177.630774407469,124.527040196994,250.556884801537,256.943988918795,103.194832093825,192.930528599109,"TUSC1"
"ENSG00000160741",279.736094697694,0.0725440352168795,0.197240866719837,0.367794141362812,0.713026737821294,0.932506203070815,248.541300665088,281.892123708373,248.43313752908,306.069837308429,334.606807604767,271.256575932986,343.970078786779,292.417599329226,259.550638296591,210.622847815621,"CRTC2"
"ENSG00000132623",15.359012357289,0.261904572380159,0.712179559719845,0.367750757243281,0.713059089756006,0.932506203070815,7.73669418412724,10.3923363579124,34.6650889575461,1.81106412608538,22.0317239575155,14.4798883949993,13.0953075680246,20.1336707734877,3.12711612405531,26.117233129137,"ANKEF1"
"ENSG00000178057",510.386194969457,0.125744005901591,0.342049529106352,0.367619292533784,0.713157127343865,0.932506203070815,556.074894484146,650.820064414262,561.244297407889,168.42896372594,497.090771791444,394.81829023698,661.749542437508,680.709821389346,401.313235920431,531.612067886627,"NDUFAF3"
"ENSG00000139364",19.0283032698047,-0.245282441271809,0.667268523385677,-0.367591805510714,0.713177625926263,0.932506203070815,30.946776736509,2.59808408947809,14.0311074351972,36.2212825217076,17.9007757154814,18.341191966999,7.85718454081474,6.71122359116257,13.550836537573,42.1245695631242,"TMEM132B"
"ENSG00000091157",51.2601972675591,-0.140229078597988,0.381809003739093,-0.367275462927042,0.713413554866233,0.932506203070815,40.617644466668,54.5597658790399,61.9019445670466,60.6706482238602,17.9007757154814,56.954227686997,33.1747791723289,49.8548038200648,55.2457181916438,81.7216649524609,"WDR7"
"ENSG00000198130",60.1029296255307,-0.123235343712457,0.335621681683211,-0.367185287596458,0.713480812832274,0.932506203070815,78.3340286142883,49.3635977000837,70.1555371759862,55.237455845604,39.9324996729969,36.6823839339981,51.5082097675633,53.6897887293005,66.7118106465133,99.413984168973,"HIBCH"
"ENSG00000166326",684.114143095785,-0.101836598644471,0.27735264666233,-0.36717370419924,0.713489452559877,0.932506203070815,830.727538020663,850.872539304075,671.017079106786,500.759230862607,718.784994113944,882.307866201954,404.208493599692,443.899503244038,800.541727758159,738.022458745935,"TRIM44"
"ENSG00000125846",73.0138145940704,-0.15600075444826,0.424923542549007,-0.367126644742844,0.713524553252176,0.932506203070815,44.4859915587317,42.8683874763885,57.7751482625769,165.712367536812,66.0951718725465,52.1275982219973,108.254542562336,83.4109217758776,52.1186020675885,57.2894146058489,"ZNF133"
"ENSG00000150764",487.988828140737,0.110685156348307,0.301615591180463,0.366974253270885,0.713638223115792,0.932506203070815,374.262581157155,484.542682687664,640.478786453709,363.118357280118,559.054995421956,750.058218860961,261.033130855956,385.415983378193,494.084347600739,567.839197710914,"DIXDC1"
"ENSG00000128596",77.9525316976591,0.155515703787146,0.423790289736328,0.366963820440304,0.713646005269538,0.932506203070815,67.6960741111134,59.7559340579961,41.2679630446978,123.152360573806,82.6189648406832,24.1331473249987,84.6829889398922,84.3696680031865,85.4745073908451,126.373708689372,"CCDC136"
"ENSG00000234882",18.38763773039,-0.152403546203933,0.415349821467592,-0.366928161099076,0.713672604841015,0.932506203070815,22.2429957793658,22.0837147605638,11.5550296525154,22.6383015760672,17.9007757154814,23.1678214319988,24.4445741269792,15.339939636943,13.550836537573,10.9523880864123,"EIF3EP1"
"ENSG00000159231",74.3844714731677,-0.156804405007351,0.427457483870697,-0.366830412202545,0.713745521005658,0.932506203070815,107.346631804766,116.913784026514,73.456974219562,19.9217053869392,67.4721546198913,60.8155312589968,65.4765378401228,48.8960575927558,113.618552507343,69.9267854747861,"CBR3"
"ENSG00000163159",167.758878440996,0.0805647213350969,0.219692662321432,0.366715576586817,0.713831186414169,0.932506203070815,185.680660419054,181.865886263466,167.547929961473,115.002572006422,130.813360997748,193.06517859999,194.683572511299,155.316888824048,165.737154574931,187.875580251534,"VPS72"
"ENSG00000163755",150.872111927893,-0.122149738853312,0.333110208268991,-0.366694672877374,0.71384678061263,0.932506203070815,236.936259388897,161.081213547642,153.516822526276,82.4034177368847,195.53155012295,132.249647340993,115.238706598616,88.2046529124223,201.177803980892,142.38104512336,"HPS3"
"ENSG00000159079",44.5352242908817,-0.116776786358475,0.318485215143956,-0.366663131617245,0.713870310666043,0.932506203070815,65.7619005650816,42.8683874763885,45.3947593491675,33.5046863325795,30.2936204415838,38.613035719998,52.3812302720983,38.3498490923575,37.5253934886637,60.6593801708988,"C21orf59"
"ENSG00000143258",243.681616810789,0.0838750020904676,0.228892267515599,0.366438774891125,0.714037690579126,0.932630390467899,232.100825523817,255.911282813592,215.418767093322,238.154932580227,246.479911774705,267.395272360986,349.208201813988,263.655212509958,173.033758864394,195.458002772896,"USP21"
"ENSG00000131153",115.873973166171,-0.221838511125896,0.606042950269598,-0.366044206977758,0.714332088846882,0.932835314692143,115.083325988893,179.267802173988,159.294337352533,53.4263917195186,48.1943961570652,286.701790220985,59.365394308378,24.9274019100324,188.66933948467,43.8095523456491,"GINS2"
"ENSG00000267493",7.54047719888867,-0.250365679464375,0.684524059168376,-0.365751467915595,0.714550537211689,0.932993926150975,1.93417354603181,3.89712613421714,8.25359260893955,19.0161733238965,6.8849137367236,9.6532589299995,6.1111435317448,9.58746227308938,4.16948816540708,5.89743973883738,"CIRBP-AS1"
"ENSG00000070010",402.716828798853,-0.0690742061490711,0.188885283672458,-0.365693953526053,0.714593458471336,0.932993926150975,399.406837255569,405.301117958582,434.13897123022,419.261345188765,307.067152657872,510.657397396974,405.954534608762,321.179986148494,405.482724085838,418.718221457454,"UFD1"
"ENSG00000042980",6.44354669020991,0.308489442769578,0.84391018183167,0.36554771990073,0.714702592294509,0.933045073750182,1.93417354603181,2.59808408947809,10.7296703916214,7.24425650434151,4.13094824203416,2.89597767899985,8.73020504534971,5.75247736385363,1.04237204135177,19.3773019990371,"ADAM28"
"ENSG00000161265",22.6784510840317,-0.158361606375052,0.433508591576055,-0.365302117310561,0.714885898077215,0.933137595721383,17.4075619142863,14.2894624921295,26.4114963486066,38.0323466477929,22.0317239575155,24.1331473249987,19.2064510997694,34.5148641831218,19.8050687856836,10.9523880864123,"U2AF1L4"
"ENSG00000185651",1038.20360030914,0.0938157902047794,0.256956853502254,0.365103280671814,0.715034312084802,0.933137595721383,1242.70650332544,1088.59723349132,1161.28048007779,499.853698799564,979.034733362096,1113.02075462894,1025.79909282859,894.510230079239,1110.12622403963,1267.10705245877,"UBE2L3"
"ENSG00000174501",86.1626239833252,0.126201636444792,0.345832845731349,0.364920909053354,0.715170445880828,0.933137595721383,72.5315079761929,57.157849968518,52.8229926972131,143.979598023788,72.9800856092701,82.0527009049957,123.968911643966,103.544592549365,92.7711116803075,59.8168887796363,"ANKRD36C"
"ENSG00000141367",1208.33871446981,-0.0766008295774938,0.209918026300056,-0.36490829743226,0.715179860333356,0.933137595721383,1210.79263981591,1224.99664818892,1200.8977246007,1351.95937012273,992.804560835543,1077.30369658794,914.052468248115,1028.73470190249,1449.93950952031,1631.90582487543,"CLTC"
"ENSG00000100558",26.9046490341385,0.220587612314927,0.604531234186351,0.364890347827635,0.715193259613404,0.933137595721383,17.4075619142863,24.6817988500419,33.8397296966522,21.7327695130245,23.4087067048602,24.1331473249987,5.23812302720983,21.0924170007966,82.3473912667898,15.1648450427247,"PLEK2"
"ENSG00000105887",1519.44343257887,-0.171432473386475,0.470084902044038,-0.364684065880539,0.715347254238666,0.933221467916545,1877.11542642387,2110.94332270095,1979.2115076237,548.752430203869,1375.60576459738,2099.58381727489,374.525796445503,769.873220529077,1848.12562931669,2210.69741067276,"MTPN"
"ENSG00000099365",20.9664872408954,0.195369218790504,0.536198459951069,0.36435990287688,0.715589273421761,0.933380355953646,24.1771693253976,6.49521022369523,10.7296703916214,35.3157504586649,31.6706031889286,11.5839107159994,30.555717658724,16.2986858642519,12.5084644962212,30.3296900854494,"STX1B"
"ENSG00000250312",28.2410064830707,-0.17788791818076,0.488431967237642,-0.364202038590588,0.715707144804125,0.933408171495792,17.4075619142863,40.2703033869104,51.9976334363192,11.771916819555,22.0317239575155,41.5090133989979,18.3334305952344,18.2161783188698,40.652509612719,20.2197933902996,"ZNF718"
"ENSG00000124786",368.597083735712,0.0833072532794645,0.228815951684631,0.364079744729877,0.715798461733404,0.933408171495792,344.282891193662,245.51894645568,363.15807479334,469.065608656113,415.848789698105,446.945888458977,409.446616626901,387.333475832811,317.92347261229,286.447073029244,"SLC35B3"
"ENSG00000112149",8.40483532711181,0.212147667645084,0.582989775347684,0.363896034915129,0.715935645648717,0.933408171495792,5.80252063809543,10.3923363579124,5.77751482625769,9.05532063042689,8.26189648406832,7.7226071439996,5.23812302720983,12.4637009550162,4.16948816540708,15.1648450427247,"CD83"
"ENSG00000146281",58.7732489668396,-0.11113898213554,0.305430349199775,-0.363876682283614,0.715950097614017,0.933408171495792,93.8074169825428,54.5597658790399,51.9976334363192,46.1821352151771,41.3094824203416,73.3647678679962,48.0161277494234,55.6072811839184,52.1186020675885,70.7692768660486,"PM20D2"
"ENSG00000133789",1103.9354060459,0.0995775464305043,0.273726899815508,0.363784291926076,0.716019093367082,0.933408171495792,945.810864009556,1490.00122531569,1207.50059868786,592.217969229919,1036.86800875057,1322.49647340993,907.068304211835,1117.89810104222,913.11790822415,1506.37460757732,"SWAP70"
"ENSG00000165046",18.8826566032575,0.166444712213068,0.457556070781222,0.3637689954127,0.716030516800888,0.933408171495792,10.637954503175,18.1865886263466,9.90431113072746,31.6936222064941,17.9007757154814,27.0291250039986,12.2222870634896,17.2574320915609,22.9321849097389,21.0622847815621,"LETM2"
"ENSG00000130348",135.887523603585,-0.102592820808521,0.282262945893803,-0.363465422227683,0.716257238353706,0.93361246949994,164.404751412704,111.717615847558,158.468978091639,131.30214914119,133.567326492438,167.966705381991,99.5243375169867,108.33832368591,195.965943774133,87.6191046912982,"QRSL1"
"ENSG00000155330",92.5129641865146,0.0852323120192445,0.234587691231734,0.363328150644737,0.716359766909748,0.933654862823737,92.8403302095269,77.9425226843427,100.693829829063,85.1200139260128,79.8649993459938,122.596388410994,87.3020504534971,78.6171906393329,116.745668631398,83.4066477349858,"C16orf87"
"ENSG00000117791",28.7430326454942,-0.151610894130757,0.417403671938828,-0.363223671288104,0.716437806281151,0.933665333434796,28.0455164174613,22.0837147605638,28.8875741312884,43.4655390260491,19.2777584628261,12.5492366089993,44.5240457312835,30.679879273886,20.8474408270354,37.0696212155493,"MARC2"
"ENSG00000168301",96.1809047109945,0.0864478857636634,0.238141517107425,0.363010561172611,0.716596995035425,0.933781545948945,96.7086773015905,81.8396488185599,89.1388001765472,102.325123123824,115.666550776956,108.116500015994,113.492665589546,84.3696680031865,105.279576176529,64.8718371272112,"KCTD6"
"ENSG00000197905",142.326157146848,0.100919584595384,0.278303568467401,0.362624112767009,0.716885695241288,0.933802800674389,171.174358823815,148.090793100251,110.59814095979,115.908104069464,139.075257481817,172.793334846991,144.04838324827,104.503338776674,216.813384601168,100.256475560235,"TEAD4"
"ENSG00000110955",2897.03890728387,-0.0825173994574645,0.227570124712847,-0.362602075125576,0.716902159904897,0.933802800674389,3554.04389083345,3190.4472618791,3374.06865853449,1869.92371018315,2720.91790875317,2817.78628166685,2672.31576438155,2125.54038594392,3149.0059369237,3496.33927373931,"ATP5B"
"ENSG00000125827",385.050261557772,0.0842965419183458,0.232484003762075,0.36259071830428,0.716910644813546,0.933802800674389,450.662436225412,327.35859527424,285.574304269308,422.883473440936,337.360773099456,467.217732211976,309.922279109915,518.681708974135,410.694584292597,320.146728679744,"TMX4"
"ENSG00000103642",154.721705523236,0.136150735489093,0.375610008557392,0.36247898721338,0.716994123212013,0.933802800674389,181.81231332699,102.624321534385,174.976163309518,124.963424699891,103.273706050854,184.37724556299,110.000583571406,113.132054822455,116.745668631398,335.311573722468,"LACTB"
"ENSG00000139641",298.109348323647,0.0850086155280279,0.234560054522375,0.362417273909351,0.71704023293579,0.933802800674389,252.409647757151,245.51894645568,219.545563397792,432.844326134405,285.035428700357,352.343950944982,325.636648191544,325.973717285039,259.550638296591,282.234616072932,"ESYT1"
"ENSG00000116396",123.549994017222,0.136457030141644,0.376552937074751,0.362384718604798,0.717064557378751,0.933802800674389,94.7745037555587,167.576423771337,167.547929961473,37.1268145847502,108.781637040233,157.348120558992,101.270378526057,106.420831231292,143.847341706544,150.805959035984,"KCNC4"
"ENSG00000241316",31.2722045527546,0.161180126633491,0.444840122030127,0.362332709329163,0.71710341789811,0.933802800674389,11.6050412761909,48.0645556553447,35.4904482184401,21.7327695130245,52.3253443990994,30.8904285759984,17.4604100906994,24.9274019100324,32.3135332819049,37.9121126068117,"SUCLG2-AS1"
"ENSG00000161217",431.226081831935,-0.100233086790195,0.27687018283046,-0.362021961937202,0.717335618757485,0.934013975140933,408.110618212712,449.46854747971,453.122234230781,487.176249916967,316.706031889286,378.40775005598,270.636356405841,348.983626740453,496.169091683442,703.480311704173,"PCYT1A"
"ENSG00000136044",1360.72697833575,-0.107125768231414,0.295999344041502,-0.361912181185084,0.717417656858076,0.934029606551754,1240.77232977941,1712.13741496606,1256.1967950806,1477.82832688567,1878.2044673782,1715.38411186091,750.797633900075,1030.65219435711,866.211166363321,1679.08534278613,"APPL2"
"ENSG00000231789",11.7415483159438,-0.202284918615403,0.559278413235958,-0.361689122676831,0.717584356375618,0.934123549385661,20.308822233334,10.3923363579124,6.60287408715164,13.5829809456403,15.1468102207919,8.68793303699955,20.0794716043043,11.5049547277073,5.21186020675885,5.89743973883738,"PIK3CD-AS2"
"ENSG00000185519",10.2028592015498,-0.238136205683702,0.658511172571378,-0.36162819341974,0.717629893304753,0.934123549385661,13.5392148222227,14.2894624921295,15.6818259569851,1.81106412608538,4.13094824203416,8.68793303699955,6.98416403627977,9.58746227308938,6.25423224811062,21.0622847815621,"FAM131C"
"ENSG00000014216",643.965648840676,0.0898513871559767,0.248574241509426,0.361467007242461,0.717750364465004,0.9341477176245,649.882311466689,765.135764351298,654.509893888906,411.111556621381,793.142062470559,602.363357231969,485.399400521444,518.681708974135,676.499454837298,882.930978043082,"CAPN1"
"ENSG00000143390",170.454829143735,0.104987939932913,0.290799038857611,0.361032623578652,0.718075059402458,0.93442941430877,209.857829744451,138.997498787078,174.976163309518,127.680020889019,227.202153311879,170.862683060991,106.508501553266,118.884532186308,192.838827650077,236.740080944758,"RFX5"
"ENSG00000123612",14.2928918612372,0.242012412631599,0.670804453790737,0.360779376558965,0.718264381057945,0.934457332395884,7.73669418412724,15.5885045368685,23.1100593050307,5.43319237825613,4.13094824203416,4.82662946499975,20.0794716043043,17.2574320915609,9.38134837216593,35.3846384330243,"ACVR1C"
"ENSG00000100564",62.1223341381328,0.115890111594976,0.321342655892204,0.360643411230943,0.718366032751853,0.934457332395884,47.3872518777794,42.8683874763885,61.0765853061527,85.1200139260128,41.3094824203416,84.9486785839956,75.9527838945425,80.5346830939508,53.1609741089403,48.864500693224,"PIGH"
"ENSG00000087077",816.791085141374,-0.120147562012056,0.333409403366808,-0.36036044814211,0.718577600291686,0.934457332395884,1024.14489262384,1113.27903234136,895.514798069941,399.339639801826,972.149819625372,569.54227686997,902.70320168916,639.483733615062,485.745371269925,1166.00808550728,"TRIP6"
"ENSG00000224287",77.2005134899846,-0.0950473208043973,0.263763556689873,-0.360350466899988,0.718585063520693,0.934457332395884,82.202375706352,67.5501863264304,97.3923927854867,73.3480971064578,74.3570683566149,77.226071439996,103.889440039662,67.1122359116257,79.2202751427345,49.7069920844865,"MSL3P1"
"ENSG00000114302",757.811811361981,-0.0872147806245675,0.242117591720993,-0.360216620381184,0.71868514656578,0.934457332395884,893.588178266697,869.059127930422,845.16788315541,534.263917195187,691.245339167049,899.683732275953,611.987373679015,526.351678792607,992.338183366885,714.432699790586,"PRKAR2A"
"ENSG00000048052",98.8823782729101,-0.111363896149564,0.309203109220151,-0.360164218369077,0.718724331214968,0.934457332395884,110.247892123813,105.222405623863,94.0909557419109,105.041719312952,81.2419820933385,89.7753080489953,58.4923738038431,97.7921151855117,75.0507869773274,171.868243817547,"HDAC9"
"ENSG00000116698",579.366667382758,0.0764405232540995,0.212263483610983,0.360120930617499,0.718756701051948,0.934457332395884,526.095204520653,702.781746203824,566.196452973253,450.049435332216,565.93990915868,786.740602794959,454.84368286272,554.155319384566,653.56726992756,533.297050669152,"SMG7"
"ENSG00000011132",89.3334440356357,-0.113613883395725,0.31556435261105,-0.360033959652471,0.718821737970832,0.934457332395884,114.116239215877,113.016657892297,100.693829829063,47.0876672782198,86.7499130827173,75.2954196539961,114.365686094081,109.297069913219,59.4152063570509,73.296751039836,"APBA3"
"ENSG00000005448",209.489425405069,0.108122893327876,0.300598250962894,0.359692356763656,0.71907720843821,0.934457332395884,218.561610701595,203.94960102403,212.94268931064,164.806835473769,275.396549468944,180.515941990991,311.668320118985,264.613958737267,142.804969665192,119.633777559273,"WDR54"
"ENSG00000100439",476.431708741535,-0.0920058384045474,0.255794213528004,-0.35968694184114,0.719081258284376,0.934457332395884,336.546197009535,416.992496361234,558.768219625208,666.471598399419,422.733703434829,349.447973265982,411.192657635971,583.876452431143,415.906444499356,602.381344752675,"ABHD4"
"ENSG00000103274",70.896685481843,0.117875001258634,0.327724065562074,0.359677587474292,0.719088254478177,0.934457332395884,83.1694624793679,72.7463545053866,84.1866446111834,29.8825580804087,74.3570683566149,84.9486785839956,66.3495583446578,50.8135500473737,69.8389267705686,92.6740530388731,"NUBP1"
"ENSG00000228782",26.729793256838,-0.179183093525788,0.498234215264407,-0.359636267514663,0.719119158235161,0.934457332395884,37.7163841476203,14.2894624921295,13.2057481743033,48.8987314043052,49.5713789044099,15.4452142879992,20.9524921088393,29.7211330465771,19.8050687856836,17.6923192165121,"MRPL45P2"
"ENSG00000111254",5.94580706796386,-0.283872777440167,0.789691927112837,-0.359472811730549,0.719241413529283,0.934457332395884,8.70378095714315,3.89712613421714,9.90431113072746,3.62212825217076,13.7698274734472,9.6532589299995,2.61906151360491,2.87623868192681,1.04237204135177,3.36996556504993,"AKAP3"
"ENSG00000231991",57.213560554306,0.133289208594154,0.371042147146828,0.35922929408181,0.71942356370259,0.934457332395884,36.7492973746044,62.3540181474742,57.7751482625769,59.7651161608175,45.4404306623758,73.3647678679962,40.1589432086087,27.8036405919592,80.2626471840863,88.4615960825607,"ANXA2P2"
"ENSG00000160094",198.22348708175,-0.0956717663146329,0.266348085221227,-0.359198250797143,0.719446785093837,0.934457332395884,182.779400100006,314.368174826849,174.150804048625,153.940450717257,272.642583974255,176.654638418991,161.50879333897,205.171692644113,161.567666409524,179.450666338909,"ZNF362"
"ENSG00000224858",14.648511784105,0.179952567261103,0.500992648512946,0.359192031650046,0.719451437250205,0.934457332395884,13.5392148222227,3.89712613421714,18.983263000561,17.2051091978111,13.7698274734472,10.6185848229995,15.7143690816295,24.9274019100324,17.7203247029801,10.1098966951498,"RPL29P11"
"ENSG00000153714",528.843153540995,0.130306409144756,0.362818964026792,0.359149939954996,0.719482923697315,0.934457332395884,436.156134630173,706.678872338041,569.497890016829,289.77026017366,786.257148733835,488.454901857975,651.273296383089,690.297283662435,199.093059898188,470.952687715728,"LURAP1L"
"ENSG00000187796",15.7582238174629,0.228296383136291,0.635692816676053,0.35913003442452,0.719497814079128,0.934457332395884,8.70378095714315,7.79425226843427,10.7296703916214,29.8825580804087,4.13094824203416,42.4743392919978,12.2222870634896,16.2986858642519,13.550836537573,11.7948794776748,"CARD9"
"ENSG00000055208",1023.44224084658,-0.067775300994718,0.188787428181672,-0.359003253805106,0.719592655136097,0.934471410187345,1063.7954503175,1056.12118237284,1185.21589864372,903.720998916604,1082.30843941295,1109.15945105694,907.068304211835,752.615788437516,1251.88882166348,922.528073432419,"TAB2"
"ENSG00000110697",319.009023452895,0.107199294901939,0.298664992150639,0.358928222989958,0.719648785636517,0.934471410187345,302.698159953978,428.683874763885,357.380559967083,131.30214914119,397.948013982624,338.829388442982,329.128730209684,261.73772005534,349.194633852843,293.187004159344,"PITPNM1"
"ENSG00000143641",470.681799953148,0.0902929526587788,0.251749605150013,0.358661744891217,0.719848149932386,0.934639288906565,437.123221403189,339.049973676891,344.174811792779,691.826496164614,439.257496402966,448.876540244977,543.891774325287,593.463914704233,376.296306927989,492.857463888553,"GALNT2"
"ENSG00000014914",120.924060940326,0.098697978747052,0.275287441056464,0.358526994069475,0.719948970360385,0.934646956626036,87.0378095714315,149.38983514499,106.47134465532,121.34129644772,165.237929681366,146.729535735992,113.492665589546,79.5759368666419,95.8982278043628,144.066027905885,"MTMR11"
"ENSG00000185338",8.08550567700436,0.210819668971909,0.588115357010526,0.358466526097082,0.719994214019337,0.934646956626036,11.6050412761909,6.49521022369523,4.12679630446978,7.24425650434151,9.63887923141304,6.75728125099965,8.73020504534971,12.4637009550162,10.4237204135177,3.36996556504993,"SOCS1"
"ENSG00000168952",358.967613464484,-0.127177010900703,0.35495876258173,-0.358286720338169,0.720128755007218,0.934730628275548,508.687642606366,550.793826969355,196.435504092761,257.171105904124,371.785341783074,496.177509001974,336.112894245964,320.221239921185,384.635283258803,167.655786861234,"STXBP6"
"ENSG00000054983",78.0227321357623,-0.132228050129124,0.369399590729435,-0.357953970300887,0.720377760541383,0.934962844719777,78.3340286142883,38.9712613421714,71.8062556977741,139.451937708574,82.6189648406832,55.0235759009971,64.6035173355879,121.760770868235,59.4152063570509,68.2418026922611,"GALC"
"ENSG00000105821",201.492178629429,0.108876013363943,0.304259481156584,0.357839344726652,0.720463544718912,0.934983195087684,276.586817082549,113.016657892297,208.815893006171,171.145559915068,139.075257481817,193.06517859999,316.03342264166,165.863097324446,228.279477056038,203.040425294258,"DNAJC2"
"ENSG00000076053",430.354073726895,-0.0776752142984688,0.217242885769016,-0.357550094326482,0.720680031315862,0.935173144352953,537.700245796843,303.975838468937,482.00980836207,451.860499458302,453.027323876413,535.755870614972,363.176529886548,380.622252241648,439.881001450447,355.531367112768,"RBM7"
"ENSG00000165948",73.37426763097,0.110615767423148,0.309571347331187,0.357319139438343,0.7208529032914,0.935251482279447,63.8277270190498,33.7750931632152,90.7895186983351,90.5532063042689,71.6031028619254,78.1913973329959,100.397358021522,72.8647132754793,71.9236708532721,59.8168887796363,"IFI27L1"
"ENSG00000139289",567.159876357383,-0.153215393356566,0.428835941586496,-0.357282071063678,0.720880650658522,0.935251482279447,764.965637455581,839.181160901424,567.847171495041,242.682592895441,710.523097629875,1117.84738409394,312.54134062352,323.097478603112,457.601326153427,335.311573722468,"PHLDA1"
"ENSG00000165156",600.062806660959,0.0812721706981335,0.227663840954118,0.356983218580208,0.721104368778495,0.93545073109608,772.702331639709,548.195742879877,612.416571583315,385.756658856186,676.098528946257,589.814120622969,489.764503044119,540.732872202241,747.380753649219,637.7659831857,"ZHX1"
"ENSG00000050426",383.769869505424,0.113495146948732,0.318073711617203,0.35682026776649,0.721226362260631,0.935517991973355,323.006982187312,241.621820321463,308.684363574339,588.595840977748,583.840684874161,285.736464327985,452.224621349115,480.331859881778,293.948915661199,279.707141899144,"LETMD1"
"ENSG00000130202",157.728041670351,-0.154746467516212,0.433976174799371,-0.356578255909445,0.721407558055196,0.935662024874272,136.359234995243,105.222405623863,80.8852075676076,349.535376334478,79.8649993459938,123.561714303994,193.810552006764,255.026496464178,137.593109458434,115.42132060296,"NECTIN2"
"ENSG00000134504",81.5217328842474,-0.134457178899315,0.377319314774189,-0.35634851870698,0.721579578206702,0.935738091564577,79.3011153873043,127.306120384426,85.0120038720774,53.4263917195186,95.0118095667857,52.1275982219973,40.1589432086087,73.8234595027882,70.8812988119203,138.168588167047,"KCTD1"
"ENSG00000166411",118.321546001519,-0.0966387514084458,0.271219067384878,-0.356312527508654,0.721606528585264,0.935738091564577,146.997189498418,132.502288563383,123.803889134093,89.6476742412262,104.650688798199,115.839107159994,89.921111967102,78.6171906393329,138.635481499785,162.600838513659,"IDH3A"
"ENSG00000109519",414.906370044666,-0.111327938738735,0.31263740898964,-0.356092826826186,0.721771048982478,0.935790822249329,479.675039415889,494.935019045576,582.703638191132,180.200880545495,309.821118152562,429.570022384978,399.843391077017,303.922554056933,515.974160469126,452.417877107953,"GRPEL1"
"ENSG00000198712",2497.20267625161,0.276193972632252,0.775726012821288,0.356045779137591,0.721806281791087,0.935790822249329,1118.9193963794,713.174082561736,671.017079106786,6363.17380700098,1357.70498888189,1178.66291535294,3272.08085099707,5790.82721294599,1555.21908569684,2951.24734359248,"MT-CO2"
"ENSG00000179988",22.0301412929749,-0.168311643197257,0.473088740520474,-0.355771822030866,0.722011452971436,0.935790822249329,20.308822233334,7.79425226843427,22.2847000441368,43.4655390260491,17.9007757154814,21.2371696459989,20.9524921088393,34.5148641831218,16.6779526616283,15.1648450427247,"PSTK"
"ENSG00000159596",184.449085015189,-0.0728437639578169,0.204776795861075,-0.355722745106509,0.722048209635135,0.935790822249329,195.351528149213,190.95918057664,216.244126354216,156.657046906385,235.464049795947,167.001379488991,202.540757052113,169.698082233682,152.186318037358,158.388381557347,"TMEM69"
"ENSG00000164253",760.872714353248,0.0754830770753434,0.212219804077151,0.355683473573946,0.722077622912705,0.935790822249329,702.104997209547,743.052049590734,917.799498114078,584.973712725577,739.439735324115,899.683732275953,575.320512488546,821.64551680376,964.194138250387,660.513250749787,"WDR41"
"ENSG00000162976",192.210647572056,0.0998048604123713,0.280626333726206,0.35565037353104,0.722102414236518,0.935790822249329,208.890742971436,127.306120384426,143.612511395548,257.171105904124,158.353015944643,175.689312525991,216.509085124673,290.500106874608,151.143945996007,192.930528599109,"PQLC3"
"ENSG00000132823",245.196713844012,-0.0735756016352739,0.207069501174047,-0.355318389323939,0.722351080445116,0.935790822249329,205.022395879372,214.341937381943,249.258496789974,341.385587767094,249.233877269394,247.123428607987,259.287089846886,192.707991689097,254.338778089832,239.267555118545,"OSER1"
"ENSG00000134852",703.784388565569,-0.0688653521530149,0.193856008661111,-0.355239709249362,0.722410018500704,0.935790822249329,809.451629014313,697.585578024868,735.395101456514,653.794149516821,601.741460589643,772.26071439996,531.669487261797,597.298899613468,878.719630859542,759.92723491876,"CLOCK"
"ENSG00000143324",182.653296532188,-0.0829590411234748,0.233543355276405,-0.355219017151186,0.722425518912543,0.935790822249329,184.713573646038,171.473549905554,174.150804048625,225.47748369763,144.583188471196,190.16920092099,120.476829625826,199.419215280259,236.618453386852,179.450666338909,"XPR1"
"ENSG00000164169",35.2470231064469,-0.106477315592868,0.29976519483289,-0.355202396503121,0.722437969491271,0.935790822249329,36.7492973746044,38.9712613421714,33.0143704357582,38.9378787108356,30.2936204415838,23.1678214319988,29.682697154189,37.3911028650486,39.6101375713672,44.6520437369116,"PRMT9"
"ENSG00000099875",2232.45433632089,0.116923643519339,0.329238058780828,0.355134044807298,0.7224891727301,0.935790822249329,1953.51528149213,2283.71591465124,3063.73357643836,1198.01891940548,2311.95403279178,3249.28695583783,2181.67824083289,2303.86718422338,2760.20116549949,1018.57209203634,"MKNK2"
"ENSG00000126947",165.424610490915,0.0981204461802663,0.276537490391738,0.354817880357816,0.72272603223634,0.935918215394625,134.425061449211,183.164928308205,162.595774396109,154.8459827803,220.317239575155,113.908455373994,162.381813843505,133.265725595942,132.381249251675,256.959874335057,"ARMCX1"
"ENSG00000182175",57.6250619241332,-0.150774987093909,0.425150820364935,-0.354638824322364,0.722860186632697,0.935918215394625,40.617644466668,101.325279489646,41.2679630446978,62.4817123499455,68.849137367236,24.1331473249987,74.2067428854726,87.2459066851134,32.3135332819049,43.8095523456491,"RGMA"
"ENSG00000101000",95.7926695707786,-0.126796976146334,0.357641100698911,-0.354536925142397,0.722936536497376,0.935918215394625,104.445371485718,62.3540181474742,124.629248394987,111.380443754251,103.273706050854,47.3009687569975,106.508501553266,160.110619960593,64.6270665638097,73.296751039836,"PROCR"
"ENSG00000137936",388.383842201808,-0.0977528389838752,0.275749181404911,-0.354499108522591,0.722964872008231,0.935918215394625,443.892828814301,329.956679363718,437.440408273796,405.678364243125,308.444135405217,531.894567042972,338.731955759569,196.542976598332,438.838629409095,452.417877107953,"BCAR3"
"ENSG00000198513",27.7453905769847,0.172171966817201,0.485694585512674,0.354486074073618,0.722974638642619,0.935918215394625,38.6834709206362,29.8779670289981,23.9354185659247,10.8663847565123,27.5396549468944,20.2718437529989,10.4762460544197,25.8861481373413,42.7372536954226,47.1795179106991,"ATL1"
"ENSG00000156486",12.3659758366324,0.251217102827988,0.708945713710831,0.354353087929743,0.723074286940786,0.935918215394625,9.67086773015905,18.1865886263466,15.6818259569851,0.905532063042689,24.785689452205,7.7226071439996,15.7143690816295,2.87623868192681,10.4237204135177,17.6923192165121,"KCNS2"
"ENSG00000174130",10.560292862494,0.237554285358438,0.670429759439486,0.35433135539366,0.723090571867502,0.935918215394625,15.4733883682545,1.29904204473905,5.77751482625769,15.3940450717257,6.8849137367236,26.0637991109986,10.4762460544197,7.6699698184715,7.29660428946239,9.26740530388731,"TLR6"
"ENSG00000138814",440.794730968788,-0.0790929617346715,0.223266574260391,-0.354253483741043,0.723148924768809,0.935918215394625,503.852208741287,466.356094061317,463.851904622403,388.473255045314,285.035428700357,367.789165232981,387.621104013527,555.114065611875,518.05890455183,471.795179106991,"PPP3CA"
"ENSG00000143549",3742.08223155035,-0.116350252259996,0.328693361760913,-0.353978101768383,0.723355294376386,0.936020376660959,4265.81975577316,4586.91745997357,4857.23925036093,1988.54841044175,2842.0923905195,5345.97479543372,2524.77529911514,2162.93148880896,4808.46222675571,4038.06123832108,"TPM3"
"ENSG00000232119",262.681170872991,0.0668175610120239,0.188771050563188,0.3539608473475,0.723368225406351,0.936020376660959,298.829812861915,266.303619171504,270.717837573217,186.539604986794,257.495773753463,249.054080393987,281.112602460261,254.067750236869,254.338778089832,308.351849202069,"MCTS1"
"ENSG00000092964",1333.13140600626,0.132210379827409,0.373757253516189,0.353733281651703,0.723538778004447,0.936034245881161,742.722641676215,2392.83544640932,1022.62012424761,885.61035765575,1119.48697359126,1098.54086623394,983.021088106378,2265.51733513102,972.533114581201,1848.42611242989,"DPYSL2"
"ENSG00000109861",418.599060867584,0.277150358472649,0.783572480107864,0.353700985561026,0.72356298391723,0.936034245881161,528.9964648397,55.858807923779,125.454607655881,775.135445964542,497.090771791444,412.194156310979,597.14602510192,369.117297513941,62.5423224811062,762.454709092547,"CTSC"
"ENSG00000141198",67.1003968712197,0.113281783849077,0.320307597460772,0.353665616261103,0.72358949351689,0.936034245881161,84.1365492523838,74.0453965501256,47.8708371318494,49.8042634673479,106.027671545543,62.7461830449967,64.6035173355879,50.8135500473737,45.8643698194779,85.0916305175108,"TOM1L1"
"ENSG00000133121",239.022891617551,-0.138749556418892,0.392717244794938,-0.353306502981151,0.723858670832218,0.936168359430437,200.186962014292,228.631399874072,129.581403960351,453.671563584387,207.924394849053,281.875160755985,198.175654529438,203.254200189495,105.279576176529,381.648600241905,"STARD13"
"ENSG00000104419",2428.5822882788,-0.104024016596,0.294517271039722,-0.353201753597568,0.723937193322292,0.936168359430437,2369.36259388897,4024.43225460156,2612.26206072937,1132.8206108664,2222.45015421438,1988.5713395799,2214.85302000522,2524.37881650443,2575.70131418022,2620.99071821758,"NDRG1"
"ENSG00000132670",695.776322159737,0.0610551552834505,0.172894642155706,0.353135033695638,0.723987209573573,0.936168359430437,701.137910436531,554.690953103573,645.430942019073,809.545664360164,797.273010712593,757.780826004961,635.558927301459,780.419429029476,656.694386051615,619.231172577925,"PTPRA"
"ENSG00000185787",3863.25304085973,0.071421077207578,0.202319499053095,0.353011338708558,0.724079940038925,0.936168359430437,3892.52426138902,3632.12155709037,4828.35167622964,2643.24809202161,3394.26247220473,4203.99426401478,3331.44624530545,3926.0658008301,4591.64884215454,4188.86719735707,"MORF4L1"
"ENSG00000129255",177.845302881207,0.0877998783256941,0.248865015348186,0.352801209132804,0.724237477234772,0.936168359430437,164.404751412704,168.875465816076,142.787152134654,210.083438625904,140.452240229161,196.92648217199,258.414069342351,197.501722825641,170.94901478169,128.058691471897,"MPDU1"
"ENSG00000102531",419.026099799815,-0.100792242136775,0.285779176152368,-0.352692745125123,0.724318798847749,0.936168359430437,412.946052077792,478.047472463969,472.105497231342,383.9455947301,353.884566067593,457.564473281976,220.874187647348,289.541360647299,593.109691529157,528.242102321577,"FNDC3A"
"ENSG00000122912",246.233323240713,-0.0692079124947173,0.196231366044578,-0.352685270911254,0.724324402804017,0.936168359430437,278.520990628581,240.322778276723,241.830263441929,252.64344558891,209.301377596397,288.632442006985,185.953367465949,256.943988918795,290.821799537144,217.362778945721,"SLC25A16"
"ENSG00000175166",1424.1763956502,-0.107166387877031,0.303962198099861,-0.352564853613222,0.724414690358198,0.936168359430437,1483.5111098064,1486.10409918147,1805.06070357508,1178.09721401854,988.673612593509,1851.4950627739,1012.70378526057,738.234595027882,1718.87149618907,1979.01227807557,"PSMD2"
"ENSG00000131370",104.969964403869,0.158904085717458,0.450867427098146,0.352440819999328,0.724507693393519,0.936168359430437,125.721280492068,162.380255592381,67.6794593933043,37.1268145847502,179.007757154814,89.7753080489953,51.5082097675633,84.3696680031865,80.2626471840863,171.868243817547,"SH3BP5"
"ENSG00000188026",218.115430167818,0.0823388168146417,0.233737852304537,0.352269929764574,0.724635837176696,0.936168359430437,207.92365619842,283.191165753112,200.562300397231,152.129386591172,258.872756500807,195.96115627899,256.668028333282,255.026496464178,171.991386823042,198.827968337946,"RILPL1"
"ENSG00000100483",58.746900208943,-0.136451627734658,0.387458981882184,-0.352170511241754,0.72471039071839,0.936168359430437,42.5518180126998,38.9712613421714,53.6483519581071,113.191507880336,28.9166376942391,72.3994419749963,68.0955993537277,67.1122359116257,60.4575783984026,42.1245695631242,"VCPKMT"
"ENSG00000179943",96.8312905356409,-0.0788696418974323,0.223955427302667,-0.352166691592801,0.724713255109518,0.936168359430437,81.2352889333361,118.212826071253,91.614877959229,109.569379628165,101.896723303509,71.4341160819963,108.254542562336,105.462085003983,89.6439955562522,90.9890702563482,"FIZ1"
"ENSG00000176125",9.35730004930778,-0.226104495563588,0.64211805732007,-0.352122935939931,0.724746068165199,0.936168359430437,14.5063015952386,14.2894624921295,9.90431113072746,2.71659618912807,5.50793098937888,5.7919553579997,11.3492665589546,2.87623868192681,11.4660924548695,15.1648450427247,"UFSP1"
"ENSG00000115216",700.357100708456,-0.0652143161175354,0.185339783354225,-0.351863560738585,0.724940588107463,0.936328938949181,796.879500965106,813.200320006643,646.256301279967,623.00605937337,640.296977515295,665.109540276966,653.892357896693,572.371497703436,691.092663416223,901.465788650857,"NRBP1"
"ENSG00000177000",157.559637280469,-0.0977455925230924,0.278000630757239,-0.351602053048749,0.725136725295008,0.936421125485152,131.523801130163,203.94960102403,133.708200264821,186.539604986794,228.579136059223,105.220522336995,165.873895861645,177.368052052154,124.042272920861,118.79128616801,"MTHFR"
"ENSG00000136848",347.99877038664,0.093135819652919,0.26490559478617,0.351581172636605,0.725152386894403,0.936421125485152,280.455164174613,480.645556553447,343.349452531885,234.532804328056,492.95982354941,401.575571487979,324.763627687009,291.458853101917,259.550638296591,370.696212155493,"DAB2IP"
"ENSG00000175505",179.513983899217,-0.106171678602815,0.302127973527419,-0.35141293725051,0.725278578024478,0.936493406439391,146.030102725402,149.38983514499,179.102959613988,275.281747164977,139.075257481817,181.481267883991,241.826679756187,228.181602099527,151.143945996007,103.626441125285,"CLCF1"
"ENSG00000166529",31.697769142196,0.135921481749974,0.387001346779026,0.351217076842847,0.725425499715186,0.93655995962448,24.1771693253976,20.7846727158247,24.7607778268187,49.8042634673479,28.9166376942391,46.3356428639976,27.9366561451191,28.7623868192681,20.8474408270354,44.6520437369116,"ZSCAN21"
"ENSG00000169905",672.143687550338,-0.0889571797287726,0.253417380988737,-0.35103030179578,0.725565615576243,0.936592006866082,572.515369625416,1035.33650965702,565.371093712359,617.572866995114,516.36853025427,509.692071503974,711.511711196002,893.55148385193,595.19443561186,704.322803095436,"TOR1AIP2"
"ENSG00000113597",130.229808489043,-0.076322799674586,0.217683863610979,-0.350613033086283,0.725878677534726,0.936803482341977,119.918759853972,113.016657892297,137.009637308397,166.617899599855,128.059395503059,123.561714303994,103.889440039662,112.173308595146,161.567666409524,136.483605384522,"TRAPPC13"
"ENSG00000159692",1256.89406298393,0.0679756152633181,0.193915447759858,0.350542548562187,0.725931564104272,0.936803482341977,1200.15468531274,1530.2715287026,1168.70871342584,987.935480779574,1498.15722911106,1243.33975018394,1453.57914005073,1368.13086636985,1000.6771596977,1117.98607620532,"CTBP1"
"ENSG00000240370",20.8668374042307,-0.166374843759315,0.474660763300541,-0.350513159340225,0.725953616070436,0.936803482341977,15.4733883682545,16.8875465816076,14.0311074351972,42.5600069630064,26.1626721995497,27.0291250039986,11.3492665589546,13.4224471823251,15.6355806202765,26.117233129137,"RPL13P5"
"ENSG00000152952",1049.93132436754,0.148763464731931,0.42456835280133,0.350387549496754,0.726047868965608,0.936803482341977,922.600781457174,352.040394124281,616.543367887784,2051.03012279169,747.701631808183,1354.35222787893,900.084140175555,1667.25968929024,1175.7956626448,711.905225616798,"PLOD2"
"ENSG00000197496",203.512416862536,-0.140146388286166,0.400025236528584,-0.350343867057876,0.726080647594588,0.936803482341977,163.437664639688,124.708036294948,118.85173356873,454.57709564743,173.499826165435,153.486816986992,178.096182925134,327.891209739657,163.652410492228,176.923192165121,"SLC2A10"
"ENSG00000110090",591.921070181873,0.101882967338755,0.290977513695393,0.350140346052342,0.726233373233217,0.936810387451072,384.90053566033,618.344013295786,495.215556536373,769.702253586286,501.221720033478,750.058218860961,465.31992891714,705.637223299378,854.745073908451,374.066177720542,"CPT1A"
"ENSG00000213366",114.020097531694,0.112306849009547,0.320839915170341,0.350040140578896,0.726308573130882,0.936810387451072,96.7086773015905,93.5310272212113,75.1076927413499,169.334495788983,139.075257481817,84.9486785839956,130.953075680246,161.069366187902,69.8389267705686,119.633777559273,"GSTM2"
"ENSG00000196741",28.2702383950447,-0.129066025825761,0.36887376361432,-0.349892127217559,0.726419655617511,0.936810387451072,41.5847312396839,33.7750931632152,20.6339815223489,23.5438336391099,33.0475859362733,21.2371696459989,27.0636356405841,31.638625501195,15.6355806202765,34.5421470417618,"LINC01560"
"ENSG00000185033",15.1760447973722,-0.142224439677167,0.406583375165338,-0.349803873853255,0.72648589158645,0.936810387451072,17.4075619142863,18.1865886263466,13.2057481743033,15.3940450717257,20.6547412101708,8.68793303699955,13.9683280725595,15.339939636943,14.5932085789248,14.3223536514622,"SEMA4B"
"ENSG00000183298",18.5053801574304,0.22260119963798,0.636604360923955,0.349669611617019,0.726586662083668,0.936810387451072,6.76960741111134,35.0741352079542,16.5071852178791,9.05532063042689,38.5555169256522,5.7919553579997,18.3334305952344,23.0099094554145,26.0593010337942,5.89743973883738,"RPSAP19"
"ENSG00000157483",399.443408725961,0.132922074022732,0.380148663400651,0.349658138565229,0.726595273400057,0.936810387451072,362.657539880965,205.248643068769,482.00980836207,460.010288025686,305.690169910528,142.868232163993,405.954534608762,469.78565138138,501.380951890201,658.828267967262,"MYO1E"
"ENSG00000151474",205.100251408745,0.089986551841258,0.257407452111911,0.349587982410608,0.726647931182526,0.936810387451072,182.779400100006,220.837147605638,149.390026221806,237.249400517185,194.154567375605,272.221901825986,171.985039393389,145.729426550959,284.567567289033,192.088037207846,"FRMD4A"
"ENSG00000182022",52.1513453030326,-0.388965372949505,1.11331148080893,-0.349376953040028,0.726806333319288,0.936924035132356,31.9138635095249,12.9904204473905,75.9330520022439,122.246828510763,1.37698274734472,82.0527009049957,36.6668611904688,116.008293504381,1.04237204135177,41.2820781718617,"CHST15"
"ENSG00000158246",13.7685440044763,0.175615708488711,0.50286996387388,0.349226879919111,0.726918987793083,0.936978441309572,20.308822233334,12.9904204473905,14.0311074351972,3.62212825217076,20.6547412101708,14.4798883949993,13.0953075680246,9.58746227308938,14.5932085789248,14.3223536514622,"FAM46B"
"ENSG00000196605",44.2243097524072,-0.112324042406101,0.321722277198085,-0.349133555140613,0.726989046312623,0.936978441309572,44.4859915587317,35.0741352079542,39.6172445229098,66.1038406021163,38.5555169256522,42.4743392919978,52.3812302720983,36.4323566377396,28.1440451164978,58.9743973883738,"ZNF846"
"ENSG00000144218",91.932830119044,-0.13853730366767,0.396927448815277,-0.349024246323017,0.727071106885872,0.936993656637054,69.6302476571452,129.904204473905,49.5215556536373,140.357469771617,85.3729303353726,47.3009687569975,79.4448659126824,72.8647132754793,165.737154574931,79.1941907786734,"AFF3"
"ENSG00000135838",11.2440097159659,-0.180563763633329,0.518236198366295,-0.34841982131419,0.72752491874867,0.9373301197536,14.5063015952386,6.49521022369523,10.7296703916214,16.2995771347684,13.7698274734472,4.82662946499975,17.4604100906994,10.5462085003983,9.38134837216593,8.42491391262483,"NPL"
"ENSG00000135972",87.9987878359754,0.0743884527085916,0.213523512990489,0.348385298025259,0.727550842267337,0.9373301197536,88.0048963444474,77.9425226843427,94.0909557419109,81.497885673842,68.849137367236,100.393892871995,102.143399030592,80.5346830939508,89.6439955562522,96.8865099951856,"MRPS9"
"ENSG00000213341",267.015093587211,-0.101335125251684,0.291123552186174,-0.348082882647984,0.72777793913289,0.9373301197536,291.093118677788,222.136189650377,338.397296966522,260.793234156294,283.658445953012,334.002758977983,174.604100906994,139.976949187105,353.36412201825,272.124719377782,"CHUK"
"ENSG00000106333",537.276350312751,-0.132398348857017,0.380444242276386,-0.348009863586875,0.72783277590684,0.9373301197536,403.275184347633,384.516445242758,349.952326619037,1130.10401467728,634.789046525916,384.19970541398,713.257752205071,667.287374207021,387.762399382858,317.619254505956,"PCOLCE"
"ENSG00000110104",142.663030935826,0.105403498669577,0.302982914869684,0.347885948337753,0.72792583852976,0.9373301197536,173.108532369847,162.380255592381,148.564666960912,62.4817123499455,125.305430008369,151.556165200992,163.25483434804,103.544592549365,177.203247029801,159.230872948609,"CCDC86"
"ENSG00000145391",1856.61483361633,0.0980070292838205,0.281785277635445,0.347807486985234,0.727984766517791,0.9373301197536,2080.20364875721,2131.72799541677,1866.96264814213,1047.70059694039,1684.04990000259,2051.31752262489,1057.22783099185,1879.14260552552,2294.26086301524,2473.55472474665,"SETD7"
"ENSG00000135537",26.2271648590541,0.132730357180155,0.381676586736195,0.347756089298437,0.72802336935315,0.9373301197536,39.6505576936521,20.7846727158247,20.6339815223489,18.1106412608538,24.785689452205,18.341191966999,20.0794716043043,34.5148641831218,33.3559053232566,32.0146728679744,"AFG1L"
"ENSG00000167130",29.0514905598085,-0.127500016598952,0.366652648806539,-0.347740612304226,0.728034993666307,0.9373301197536,22.2429957793658,31.1770090737371,22.2847000441368,47.0876672782198,16.5237929681366,33.7864062549982,28.809676649654,26.8448943646503,36.4830214473119,25.2747417378745,"DOLPP1"
"ENSG00000154001",779.155835060006,-0.0659078896958,0.189584819342634,-0.347643286653061,0.728108093521459,0.937333749352867,844.266752842885,795.013731380296,954.115305593412,608.517546364687,744.947666313493,892.926451024954,656.511419410298,731.52337143672,892.270467397115,671.465638836199,"PPP2R5E"
"ENSG00000006756",65.6525744796877,-0.158405576302846,0.456335431693903,-0.347125305862947,0.728497182817364,0.937670042195362,49.3214254238112,36.3731772526933,34.6650889575461,159.373643095513,61.9642236305124,57.919553579997,61.984455821983,99.7096076401295,39.6101375713672,55.6044318233239,"ARSD"
"ENSG00000160695",123.074326186008,-0.0970334616538359,0.279548061198776,-0.347108333492748,0.728509933060534,0.937670042195362,89.9390698904792,118.212826071253,104.820626133532,199.217053869392,129.436378250404,111.012477694994,137.937239716525,96.8333689582027,95.8982278043628,147.435993470935,"VPS11"
"ENSG00000085231",917.952813764276,0.0645936047946522,0.186222329790356,0.346862832547363,0.728694370430158,0.937816927378849,1057.9929296794,761.238638217081,995.38326863811,757.930336766731,928.086371710341,1082.13032605294,962.068595997538,781.378175256785,1058.00762197205,795.311873351784,"AK6"
"ENSG00000158560",7.83661363748942,0.352608454485744,1.01760725839697,0.346507408999035,0.728961417124538,0.937932948556784,9.67086773015905,9.09329431317332,6.60287408715164,1.81106412608538,0,9.6532589299995,0.873020504534971,3.83498490923575,3.12711612405531,33.6996556504993,"DYNC1I1"
"ENSG00000130305",78.9704653294356,-0.083123752675505,0.239894458166911,-0.346501346094748,0.728965972759619,0.937932948556784,62.8606402460339,84.437732908038,79.2344890458197,100.514058997738,79.8649993459938,73.3647678679962,96.0322554988468,63.2772510023899,66.7118106465133,83.4066477349858,"NSUN5"
"ENSG00000146373",332.170011225513,-0.0838400849150092,0.24203229410862,-0.346400405878826,0.729041820124368,0.937932948556784,235.969172615881,353.33943616902,307.859004313445,478.12092928654,291.920342437081,381.30372773498,255.795007828747,286.665121965372,401.313235920431,329.414133983631,"RNF217"
"ENSG00000184178",144.370785605576,0.160343481161725,0.462989235836398,0.346322265726246,0.729100537142503,0.937932948556784,167.306011731752,141.595582876556,149.390026221806,81.497885673842,125.305430008369,240.366147356988,66.3495583446578,76.699698184715,75.0507869773274,320.146728679744,"SCFD2"
"ENSG00000122862",36.0752026314272,0.271878365902576,0.785151869333003,0.346274875628253,0.729136148356957,0.937932948556784,52.2226857428589,1.29904204473905,8.25359260893955,66.1038406021163,66.0951718725465,20.2718437529989,44.5240457312835,6.71122359116257,75.0507869773274,20.2197933902996,"SRGN"
"ENSG00000198899",2126.21795544426,0.200743722674187,0.580104230854679,0.346047679015247,0.729306883009142,0.938022162399445,936.139996279397,691.090367801172,644.605582758179,5533.70643725387,1331.54231668234,1420.95971449593,2974.38085895065,4381.47025880185,1081.98217892314,2266.30184249608,"MT-ATP6"
"ENSG00000133114",90.3984878858922,-0.126229039979663,0.364935367536884,-0.345894235550916,0.729422200934637,0.938022162399445,66.7289873380975,80.5406067738208,94.9163150028048,138.546405645531,72.9800856092701,91.7059598349952,51.5082097675633,51.7722962746827,101.110088011122,154.175924601034,"GPALPP1"
"ENSG00000165097",207.449030529355,-0.105500436308514,0.305137531315829,-0.345747164740993,0.729532735340658,0.938022162399445,239.837519707945,275.396913484678,216.244126354216,134.924277393361,261.626721995497,205.614415208989,105.635481048732,153.39939636943,254.338778089832,227.47267564087,"KDM1B"
"ENSG00000213250",7.85787316017889,-0.22444959210925,0.649280552372585,-0.345689688824148,0.729575934198433,0.938022162399445,3.86834709206362,12.9904204473905,8.25359260893955,9.05532063042689,15.1468102207919,8.68793303699955,1.74604100906994,4.79373113654469,7.29660428946239,6.73993113009986,"RBMS2P1"
"ENSG00000118407",10.253094876627,0.265710754969653,0.768959862434469,0.345545675333993,0.729684178403473,0.938022162399445,0.967086773015906,5.19616817895618,24.7607778268187,5.43319237825613,4.13094824203416,21.2371696459989,6.98416403627977,17.2574320915609,7.29660428946239,9.26740530388731,"FILIP1"
"ENSG00000221990",49.649200161155,-0.131124992032535,0.379515282330547,-0.34550648718891,0.729713634143262,0.938022162399445,91.873243436511,44.1674295211276,43.7440408273796,29.8825580804087,50.9483616517546,32.8210803619983,68.9686198582627,48.8960575927558,31.2711612405531,53.9194490407989,"EXOC3-AS1"
"ENSG00000014641",336.665065257872,0.0963273092758634,0.278859582284838,0.345433025778082,0.729768852432017,0.938022162399445,296.895639315883,368.927940705889,376.363822967644,251.737913525868,322.213962878664,245.192776821987,398.097350067947,269.407689873812,269.974358710108,567.839197710914,"MDH1"
"ENSG00000143995",104.966425209268,-0.133508173389454,0.386598833100337,-0.345340342387437,0.72983852118776,0.938022162399445,93.8074169825428,48.0645556553447,72.6316149586681,228.194079886758,99.1427578088198,88.8099821559954,106.508501553266,129.430740686707,97.9829718870663,85.0916305175108,"MEIS1"
"ENSG00000104856",144.893251216545,0.112916292037937,0.327266636344604,0.345028424831668,0.730073001451925,0.938022162399445,191.483181057149,138.997498787078,118.026374307836,104.136187249909,170.745860670745,90.7406339419953,250.556884801537,116.96703973169,163.652410492228,103.626441125285,"RELB"
"ENSG00000179241",54.7428051417626,-0.110494088957364,0.320291353362753,-0.344979930920026,0.730109458432927,0.938022162399445,65.7619005650816,42.8683874763885,37.9665260011219,82.4034177368847,39.9324996729969,51.1622723289973,42.7780047222136,71.9059670481704,64.6270665638097,48.0220093019615,"LDLRAD3"
"ENSG00000253797",132.204470974114,-0.110943500585368,0.321667857182638,-0.344900797851169,0.730168950773297,0.938022162399445,133.457974676195,88.3348590422551,84.1866446111834,247.210253210654,106.027671545543,113.908455373994,141.429321734665,148.605665232885,119.872784755454,139.01107955831,"UTP14C"
"ENSG00000103811",12.5339691567307,-0.236995802125932,0.687482088002059,-0.344730148264201,0.730297250872657,0.938022162399445,7.73669418412724,3.89712613421714,9.07895186983351,34.4102183956222,6.8849137367236,7.7226071439996,10.4762460544197,18.2161783188698,4.16948816540708,22.747267564087,"CTSH"
"ENSG00000160214",122.534780255721,-0.0730121424820907,0.211815639571461,-0.344696655213026,0.730322432961267,0.938022162399445,146.030102725402,124.708036294948,138.660355830184,95.986398682525,103.273706050854,132.249647340993,135.318178202921,117.925785958999,129.254133127619,101.94145834276,"RRP1"
"ENSG00000177156",1046.93067416801,0.0828850480643213,0.240627693347106,0.344453487092026,0.730505270083749,0.938022162399445,954.514644966699,1392.57307196026,1087.82350585823,611.234142553815,848.221372364347,1204.72671446394,1161.99029153605,945.323780126613,1045.49915747582,1217.40006037429,"TALDO1"
"ENSG00000248905",236.200547710316,-0.140195241277231,0.407244602425281,-0.344253159998489,0.730655906717604,0.938022162399445,302.698159953978,164.978339681859,312.811159878809,219.138759256331,331.852842110077,160.244098237992,90.794132471637,124.637009550162,242.872685634962,411.978290327354,"FMN1"
"ENSG00000149091",592.292527476482,-0.0931553088555493,0.27061838268264,-0.34423126741096,0.730672369552455,0.938022162399445,591.857105085734,883.348590422551,644.605582758179,342.291119830136,717.408011366599,635.184437593967,642.543091337739,446.775741925965,559.7537862059,459.157808238053,"DGKZ"
"ENSG00000124615",108.065666266733,-0.07098985128095,0.206236761111528,-0.344215313013766,0.730684367052373,0.938022162399445,119.918759853972,135.100372652861,96.5670335245927,94.1753345564397,119.797499018991,90.7406339419953,100.397358021522,103.544592549365,112.576180465991,107.838898081598,"MOCS1"
"ENSG00000135250",445.253375243885,-0.0523900892091044,0.152208497246449,-0.344199503686557,0.730696255526535,0.938022162399445,473.872518777794,437.777169077058,466.327982405085,441.899646764832,415.848789698105,476.870991141975,363.176529886548,420.889593788624,463.855558401537,492.01497249729,"SRPK2"
"ENSG00000164414",31.105997474925,0.175677081080025,0.510504732935543,0.344124294538531,0.730752813026185,0.938022162399445,23.2100825523817,6.49521022369523,26.4114963486066,58.8595840977748,20.6547412101708,24.1331473249987,46.2700867403535,41.2260877742843,42.7372536954226,21.0622847815621,"SLC35A1"
"ENSG00000088766",413.776498355135,0.0713071350429591,0.207337696670151,0.343917850869155,0.730908066793125,0.938033384204697,440.991568495253,294.882544155763,354.079122923507,515.24774387129,421.356720687484,452.737843816977,500.240749098539,414.178370197461,396.101375713672,347.948944591406,"CRLS1"
"ENSG00000033627",124.949645476448,-0.126190792072952,0.36703657561452,-0.343809855629985,0.730989287856649,0.938033384204697,101.54411116667,87.0358169975161,69.3301779150922,268.037490660636,118.420516271646,130.318995554993,116.984747607686,134.224471823251,89.6439955562522,133.956131210735,"ATP6V0A1"
"ENSG00000100220",341.569120931485,0.0641460499212285,0.186607126435455,0.343749197292398,0.731034909104164,0.938033384204697,307.533593819058,327.35859527424,365.634152576022,328.708138884496,414.471806950761,265.464620574986,369.287673418293,302.005061602315,332.516681191215,402.710885023467,"RTCB"
"ENSG00000108179",561.279778328678,-0.0819583970655105,0.238530114806814,-0.343597692609543,0.731148860210264,0.938033384204697,559.943241576209,606.652634893134,663.58884575874,492.609442295223,373.162324530419,605.259334910969,699.289424132512,427.600817379786,721.321452615425,463.370265194366,"PPIF"
"ENSG00000160172",32.6669978223103,0.149309115022238,0.434601064820037,0.343554416011532,0.731181410895557,0.938033384204697,48.3543386507953,25.9808408947809,33.8397296966522,14.488513008683,30.2936204415838,23.1678214319988,48.0161277494234,55.6072811839184,25.0169289924425,21.9047761728246,"FAM86C2P"
"ENSG00000149968",80.8053093752262,-0.391226498783016,1.13877081909801,-0.343551566497722,0.731183554187001,0.938033384204697,34.8151238285726,25.9808408947809,241.004904181035,75.1591612325432,2.75396549468944,187.27322324199,26.1906151360491,5.75247736385363,22.9321849097389,186.190597469009,"MMP3"
"ENSG00000060688",178.056657565953,-0.0985543275633332,0.287092593120996,-0.343284117823956,0.731384727826196,0.938089683970728,219.528697474611,222.136189650377,204.689096701701,95.986398682525,148.71413671323,192.09985270699,156.27067031176,120.802024640926,210.559152353057,209.780356424358,"SNRNP40"
"ENSG00000167447",28.798711599016,-0.128929469475094,0.375598012599514,-0.343264514587744,0.731399474015317,0.938089683970728,24.1771693253976,29.8779670289981,32.1890111748642,35.3157504586649,28.9166376942391,31.8557544689983,31.428738163259,14.3811934096341,17.7203247029801,42.1245695631242,"SMG8"
"ENSG00000167114",114.429023907264,0.0926674323521027,0.270000009863919,0.343212699876594,0.731438451196791,0.938089683970728,104.445371485718,80.5406067738208,104.820626133532,149.412790402044,111.535602534922,140.937580377993,110.873604075941,97.7921151855117,160.525294368173,83.4066477349858,"SLC27A4"
"ENSG00000131381",434.642749488899,-0.0703261550875625,0.205054361443111,-0.342963468773003,0.731625942886178,0.938137964419304,418.748572715887,519.616817895618,420.933223055917,430.127729945277,517.745513001615,541.547825972972,339.604976264104,334.602433330819,432.584397160984,390.916005545792,"RBSN"
"ENSG00000157349",123.553800206026,-0.080441243987855,0.234551869613083,-0.342957163891087,0.731630686133541,0.938137964419304,114.116239215877,107.820489713341,131.232122482139,156.657046906385,136.321291987127,147.694861628992,132.699116689316,124.637009550162,95.8982278043628,88.4615960825607,"DDX19B"
"ENSG00000106608",211.783449523958,-0.102698322674249,0.299514926396896,-0.342882152518036,0.731687118983999,0.938137964419304,169.240185277783,172.772591950293,167.547929961473,373.984742036631,188.646636386227,176.654638418991,243.572720765257,219.552886053747,143.847341706544,262.014822682632,"URGCP"
"ENSG00000114573",200.369050504289,-0.0992574260534946,0.289574382743607,-0.342770051387379,0.731771458051766,0.938155910413957,214.693263609531,218.23906351616,210.466611527959,191.97279736505,159.729998691988,168.932031274991,110.000583571406,186.955514325243,211.601524394409,331.099116766156,"ATP6V1A"
"ENSG00000256073",32.2619027418447,0.109821184775198,0.320694475835816,0.342448009087074,0.732013763975162,0.93829668276791,33.8480370555567,28.578924984259,34.6650889575461,26.260429828238,31.6706031889286,26.0637991109986,35.7938406859338,26.8448943646503,29.1864171578495,49.7069920844865,"URB1-AS1"
"ENSG00000162148",11.025792655749,-0.23152818757835,0.676118864882822,-0.342437106260119,0.73202196777387,0.93829668276791,5.80252063809543,5.19616817895618,6.60287408715164,30.7880901434514,4.13094824203416,6.75728125099965,14.8413485770945,19.1749245461788,9.38134837216593,7.58242252136235,"PPP1R32"
"ENSG00000106636",2542.54004971691,0.0656941839356419,0.191954034503013,0.342239141290936,0.732170931234044,0.93835630315941,2471.87379182865,2437.00287593045,2870.59950938918,2113.51183514164,2550.17204808242,3100.62676831584,2118.82076450637,2091.9842679881,3229.26858410778,2441.54005187868,"YKT6"
"ENSG00000151882",50.7452355915499,0.168542093794715,0.492577511102641,0.342163598613,0.732227777783659,0.93835630315941,83.1694624793679,31.1770090737371,52.8229926972131,21.7327695130245,55.0793098937888,39.5783616129979,55.0002917857032,65.1947434570078,13.550836537573,90.1465788650857,"CCL28"
"ENSG00000136240",3076.52133736205,-0.114701622414586,0.335291923846024,-0.342094796375891,0.732279553369059,0.93835630315941,2941.87796351438,1718.63262518976,2499.1878419869,5737.45115143848,1896.10524309368,4231.98871491178,2765.72895836679,3554.07226463423,2963.46371356308,2456.7048969214,"KDELR2"
"ENSG00000011422",128.503927284119,0.125921963929321,0.368274898992621,0.341923829926417,0.732408215624553,0.938431008913888,109.280805350797,66.2511442816913,103.169907611744,208.272374499818,96.3887923141304,209.475718780989,185.080346961414,101.627100094747,109.449064341936,96.0440186039231,"PLAUR"
"ENSG00000006194",289.413318929445,0.0679372349229682,0.198996505689228,0.341399135063535,0.732803126154577,0.938846810136753,224.36413133969,266.303619171504,299.605411704506,334.141331262752,322.213962878664,346.551995586982,319.525504659799,232.016587008763,255.381150131184,294.029495550607,"ZNF263"
"ENSG00000172757",6682.19293508209,-0.127234009297313,0.373077784377117,-0.34103882521373,0.733074353613739,0.93908997057554,7756.03591958756,8867.26099738873,9409.09557419109,2122.56715577206,6215.70012151407,7249.59745642962,4509.15090592313,4410.23264562111,9597.11938472574,6685.1691896678,"CFL1"
"ENSG00000125945",130.654519509988,-0.103326107634181,0.303204307025333,-0.340780474551597,0.733268850619398,0.93908997057554,158.602230774609,141.595582876556,111.423500220684,133.113213267275,187.269653638882,75.2954196539961,82.0639274262873,113.132054822455,131.338877210323,172.710735208809,"ZNF436"
"ENSG00000167565",235.91633305443,0.0824917524119267,0.242262746197169,0.340505313783531,0.733476021796051,0.939186763828697,205.989482652388,279.294039618895,270.717837573217,156.657046906385,172.12284341809,285.736464327985,217.382105629208,220.511632281056,288.73705545444,262.014822682632,"SERTAD3"
"ENSG00000144840",198.144170303257,-0.0879807249135877,0.258400555460302,-0.340481949649308,0.733493613770691,0.939186763828697,239.837519707945,210.444811247725,241.830263441929,129.491085015105,201.039481112329,185.34257145599,144.921403752805,149.564411460194,243.915057676314,235.055098162233,"RABL3"
"ENSG00000165689",432.631548017253,0.0737238807775298,0.216585290088787,0.340391910952528,0.733561409522646,0.939186763828697,381.032188568267,392.310697511192,455.598312013463,448.238371206131,421.356720687484,517.414678647973,521.193241207378,435.270787198258,482.618255145869,271.28222798652,"SDCCAG3"
"ENSG00000196189",12.2748404386277,-0.226856789790218,0.66691432955763,-0.340158817611092,0.733736929692448,0.939292729436571,9.67086773015905,7.79425226843427,2.47607778268187,33.5046863325795,20.6547412101708,10.6185848229995,10.4762460544197,10.5462085003983,5.21186020675885,11.7948794776748,"SEMA4A"
"ENSG00000180901",349.909993504854,0.0741365210770637,0.218008629007101,0.340062324205749,0.733809593666157,0.939292729436571,317.204461549217,431.281958853363,385.442774837477,223.666419571544,385.555169256522,389.99166077198,329.128730209684,313.510016330023,323.135332819049,400.183410849679,"KCTD2"
"ENSG00000125148",4564.08845023841,0.123845338615455,0.364249473571018,0.340001421007707,0.733855457803784,0.939292729436571,5406.98214793193,3199.54055619227,6093.62742318007,2624.23191869771,2871.00902821374,7628.0052064856,5039.07435217585,2577.10985900643,6724.34203876027,3476.96197174027,"MT2A"
"ENSG00000178149",200.124383027431,-0.0820353945067204,0.241531091741284,-0.339647346912142,0.734122117830135,0.939384840784061,255.310908076199,242.920862366202,183.229755918458,146.696194212916,250.610860016739,157.348120558992,209.524921088393,219.552886053747,153.22869007871,182.820631903959,"DALRD3"
"ENSG00000166847",590.601221479657,-0.103693119028077,0.305365954236976,-0.339570006378664,0.734180368745369,0.939384840784061,633.441836325418,780.724268888167,727.966868108468,323.27494650624,561.808960916646,661.248236704966,403.335473095157,356.653596558925,751.550241814626,706.007785877961,"DCTN5"
"ENSG00000169683",78.9805391552367,0.121971778759714,0.359584086341349,0.339202382398891,0.734457274654315,0.939384840784061,92.8403302095269,102.624321534385,80.8852075676076,24.4493657021526,75.7340511039596,83.0180267979957,110.000583571406,71.9059670481704,75.0507869773274,73.296751039836,"LRRC45"
"ENSG00000137825",10.3152123109278,0.22338794474804,0.658844403454408,0.339060244842012,0.734564346377688,0.939384840784061,4.83543386507953,19.4856306710857,9.90431113072746,3.62212825217076,15.1468102207919,20.2718437529989,9.60322554988468,2.87623868192681,7.29660428946239,10.1098966951498,"ITPKA"
"ENSG00000163481",102.914073483459,-0.0978683315165414,0.288656733199697,-0.339047457621002,0.73457397919948,0.939384840784061,92.8403302095269,118.212826071253,98.2177520463807,120.435764384678,64.7181891252018,93.6366116209951,102.143399030592,74.7822057300972,99.0253439284181,165.128312687447,"RNF25"
"ENSG00000118046",658.099957195735,0.0989997192210821,0.29208591163321,0.338940411975097,0.734654620065512,0.939384840784061,652.783571785736,895.039968825203,604.988338235269,373.079209973588,738.06275257677,575.33423222797,939.370062879629,811.099308303362,424.24542083017,566.996706319651,"STK11"
"ENSG00000121690",23.9849307558619,-0.153915676899858,0.454234203433453,-0.3388465151599,0.734725357910954,0.939384840784061,20.308822233334,16.8875465816076,19.8086222614549,45.2766031521344,12.3928447261025,29.9251026829984,21.8255126133743,13.4224471823251,22.9321849097389,37.0696212155493,"DEPDC7"
"ENSG00000111671",50.2004873508412,-0.145527843092088,0.429540751199228,-0.338798688333507,0.734761389462023,0.939384840784061,38.6834709206362,31.1770090737371,35.4904482184401,107.75831550208,34.424568683618,40.5436875059979,79.4448659126824,40.2673415469754,34.3982773646084,59.8168887796363,"SPSB2"
"ENSG00000197122",810.251050506359,0.0884893423031455,0.261203627083571,0.338775319819099,0.734778994936588,0.939384840784061,828.793364474631,972.982491509545,888.91192398279,431.938794071363,1058.89973270809,611.051290268968,930.639857834279,697.008507253598,895.39758352117,786.886959439159,"SRC"
"ENSG00000183615",16.4709796762581,0.187534461658064,0.553766016806847,0.3386528894269,0.734871234363783,0.939384840784061,15.4733883682545,23.3827568053028,15.6818259569851,6.33872444129882,33.0475859362733,7.7226071439996,11.3492665589546,17.2574320915609,8.33897633081416,26.117233129137,"FAM167B"
"ENSG00000074582",145.936976633415,-0.083429152537261,0.246591593567521,-0.338329264717683,0.735115072609584,0.939384840784061,149.898449817465,151.987919234468,146.913948439124,155.751514843343,110.158619787578,169.897357167991,191.191490493159,135.18321805056,157.398178244117,90.9890702563482,"BCS1L"
"ENSG00000163879",17.6272305961947,-0.271202792257478,0.802045036303735,-0.338139106885232,0.735258361368627,0.939384840784061,40.617644466668,23.3827568053028,3.30143704357582,11.771916819555,2.75396549468944,18.341191966999,50.6351892630283,10.5462085003983,3.12711612405531,11.7948794776748,"DNALI1"
"ENSG00000196396",307.417962695299,-0.0934009419126831,0.276365680078011,-0.337961435321196,0.735392249733309,0.939384840784061,322.039895414296,383.217403198019,349.126967358143,223.666419571544,308.444135405217,326.280151833983,195.556593015834,193.666737916405,384.635283258803,387.546039980742,"PTPN1"
"ENSG00000099860",898.339042380388,-0.102878705890818,0.304482707273798,-0.33788029150144,0.735453400140741,0.939384840784061,551.239460619066,953.49686083846,1304.89299147334,938.131217312226,1032.73706050854,944.088723353951,1315.6419003342,736.317102573264,533.694485172106,673.150621618724,"GADD45B"
"ENSG00000165672",1002.9608335963,-0.105473357980769,0.312220009390808,-0.337817419794987,0.735500781740716,0.939384840784061,1302.66588325242,1087.29819144658,1315.62266186496,483.554121664796,874.384044563897,1034.82935729595,721.987957250421,672.081105343566,1346.74467742649,1190.44033585389,"PRDX3"
"ENSG00000182606",1243.65078378357,-0.0754534277063212,0.223370306775941,-0.337795245909777,0.735517492743347,0.939384840784061,1378.09865154767,1695.24986838445,1141.47185781634,917.303979862244,1606.93886615129,1102.40216980594,1267.62577258478,1094.88819158681,988.168695201478,1244.35978489469,"TRAK1"
"ENSG00000143207",416.948177216636,0.0893664468624321,0.264609947921397,0.337728976421471,0.735567436455284,0.939384840784061,454.530783317476,404.002075913843,467.978700926873,278.903875417148,517.745513001615,470.113709890976,408.573596122366,305.840046511551,579.558854991584,282.234616072932,"RFWD2"
"ENSG00000134352",1495.73774152025,0.0704954826818266,0.209021344507399,0.337264516444306,0.735917506059446,0.939384840784061,1572.48309292386,1577.0370423132,1328.00305077837,1332.0376647358,1324.65740294562,1101.43684391294,1522.54775990899,2131.29286330777,1394.69379132867,1673.18790304729,"IL6ST"
"ENSG00000071243",86.5764633389282,-0.0698100996339059,0.20709303532459,-0.33709535197303,0.736045021178294,0.939384840784061,91.873243436511,75.3444385948647,99.0431113072746,89.6476742412262,74.3570683566149,94.6019375139951,90.794132471637,88.2046529124223,88.6016235149004,73.296751039836,"ING3"
"ENSG00000103423",372.144988172286,-0.0839359373330108,0.249021233604727,-0.337063374548385,0.736069126378002,0.939384840784061,471.938345231762,306.573922558415,416.806426751447,345.007716019265,311.198100899907,524.171959898973,303.81113557817,261.73772005534,444.050489615854,336.154065113731,"DNAJA3"
"ENSG00000171385",358.381789005304,-0.165178708463817,0.490410258861097,-0.3368174002873,0.736254555206304,0.939384840784061,323.974068960328,241.621820321463,165.897211439685,801.39587579278,268.51163573222,87.8446562629954,343.097058282244,592.505168476924,460.728442277482,298.241952506919,"KCND3"
"ENSG00000203791",133.271093727961,-0.0771520202695809,0.22909044578967,-0.33677537272949,0.736286239411115,0.939384840784061,181.81231332699,146.791751055512,127.930685438563,94.1753345564397,136.321291987127,111.012477694994,124.841932148501,145.729426550959,125.084644962212,139.01107955831,"EEF1AKMT2"
"ENSG00000179886",65.4823695357801,0.137352594053506,0.407940474634127,0.336697637508743,0.736344844489596,0.939384840784061,80.2682021603202,83.1386908632989,65.2033816106225,19.0161733238965,75.7340511039596,39.5783616129979,95.1592349943119,80.5346830939508,47.9491139021814,68.2418026922611,"TIGD5"
"ENSG00000266904",9.51771624443409,0.229362733924205,0.681292301572923,0.336658337977205,0.736374473240737,0.939384840784061,11.6050412761909,1.29904204473905,6.60287408715164,14.488513008683,17.9007757154814,2.89597767899985,13.9683280725595,13.4224471823251,6.25423224811062,6.73993113009986,"LINC00663"
"ENSG00000237118",8.18631041823548,-0.208662905227984,0.620000965732411,-0.336552548723032,0.736454231953098,0.939384840784061,3.86834709206362,15.5885045368685,8.25359260893955,8.1497885673842,8.26189648406832,6.75728125099965,3.49208201813988,15.339939636943,6.25423224811062,5.89743973883738,"CYP2F2P"
"ENSG00000185009",286.444385257251,-0.0832478148977958,0.247418535657613,-0.336465554921064,0.736519822156766,0.939384840784061,305.599420273026,281.892123708373,326.016908053112,272.565150975849,234.087067048602,240.366147356988,208.651900583858,240.645303054543,310.626868322827,443.992963195329,"AP3M1"
"ENSG00000125875",1241.56724180457,-0.0624316579587647,0.185553669309979,-0.336461457167245,0.736522911763389,0.939384840784061,1184.68129694448,1504.29068780782,1246.29248394987,1159.98657275768,1553.23653900484,1352.42157609293,1121.83134832744,1118.85684726953,1223.74477654698,950.330289344081,"TBC1D20"
"ENSG00000183137",85.5756832747954,-0.115525195009619,0.34340371321106,-0.336412189400572,0.736560058793561,0.939384840784061,106.37954503175,77.9425226843427,108.122063177108,66.1038406021163,68.849137367236,113.908455373994,61.111435317448,46.019818910829,136.550737417082,70.7692768660486,"CEP57L1"
"ENSG00000198298",8.31465111399028,-0.177582380775752,0.527999611285654,-0.336330514227743,0.736621641794735,0.939384840784061,10.637954503175,7.79425226843427,6.60287408715164,10.8663847565123,5.50793098937888,11.5839107159994,8.73020504534971,8.62871604578044,5.21186020675885,7.58242252136235,"ZNF485"
"ENSG00000176182",118.314172415079,0.0984104769776507,0.29276543991474,0.33614103155861,0.736764518057899,0.939384840784061,118.951673080956,154.586003323946,88.3134409156532,93.269802493397,122.55146451368,82.0527009049957,158.889731825365,170.656828460991,92.7711116803075,101.098966951498,"MYPOP"
"ENSG00000197594",152.111186104724,0.225862059349413,0.672039968950313,0.336084265497179,0.736807323336557,0.939384840784061,350.085411831758,31.1770090737371,59.4258667843648,111.380443754251,78.488016598649,198.85713395799,138.81026022106,46.978565138138,450.304721863964,55.6044318233239,"ENPP1"
"ENSG00000178896",97.8235749094118,0.118056634899805,0.351420301401203,0.33594141951698,0.7369150420495,0.939384840784061,108.313718577781,113.016657892297,117.201015046942,34.4102183956222,77.1110338513043,83.0180267979957,149.28650627548,106.420831231292,91.7287396389557,97.729001386448,"EXOSC4"
"ENSG00000165632",105.306250237089,0.0897453496982024,0.267146303077383,0.335940825923413,0.736915489683209,0.939384840784061,103.478284712702,115.614741981775,113.899578003366,73.3480971064578,97.7657750614751,119.700410731994,157.143690816295,103.544592549365,75.0507869773274,93.5165444301356,"TAF3"
"ENSG00000176422",60.8186262118973,-0.0890603468090531,0.26522182011437,-0.335795700258177,0.737024932799176,0.939384840784061,72.5315079761929,80.5406067738208,61.0765853061527,38.9378787108356,61.9642236305124,53.0929241149972,64.6035173355879,55.6072811839184,62.5423224811062,57.2894146058489,"SPRYD4"
"ENSG00000130734",80.0344106223597,0.0729420008174586,0.217249960858488,0.335751502689436,0.737058264418418,0.939384840784061,63.8277270190498,83.1386908632989,85.0120038720774,77.8757574216713,96.3887923141304,79.1567232259959,76.8258043990775,86.2871604578044,84.4321353494933,67.3993113009986,"ATG4D"
"ENSG00000116649",2072.61085081914,0.0907095328633933,0.270191327377103,0.335723332587915,0.737079509173098,0.939384840784061,1944.81150053499,2083.66343976143,2668.38649047016,1283.13893333149,1697.81972747604,2450.96244232687,2937.71399776018,2227.16748603866,2092.040686993,1340.40380349861,"SRM"
"ENSG00000198753",51.6646164668204,-0.142112612278569,0.423396428491612,-0.335649057751521,0.737135525222995,0.939384840784061,23.2100825523817,116.913784026514,36.315807479334,43.4655390260491,59.2102581358229,55.9889017939971,38.4129021995387,50.8135500473737,55.2457181916438,37.0696212155493,"PLXNB3"
"ENSG00000235706",10.3860990205464,-0.199608150792607,0.594720897156933,-0.335633322701178,0.73714739234682,0.939384840784061,13.5392148222227,3.89712613421714,6.60287408715164,20.8272374499818,9.63887923141304,6.75728125099965,13.0953075680246,14.3811934096341,4.16948816540708,10.9523880864123,"DICER1-AS1"
"ENSG00000197576",24.6359131585501,0.148019640334538,0.441026019378516,0.335625640734585,0.737153185986182,0.939384840784061,12.5721280492068,24.6817988500419,18.983263000561,36.2212825217076,31.6706031889286,17.3758660739991,38.4129021995387,33.5561179558128,17.7203247029801,15.1648450427247,"HOXA4"
"ENSG00000112290",477.65884662838,-0.0643687156465022,0.192046644945582,-0.335172299754269,0.737495116302688,0.939605291257301,496.115514557159,523.513944029835,531.531364015707,410.206024558338,567.316891906025,473.975013462975,522.066261711913,497.589291973339,405.482724085838,348.791435982668,"WASF1"
"ENSG00000104524",110.90443414732,-0.124214570431557,0.3707406537271,-0.335044374504963,0.737591612726767,0.939605291257301,150.865536590481,136.3994146976,146.08858917823,33.5046863325795,110.158619787578,114.873781266994,104.762460544197,75.7409519574061,131.338877210323,105.31142390781,"PYCR3"
"ENSG00000177733",1113.55677141556,-0.0952517170187638,0.284330246190057,-0.335003814385241,0.737622208852361,0.939605291257301,1280.42288747306,1590.02746276059,1236.38817281914,526.114128627802,1053.39180171871,878.446562629954,1228.3398498807,1208.02024640926,902.694187810632,1231.72241402575,"HNRNPA0"
"ENSG00000196597",19.3978204264352,-0.136959706818303,0.408956538365034,-0.334900396423184,0.73770022305161,0.939614924538184,15.4733883682545,24.6817988500419,23.1100593050307,19.0161733238965,15.1468102207919,27.0291250039986,13.0953075680246,10.5462085003983,23.9745569510907,21.9047761728246,"ZNF782"
"ENSG00000135622",63.1881235220657,0.0985741990035617,0.294665743275152,0.334528872979698,0.73798050713322,0.939745146215102,92.8403302095269,50.6626397448228,36.315807479334,62.4817123499455,70.2261201145807,57.919553579997,61.111435317448,60.4010123204631,75.0507869773274,64.8718371272112,"SEMA4F"
"ENSG00000119616",502.65517413876,0.0631923183816319,0.188910045613473,0.334510100701204,0.737994670208384,0.939745146215102,545.436939980971,455.963757703405,603.337619713481,353.157504586649,462.666203107826,517.414678647973,496.748667080399,497.589291973339,526.397880882644,567.839197710914,"FCF1"
"ENSG00000196873",7.1118387673538,0.27419933896096,0.820523402798781,0.334176134435257,0.738246651783649,0.939857863571312,4.83543386507953,0,7.4282333480456,12.6774488825976,8.26189648406832,4.82662946499975,6.98416403627977,0.958746227308938,12.5084644962212,12.6373708689372,"CBWD3"
"ENSG00000137947",59.1887579484699,-0.110834721920063,0.331839860406271,-0.33400062844882,0.738379084441817,0.939857863571312,47.3872518777794,79.2415647290818,75.9330520022439,46.1821352151771,41.3094824203416,49.2316205429974,71.5876813718676,38.3498490923575,54.203346150292,88.4615960825607,"GTF2B"
"ENSG00000163798",102.22605580029,0.0840308031883577,0.251607767830705,0.333975393179824,0.73839812701623,0.939857863571312,81.2352889333361,85.736774952777,101.519189089956,125.868956762934,107.404654292888,85.9140044769955,103.016419535127,80.5346830939508,105.279576176529,145.75101068841,"SLC4A1AP"
"ENSG00000214182",13.0390782265976,0.214498514856497,0.64229896906174,0.333954319076415,0.738414029691403,0.939857863571312,11.6050412761909,9.09329431317332,12.3803889134093,14.488513008683,2.75396549468944,10.6185848229995,13.9683280725595,23.9686556827235,28.1440451164978,3.36996556504993,"PTMAP5"
"ENSG00000022567",42.141408972698,0.0961138558232446,0.287851872083535,0.333900402062879,0.738454716380278,0.939857863571312,43.5189047857157,45.4664715658666,32.1890111748642,41.6544748999637,34.424568683618,47.3009687569975,55.0002917857032,46.978565138138,30.2287891992013,44.6520437369116,"SLC45A4"
"ENSG00000007047",655.404072744458,0.0787696654616327,0.236150155346795,0.3335575424287,0.738713461184262,0.939978708585864,547.371113527003,828.788824543511,659.46204945427,500.759230862607,897.792751268757,611.051290268968,697.543383123442,781.378175256785,515.974160469126,513.919748670115,"MARK4"
"ENSG00000206052",142.246458794254,-0.195506391182414,0.586162365875537,-0.333536239383759,0.738729538863069,0.939978708585864,107.346631804766,135.100372652861,103.995266872638,269.848554786721,19.2777584628261,97.4979151929949,222.620228656418,276.118913464974,36.4830214473119,154.175924601034,"DOK6"
"ENSG00000121879",424.03999166092,-0.0891055786065582,0.267187616469443,-0.333494417832604,0.738761102451603,0.939978708585864,483.543386507953,554.690953103573,446.51936014363,275.281747164977,375.916290025108,516.449352754973,266.271253883166,368.158551286632,544.118205585624,409.450816153567,"PIK3CA"
"ENSG00000112902",816.601957874063,0.160714325704703,0.482193811069017,0.333298192584434,0.738909203577349,0.94003980674063,492.247167465096,1466.61846851038,367.28487109781,725.331182497194,1253.05430008369,995.250995682948,738.575346836586,712.348446890541,170.94901478169,1244.35978489469,"SEMA5A"
"ENSG00000114126",357.813881264435,0.0723566596227795,0.217128153329925,0.333244024384226,0.738950088765747,0.94003980674063,293.027292223819,455.963757703405,306.208285791657,334.141331262752,430.995599918897,363.927861660981,281.112602460261,405.549654151681,291.864171578495,415.348255892404,"TFDP2"
"ENSG00000221914",326.916819190914,-0.0740314509701433,0.2223137801978,-0.333004327956077,0.739131016198497,0.94018029213537,322.039895414296,336.451889587413,332.619782140264,357.685164901862,232.710084301258,347.517321479982,254.921987324212,267.490197419194,420.075932664763,397.655936675892,"PPP2R2A"
"ENSG00000068650",122.979649549436,-0.113977357190327,0.342369975266902,-0.33290698783231,0.739204494503149,0.940184087658639,136.359234995243,116.913784026514,73.456974219562,188.350669112879,143.206205723851,130.318995554993,89.0480914625671,188.873006779861,78.1779031013827,85.0916305175108,"ATP11A"
"ENSG00000171843",164.314751206302,0.0997413812588515,0.299786522368946,0.33270802326497,0.739354692587208,0.94028545199157,161.503491093656,197.454390800335,178.277600353094,93.269802493397,224.448187817189,125.492366089993,204.286798061183,137.100710505178,111.533808424639,209.780356424358,"MLLT3"
"ENSG00000140598",141.123484027683,-0.0792765299152309,0.238410507836031,-0.332521123480656,0.739495792039802,0.940375226776777,141.194668860322,166.277381726598,168.373289222367,107.75831550208,136.321291987127,184.37724556299,129.207034671176,98.7508614128206,132.381249251675,146.593502079672,"EFL1"
"ENSG00000108561",746.536930316046,-0.0686128107218006,0.206478493988714,-0.332300034722023,0.739662713681792,0.940497817940133,1003.83607039051,770.331932530254,781.615220066575,516.153275934333,711.90008037722,700.826598317964,806.670946190313,700.843492162834,828.685772874657,644.5059143158,"C1QBP"
"ENSG00000126562",68.7162957567005,0.186138097928356,0.560384476342759,0.332161410221693,0.739767381202972,0.94054123575825,55.1239460619066,12.9904204473905,52.8229926972131,132.207681204233,82.6189648406832,76.260745546996,28.809676649654,32.5973717285039,148.016829871951,65.7143285184737,"WNK4"
"ENSG00000110536",75.8749542155255,0.100483983503196,0.302845965561695,0.331798983410019,0.740041051961326,0.940799495759051,74.4656815222247,45.4664715658666,72.6316149586681,97.7974628086104,60.5872408831677,65.6421607239966,72.4607018764026,123.678263322853,76.0931590186792,69.9267854747861,"PTPMT1"
"ENSG00000100906",201.756961212853,-0.0677698586052164,0.20430913207114,-0.331702542701905,0.740113880490191,0.940802404126732,244.672953573024,222.136189650377,175.801522570412,187.445137049837,216.186291333121,250.019406286987,200.794716043043,184.079275643316,177.203247029801,159.230872948609,"NFKBIA"
"ENSG00000172262",269.773941367719,-0.0741451838138775,0.223693201352334,-0.331459263695248,0.740297606332259,0.940930331907948,281.422250947628,201.351516934552,318.588674705067,309.6919655606,261.626721995497,352.343950944982,231.350433701767,221.470378508365,299.160775867958,220.732744510771,"ZNF131"
"ENSG00000050730",14.4438489727744,0.251139120508701,0.757876152644985,0.331372242855547,0.740363328618034,0.940930331907948,20.308822233334,9.09329431317332,19.8086222614549,2.71659618912807,0,18.341191966999,8.73020504534971,12.4637009550162,30.2287891992013,22.747267564087,"TNIP3"
"ENSG00000196449",124.336569624826,0.105641280401052,0.319023124402867,0.331139883977962,0.74053882640241,0.940930331907948,135.392148222227,88.3348590422551,113.899578003366,137.640873582489,97.7657750614751,207.545066994989,105.635481048732,80.5346830939508,177.203247029801,99.413984168973,"YRDC"
"ENSG00000166233",388.666982104978,-0.0725083282917961,0.219059111380509,-0.330998915474683,0.740645304750198,0.940930331907948,437.123221403189,410.497286137538,328.492985835794,426.505601693107,322.213962878664,365.858513446981,266.271253883166,398.838430560518,416.948816540708,513.919748670115,"ARIH1"
"ENSG00000153574",187.1876710438,-0.0742698268407903,0.224443947284977,-0.330905902071352,0.740715563686215,0.940930331907948,243.705866800008,164.978339681859,193.134067049185,169.334495788983,195.53155012295,201.75311163699,208.651900583858,173.533067142918,199.093059898188,122.16125173306,"RPIA"
"ENSG00000115526",40.2974683217855,-0.131148980960392,0.396349559799245,-0.330892207945985,0.740725907912224,0.940930331907948,38.6834709206362,33.7750931632152,22.2847000441368,75.1591612325432,34.424568683618,43.4396651849978,48.8891482539584,38.3498490923575,46.9067418608296,21.0622847815621,"CHST10"
"ENSG00000154640",188.817210635037,0.0844502605956818,0.255237734435007,0.330869026018509,0.740743419111642,0.940930331907948,225.331218112706,148.090793100251,231.925952311201,123.152360573806,170.745860670745,229.747562533988,213.017003106533,138.059456732487,212.643896435761,195.458002772896,"BTG3"
"ENSG00000185716",213.512808275233,0.0795652716171102,0.240556911346539,0.330754461269627,0.740829961176752,0.940930331907948,174.075619142863,142.894624921295,203.038378179913,305.164305245386,179.007757154814,251.950058072987,215.636064620138,216.67664737182,229.321849097389,217.362778945721,"C16orf52"
"ENSG00000224424",10.375527117079,0.216959034089331,0.656003178076164,0.33072863263498,0.740849472547452,0.940930331907948,10.637954503175,18.1865886263466,5.77751482625769,3.62212825217076,17.9007757154814,3.8613035719998,18.3334305952344,8.62871604578044,4.16948816540708,12.6373708689372,"PRKAR2A-AS1"
"ENSG00000100335",594.458581341151,0.0741886658936846,0.224481699936349,0.330488703153623,0.741030727143707,0.941070920578521,590.890018312718,678.099947353782,657.811330932482,378.512402351844,610.003357073711,784.809951008959,523.812302720983,488.001829700249,646.270665638097,586.374008318688,"MIEF1"
"ENSG00000111058",23.0337836835317,-0.157192021943308,0.475933021233863,-0.330281814730538,0.741187032431067,0.941097464569799,22.2429957793658,24.6817988500419,28.8875741312884,22.6383015760672,13.7698274734472,27.0291250039986,20.0794716043043,46.019818910829,7.29660428946239,17.6923192165121,"ACSS3"
"ENSG00000159202",1443.46699302411,-0.0719864986477077,0.217959773115812,-0.330274241061254,0.741192754580578,0.941097464569799,1622.77160512069,1671.86711157915,1600.37160687338,1053.13378931865,1324.65740294562,1448.95416539292,1041.51346191022,1226.23642472813,1736.59182089205,1708.57254148032,"UBE2Z"
"ENSG00000167232",115.712932930386,0.0988494483956179,0.29943653515211,0.330118194646501,0.741310655825753,0.941157564659502,83.1694624793679,138.997498787078,77.5837705240318,144.88513008683,110.158619787578,105.220522336995,90.794132471637,189.83175300717,105.279576176529,111.208863646648,"ZNF91"
"ENSG00000131507",585.180642213012,0.0770719308013283,0.233665115943821,0.329839268005491,0.741521414651689,0.941335532763142,647.948137920657,467.655136106056,571.148608538617,579.540520347321,455.781289371102,429.570022384978,562.225204920521,833.150471531467,574.346994784825,730.440036224573,"NDFIP1"
"ENSG00000235655",10.1919926894421,0.158851362337862,0.481760089376541,0.329731262179555,0.741603029781236,0.941349539182673,8.70378095714315,7.79425226843427,13.2057481743033,8.1497885673842,11.0158619787578,11.5839107159994,6.98416403627977,12.4637009550162,9.38134837216593,12.6373708689372,"H3F3AP4"
"ENSG00000156261",766.943458758651,-0.0762746227741555,0.231574196630902,-0.329374446220047,0.741872680160973,0.941426597869347,711.775864939706,943.104524480547,811.328153458758,700.881816795041,644.427925757329,584.98749115797,1063.33897452359,589.628929794997,689.00791933352,930.952987345044,"CCT8"
"ENSG00000185485",89.0890499785534,0.108267387939146,0.328716394184826,0.329364126202574,0.74188047960176,0.941426597869347,54.1568592888907,76.6434806396037,89.1388001765472,119.530232321635,140.452240229161,67.5728125099965,122.222870634896,81.4934293212597,78.1779031013827,61.5018715621613,"SDHAP1"
"ENSG00000196368",109.979150819087,-0.0849594299670604,0.257974377911149,-0.329332822332929,0.741904137929075,0.941426597869347,144.09592917937,135.100372652861,110.59814095979,66.1038406021163,123.928447261025,98.4632410859949,97.7782965079168,92.998384048967,113.618552507343,117.106303385485,"NUDT11"
"ENSG00000072849",253.526126641464,0.101352258268947,0.307889455336687,0.329183921411387,0.74201667517452,0.941426597869347,214.693263609531,149.38983514499,208.815893006171,398.434107738783,166.614912428711,310.834937545984,308.176238100845,314.468762557332,261.635382379294,202.197933902996,"DERL2"
"ENSG00000166925",399.491669043968,-0.108281462300673,0.329346351124164,-0.328776869490353,0.742324347499993,0.941582974549367,411.978965304776,627.437307608959,470.454778709554,161.184707221599,468.174134097205,278.013857183986,479.288256989699,387.333475832811,368.999702638526,342.051504852568,"TSC22D4"
"ENSG00000130052",17.3332826638782,-0.19540747537059,0.594607421348528,-0.328632755587577,0.742433286620431,0.941582974549367,15.4733883682545,24.6817988500419,25.5861370877126,9.05532063042689,31.6706031889286,12.5492366089993,3.49208201813988,8.62871604578044,13.550836537573,28.6447073029244,"STARD8"
"ENSG00000105792",50.037173355499,0.168460255456859,0.512636954802371,0.328615122024909,0.7424466166034,0.941582974549367,43.5189047857157,11.6913784026514,42.0933223055917,88.7421421781835,30.2936204415838,30.8904285759984,82.0639274262873,86.2871604578044,29.1864171578495,55.6044318233239,"CFAP69"
"ENSG00000069329",449.819967970994,-0.0768643664378045,0.233913639220216,-0.3286014731507,0.742456934438732,0.941582974549367,438.090308176205,502.729271314011,581.878278930238,335.046863325795,348.376635078214,478.801642927975,349.208201813988,382.539744696266,512.847044345071,568.681689102176,"VPS35"
"ENSG00000234545",88.3940518014137,-0.123748005981949,0.376792210220519,-0.328425064598668,0.74259029424498,0.941582974549367,92.8403302095269,31.1770090737371,83.3612853502895,163.901303410727,70.2261201145807,75.2954196539961,115.238706598616,80.5346830939508,89.6439955562522,81.7216649524609,"FAM133B"
"ENSG00000138430",817.433259108215,0.0428797399161568,0.130580603675461,0.32837755921797,0.742626208271101,0.941582974549367,863.608488303204,750.846301859169,795.646327501773,800.490343729737,846.844389617003,898.718406382953,859.052176462412,809.181815848744,820.346796543843,729.59754483331,"OLA1"
"ENSG00000198105",86.328144823389,-0.0748947108588271,0.228082269401516,-0.328367089012879,0.742634123812311,0.941582974549367,88.0048963444474,68.8492283711694,90.7895186983351,106.852783439037,107.404654292888,78.1913973329959,90.794132471637,73.8234595027882,84.4321353494933,74.1392424310985,"ZNF248"
"ENSG00000151465",350.679426919791,-0.118832320697161,0.362101069023124,-0.328174454214529,0.742779761792699,0.941678106751828,526.095204520653,381.918361153279,449.820797187206,115.002572006422,286.412411447702,365.858513446981,297.699992046425,236.810318145308,424.24542083017,422.930678413767,"CDC123"
"ENSG00000153944",140.590619717007,0.158701376048694,0.48415085755281,0.327793235461497,0.74306800232294,0.941823574244444,156.668057228577,85.736774952777,97.3923927854867,185.634072923751,141.829222976506,59.8502053659969,41.9049842176786,116.96703973169,255.381150131184,264.54229685642,"MSI2"
"ENSG00000196544",46.0703584127218,0.130078139556989,0.396891224474579,0.327742543890186,0.743106333071285,0.941823574244444,58.9922931539702,59.7559340579961,44.5694000882736,11.771916819555,42.6864651676863,38.613035719998,54.1272712811682,52.7310425019916,46.9067418608296,50.549483475749,"BORCS6"
"ENSG00000080561",66.6452066032721,0.11343976146011,0.346252683123948,0.327621321044037,0.74319799906593,0.941823574244444,70.5973344301611,49.3635977000837,74.282333480456,58.8595840977748,86.7499130827173,74.3300937609961,58.4923738038431,37.3911028650486,112.576180465991,43.8095523456491,"MID2"
"ENSG00000270170",142.777053509708,0.102684247678207,0.313561875367159,0.327476825930993,0.743307267782282,0.941823574244444,177.943966234927,179.267802173988,122.153170612305,68.8204367912444,122.55146451368,118.735084838994,191.191490493159,164.904351097137,105.279576176529,176.923192165121,"NCBP2-AS2"
"ENSG00000102007",640.885101555742,0.078362525644156,0.239294182143511,0.327473593140514,0.74330971251141,0.941823574244444,673.09239401907,565.083289461485,737.045819978302,504.381359114778,693.999304661739,915.128946563953,632.066845283319,620.308809068883,665.033362382429,402.710885023467,"PLP2"
"ENSG00000176658",1092.10155691793,0.11069531951927,0.338039828112981,0.327462358909593,0.743318208180026,0.941823574244444,1479.64276271434,963.889197196372,822.057823850379,902.815466853561,1839.64895045255,690.208013494964,894.846017148345,702.760984617452,904.778931893336,1720.36742095799,"MYO1D"
"ENSG00000136783",252.335638359276,-0.103474305754431,0.316149595535288,-0.327295391851549,0.743444477453544,0.941845370463071,326.875329279376,241.621820321463,321.890111748642,162.995771347684,145.96017121854,267.395272360986,170.238998384319,205.171692644113,362.745470390416,318.461745897219,"NIPSNAP3A"
"ENSG00000159199",351.846833262055,0.100462990324248,0.307015006343532,0.327225015873772,0.743497701537873,0.941845370463071,455.497870090491,297.480628245242,425.060019360387,171.145559915068,279.527497710978,351.378625051982,548.256876847962,287.623868192681,381.508167134748,320.989220071006,"ATP5G1"
"ENSG00000102738",47.4164113532989,0.109035948379234,0.333354004888545,0.327087560911978,0.743601659784209,0.941845370463071,50.2885121968271,27.27988293952,52.8229926972131,49.8042634673479,63.3412063778571,53.0929241149972,65.4765378401228,30.679879273886,33.3559053232566,48.0220093019615,"MRPS31"
"ENSG00000107937",284.532268151956,-0.104071666515059,0.318577485425443,-0.32667615031262,0.74391284071321,0.941845370463071,254.343821303183,181.865886263466,273.193915355899,478.12092928654,179.007757154814,324.349500047983,286.350725487471,179.285544506771,340.855657522029,347.948944591406,"GTPBP4"
"ENSG00000159214",27.5830510380587,0.12060922584998,0.369204034197795,0.326673640259754,0.743914739384307,0.941845370463071,29.0126031904772,27.27988293952,18.983263000561,29.8825580804087,27.5396549468944,20.2718437529989,34.9208201813988,44.1023264562111,17.7203247029801,26.117233129137,"CCDC24"
"ENSG00000121210",24.5655194518538,0.163796547754428,0.501417189831257,0.326667196650261,0.743919613509933,0.941845370463071,28.0455164174613,22.0837147605638,7.4282333480456,34.4102183956222,13.7698274734472,18.341191966999,17.4604100906994,49.8548038200648,28.1440451164978,26.117233129137,"TMEM131L"
"ENSG00000166002",91.5796224952986,0.106879633606119,0.327247242588872,0.326602090702392,0.74396886203711,0.941845370463071,83.1694624793679,74.0453965501256,82.5359260893955,110.474911691208,78.488016598649,99.4285669789949,151.905567789085,119.843278413617,55.2457181916438,60.6593801708988,"SMCO4"
"ENSG00000104881",156.626240629754,-0.14586358967599,0.446621081018593,-0.326593606695242,0.743975279728455,0.941845370463071,65.7619005650816,103.923363579124,199.736941136337,295.203452551917,85.3729303353726,277.048531290986,184.207326456879,106.420831231292,158.440550285469,90.1465788650857,"PPP1R13L"
"ENSG00000121068",52.166260520346,0.164522312909274,0.503958733917524,0.32645989013894,0.744076431400734,0.941845370463071,80.2682021603202,49.3635977000837,58.6005075234708,6.33872444129882,48.1943961570652,44.4049910779977,50.6351892630283,52.7310425019916,90.6863675976039,40.4395867805992,"TBX2"
"ENSG00000204977",164.172106168642,-0.0844539245157855,0.2588455123062,-0.326271542293077,0.744218917130523,0.941845370463071,157.635144001593,113.016657892297,141.136433612866,267.131958597593,163.860946934022,142.868232163993,178.096182925134,170.656828460991,161.567666409524,145.75101068841,"TRIM13"
"ENSG00000170633",261.332812250668,-0.0889967994725792,0.272813941377144,-0.326217930884801,0.744259475928354,0.941845370463071,278.520990628581,327.35859527424,316.112596922385,162.090239284641,302.936204415838,297.320375043985,226.985331179092,171.6155746883,323.135332819049,207.252882250571,"RNF34"
"ENSG00000063046",5980.58276011646,-0.0974221792819102,0.298703867786831,-0.326149708082907,0.744311089752826,0.941845370463071,5822.82946032877,5128.61799262975,5113.92598049895,8830.7486787923,10120.8231929837,4945.36454983874,5687.72858704534,6003.66887540857,4499.92010251559,3652.20018112286,"EIF4B"
"ENSG00000160145",14.5885575078717,0.198798510082479,0.609563548378481,0.326132542884675,0.744324076230095,0.941845370463071,24.1771693253976,10.3923363579124,7.4282333480456,11.771916819555,15.1468102207919,12.5492366089993,8.73020504534971,6.71122359116257,9.38134837216593,39.5970953893367,"KALRN"
"ENSG00000143554",30.0347589483189,0.220836253709996,0.678052272492301,0.325692078131784,0.744657338457274,0.942177679822091,15.4733883682545,9.09329431317332,8.25359260893955,76.0646932955859,44.063447915031,10.6185848229995,34.0477996768639,64.2359972296989,25.0169289924425,13.4798622601997,"SLC27A3"
"ENSG00000162623",320.155434320822,0.0805917161988568,0.247600327404957,0.325491153600322,0.744809376849271,0.942280654433573,450.662436225412,192.258222621379,345.825530314567,248.115785273697,308.444135405217,305.042982187984,320.398525164334,323.097478603112,386.720027341507,320.989220071006,"TYW3"
"ENSG00000176912",9.56019075766148,-0.250654776680056,0.770970704224903,-0.325115825162323,0.745093412266608,0.942354051352253,24.1771693253976,7.79425226843427,5.77751482625769,4.52766031521344,11.0158619787578,0.96532589299995,7.85718454081474,21.0924170007966,3.12711612405531,9.26740530388731,"TYMSOS"
"ENSG00000154305",273.438937173881,-0.0810598159783334,0.249373220780355,-0.32505421281674,0.745140041644912,0.942354051352253,266.91594935239,301.377754379459,243.480981963717,319.652818254069,185.892670891537,366.823839339981,204.286798061183,288.58261441999,340.855657522029,216.520287554458,"MIA3"
"ENSG00000137817",526.018504584419,0.109013352381138,0.335383361355027,0.325041027499691,0.745150020661382,0.942354051352253,368.46006051906,320.863385050544,392.045648924629,927.264832555713,636.166029273261,473.975013462975,708.019629177862,655.782419479314,368.999702638526,408.608324762304,"PARP6"
"ENSG00000136854",471.915814080015,-0.0880628421948334,0.271190367300585,-0.324727028734119,0.74538767633638,0.942565226064122,409.077704985728,666.408568951131,576.100764103981,306.069837308429,512.237582012236,486.524250071975,283.731663973866,424.72457869786,520.143648634533,534.139542060414,"STXBP1"
"ENSG00000100422",1200.25251215611,0.0758003905434426,0.233711056763706,0.324333780322943,0.745685347723881,0.942757188046044,874.246442806379,1334.116179947,1355.23990638787,1086.63847565123,1308.13360997748,1604.37163416592,932.385898843349,945.323780126613,1507.26997179466,1054.79922186063,"CERK"
"ENSG00000096654",22.8139179317164,-0.143387526537819,0.442140020837584,-0.324303432804358,0.74570832101125,0.942757188046044,26.1113428714294,33.7750931632152,27.2368556095005,9.96085269346958,23.4087067048602,26.0637991109986,18.3334305952344,9.58746227308938,25.0169289924425,28.6447073029244,"ZNF184"
"ENSG00000133641",126.43992710102,0.0863712943173053,0.266466126305763,0.324136112588646,0.745834987663673,0.942757188046044,149.898449817465,96.1291113106894,127.930685438563,114.097039943379,68.849137367236,145.764209842992,117.857768112221,155.316888824048,142.804969665192,145.75101068841,"C12orf29"
"ENSG00000111540",264.587776840416,-0.140382775223451,0.433193224943961,-0.324065029506432,0.745888801866319,0.942757188046044,226.298304885722,478.047472463969,294.653256139142,122.246828510763,289.166376942391,399.644919701979,91.667152976172,148.605665232885,254.338778089832,341.209013461306,"RAB5B"
"ENSG00000155975",515.738539173677,0.0789390884202198,0.244016715565024,0.323498692445865,0.74631759761831,0.943143496093361,588.955844766686,528.710112208792,617.368727148678,260.793234156294,514.991547506925,503.900116145974,511.590015657493,488.960575927558,560.796158247252,581.319059971113,"VPS37A"
"ENSG00000132591",230.013050818552,-0.0735059397659452,0.227242526116748,-0.323469119191981,0.74633999083522,0.943143496093361,265.948862579374,279.294039618895,259.162807920702,144.88513008683,210.678360343742,218.163651817989,237.461577233512,188.873006779861,238.703197469555,256.959874335057,"ERAL1"
"ENSG00000034693",57.6902406019298,-0.0985867033075514,0.305138221791593,-0.323088673482817,0.74662808791439,0.94336721697283,57.0581196079384,70.1482704159085,67.6794593933043,46.1821352151771,48.1943961570652,37.647709826998,56.7463327947731,48.8960575927558,54.203346150292,90.1465788650857,"PEX3"
"ENSG00000181472",268.421941640616,-0.0594876793547533,0.184144718709653,-0.323048522768386,0.746658494591377,0.94336721697283,271.751383217469,237.724694187245,278.146070921263,310.597497623642,341.491721341491,280.909834862985,246.191782278862,242.562795509161,235.5760813455,239.267555118545,"ZBTB2"
"ENSG00000186660",1241.69574393719,0.0641675632714845,0.198775524198162,0.322814207283967,0.746835952730181,0.943502046183805,1380.99991186671,1362.69510493126,1186.04125790461,905.532063042689,1354.9510233872,1546.45208058592,1051.11668746011,1010.51852358362,1310.26165597917,1308.38913063064,"ZFP91"
"ENSG00000168374",3131.11081732877,0.0822156824339336,0.255084480853523,0.322307661206345,0.747219629768159,0.943897348192645,3578.22106015885,2954.02160973659,3874.23637063623,1692.43942582679,2814.55273557261,3855.5116166418,2851.28496781122,2538.76000991407,3212.59063144615,3939.48974554337,"ARF4"
"ENSG00000138801",193.136892678576,0.107179374783697,0.33274000051918,0.322111482287863,0.747368239888432,0.943995663925753,231.133738750801,179.267802173988,217.06948561511,111.380443754251,163.860946934022,178.585290204991,155.397649807225,146.688172778268,168.864270698987,379.121126068117,"PAPSS1"
"ENSG00000090013",207.390892945334,0.126528264997336,0.393255784643427,0.321745464245521,0.747645532220357,0.94414965425231,226.298304885722,298.779670289981,201.387659658125,60.6706482238602,242.348963532671,174.723986632991,314.28738163259,142.853187869032,148.016829871951,264.54229685642,"BLVRB"
"ENSG00000120159",144.847925431747,-0.0938904170392347,0.291876441355363,-0.321678641151178,0.747696160386737,0.94414965425231,196.318614922229,145.492709010773,167.547929961473,93.269802493397,95.0118095667857,186.30789734899,103.889440039662,123.678263322853,166.779526616283,170.183261035022,"CAAP1"
"ENSG00000230185",6.60198128835389,-0.269899356492155,0.839705987979995,-0.321421259769062,0.74789117420551,0.94414965425231,15.4733883682545,7.79425226843427,0.825359260893955,5.43319237825613,5.50793098937888,3.8613035719998,1.74604100906994,1.91749245461788,12.5084644962212,10.9523880864123,"C9orf147"
"ENSG00000106538",38.0378673630776,-0.402042752454685,1.25182234142149,-0.321165982704982,0.748084609552105,0.94414965425231,6.76960741111134,2.59808408947809,5.77751482625769,162.995771347684,6.8849137367236,30.8904285759984,60.238414812913,93.9571302762759,5.21186020675885,5.0549483475749,"RARRES2"
"ENSG00000204520",214.380750575921,0.0897328131429789,0.279409084871502,0.3211520956244,0.7480951328962,0.94414965425231,134.425061449211,142.894624921295,228.624515267626,318.747286191027,228.579136059223,221.059629496989,247.937823287932,257.902735146104,174.076130905746,189.560563034059,"MICA"
"ENSG00000159208",53.7988787929395,-0.0979470260559059,0.305038455660649,-0.321097305071825,0.748136652508099,0.94414965425231,43.5189047857157,63.6530601922132,50.3469149145313,67.009372665159,49.5713789044099,73.3647678679962,65.4765378401228,42.1848340015933,32.3135332819049,50.549483475749,"CIART"
"ENSG00000185627",612.161799356261,-0.0786986369515847,0.245275050937417,-0.320858712089984,0.748317463872025,0.94414965425231,781.406112596852,581.970836043093,739.521897760984,426.505601693107,470.928099591894,615.877919733968,597.14602510192,441.023264562111,793.245123468697,673.993113009986,"PSMD13"
"ENSG00000128973",128.408222843797,-0.0938470518704012,0.292585316279802,-0.320751065240248,0.748399045714462,0.94414965425231,144.09592917937,116.913784026514,118.026374307836,154.8459827803,88.1268958300621,191.13452681399,137.06421921199,126.55450200478,136.550737417082,70.7692768660486,"CLN6"
"ENSG00000074800",9658.68348794329,-0.056897936052881,0.177422354098498,-0.320692036479763,0.748443782776283,0.94414965425231,7814.06112596852,11347.1322607956,11757.2426714344,8635.15375317508,8440.90424122313,9927.41148361149,11096.963633144,8696.78702791938,9605.45836105656,9265.72032110479,"ENO1"
"ENSG00000182952",621.767736725915,-0.0671899862376353,0.209605275318521,-0.320554843553111,0.748547762624213,0.94414965425231,739.821381357168,619.643055340525,766.758753370484,430.127729945277,627.904132789192,745.231589395961,558.733122902382,589.628929794997,619.168992562951,520.659679800215,"HMGN4"
"ENSG00000120217",14.4253354617411,-0.28334469915929,0.884146250665313,-0.320472658167215,0.748610053914545,0.94414965425231,14.5063015952386,1.29904204473905,12.3803889134093,36.2212825217076,4.13094824203416,32.8210803619983,3.49208201813988,2.87623868192681,32.3135332819049,4.21245695631242,"CD274"
"ENSG00000135617",192.980125500165,0.0899979219317426,0.280843404894702,0.320455885248528,0.748622766920691,0.94414965425231,154.733883682545,198.753432845074,271.543196834111,118.624700258592,126.682412755714,234.574191998988,207.778880079323,176.409305824845,237.660825428203,203.040425294258,"PRADC1"
"ENSG00000168646",29.7293396301617,0.168604769213671,0.526344270590268,0.320331727035975,0.748716874558599,0.94414965425231,35.7822106015885,23.3827568053028,10.7296703916214,40.748942836921,45.4404306623758,13.5145625019993,20.9524921088393,28.7623868192681,15.6355806202765,62.3443629534237,"AXIN2"
"ENSG00000230330",11.634769418456,0.17503422195914,0.546437398780833,0.320318891696766,0.748726603516004,0.94414965425231,10.637954503175,11.6913784026514,16.5071852178791,4.52766031521344,6.8849137367236,23.1678214319988,13.9683280725595,8.62871604578044,9.38134837216593,10.9523880864123,"HMGN2P3"
"ENSG00000076242",210.774089732717,-0.0559281590095898,0.174656347110913,-0.320218302596662,0.748802849638581,0.94414965425231,180.845226553974,201.351516934552,232.751311572095,247.210253210654,195.53155012295,208.510392887989,184.207326456879,209.006677553348,233.491337262796,214.835304771933,"MLH1"
"ENSG00000174851",610.327566368113,0.0719661887283799,0.224755980614971,0.320196991116624,0.748819003967774,0.94414965425231,718.545472350818,485.841724732403,613.241930844209,550.563494329955,570.070857400714,622.635200984968,837.226663849037,696.049761026289,592.067319487805,417.033238674929,"YIF1A"
"ENSG00000186432",916.382848400277,-0.0770473881748081,0.240802131666486,-0.31996140416863,0.748997588730574,0.94414965425231,1025.11197939686,1069.11160282023,964.01961672414,726.236714560237,649.935856746708,1016.48816532895,691.432239591697,760.285758255988,1291.49895923484,969.707591343118,"KPNA4"
"ENSG00000188549",329.883470138131,0.120845356341873,0.377793976212277,0.319871051289531,0.749066083565047,0.94414965425231,291.093118677788,231.22948396355,133.708200264821,597.651161608175,335.983790352112,442.119258993977,278.493540946656,382.539744696266,199.093059898188,406.923341979779,"C15orf52"
"ENSG00000134802",43.7790409974021,-0.0916542036865855,0.28654769162441,-0.319856716231099,0.749076950887765,0.94414965425231,43.5189047857157,35.0741352079542,50.3469149145313,52.520859656476,34.424568683618,53.0929241149972,51.5082097675633,40.2673415469754,45.8643698194779,31.1721814767119,"SLC43A3"
"ENSG00000113272",131.92641267827,-0.0900715533362461,0.28161265954086,-0.319841989643145,0.74908811507858,0.94414965425231,126.688367265084,103.923363579124,118.026374307836,197.405989743306,183.138705396848,115.839107159994,125.714952653036,134.224471823251,133.423621293027,80.8791735611984,"THG1L"
"ENSG00000162337",151.697142821854,-0.162260161173185,0.507504321458014,-0.319721733022936,0.749179283300142,0.94414965425231,91.873243436511,187.062054442423,37.9665260011219,331.424735073624,123.928447261025,61.7808571519968,143.175362743735,217.635393599129,216.813384601168,105.31142390781,"LRP5"
"ENSG00000162512",881.7567686352,-0.0810150190963484,0.253394888020962,-0.31971844313468,0.749181777459595,0.94414965425231,911.962826953999,859.965833617248,558.768219625208,1315.73808760103,863.368182585139,1025.17609836595,742.067428854726,1067.08455099485,764.058706310847,709.377751443011,"SDC3"
"ENSG00000196526",1031.19638594123,0.112128371159239,0.350804763767011,0.319631837250961,0.749247436828734,0.94414965425231,1048.32206194924,1460.12325828669,776.663064501212,649.266489201608,1297.11774799873,1110.12477694994,419.922862681321,1011.47726981093,1645.90545329444,893.040874738232,"AFAP1"
"ENSG00000242616",81.5056838026658,0.0684426885126647,0.21414081648561,0.319615333666499,0.749259949059492,0.94414965425231,83.1694624793679,81.8396488185599,87.4880816547592,64.2927764760309,89.5038785774068,81.0873750119958,82.0639274262873,91.0808915943491,67.754182687865,86.7766133000358,"GNG10"
"ENSG00000198246",28.3292352201281,-0.118506843274754,0.37091619394442,-0.319497625634841,0.749349191589995,0.94417290205345,22.2429957793658,23.3827568053028,22.2847000441368,50.7097955303906,30.2936204415838,34.7517321479982,28.809676649654,23.0099094554145,20.8474408270354,26.9597245203995,"SLC29A3"
"ENSG00000214753",306.790753092601,-0.0671679434262962,0.210509192771196,-0.319073682921304,0.749670639436947,0.944448386821996,360.723366334933,262.406493037287,321.064752487749,317.841754127984,242.348963532671,257.742013430987,316.906443146195,337.478672012746,251.211661965776,400.183410849679,"HNRNPUL2"
"ENSG00000162733",1346.57826149538,0.0812125227350632,0.254589844000953,0.318993568081055,0.749731390132309,0.944448386821996,1344.25061449211,958.693029017416,880.65833137385,2021.14756471128,1324.65740294562,1552.24403594392,1096.51375369592,1490.8503834654,1501.01573954655,1295.7517597617,"DDR2"
"ENSG00000143303",71.9581513588709,-0.114968898424108,0.360549923541179,-0.318870954942741,0.749824370087552,0.944448386821996,78.3340286142883,51.9616817895618,61.0765853061527,109.569379628165,99.1427578088198,41.5090133989979,106.508501553266,73.8234595027882,47.9491139021814,49.7069920844865,"RRNAD1"
"ENSG00000143457",109.362748936256,-0.105657690462417,0.331477389665032,-0.318747805300348,0.749917760543667,0.944448386821996,97.6757640746064,154.586003323946,110.59814095979,95.0808666194824,75.7340511039596,86.8793303699955,63.7304968310529,99.7096076401295,120.915156796805,188.718071642796,"GOLPH3L"
"ENSG00000118246",93.6011443981207,-0.0918726813642455,0.288384708129355,-0.318576813452383,0.750047438185817,0.944448386821996,90.9061566634951,51.9616817895618,97.3923927854867,147.601726275958,89.5038785774068,96.532589299995,88.1750709580321,89.1633991397312,76.0931590186792,108.68138947286,"FASTKD2"
"ENSG00000116670",434.044331151412,0.077762059875225,0.244319975865459,0.31827958233774,0.750272870597016,0.944448386821996,456.464956863507,453.365673613927,500.167712101737,270.754086849764,384.178186509177,458.529799174976,577.066553497616,466.909412699453,468.025046566945,304.981883637019,"MAD2L2"
"ENSG00000070269",66.867036472831,-0.125644252413151,0.394806601698326,-0.318242531590585,0.750300972916442,0.944448386821996,62.8606402460339,25.9808408947809,54.473711219001,137.640873582489,53.7023271464441,52.1275982219973,69.8416403627977,78.6171906393329,71.9236708532721,61.5018715621613,"TMEM260"
"ENSG00000159842",1107.0855877576,-0.0888301659210116,0.279132477757743,-0.318236582982317,0.750305484858748,0.944448386821996,1336.51392030798,1654.97956499754,959.89282041967,642.022232697267,1527.07386680529,1065.71978587194,924.528714302534,940.530048990068,905.821303934688,1113.773619249,"ABR"
"ENSG00000185507",29.1740685895109,0.130891499903636,0.411344066339316,0.318204419644318,0.750329880481871,0.944448386821996,19.3417354603181,45.4664715658666,26.4114963486066,19.9217053869392,33.0475859362733,19.306517859999,47.1431072448884,38.3498490923575,20.8474408270354,21.9047761728246,"IRF7"
"ENSG00000198707",165.100931797253,0.111711466483203,0.351149312723464,0.318130955794231,0.750385603134716,0.944448386821996,247.574213892072,102.624321534385,146.08858917823,134.018745330318,75.7340511039596,191.13452681399,264.525212874096,135.18321805056,177.203247029801,176.923192165121,"CEP290"
"ENSG00000131467",1014.03534158073,-0.101189445140127,0.318105390853175,-0.318100378207145,0.750408796752631,0.944448386821996,1200.15468531274,1258.77174135214,1313.14658408228,456.388159773515,815.173786428074,1197.00410731994,773.496167017984,672.081105343566,1291.49895923484,1162.63811994223,"PSME3"
"ENSG00000176903",519.491646578748,-0.0925642456162803,0.291084127045125,-0.317998258977312,0.750486257553487,0.944448386821996,563.811588668273,733.958755277561,600.036182669905,261.698766219337,417.22577244545,615.877919733968,459.208785385395,367.199805059323,613.957132356192,561.941757972076,"PNMA1"
"ENSG00000143971",129.332575619571,-0.0827062672583459,0.260256522500476,-0.31778749083299,0.750646140089064,0.944448386821996,193.417354603181,141.595582876556,118.85173356873,81.497885673842,140.452240229161,113.908455373994,134.445157698386,112.173308595146,140.720225582489,116.263811994223,"ETAA1"
"ENSG00000137168",194.539633767368,-0.102861387885526,0.323691063224038,-0.317776421940733,0.750654536922274,0.944448386821996,260.146341941279,214.341937381943,245.957059746399,91.4587383673116,154.222067702609,241.331473249987,173.731080402459,123.678263322853,254.338778089832,186.190597469009,"PPIL1"
"ENSG00000180773",281.4566178756,0.0719231170480157,0.226397813215628,0.317684680900668,0.750724132576186,0.944448386821996,251.442560984135,271.499787350461,354.904482184401,214.611098941117,232.710084301258,355.239928623982,217.382105629208,283.788883283446,300.20314790931,332.784099548681,"SLC36A4"
"ENSG00000104884",387.38388653759,-0.0855895618879865,0.269552572001719,-0.317524560245861,0.75084560653663,0.944448386821996,287.224771585724,407.89920204806,465.502623144191,444.61624295396,261.626721995497,310.834937545984,476.669195476094,385.415983378193,553.49955395779,280.549633290407,"ERCC2"
"ENSG00000100036",51.2473807133027,0.133045322382561,0.419038438347496,0.317501475299577,0.750863120213624,0.944448386821996,58.0252063809543,70.1482704159085,44.5694000882736,21.7327695130245,50.9483616517546,42.4743392919978,104.762460544197,45.0610726835201,42.7372536954226,32.0146728679744,"SLC35E4"
"ENSG00000115274",146.640229405821,0.0821393834140237,0.258788554814263,0.317399598575665,0.750940411770059,0.944448386821996,135.392148222227,146.791751055512,170.024007744155,114.097039943379,177.630774407469,111.977803587994,199.921695538508,179.285544506771,120.915156796805,110.366372255385,"INO80B"
"ENSG00000062282",22.0286000135405,-0.201396896761147,0.63452621874171,-0.317397281329879,0.750942169840878,0.944448386821996,29.0126031904772,7.79425226843427,38.7918852620159,19.9217053869392,2.75396549468944,8.68793303699955,37.5398816950038,22.0511632281056,38.5677655300155,15.1648450427247,"DGAT2"
"ENSG00000152443",68.6663548182724,-0.0876007550995465,0.276045264564476,-0.317341995479461,0.75098411503691,0.944448386821996,56.0910328349225,63.6530601922132,58.6005075234708,105.947251375995,75.7340511039596,57.919553579997,56.7463327947731,78.6171906393329,58.3728343156991,74.981733822361,"ZNF776"
"ENSG00000174938",62.2990075774221,0.134934336173454,0.42567073262793,0.316992280254788,0.751249459893503,0.944501709200884,100.577024393654,23.3827568053028,41.2679630446978,69.725968854287,55.0793098937888,103.289870550995,69.8416403627977,79.5759368666419,40.652509612719,39.5970953893367,"SEZ6L2"
"ENSG00000050393",448.385345435741,0.075043586259123,0.236826854713169,0.31687110125248,0.751341410781542,0.944501709200884,378.130928249219,519.616817895618,520.801693624086,319.652818254069,432.372582666242,612.016616161968,331.747791723289,425.683324925168,528.482624965347,415.348255892404,"MCUR1"
"ENSG00000248334",55.2778593153198,-0.156453704655076,0.494030731641988,-0.316688203049794,0.751480201017668,0.944501709200884,21.2759090063499,28.578924984259,41.2679630446978,143.979598023788,67.4721546198913,39.5783616129979,62.8574763265179,36.4323566377396,48.9914859435332,62.3443629534237,"WHAMMP2"
"ENSG00000197296",67.4851835051169,-0.116941978858792,0.369284095263423,-0.316672124141642,0.751492402700079,0.944501709200884,55.1239460619066,50.6626397448228,48.6961963927434,128.585552952062,41.3094824203416,92.6712857279952,47.1431072448884,72.8647132754793,77.1355310600309,60.6593801708988,"FITM2"
"ENSG00000188290",8.11709748878804,0.24787809240414,0.782984850683493,0.316580955797241,0.751561588123768,0.944501709200884,2.90126031904772,20.7846727158247,1.65071852178791,4.52766031521344,11.0158619787578,2.89597767899985,11.3492665589546,6.71122359116257,4.16948816540708,15.1648450427247,"HES4"
"ENSG00000100577",94.055306199889,0.0837135384613381,0.26449023840606,0.316508990902025,0.751616201930468,0.944501709200884,115.083325988893,62.3540181474742,104.820626133532,79.6868215477566,108.781637040233,66.6074866169966,100.397358021522,101.627100094747,117.78804067275,83.4066477349858,"GSTZ1"
"ENSG00000144120",40.8166443290563,0.123228596102408,0.389557483544976,0.316329685110979,0.751752281628031,0.944501709200884,55.1239460619066,48.0645556553447,38.7918852620159,13.5829809456403,37.1785341783074,31.8557544689983,55.0002917857032,32.5973717285039,47.9491139021814,48.0220093019615,"TMEM177"
"ENSG00000072958",534.680403766217,0.0852730200849117,0.269600573810725,0.316293911691665,0.751779431903996,0.944501709200884,493.214254238112,662.511442816913,637.177349410133,271.659618912807,419.97973794014,645.803022416967,520.320220702843,497.589291973339,521.186020675885,677.363078575036,"AP1M1"
"ENSG00000113356",27.5380264788273,0.130450268241476,0.412557976098249,0.316198633402279,0.751851744965212,0.944501709200884,46.4201651047635,16.8875465816076,25.5861370877126,15.3940450717257,19.2777584628261,20.2718437529989,31.428738163259,27.8036405919592,34.3982773646084,37.9121126068117,"POLR3G"
"ENSG00000165630",73.4072742464051,0.116343214455581,0.368047437740626,0.316109290611531,0.751919555159103,0.944501709200884,95.7415905285746,68.8492283711694,85.8373631329713,28.977026017366,78.488016598649,95.567263406995,59.365394308378,42.1848340015933,99.0253439284181,80.0366821699359,"PRPF18"
"ENSG00000172469",56.5640124655458,-0.106343195654589,0.33642526636201,-0.316097529785884,0.751928481638855,0.944501709200884,74.4656815222247,41.5693454316495,61.0765853061527,58.8595840977748,41.3094824203416,55.9889017939971,27.0636356405841,67.1122359116257,79.2202751427345,58.9743973883738,"MANEA"
"ENSG00000139719",52.3491324729407,-0.0917227890555877,0.29026368423066,-0.315998156292605,0.752003907555522,0.944501709200884,49.3214254238112,61.0549761027352,57.7751482625769,49.8042634673479,44.063447915031,43.4396651849978,33.1747791723289,59.4422660931542,52.1186020675885,73.296751039836,"VPS33A"
"ENSG00000249859",134.038146314764,0.0950151560850762,0.30078900339988,0.315886402132725,0.75208873340649,0.944501709200884,115.083325988893,97.4281533554284,131.232122482139,171.145559915068,108.781637040233,178.585290204991,202.540757052113,144.77068032365,103.194832093825,87.6191046912982,"PVT1"
"ENSG00000111667",271.72918472368,0.0848241190385766,0.268544693552763,0.315865928744969,0.75210427384645,0.944501709200884,218.561610701595,298.779670289981,297.129333921824,235.438336391099,203.793446607019,293.459071471985,285.477704982936,184.079275643316,261.635382379294,438.938014847754,"USP5"
"ENSG00000011198",399.471997523898,0.116591889362825,0.369720182319803,0.315351703635087,0.752494632250381,0.944833450416431,313.336114457153,374.124108884845,667.71564206321,165.712367536812,380.047238267143,554.097062581971,264.525212874096,284.747629510755,402.355607961783,588.058991101213,"ABHD5"
"ENSG00000256043",71.1714710401269,-0.158728157300582,0.503624297700059,-0.315171762016761,0.752631244432169,0.944865918042906,73.4985947492088,24.6817988500419,31.3636519139703,173.862156104196,59.2102581358229,65.6421607239966,65.4765378401228,103.544592549365,34.3982773646084,80.0366821699359,"CTSO"
"ENSG00000136950",510.29176788703,0.0712825809357856,0.226199827161295,0.315131014158365,0.752662181396704,0.944865918042906,541.568592888907,468.954178150796,538.959597363753,431.938794071363,338.737755846801,650.629651881966,551.748958866102,529.227917474534,640.016433389987,411.135798936092,"ARPC5L"
"ENSG00000198840",536.649787839422,0.194807325600218,0.618416136752252,0.31501009437317,0.752753989568698,0.944892231423785,182.779400100006,168.875465816076,160.119696613427,1463.33981387699,352.507583320248,232.643540212988,971.671821547423,1001.88980753784,339.813285480677,492.857463888553,"MT-ND3"
"ENSG00000136159",234.519160541136,-0.114279010750183,0.363151931884756,-0.314686500928345,0.752999694621958,0.944955286623605,298.829812861915,207.846727158247,348.301608097249,127.680020889019,180.384739902158,377.44242416298,156.27067031176,155.316888824048,322.092960777697,171.025752426284,"NUDT15"
"ENSG00000060982",1205.93769748379,-0.152107131309042,0.48342565435017,-0.31464430970985,0.753031732330324,0.944955286623605,1661.45507604133,1317.22863336539,1141.47185781634,1011.47931441868,951.495078415201,1147.77248677694,386.748083508992,852.325396077646,3130.24324017936,459.157808238053,"BCAT1"
"ENSG00000182463",354.681402168184,-0.185549642919638,0.589850374581989,-0.314570696087346,0.753087631515506,0.944955286623605,275.619730309533,394.90878160067,217.06948561511,642.022232697267,344.24568683618,84.9486785839956,471.431072448884,765.079489392533,44.8219977781261,306.666866419544,"TSHZ2"
"ENSG00000169379",111.798326213779,-0.0842814313641335,0.268073991089035,-0.314396152426966,0.753220178031409,0.944990717524365,133.457974676195,94.8300692659503,146.913948439124,86.9310780520981,104.650688798199,122.596388410994,102.143399030592,84.3696680031865,155.313434161414,86.7766133000358,"ARL13B"
"ENSG00000233966",9.77416282018447,-0.215893832736061,0.686998655014618,-0.314256558088119,0.753326189656064,0.944990717524365,9.67086773015905,15.5885045368685,15.6818259569851,1.81106412608538,5.50793098937888,13.5145625019993,5.23812302720983,6.71122359116257,19.8050687856836,4.21245695631242,"UBE2SP1"
"ENSG00000141101",370.042458555993,0.0703701683594008,0.223927959393244,0.314253604373818,0.753328432834899,0.944990717524365,347.18415151271,392.310697511192,430.012174925751,267.131958597593,472.305082339239,348.482647372982,467.938990430745,369.117297513941,308.542124240124,297.399461115657,"NOB1"
"ENSG00000154781",135.762747827698,0.068010297028341,0.216582968317429,0.314014982603174,0.753509659441218,0.945129157149207,134.425061449211,113.016657892297,122.153170612305,156.657046906385,188.646636386227,124.527040196994,144.921403752805,116.96703973169,124.042272920861,132.27114842821,"CCDC174"
"ENSG00000086232",1500.22965365133,-0.0522878454975228,0.166744546548552,-0.313580543291099,0.753839638892666,0.945365234030229,1655.65255540323,1408.16157649713,1706.8429515287,1359.20362662708,1814.86326100034,1446.05818771393,1242.30817795326,1312.52358518594,1520.82080833223,1535.86180627151,"EIF2AK1"
"ENSG00000166446",130.073156296498,-0.150233111908271,0.479521704309823,-0.313297835234596,0.754054394644504,0.945399467381142,140.227582087306,115.614741981775,113.074218742472,183.823008797666,125.305430008369,213.337022352989,41.0319637131436,40.2673415469754,234.533709304148,93.5165444301356,"CDYL2"
"ENSG00000102100",77.7559502341783,-0.125201228715912,0.399658821686345,-0.313270274349581,0.75407533195494,0.945399467381142,90.9061566634951,25.9808408947809,59.4258667843648,150.318322465086,70.2261201145807,90.7406339419953,81.1909069217523,84.3696680031865,68.7965547292168,55.6044318233239,"SLC35A2"
"ENSG00000005483",643.546149748164,-0.0552183513030982,0.176299246355363,-0.313208096146909,0.754122567833962,0.945399467381142,623.770968595259,814.499362051382,610.765853061527,586.784776851663,598.987495094953,556.993040260971,710.638690691467,627.020032660045,558.711414164549,747.289864049823,"KMT2E"
"ENSG00000163684",338.233128551557,0.0548529176275688,0.175211301129874,0.313067235240205,0.754229581224729,0.945399467381142,313.336114457153,336.451889587413,389.569571141947,282.526003669319,342.868704088835,404.471549166979,367.541632409223,319.262493693876,335.64379731527,290.659529985557,"RPP14"
"ENSG00000162851",106.231962284836,0.070561999314014,0.225443712884602,0.31299164838601,0.754287007233385,0.945399467381142,123.787106946036,76.6434806396037,109.772781698896,101.419591060781,108.781637040233,116.804433052994,121.349850130361,79.5759368666419,114.660924548695,109.523880864123,"TFB2M"
"ENSG00000174109",67.1352021223807,0.10436484246592,0.333450249706966,0.312984748272449,0.754292249561575,0.945399467381142,90.9061566634951,49.3635977000837,84.1866446111834,32.5991542695368,45.4404306623758,72.3994419749963,87.3020504534971,69.9884745935525,66.7118106465133,72.4542596485736,"C16orf91"
"ENSG00000120705",1659.07196659855,-0.0671315979943044,0.214657067867617,-0.312738819462985,0.754479100186193,0.945428118707888,2066.66443393499,1449.73092192878,1738.20660344267,1567.47600112689,1393.50654031286,2065.79741101989,1369.76917161537,1230.07140963737,2043.04920104947,1666.44797191719,"ETF1"
"ENSG00000176476",51.3336088039497,0.103045524502321,0.329616261812265,0.312622696270403,0.754567332710493,0.945428118707888,25.1442560984135,46.7655136106057,52.8229926972131,71.5370329803724,60.5872408831677,41.5090133989979,69.8416403627977,44.1023264562111,47.9491139021814,53.0769576495364,"SGF29"
"ENSG00000187735",2467.67200933059,0.0737878790961063,0.23604195671925,0.31260492889351,0.754580832970787,0.945428118707888,2630.47602260326,2086.26152385091,2609.78598294669,2242.0973880937,2378.04920466433,3726.15794697981,2052.47120616172,2447.67911831972,2841.50618472492,1662.23551496088,"TCEA1"
"ENSG00000145029",72.0544572364487,0.0998882542237082,0.319559105449449,0.312581467779548,0.754598659642009,0.945428118707888,79.3011153873043,46.7655136106057,61.9019445670466,86.9310780520981,123.928447261025,45.3703169709976,72.4607018764026,63.2772510023899,69.8389267705686,70.7692768660486,"NICN1"
"ENSG00000119900",1218.14686110949,0.0799460403834457,0.255945492816959,0.312355726618009,0.754770193277606,0.945523534114383,1443.86055211275,628.736349653698,1568.18259569851,1069.43336645342,1076.80050842357,1471.15666093192,1098.25979470499,1225.27767850082,1242.50747329131,1357.25363132386,"OGFRL1"
"ENSG00000153406",252.132542117004,0.079784593148268,0.255572727307746,0.312179605346529,0.754904030713546,0.945523534114383,362.657539880965,188.361096487162,255.861370877126,168.42896372594,213.432325838432,243.262125035987,306.430197091775,289.541360647299,217.85575664252,275.494684942832,"NMRAL1"
"ENSG00000171700",112.433823873593,0.0892746909361408,0.286027929816991,0.312118788515728,0.754950248127833,0.945523534114383,113.149152442861,118.212826071253,143.612511395548,57.9540520347321,129.436378250404,129.353669661993,83.8099684353572,139.018202959796,101.110088011122,108.68138947286,"RGS19"
"ENSG00000130479",125.442173774893,-0.117679584052827,0.377047555114232,-0.31210806821748,0.754958395050166,0.945523534114383,104.445371485718,235.126610097767,131.232122482139,57.0485199716894,112.912585282267,135.145625019993,144.04838324827,113.132054822455,64.6270665638097,156.703398774822,"MAP1S"
"ENSG00000197928",139.118659090524,-0.0683962438605919,0.219240536653054,-0.311968967530983,0.755064107499148,0.945534974457799,117.98458630794,175.370676039771,158.468978091639,120.435764384678,161.106981439332,143.833558056993,121.349850130361,147.646919005576,139.677853541137,105.31142390781,"ZNF677"
"ENSG00000130844",87.0810556382278,0.0914357240759941,0.293148272763369,0.311909475754618,0.755109320908001,0.945534974457799,76.3998550682565,67.5501863264304,61.9019445670466,129.491085015105,67.4721546198913,106.185848229994,82.9369479308223,99.7096076401295,68.7965547292168,110.366372255385,"ZNF331"
"ENSG00000108839",15.9848270058769,0.155191406689875,0.497882260987583,0.311703024691103,0.755266229038916,0.945556640952412,14.5063015952386,18.1865886263466,4.95215556536373,22.6383015760672,16.5237929681366,17.3758660739991,19.2064510997694,17.2574320915609,7.29660428946239,21.9047761728246,"ALOX12"
"ENSG00000149084",294.553271100567,-0.101505726064039,0.325665154424207,-0.311687402490165,0.755278102725423,0.945556640952412,250.47547421112,189.660138531901,350.777685879931,437.371986449619,144.583188471196,245.192776821987,254.921987324212,391.168460742047,284.567567289033,396.81344528463,"HSD17B12"
"ENSG00000150938",1919.67578109951,0.0987650562786628,0.317081538876699,0.31148157230645,0.755434549785314,0.945556640952412,1426.45299019846,1199.01580729414,1722.52477748568,3017.23283405824,1251.67731733635,2302.30225480488,1244.92723946687,2564.64615805141,2162.92198580492,2305.05644649415,"CRIM1"
"ENSG00000125744",104.636550293556,-0.0723826177258582,0.232395632654969,-0.311462900136865,0.7554487425929,0.945556640952412,111.214978896829,85.736774952777,89.9641594374411,143.074065960745,117.043533524301,104.255196443995,87.3020504534971,107.379577458601,113.618552507343,86.7766133000358,"RTN2"
"ENSG00000261423",7.02736029870259,0.19656654212951,0.63119369886869,0.311420317537743,0.755481110143878,0.945556640952412,9.67086773015905,7.79425226843427,3.30143704357582,5.43319237825613,4.13094824203416,8.68793303699955,5.23812302720983,13.4224471823251,4.16948816540708,8.42491391262483,"TMEM202-AS1"
"ENSG00000124767",1284.87658443853,-0.0825523700807433,0.265480349090087,-0.310954729281037,0.755835037426631,0.945795774128659,1597.62734902228,1453.62804806299,1600.37160687338,665.566066336376,1149.78059403284,1435.43960289093,1046.75158493743,1050.7858651306,1539.58350507656,1309.2316220219,"GLO1"
"ENSG00000089876",226.460188176355,-0.0600237719466874,0.193070274359661,-0.310890799455084,0.755883639110452,0.945795774128659,237.903346161913,301.377754379459,198.086222614549,192.878329428093,224.448187817189,204.649089315989,218.255126133743,201.336707734877,248.084545841721,237.58257233602,"DHX32"
"ENSG00000122484",174.613659383195,-0.0830296887000294,0.267093675096499,-0.310863552534636,0.755904353463453,0.945795774128659,161.503491093656,214.341937381943,142.787152134654,205.55577831069,96.3887923141304,183.41191966999,204.286798061183,136.141964277869,218.898128683872,182.820631903959,"RPAP2"
"ENSG00000063978",763.701114253326,-0.0844207427059705,0.271691683186239,-0.310722587147071,0.756011524589144,0.945795774128659,840.398405750822,1021.04704716489,889.737283243684,412.017088684423,739.439735324115,965.32589299995,625.082681247039,593.463914704233,889.143351273059,661.355742141049,"RNF4"
"ENSG00000143155",453.64889852359,-0.0737930891124583,0.237544026031106,-0.31065015755351,0.756066592138562,0.945795774128659,558.009068030177,424.786748629668,533.182082537495,354.063036649691,430.995599918897,586.91814294397,374.525796445503,315.427508784641,548.287693751031,410.293307544829,"TIPRL"
"ENSG00000226415",33.8828938173091,0.115935914561092,0.37336454187858,0.310516670859427,0.756168084082086,0.945795774128659,20.308822233334,42.8683874763885,46.2201186100615,19.9217053869392,31.6706031889286,33.7864062549982,36.6668611904688,23.0099094554145,48.9914859435332,35.3846384330243,"TPI1P1"
"ENSG00000198668",2483.14965512476,0.0951047632304859,0.306684874211793,0.310105816189708,0.756480489467725,0.945795774128659,2993.13356248423,2883.87333932068,2585.85056438076,1080.29975120993,2148.09308585776,2907.56158971585,1952.94686864473,1826.41156302353,3224.05672390102,3229.2695027091,"CALM1"
"ENSG00000196419",848.234006491475,0.0694951965455491,0.224147438398023,0.310042341069029,0.756528758186617,0.945795774128659,776.570678731772,884.64763246729,1030.87371685655,603.989886049474,743.570683566149,927.678183172952,888.734873616601,636.607494933135,846.406097577637,1143.26081794319,"XRCC6"
"ENSG00000184979",11.7242629521448,0.147313573469313,0.475172317791639,0.310021371097442,0.756544704700842,0.945795774128659,12.5721280492068,12.9904204473905,11.5550296525154,7.24425650434151,8.26189648406832,8.68793303699955,13.0953075680246,19.1749245461788,13.550836537573,10.1098966951498,"USP18"
"ENSG00000142347",13.8497677525096,0.154390453854454,0.498023698832798,0.310006239093228,0.7565562118252,0.945795774128659,7.73669418412724,14.2894624921295,9.90431113072746,19.9217053869392,16.5237929681366,12.5492366089993,21.8255126133743,16.2986858642519,13.550836537573,5.89743973883738,"MYO1F"
"ENSG00000198938",2547.95609464772,0.180567668984762,0.582571436214529,0.309949403214937,0.756599433119991,0.945795774128659,1203.05594563179,1063.91543464128,850.120038720774,6319.70826797493,1638.60946934022,1163.21770106494,3241.52513333835,6227.05674637155,1237.29561308455,2535.05659630881,"MT-CO3"
"ENSG00000196636",87.4723541802689,0.10118196122807,0.326473928651748,0.309923556977198,0.756619088348501,0.945795774128659,140.227582087306,67.5501863264304,85.0120038720774,42.5600069630064,81.2419820933385,87.8446562629954,113.492665589546,71.9059670481704,85.4745073908451,99.413984168973,"SDHAF3"
"ENSG00000168477",172.265415258584,0.284955938479766,0.919644550790905,0.309854430426082,0.756671657630243,0.945795774128659,78.3340286142883,404.002075913843,48.6961963927434,78.7812894847139,92.2578440720962,29.9251026829984,325.636648191544,452.528219289819,22.9321849097389,189.560563034059,"TNXB"
"ENSG00000100151",28.7022134361066,-0.11915680357154,0.384818368855463,-0.309644271727308,0.756831485795218,0.945819083965142,29.0126031904772,22.0837147605638,19.8086222614549,49.8042634673479,15.1468102207919,28.9597767899985,27.0636356405841,26.8448943646503,35.4406494059602,32.8571642592368,"PICK1"
"ENSG00000123427",163.329943851445,0.0624792660671276,0.201833182772113,0.309558939759038,0.756896384731196,0.945819083965142,153.766796909529,167.576423771337,179.102959613988,135.829809456403,192.777584628261,146.729535735992,158.889731825365,178.326798279462,128.211761086268,192.088037207846,"EEF1AKMT3"
"ENSG00000112079",856.348221222024,0.0436995812833837,0.141277952426461,0.309316354978533,0.757080891117305,0.945961012257026,902.29195922384,754.743427993386,809.67743493697,894.665678286177,990.050595340854,779.01799565096,804.051884676708,859.036619668808,891.228095355763,878.71852108677,"STK38"
"ENSG00000159063",81.9325220941039,0.10410822758361,0.336946406630532,0.308975627978031,0.757340066398084,0.945972708179582,63.8277270190498,49.3635977000837,56.9497890016829,143.074065960745,77.1110338513043,88.8099821559954,101.270378526057,99.7096076401295,62.5423224811062,76.666716604886,"ALG8"
"ENSG00000155959",445.454780881833,-0.100251971018587,0.32456115402153,-0.30888468868316,0.757409244330791,0.945972708179582,629.573489233355,497.533103135055,523.277771406768,206.461310373733,362.146462551661,565.680973297971,324.763627687009,304.881300284242,596.236807653212,443.992963195329,"VBP1"
"ENSG00000185924",5.13613334953712,-0.310010062993388,1.00379564020254,-0.308837825725997,0.757444893952895,0.945972708179582,9.67086773015905,12.9904204473905,0.825359260893955,0,5.50793098937888,2.89597767899985,0.873020504534971,2.87623868192681,7.29660428946239,8.42491391262483,"RTN4RL1"
"ENSG00000129691",180.974239626051,-0.073841887438123,0.239236136087614,-0.308656913816232,0.757582522229554,0.946056001776738,162.470577866672,233.827568053028,201.387659658125,149.412790402044,162.483964186677,198.85713395799,117.857768112221,164.904351097137,201.177803980892,217.362778945721,"ASH2L"
"ENSG00000138185",100.903245011839,-0.101322316252816,0.328741521740038,-0.308212712883102,0.757920479556214,0.946389423821855,126.688367265084,67.5501863264304,104.820626133532,121.34129644772,64.7181891252018,147.694861628992,99.5243375169867,63.2772510023899,137.593109458434,75.8242252136235,"ENTPD1"
"ENSG00000134970",422.208861438292,-0.0905703155909653,0.294003726219957,-0.308058393529359,0.758037899769574,0.946447432056432,477.740865869857,262.406493037287,363.15807479334,649.266489201608,257.495773753463,371.650468804981,392.859227040737,561.825289203038,488.87248739398,396.81344528463,"TMED7"
"ENSG00000132535",349.726617312415,-0.081922350145156,0.266182760021202,-0.307767302956175,0.758259403171933,0.9466353702241,318.171548322233,362.432730482194,359.03127848887,406.583896306167,413.094824203416,421.847415240978,439.129313781091,288.58261441999,310.626868322827,177.765683556384,"DLG4"
"ENSG00000111802",254.376144051228,0.0716639122216296,0.233540998019657,0.306857951406021,0.758951495835814,0.94727202925664,274.652643536517,229.930441918811,315.287237661491,167.523431662897,213.432325838432,272.221901825986,247.064802783397,210.924170007966,304.372636074717,308.351849202069,"TDP2"
"ENSG00000169221",526.914402147446,-0.0700477525029325,0.228304450116424,-0.306817289225906,0.758982447674623,0.94727202925664,574.449543171448,720.96833483017,524.928489928555,349.535376334478,651.312839494052,489.420227750975,546.510835838892,442.940757016729,510.762300262367,458.315316846791,"TBC1D10B"
"ENSG00000205937",802.818849466323,-0.0643717762363597,0.209891193814786,-0.306691172061097,0.759078449856786,0.947303198815378,783.340286142883,980.77674377798,874.880816547592,659.227341895078,794.519045217903,953.741982283951,925.401734807069,592.505168476924,841.194237370878,622.601138142975,"RNPS1"
"ENSG00000187498",288.872983627969,0.196696292956629,0.642902132725197,0.305950599545926,0.759642259081558,0.947458142490227,201.154048787308,141.595582876556,79.2344890458197,640.211168571181,96.3887923141304,280.909834862985,103.889440039662,252.150257782251,933.965349051186,159.230872948609,"COL4A1"
"ENSG00000122483",67.9012015039251,-0.0981275367671847,0.320878511724379,-0.305808999922912,0.759750075606528,0.947458142490227,88.0048963444474,70.1482704159085,55.299070479895,69.725968854287,48.1943961570652,64.6768348309966,81.1909069217523,36.4323566377396,102.152460052473,63.1868543446862,"CCDC18"
"ENSG00000213694",132.213045601518,-0.124439102766279,0.40693534171014,-0.305795761664066,0.759760155695952,0.947458142490227,235.002085842865,136.3994146976,145.263229917336,39.8434107738783,155.599050449953,104.255196443995,168.492957375249,119.843278413617,75.0507869773274,142.38104512336,"S1PR3"
"ENSG00000153487",157.983658094827,-0.0645244223976223,0.211045626524738,-0.305736837385062,0.759805023269682,0.947458142490227,146.030102725402,205.248643068769,177.4522410922,121.34129644772,139.075257481817,167.001379488991,151.905567789085,152.440650142121,180.330363153856,139.01107955831,"ING1"
"ENSG00000006638",12.8269728328111,0.174331453687243,0.57034314263634,0.305660646468752,0.759863039629336,0.947458142490227,7.73669418412724,24.6817988500419,13.2057481743033,2.71659618912807,8.26189648406832,13.5145625019993,12.2222870634896,17.2574320915609,17.7203247029801,10.9523880864123,"TBXA2R"
"ENSG00000153363",30.7667272357707,0.0965756253495632,0.315985211822889,0.305633370601198,0.759883809448667,0.947458142490227,24.1771693253976,31.1770090737371,33.8397296966522,28.977026017366,33.0475859362733,27.0291250039986,26.1906151360491,42.1848340015933,23.9745569510907,37.0696212155493,"LINC00467"
"ENSG00000128487",66.7505310468334,-0.123652494924591,0.404582575711914,-0.305629807974328,0.759886522303355,0.947458142490227,36.7492973746044,63.6530601922132,41.2679630446978,139.451937708574,35.8015514309627,75.2954196539961,59.365394308378,82.4521755485687,67.754182687865,65.7143285184737,"SPECC1"
"ENSG00000138032",262.894137671066,0.0709203935510952,0.232089644955417,0.305573277794097,0.759929569071444,0.947458142490227,299.796899634931,258.50936690307,265.765682007854,196.500457680264,272.642583974255,278.013857183986,210.397941592928,193.666737916405,359.61835426636,294.029495550607,"PPM1B"
"ENSG00000153531",37.9046913514318,0.131026790675571,0.429065189020878,0.305377350641223,0.760078770010732,0.947458142490227,21.2759090063499,61.0549761027352,28.0622148703945,33.5046863325795,57.8332753884782,31.8557544689983,17.4604100906994,46.978565138138,27.101673075146,53.9194490407989,"ADPRHL1"
"ENSG00000116906",635.31485963764,0.051264165337789,0.167924408332949,0.305281202695358,0.760151991121024,0.947458142490227,651.81648501272,523.513944029835,638.828067931921,670.999258714633,736.685769829425,705.653227782963,642.543091337739,537.856633520314,690.050291374871,555.201826841976,"GNPAT"
"ENSG00000217555",47.7795005583962,-0.0980130068754644,0.321143293594775,-0.30520022940021,0.760213657699761,0.947458142490227,50.2885121968271,51.9616817895618,61.9019445670466,35.3157504586649,24.785689452205,64.6768348309966,46.2700867403535,54.6485349566095,50.0338579848849,37.9121126068117,"CKLF"
"ENSG00000174796",125.035812702454,0.0751941526188807,0.246473613578417,0.305079929357051,0.760305277040655,0.947458142490227,152.799710136513,93.5310272212113,137.83499656929,99.6085269346958,117.043533524301,149.625513414992,90.794132471637,137.100710505178,153.22869007871,118.79128616801,"THAP6"
"ENSG00000007341",41.9029651432929,-0.120354764057479,0.394535952851831,-0.305053983515359,0.760325037581785,0.947458142490227,29.9796899634931,24.6817988500419,38.7918852620159,82.4034177368847,23.4087067048602,50.1969464359974,47.1431072448884,44.1023264562111,43.7796257367743,34.5421470417618,"ST7L"
"ENSG00000119866",9.35295124034942,-0.175672481257193,0.576104728981297,-0.304931503630994,0.760418321261251,0.947458142490227,9.67086773015905,10.3923363579124,6.60287408715164,13.5829809456403,5.50793098937888,5.7919553579997,5.23812302720983,7.6699698184715,19.8050687856836,9.26740530388731,"BCL11A"
"ENSG00000138640",100.295463676177,0.0627184632480465,0.205702376501042,0.304899069786531,0.760443024255009,0.947458142490227,100.577024393654,97.4281533554284,79.2344890458197,113.191507880336,114.289568029612,111.012477694994,88.1750709580321,105.462085003983,100.06771596977,93.5165444301356,"FAM13A"
"ENSG00000112339",459.885078612648,-0.0842769017052791,0.276438413556059,-0.304866825927535,0.760467582789913,0.947458142490227,558.976154803193,515.719691761401,574.450045582193,255.360041778038,440.63447915031,509.692071503974,363.176529886548,305.840046511551,553.49955395779,521.502171191477,"HBS1L"
"ENSG00000162104",376.138842099022,-0.0804532659706561,0.263897581024412,-0.304865492356346,0.760468598509596,0.947458142490227,328.809502825408,531.30819629827,270.717837573217,424.694537567021,521.876461243649,324.349500047983,376.271837454573,397.879684333209,250.169289924425,335.311573722468,"ADCY9"
"ENSG00000100258",448.116773865878,-0.0829073607176819,0.271962247528458,-0.304848784973387,0.760481323787799,0.947458142490227,344.282891193662,431.281958853363,483.660526883858,594.934565419047,442.011461897655,547.339781330972,531.669487261797,505.25926179181,364.830214473119,235.897589553495,"LMF2"
"ENSG00000116691",107.845738449752,0.0793915611721873,0.26052924060543,0.304731864214909,0.760570378996797,0.947480585156013,98.6428508476224,126.007078339687,108.947422438002,84.2144818629701,103.273706050854,111.012477694994,152.77858829362,93.9571302762759,127.169389044916,72.4542596485736,"MIIP"
"ENSG00000197930",611.642250585857,-0.0629337064663107,0.206922077739179,-0.304142057502619,0.761019666310315,0.947706659604583,567.679935760337,578.073709908875,571.973967799511,793.246087225396,499.844737286133,537.686522400972,552.621979370637,836.026710213394,613.957132356192,565.311723537126,"ERO1A"
"ENSG00000253161",115.607920101684,0.146308064428644,0.481187925665651,0.304055976105902,0.761085245857272,0.947706659604583,133.457974676195,142.894624921295,107.296703916214,50.7097955303906,202.416463859674,178.585290204991,94.2862144897769,34.5148641831218,160.525294368173,51.3919748670115,"LINC01605"
"ENSG00000112685",100.688649035733,-0.0805283716471523,0.264877078405827,-0.304021669718707,0.761111382032973,0.947706659604583,106.37954503175,109.11953175808,118.85173356873,82.4034177368847,88.1268958300621,106.185848229994,73.3337223809376,74.7822057300972,101.110088011122,146.593502079672,"EXOC2"
"ENSG00000023191",1812.75425931509,-0.0942505037766388,0.31006427366844,-0.303970859530316,0.761150092060518,0.947706659604583,1821.02439358895,2437.00287593045,2528.07541611818,751.591612325432,1721.2284341809,1389.10396002693,2110.96357996556,1797.64917620426,1491.63439117438,2079.26875363581,"RNH1"
"ENSG00000023228",302.414236398013,-0.0846564358162495,0.278599891841788,-0.303863850257072,0.761231619632059,0.947706659604583,213.726176836515,383.217403198019,345.000171053673,311.503029686685,199.662498364984,340.760040228982,204.286798061183,251.191511554942,376.296306927989,398.498428067155,"NDUFS1"
"ENSG00000267023",652.903881437092,0.0778132082365402,0.256098707854636,0.303840690522764,0.761249264777978,0.947706659604583,621.836795049227,771.630974574993,691.651060629134,442.805178827875,813.796803680729,738.474308144962,475.796174971559,646.194957206224,456.558954112075,870.293607174145,"LRRC37A16P"
"ENSG00000100902",133.55306774456,-0.0814811205089385,0.268484314474807,-0.303485589719932,0.761519827701912,0.947787104504081,161.503491093656,122.10995220547,157.643618830745,111.380443754251,86.7499130827173,185.34257145599,114.365686094081,100.668353867438,158.440550285469,137.326096775785,"PSMA6"
"ENSG00000214300",55.7945465205681,0.0905633415212187,0.298534666642209,0.303359547954135,0.761615870062063,0.947787104504081,57.0581196079384,67.5501863264304,64.3780223497285,26.260429828238,59.2102581358229,63.7115089379967,53.2542507766332,59.4422660931542,53.1609741089403,53.9194490407989,"SPDYE3"
"ENSG00000124370",55.0215389549577,0.0864848244178988,0.285096635825021,0.303352665553651,0.761621114476965,0.947787104504081,63.8277270190498,37.6722192974323,44.5694000882736,66.1038406021163,48.1943961570652,57.919553579997,65.4765378401228,59.4422660931542,39.6101375713672,67.3993113009986,"MCEE"
"ENSG00000161914",18.8965518339559,-0.144872095598615,0.477776181185693,-0.303221678483609,0.761720929201086,0.947787104504081,11.6050412761909,31.1770090737371,21.4593407832428,16.2995771347684,20.6547412101708,24.1331473249987,30.555717658724,11.5049547277073,11.4660924548695,10.1098966951498,"ZNF653"
"ENSG00000103253",35.5151147351667,0.134690355168693,0.444601025534696,0.302946568795493,0.76193058110092,0.947787104504081,40.617644466668,53.2607238343009,31.3636519139703,9.96085269346958,24.785689452205,27.9944508969985,55.8733122902382,41.2260877742843,27.101673075146,42.9670609543866,"HAGHL"
"ENSG00000126243",166.311946179258,-0.107550499041792,0.355140403090403,-0.302839378752448,0.762012271781977,0.947787104504081,167.306011731752,279.294039618895,161.770415135215,87.8366101151408,191.400601880916,100.393892871995,239.207618242582,157.234381278666,100.06771596977,178.608174947646,"LRFN3"
"ENSG00000228929",12.2260971228368,0.177852352427188,0.587348805230385,0.302805336187628,0.762038216540496,0.947787104504081,8.70378095714315,2.59808408947809,9.90431113072746,23.5438336391099,15.1468102207919,7.7226071439996,14.8413485770945,15.339939636943,17.7203247029801,6.73993113009986,"RPS13P2"
"ENSG00000165678",1707.79260916536,0.066212592177875,0.218755692588515,0.302678258994715,0.762135067865307,0.947787104504081,1952.54819471911,1588.72842071585,1945.37177792705,1157.26997656856,1460.97869493275,2123.71696459989,1510.3254728455,1539.74644105815,2163.96435784627,1635.27579044048,"GHITM"
"ENSG00000171928",150.909963714464,0.0862340338370841,0.284909813024229,0.302671336314242,0.762140344062856,0.947787104504081,172.141445596831,97.4281533554284,118.85173356873,193.783861491135,95.0118095667857,139.006928591993,151.905567789085,208.04793132604,150.101573954655,182.820631903959,"TVP23B"
"ENSG00000221821",36.749246086461,0.151395963450363,0.500256270276507,0.302636813261095,0.762166656354973,0.947787104504081,63.8277270190498,36.3731772526933,28.0622148703945,9.96085269346958,37.1785341783074,21.2371696459989,51.5082097675633,46.019818910829,17.7203247029801,55.6044318233239,"C6orf226"
"ENSG00000177889",829.728592987551,0.0768043369795664,0.254422446429624,0.30187720485115,0.762745673463863,0.948199415679144,994.165202660351,746.949175724951,943.385635201791,528.83072481693,713.277063124565,1079.23434837394,680.082973032743,672.081105343566,1137.22789711478,802.051804481884,"UBE2N"
"ENSG00000169554",691.812561409792,-0.0611495655790514,0.202595488569074,-0.30183083547886,0.762781023163089,0.948199415679144,739.821381357168,875.554338154117,640.478786453709,583.162648599492,727.046890598012,788.671254580959,577.939574002151,517.722962746827,663.990990341077,803.736787264409,"ZEB2"
"ENSG00000148411",571.975541019741,0.0804023850205131,0.266399763670616,0.301811022324798,0.762796127875487,0.948199415679144,538.667332569859,736.556839367039,608.289775278845,328.708138884496,671.967580704223,658.352259025966,381.509960481782,497.589291973339,710.897732201907,587.216499709951,"NACC2"
"ENSG00000175782",108.618632296436,0.0797336637970299,0.264241811258503,0.301745069855837,0.762846407904863,0.948199415679144,79.3011153873043,89.6339010869942,123.803889134093,126.774488825976,115.666550776956,112.943129480994,103.016419535127,153.39939636943,72.9660428946239,108.68138947286,"SLC35E3"
"ENSG00000109929",70.6385737887011,-0.138335256513157,0.458540986777923,-0.301685695503931,0.762891673846441,0.948199415679144,57.0581196079384,32.4760511184761,46.2201186100615,162.995771347684,34.424568683618,80.1220491189958,45.3970662358185,69.0297283662435,96.9405998457146,81.7216649524609,"SC5D"
"ENSG00000115241",577.051159230821,-0.0550158259658414,0.182387661290871,-0.301642257905277,0.762924790406605,0.948199415679144,660.520265969863,635.231559877393,604.988338235269,460.915820088729,564.562926411335,673.797473313965,625.082681247039,488.960575927558,575.389366826177,481.062584410878,"PPM1G"
"ENSG00000120925",247.634578431254,0.0757560511659775,0.251304311062715,0.301451458773709,0.763070259638493,0.948286981213317,261.113428714294,154.586003323946,198.911581875443,344.102183956222,227.202153311879,263.533968788986,237.461577233512,325.01497105773,225.152360931982,239.267555118545,"RNF170"
"ENSG00000164291",22.9244864282472,0.122696472647298,0.407138023835476,0.301363334948248,0.763137449903467,0.948286981213317,17.4075619142863,11.6913784026514,24.7607778268187,32.5991542695368,19.2777584628261,18.341191966999,24.4445741269792,21.0924170007966,38.5677655300155,21.0622847815621,"ARSK"
"ENSG00000095539",14.6851033523092,-0.204143189130224,0.678785872797564,-0.300747551343199,0.763607005662591,0.948506506772087,7.73669418412724,9.09329431317332,4.12679630446978,42.5600069630064,20.6547412101708,5.7919553579997,16.5873895861645,22.0511632281056,7.29660428946239,10.9523880864123,"SEMA4G"
"ENSG00000104408",2721.05867167029,0.0979299982575076,0.325632738178119,0.300737569586571,0.76361461780527,0.948506506772087,2696.23792316834,1545.86003323946,2325.03703793827,3875.67722982271,4007.01979477313,1748.20519222291,3734.78171840061,3273.15962003271,2162.92198580492,1841.68618129979,"EIF3E"
"ENSG00000173011",380.595608876304,-0.0550143300605669,0.182950770197097,-0.3007056488546,0.763638960884971,0.948506506772087,357.822106015885,475.449388374491,375.53846370675,348.629844271435,468.174134097205,396.748942022979,327.382689200614,376.787267332413,331.474309149863,347.948944591406,"TADA2B"
"ENSG00000131781",10.8758756409024,-0.154484213480182,0.513943236370871,-0.300586139767201,0.763730101823513,0.948506506772087,17.4075619142863,9.09329431317332,10.7296703916214,9.05532063042689,12.3928447261025,11.5839107159994,13.9683280725595,4.79373113654469,6.25423224811062,13.4798622601997,"FMO5"
"ENSG00000125347",89.0251949517213,-0.0900121009726676,0.299616202492003,-0.300424677383961,0.763853242706554,0.948557793107757,80.2682021603202,92.2319851764723,69.3301779150922,128.585552952062,56.4562926411335,87.8446562629954,127.460993662106,67.1122359116257,78.1779031013827,102.783949734023,"IRF1"
"ENSG00000243725",11.8481454081208,0.163713351445318,0.545472438000754,0.300131299108998,0.764077005834127,0.948701988983072,7.73669418412724,18.1865886263466,13.2057481743033,5.43319237825613,12.3928447261025,20.2718437529989,6.1111435317448,7.6699698184715,11.4660924548695,16.0073364339872,"TTC4"
"ENSG00000196116",44.4290983341808,0.0945349696344989,0.315026352834995,0.300085909587426,0.764111626726862,0.948701988983072,40.617644466668,54.5597658790399,39.6172445229098,36.2212825217076,56.4562926411335,42.4743392919978,24.4445741269792,45.0610726835201,45.8643698194779,58.9743973883738,"TDRD7"
"ENSG00000158796",356.825220799928,-0.0531146246926072,0.177167056714192,-0.299799667487236,0.764329968971866,0.948871641909807,323.006982187312,331.255721408457,373.887745184962,429.222197882235,391.0631002459,373.581120590981,324.763627687009,392.127206969356,347.109889770139,282.234616072932,"DEDD"
"ENSG00000056050",127.83935202852,-0.102713412758086,0.3426976239193,-0.299720236117754,0.76439056164647,0.948871641909807,161.503491093656,153.286961279207,161.770415135215,57.0485199716894,125.305430008369,117.769758945994,123.095891139431,66.1534896843167,153.22869007871,159.230872948609,"HPF1"
"ENSG00000121897",45.2350953921455,-0.089551019752137,0.298931990462481,-0.299569877461397,0.764505263771286,0.948925705250594,56.0910328349225,40.2703033869104,44.5694000882736,46.1821352151771,57.8332753884782,43.4396651849978,57.6193532993081,44.1023264562111,30.2287891992013,32.0146728679744,"LIAS"
"ENSG00000117151",189.74644413435,0.0683828176515021,0.228452557824487,0.299330496899222,0.764687887522813,0.949001961619921,206.956569425404,132.502288563383,170.024007744155,227.288547823715,184.515688144192,222.990281282988,188.572428979554,233.934079463381,142.804969665192,187.875580251534,"CTBS"
"ENSG00000111596",555.119009184409,0.0564534558733827,0.188642095167569,0.299262239550698,0.764739963543543,0.949001961619921,515.457250017478,427.384832719146,503.469149145313,720.80352218198,605.872408831677,512.588049182973,585.796758542966,627.020032660045,521.186020675885,531.612067886627,"CNOT2"
"ENSG00000140836",416.501416537963,-0.0935336175676983,0.312713595455286,-0.299103137589912,0.764861352361505,0.949001961619921,316.237374776201,746.949175724951,264.94032274696,403.867300117039,554.924047179922,440.188607207977,295.953951037355,395.962191878591,432.584397160984,313.406797549644,"ZFHX3"
"ENSG00000227372",369.127779836601,-0.0711363919331353,0.23789361687798,-0.299026064115131,0.764920158604002,0.949001961619921,287.224771585724,424.786748629668,283.923585747521,524.303064501717,444.765427392344,315.661567010984,394.605268049807,387.333475832811,330.431937108511,298.241952506919,"TP73-AS1"
"ENSG00000077782",1144.60367685329,0.0827052703833525,0.276584957092643,0.299023024436033,0.764922477874646,0.949001961619921,1128.59026410956,895.039968825203,809.67743493697,1588.30323857688,1175.94326623239,970.15252246495,1620.32605641691,1527.28274010314,875.592514735486,855.12876213142,"FGFR1"
"ENSG00000100029",574.778471771776,-0.0660144025536267,0.220876472442415,-0.298874759378627,0.765035606452269,0.949054030625422,539.634419342875,666.408568951131,702.380731020756,454.57709564743,552.170081685233,494.246857215974,781.353351558799,444.858249471347,606.66052806673,505.49483475749,"PES1"
"ENSG00000146834",357.414599721942,0.0608902895002055,0.204021445358367,0.298450436880548,0.765359398907917,0.949279113106565,278.520990628581,453.365673613927,370.586308141386,292.486856362789,380.047238267143,361.031883981981,441.748375294695,332.684940876201,306.45738015742,357.216349895293,"MEPCE"
"ENSG00000132842",287.741710472524,0.0634032778017437,0.212577191895033,0.298260021390494,0.765504714692481,0.94937106005706,236.936259388897,254.612240768853,332.619782140264,296.108984614959,271.26560122691,338.829388442982,216.509085124673,254.067750236869,311.669240364179,364.798772416655,"AP3B1"
"ENSG00000076248",223.826021380432,0.0908129348893144,0.304615818540699,0.298122846424606,0.765609405028846,0.949396201612278,321.072808641281,224.734273739855,210.466611527959,105.947251375995,201.039481112329,243.262125035987,159.7627523299,232.016587008763,232.448965221445,307.509357810806,"UNG"
"ENSG00000172613",29.4630258666421,0.117747155229614,0.395062486965095,0.298046914386022,0.765667357317363,0.949396201612278,23.2100825523817,31.1770090737371,15.6818259569851,42.5600069630064,20.6547412101708,46.3356428639976,37.5398816950038,23.0099094554145,29.1864171578495,25.2747417378745,"RAD9A"
"ENSG00000125676",185.109549165296,-0.0915851402443858,0.307535923257274,-0.297803064026991,0.765853475851305,0.949435338493675,158.602230774609,133.801330608122,158.468978091639,317.841754127984,144.583188471196,115.839107159994,214.763044115603,207.089185098731,170.94901478169,229.157658423395,"THOC2"
"ENSG00000139370",120.388090946866,-0.102220421450156,0.343374981130818,-0.297693271401193,0.765937279372675,0.949435338493675,109.280805350797,83.1386908632989,83.3612853502895,226.383015760672,79.8649993459938,84.9486785839956,117.857768112221,137.100710505178,130.296505168971,151.648450427247,"SLC15A4"
"ENSG00000246067",49.9781971378136,0.112536526732059,0.378174989521553,0.297577919878927,0.766025328890116,0.949435338493675,60.926466700002,22.0837147605638,36.315807479334,70.6315009173297,56.4562926411335,37.647709826998,68.9686198582627,69.0297283662435,40.652509612719,37.0696212155493,"RAB30-AS1"
"ENSG00000167525",7.15803976222944,0.194650598493727,0.654201455381523,0.297539231826088,0.766054860728083,0.949435338493675,9.67086773015905,1.29904204473905,3.30143704357582,11.771916819555,8.26189648406832,5.7919553579997,6.98416403627977,11.5049547277073,6.25423224811062,6.73993113009986,"PROCA1"
"ENSG00000151090",361.091285386968,-0.0875646772182895,0.294726459272339,-0.297104906815904,0.766386418330992,0.949758006065828,321.072808641281,589.765088311527,280.622148703945,306.975369371472,455.781289371102,341.725366121982,362.303509382013,292.417599329226,209.516780311706,450.732894325428,"THRB"
"ENSG00000138685",7098.44654225883,-0.0876734253021015,0.295328957795553,-0.296867012149872,0.766568041912371,0.949882202357751,5713.54865497797,8177.46967163229,9534.55018184697,6010.01630241433,4582.59858316323,11498.9620374154,4409.62656840614,6284.58152001009,7416.47707421784,7356.634828504,"FGF2"
"ENSG00000148341",333.913108519704,0.0838094522167917,0.282573462262968,0.296593500131293,0.766776873846715,0.949882202357751,361.690453107949,267.602661216243,196.435504092761,463.632416277857,342.868704088835,293.459071471985,442.62139579923,423.765832470551,238.703197469555,308.351849202069,"SH3GLB2"
"ENSG00000123600",138.458086922106,0.0653846964260179,0.220488378191351,0.29654486536825,0.766814009242213,0.949882202357751,150.865536590481,111.717615847558,129.581403960351,146.696194212916,108.781637040233,183.41191966999,116.111727103151,146.688172778268,136.550737417082,154.175924601034,"METTL8"
"ENSG00000103978",159.337038832423,-0.125742656290769,0.424064877458622,-0.29651749761577,0.766834906306409,0.949882202357751,107.346631804766,100.026237444907,104.820626133532,358.590696964905,81.2419820933385,128.388343768993,130.080055175711,186.955514325243,250.169289924425,145.75101068841,"TMEM87A"
"ENSG00000138757",490.670638847278,-0.08920201973811,0.30084264285197,-0.296507233457599,0.766842743704424,0.949882202357751,508.687642606366,488.439808821881,534.007441798389,505.28689117782,302.936204415838,462.391102746976,269.763335901306,418.972101334006,654.609641968911,761.612217701285,"G3BP2"
"ENSG00000064961",615.076312630696,-0.0748428959696449,0.252514759612478,-0.296390183625316,0.766932121071864,0.949904689704258,734.985947492088,798.910857514513,606.639056757057,397.52857567574,677.475511693602,386.13035719998,705.400567664257,662.493643070476,549.330065792383,631.868543446862,"HMG20B"
"ENSG00000182580",39.3685391221778,-0.139672456305837,0.471618158278741,-0.296155807095295,0.767111096536285,0.950038136735484,28.0455164174613,25.9808408947809,29.7129333921824,82.4034177368847,55.0793098937888,24.1331473249987,44.5240457312835,58.4835198658452,16.6779526616283,28.6447073029244,"EPHB3"
"ENSG00000162415",7.3817855002541,0.271010667810506,0.91572999892849,0.295950409102705,0.767267953518458,0.950144168623554,2.90126031904772,7.79425226843427,4.95215556536373,10.8663847565123,0,15.4452142879992,10.4762460544197,9.58746227308938,0,11.7948794776748,"ZSWIM5"
"ENSG00000198189",168.031448576953,-0.0859020582757598,0.290468626971876,-0.295736097806105,0.767431627518573,0.950258621874961,142.161755633338,127.306120384426,231.100593050307,194.689393554178,173.499826165435,100.393892871995,200.794716043043,221.470378508365,170.94901478169,117.948794776748,"HSD17B11"
"ENSG00000204947",42.5256525142595,0.0916043800724238,0.310039848594405,0.295460020664185,0.767642488669528,0.950431477105969,35.7822106015885,41.5693454316495,50.3469149145313,35.3157504586649,61.9642236305124,35.7170580409981,53.2542507766332,46.978565138138,32.3135332819049,32.0146728679744,"ZNF425"
"ENSG00000050130",153.00963951259,-0.0990146103405936,0.335497325807244,-0.295127867568999,0.767896202093796,0.950578588518449,140.227582087306,81.8396488185599,146.08858917823,268.943022723679,89.5038785774068,133.214973233993,134.445157698386,176.409305824845,174.076130905746,185.348106077746,"JKAMP"
"ENSG00000187626",27.8267007248206,-0.111428294945666,0.377691606999083,-0.295024546166144,0.767975128686083,0.950578588518449,23.2100825523817,27.27988293952,24.7607778268187,40.748942836921,37.1785341783074,13.5145625019993,27.9366561451191,35.4736104104307,27.101673075146,21.0622847815621,"ZKSCAN4"
"ENSG00000204370",588.632051595212,0.0739189241013426,0.25063549519112,0.294926000185953,0.76805040960368,0.950583547966247,800.74784805717,445.571421345493,704.031449542544,331.424735073624,627.904132789192,598.502053659969,604.1301891382,622.226301523501,562.880902329956,588.901482492476,"SDHD"
"ENSG00000148719",311.829530204333,-0.0568591399232128,0.19288666740177,-0.294780042027368,0.76816191349501,0.950613793676424,294.961465769851,293.583502111024,293.002537617354,395.717511549655,253.364825511428,277.048531290986,364.922570895618,359.529835240852,306.45738015742,279.707141899144,"DNAJB12"
"ENSG00000148335",387.75055001573,0.0710051422843955,0.240976803882307,0.29465550683905,0.768257055225199,0.950613793676424,339.447457328583,372.825066840106,486.961963927433,306.069837308429,308.444135405217,451.772517923977,391.986206536202,333.64368710351,567.050390495363,319.304237288481,"NTMT1"
"ENSG00000228232",75.3833315738108,0.131613799431014,0.446732833983938,0.294614117026702,0.768288676766752,0.950613793676424,36.7492973746044,45.4664715658666,64.3780223497285,137.640873582489,130.813360997748,33.7864062549982,88.1750709580321,84.3696680031865,84.4321353494933,48.0220093019615,"GAPDHP1"
"ENSG00000120915",10.7284030829684,0.19846877762839,0.674049007766475,0.294442652302145,0.768419678783655,0.950687686079555,20.308822233334,2.59808408947809,8.25359260893955,8.1497885673842,9.63887923141304,4.82662946499975,6.98416403627977,21.0924170007966,5.21186020675885,20.2197933902996,"EPHX2"
"ENSG00000099290",59.2004245195593,0.133297643156303,0.453384877271245,0.294005490343154,0.768753708005594,0.951012726432669,76.3998550682565,36.3731772526933,19.8086222614549,91.4587383673116,45.4404306623758,45.3703169709976,71.5876813718676,60.4010123204631,36.4830214473119,108.68138947286,"WASHC2A"
"ENSG00000135677",305.940108994088,0.110870946719976,0.377794767877148,0.293468719386894,0.769163905760257,0.95126938850319,293.027292223819,164.978339681859,216.244126354216,493.514974358266,209.301377596397,181.481267883991,328.255709705149,467.868158926762,226.194732973334,478.53511023709,"GNS"
"ENSG00000196998",390.334977568336,0.0561211566205541,0.191243456881664,0.29345399594654,0.76917515825286,0.95126938850319,318.171548322233,340.34901572163,384.617415576583,480.837525475668,404.832927719348,435.361977742977,406.827555113297,433.35329474364,394.016631630969,304.981883637019,"WDR45"
"ENSG00000184840",481.761699360887,0.0924018481380326,0.315610905427929,0.292771404754684,0.769696886699121,0.951826367909706,482.576299734937,297.480628245242,305.382926530763,767.8911894602,353.884566067593,459.495125067976,674.844850005533,625.102540205428,465.940302484241,385.018565806955,"TMED9"
"ENSG00000235904",10.329137288964,0.202641528712316,0.692546916115882,0.292603322600614,0.769825373807069,0.951887241167874,19.3417354603181,9.09329431317332,5.77751482625769,3.62212825217076,20.6547412101708,5.7919553579997,17.4604100906994,7.6699698184715,2.08474408270354,11.7948794776748,"RBMS3-AS3"
"ENSG00000127884",808.459585045717,0.0875649692785847,0.299379241162532,0.292488446889495,0.769913191928216,0.951887241167874,951.613384647651,936.609314256852,929.354527766593,299.73111286713,856.483268848416,777.08734386496,985.640149619982,735.358356345955,778.651914889772,834.066477349858,"ECHS1"
"ENSG00000164904",317.516794179348,-0.0818796937911425,0.28007225958813,-0.292352030549378,0.770017480875134,0.951887241167874,356.855019242869,391.011655466453,228.624515267626,337.763459514923,304.313187163183,242.296799142987,187.699408475019,462.115681562908,288.73705545444,375.751160503067,"ALDH7A1"
"ENSG00000138286",465.421347929534,0.0470956516634852,0.161102444851687,0.292333562701932,0.770031599682102,0.951887241167874,433.254874311126,427.384832719146,491.914119492797,470.876672782198,542.53120245382,509.692071503974,399.843391077017,495.671799518721,479.491139021814,403.553376414729,"FAM149B1"
"ENSG00000198356",493.862347599978,0.0825774030484821,0.282877656348348,0.291919143118157,0.77034844658015,0.952095990511283,529.963551612716,550.793826969355,607.464416017951,220.044291319373,541.154219706475,412.194156310979,562.225204920521,394.044699423973,550.372437833734,570.366671884701,"ASNA1"
"ENSG00000001036",192.360306175742,0.102626072341263,0.351573634244194,0.291904916481825,0.770359324318377,0.952095990511283,191.483181057149,74.0453965501256,132.882841003927,337.763459514923,162.483964186677,216.233000031989,211.270962097463,226.264109644909,178.245619071153,192.930528599109,"FUCA2"
"ENSG00000100916",87.4552895091827,-0.0926537177065127,0.317678992164867,-0.291658309147581,0.770547888365553,0.952095990511283,125.721280492068,96.1291113106894,86.6627223938653,55.237455845604,72.9800856092701,83.9833526909956,54.1272712811682,69.0297283662435,117.78804067275,112.893846429173,"BRMS1L"
"ENSG00000144228",357.804766197506,-0.0791497029367659,0.271389767903739,-0.291645862510336,0.770557405831805,0.952095990511283,351.052498604774,337.750931632152,486.961963927433,302.447709056258,290.543359689736,514.518700968973,206.032839070253,337.478672012746,411.736956333949,339.524030678781,"SPOPL"
"ENSG00000075303",125.456766918882,-0.0945236937218042,0.324448447406496,-0.291336557401913,0.770793930681851,0.952300014219902,126.688367265084,157.184087413425,160.945055874321,76.9702253586286,129.436378250404,165.070727702991,79.4448659126824,69.0297283662435,144.889713747896,144.908519297147,"SLC25A40"
"ENSG00000092203",408.299447528301,-0.0424672361289808,0.145908750236103,-0.291053388232454,0.771010488133795,0.952398352788629,389.73596952541,424.786748629668,425.060019360387,422.883473440936,399.324996729969,421.847415240978,365.795591400153,370.07604374125,395.059003672321,468.425213541941,"TOX4"
"ENSG00000176971",304.190591769588,0.141854429645558,0.487553841499852,0.290951311570378,0.771088557019195,0.952398352788629,153.766796909529,190.95918057664,134.533559525715,665.566066336376,659.574735978121,301.181678615984,289.84280750561,289.541360647299,169.906642740338,187.033088860271,"FIBIN"
"ENSG00000006451",982.476204043901,-0.0766148964136329,0.263511635289859,-0.290745781791978,0.771245754544523,0.952398352788629,1345.21770126512,901.535179048898,1088.64886511913,719.897990118938,969.395854130683,1256.85431268593,707.146608673327,640.442479842371,1217.49054429887,978.132505255743,"RALA"
"ENSG00000021355",305.31946145785,0.059322784102697,0.204122943932528,0.290622812702065,0.771339810792752,0.952398352788629,341.381630874615,248.117030545158,325.191548792218,276.18727922802,294.67430793177,306.008308080984,276.747499937586,390.209714514738,236.618453386852,358.058841286555,"SERPINB1"
"ENSG00000101290",221.728357229118,0.0853194988366097,0.29382220683353,0.290377979786085,0.77152708790568,0.952398352788629,184.713573646038,211.743853292464,137.009637308397,322.369414443197,224.448187817189,166.036053595991,209.524921088393,340.354910694673,179.287991112504,241.795029292333,"CDS2"
"ENSG00000108423",26.9176448228764,-0.111232921968967,0.383096905069304,-0.290351920094068,0.77154702221829,0.952398352788629,16.4404751412704,36.3731772526933,29.7129333921824,30.7880901434514,19.2777584628261,15.4452142879992,38.4129021995387,23.0099094554145,30.2287891992013,29.4871986941869,"TUBD1"
"ENSG00000206562",148.424822527537,0.0749508429522163,0.258286761198405,0.290184609557445,0.771675009692312,0.952398352788629,149.898449817465,188.361096487162,156.818259569851,80.5923536107993,185.892670891537,159.278772344992,131.826096184781,129.430740686707,152.186318037358,149.963467644722,"METTL6"
"ENSG00000169762",131.684759031388,0.068843746555326,0.237300156943528,0.290112520118178,0.77173015783747,0.952398352788629,121.852933400004,87.0358169975161,127.105326177669,174.767688167239,121.174481766335,156.382794665992,128.334014166641,156.275635051357,120.915156796805,123.003743124323,"TAPT1"
"ENSG00000145247",34.7154512545936,0.123822300404878,0.426867413919936,0.290072037281587,0.771761127558266,0.952398352788629,46.4201651047635,6.49521022369523,35.4904482184401,42.5600069630064,34.424568683618,45.3703169709976,28.809676649654,35.4736104104307,33.3559053232566,38.7546039980742,"OCIAD2"
"ENSG00000100376",109.441722968998,0.0901186377908278,0.310841758151417,0.289918054532845,0.771878929017451,0.952398352788629,116.050412761909,81.8396488185599,77.5837705240318,144.88513008683,183.138705396848,97.4979151929949,116.984747607686,75.7409519574061,84.4321353494933,116.263811994223,"FAM118A"
"ENSG00000181773",8.96902747362448,-0.225475203511655,0.77777187898665,-0.289898888868834,0.77189359169806,0.952398352788629,11.6050412761909,3.89712613421714,7.4282333480456,16.2995771347684,1.37698274734472,21.2371696459989,5.23812302720983,1.91749245461788,15.6355806202765,5.0549483475749,"GPR3"
"ENSG00000197429",102.416253658415,-0.0860898547752881,0.297081444284176,-0.289785365029187,0.771980444718816,0.952398352788629,101.54411116667,124.708036294948,109.772781698896,88.7421421781835,104.650688798199,84.9486785839956,52.3812302720983,95.8746227308938,107.364320259232,154.175924601034,"IPP"
"ENSG00000004975",247.90409385414,-0.0792805953452878,0.273620128358671,-0.289746941575014,0.772009841773674,0.952398352788629,257.245081622231,372.825066840106,212.94268931064,182.01194467158,355.261548814938,212.371696459989,252.302925810607,205.171692644113,176.160874988449,252.747417378745,"DVL2"
"ENSG00000179134",1022.27001818042,-0.0729614125614631,0.251817909369548,-0.289738774911321,0.772016089975097,0.952398352788629,910.995740180983,1539.36482301577,1134.04362446829,630.250315877712,1108.4711116125,1102.40216980594,773.496167017984,974.086166945881,1101.78724770882,947.802815170293,"SAMD4B"
"ENSG00000149548",7.86239735760667,-0.199806751516128,0.690362229646698,-0.289423063626152,0.772257647641913,0.952425309666225,7.73669418412724,10.3923363579124,12.3803889134093,3.62212825217076,5.50793098937888,13.5145625019993,2.61906151360491,1.91749245461788,12.5084644962212,8.42491391262483,"CCDC15"
"ENSG00000165424",1852.87799794915,0.0635741861877951,0.21970068532608,0.289367263891044,0.772300343545847,0.952425309666225,1924.50267830165,2388.93832027511,1662.27355144043,1241.48445843153,2376.67222191699,2085.10392887989,1860.40669516402,1634.66231756174,1620.888524302,1733.84728321819,"ZCCHC24"
"ENSG00000100664",3020.52711553292,0.0652565771749215,0.225577652931715,0.289286533159715,0.772362116950864,0.952425309666225,2852.90598039692,3521.70298328755,3520.98260697361,1860.86838955273,2723.67187424786,3433.66420140082,2904.53921858785,2592.44979864337,3882.83585403534,2911.65024820314,"EIF5"
"ENSG00000146842",38.0637725851908,-0.106154908764446,0.36707644620919,-0.289190194197179,0.772435835323959,0.952425309666225,25.1442560984135,37.6722192974323,31.3636519139703,65.1983085390736,22.0317239575155,45.3703169709976,30.555717658724,46.978565138138,33.3559053232566,42.9670609543866,"TMEM209"
"ENSG00000179242",99.3723968788882,-0.125375481811202,0.433564593222573,-0.289173709687221,0.77244844944238,0.952425309666225,117.017499534925,38.9712613421714,77.5837705240318,183.823008797666,119.797499018991,140.937580377993,61.984455821983,58.4835198658452,134.465993334378,60.6593801708988,"CDH4"
"ENSG00000125703",67.1590322167076,0.0809580010835905,0.280016125895558,0.289119067070396,0.772490262970922,0.952425309666225,86.0707227984156,57.157849968518,76.7584112631378,38.9378787108356,82.6189648406832,67.5728125099965,56.7463327947731,63.2772510023899,75.0507869773274,67.3993113009986,"ATG4C"
"ENSG00000117475",165.240041886986,0.0706076025642307,0.24426886191763,0.289056910528531,0.772537827095241,0.952425309666225,151.832623363497,157.184087413425,198.911581875443,134.018745330318,119.797499018991,163.140075916992,136.191198707455,157.234381278666,225.152360931982,208.937865033096,"BLZF1"
"ENSG00000197448",518.777915303163,-0.0675314883250535,0.233814357784442,-0.288825241379369,0.772715115080415,0.952478539880406,637.310183417482,401.403991824365,522.452412145874,571.390731779937,600.364477842298,333.037433084983,604.1301891382,605.927615659249,431.542025119633,480.220093019615,"GSTK1"
"ENSG00000105270",900.534360537615,0.0760852480289861,0.263516683417302,0.288730288505105,0.772787782494264,0.952478539880406,608.297580227005,1063.91543464128,912.02198328782,904.626530979646,1203.48292117929,581.12618758597,1039.76742090115,1082.42449063179,644.185921555394,965.495134386806,"CLIP3"
"ENSG00000144744",272.175681786836,-0.0807008311613471,0.279523879340943,-0.288708182469499,0.772804700524387,0.952478539880406,400.373924028585,250.715114634636,249.258496789974,225.47748369763,240.971980785326,207.545066994989,203.413777556648,246.397780418397,263.720126461998,433.883066500179,"UBA3"
"ENSG00000159423",51.7176859471045,0.111434777697405,0.386130279707135,0.288593730027918,0.772892294159689,0.952478539880406,46.4201651047635,63.6530601922132,47.8708371318494,39.8434107738783,61.9642236305124,37.647709826998,28.809676649654,38.3498490923575,48.9914859435332,103.626441125285,"ALDH4A1"
"ENSG00000145945",57.4427302341265,0.105608406739544,0.366302720209835,0.28830909767486,0.773110143754676,0.952478539880406,40.617644466668,81.8396488185599,74.282333480456,23.5438336391099,67.4721546198913,40.5436875059979,62.8574763265179,65.1947434570078,48.9914859435332,69.0842940835236,"FAM50B"
"ENSG00000141934",9.89159081212789,0.198187957016144,0.687474607594873,0.288284039623665,0.773129323338533,0.952478539880406,12.5721280492068,1.29904204473905,11.5550296525154,10.8663847565123,2.75396549468944,7.7226071439996,20.0794716043043,4.79373113654469,10.4237204135177,16.8498278252497,"PLPP2"
"ENSG00000231500",24653.4615682583,0.0952266354023162,0.330527636691885,0.288104911151758,0.773266433388371,0.952478539880406,18675.4126737102,17078.5057621842,22061.8530436954,36918.5422102504,33159.1215388082,20402.1627485539,28223.8798911111,35268.4387177866,23377.2777713961,11369.4213250872,"RPS18"
"ENSG00000110060",75.0513729030563,0.0739047707260207,0.256528806397349,0.288095406375323,0.773273708813523,0.952478539880406,86.0707227984156,54.5597658790399,75.1076927413499,74.2536291695005,86.7499130827173,89.7753080489953,84.6829889398922,82.4521755485687,64.6270665638097,52.234466258274,"PUS3"
"ENSG00000164849",25.3384678620296,-0.133068600901648,0.461935688574042,-0.288067374297101,0.77329516606621,0.952478539880406,19.3417354603181,48.0645556553447,18.983263000561,20.8272374499818,41.3094824203416,20.2718437529989,25.3175946315142,31.638625501195,16.6779526616283,10.9523880864123,"GPR146"
"ENSG00000213015",238.636800934905,-0.0901597954237676,0.313112072528306,-0.287947362411639,0.77338703154391,0.952503725154781,265.948862579374,311.770090737371,186.531192962034,227.288547823715,224.448187817189,124.527040196994,339.604976264104,313.510016330023,150.101573954655,242.637520683595,"ZNF580"
"ENSG00000104331",692.604132925391,-0.112569864797749,0.391117006920596,-0.287816338348596,0.773487330136262,0.952539291045921,699.2037368905,366.329856616411,448.995437926312,1386.36958851836,373.162324530419,628.427156342967,522.066261711913,1130.36180199724,718.194336491369,652.930828228424,"IMPAD1"
"ENSG00000169282",10.2568288320504,-0.172728386718056,0.601059866000827,-0.287373016380731,0.773826720033711,0.952813001759739,10.637954503175,3.89712613421714,6.60287408715164,22.6383015760672,6.8849137367236,18.341191966999,7.85718454081474,9.58746227308938,9.38134837216593,6.73993113009986,"KCNAB1"
"ENSG00000142065",18.7148365980352,-0.127584804811583,0.444092053591418,-0.287293600008807,0.773887522659456,0.952813001759739,15.4733883682545,16.8875465816076,23.1100593050307,23.5438336391099,9.63887923141304,7.7226071439996,19.2064510997694,25.8861481373413,22.9321849097389,22.747267564087,"ZFP14"
"ENSG00000069020",37.0383504265799,0.11419582152874,0.397645383600063,0.2871800509662,0.773974460291364,0.952813001759739,35.7822106015885,22.0837147605638,33.0143704357582,49.8042634673479,48.1943961570652,18.341191966999,34.9208201813988,46.978565138138,23.9745569510907,57.2894146058489,"MAST4"
"ENSG00000149150",42.0399114579493,0.103194805473708,0.359372500968824,0.287152759867569,0.773995355857015,0.952813001759739,32.8809502825408,35.0741352079542,32.1890111748642,60.6706482238602,45.4404306623758,39.5783616129979,69.8416403627977,26.8448943646503,45.8643698194779,32.0146728679744,"SLC43A1"
"ENSG00000119574",109.57932969955,0.0879321159163507,0.306511851611175,0.286879986708954,0.774204214980462,0.95298215184074,100.577024393654,150.688877189729,117.201015046942,55.237455845604,83.9959475880279,99.4285669789949,110.000583571406,157.234381278666,95.8982278043628,125.53121729811,"ZBTB45"
"ENSG00000041357",541.598713449443,-0.0729352085561507,0.254403396402399,-0.286691174675933,0.77434879565416,0.953065644169827,702.104997209547,479.346514508708,673.493156889467,377.606870288801,450.273358381723,427.639370598978,634.685906796924,397.879684333209,597.279179694564,675.678095792511,"PSMA4"
"ENSG00000170364",66.7389149532528,-0.0746951262432648,0.260620670473838,-0.286604765874713,0.774414964824804,0.953065644169827,86.0707227984156,55.858807923779,49.5215556536373,83.3089497999274,74.3570683566149,54.0582500079972,57.6193532993081,68.0709821389346,67.754182687865,70.7692768660486,"SETMAR"
"ENSG00000196550",11.4150020705521,-0.169883331758117,0.593434666569361,-0.286271330827723,0.774670314364402,0.953291934183246,8.70378095714315,15.5885045368685,14.0311074351972,10.8663847565123,2.75396549468944,18.341191966999,9.60322554988468,16.2986858642519,14.5932085789248,3.36996556504993,"FAM72A"
"ENSG00000120889",424.154072954236,-0.097505710687079,0.340729117441787,-0.286167825688504,0.774749585104975,0.953301523807091,338.480370555567,297.480628245242,267.416400529641,862.06652401664,384.178186509177,464.321754532976,386.748083508992,561.825289203038,329.389565067159,349.63392737393,"TNFRSF10B"
"ENSG00000104231",280.779274615091,-0.0828079803083495,0.28977937804727,-0.285762157633044,0.775060293824653,0.953503703375763,364.591713426996,166.277381726598,313.636519139703,316.030690001898,337.360773099456,283.805812541985,322.144566173404,312.551270102714,239.745569510907,151.648450427247,"ZFAND1"
"ENSG00000205683",82.2579285642917,0.101821093704075,0.356339407095497,0.28574188449718,0.775075822342457,0.953503703375763,109.280805350797,89.6339010869942,38.7918852620159,77.8757574216713,74.3570683566149,73.3647678679962,70.7146608673327,63.2772510023899,151.143945996007,74.1392424310985,"DPF3"
"ENSG00000226085",9.54064771409503,-0.353964453665428,1.23905344183323,-0.285673274222718,0.775128376096575,0.953503703375763,22.2429957793658,19.4856306710857,2.47607778268187,0,1.37698274734472,0,2.61906151360491,12.4637009550162,1.04237204135177,33.6996556504993,"UQCRFS1P1"
"ENSG00000204599",122.472669885912,0.0671914680127682,0.23532222953831,0.285529625248725,0.775238410953365,0.953530444768232,110.247892123813,88.3348590422551,109.772781698896,166.617899599855,145.96017121854,111.012477694994,142.3023422392,111.214562367837,122.999900879509,116.263811994223,"TRIM39"
"ENSG00000138134",212.06245707728,0.125368917447432,0.439347125116983,0.28535276613919,0.775373890913316,0.953530444768232,183.746486873022,326.059553229501,222.847000441368,72.4425650434151,147.337153965885,148.660187521992,138.81026022106,178.326798279462,473.236906773703,229.157658423395,"STAMBPL1"
"ENSG00000134668",580.446126531931,-0.102988879852138,0.360947710784768,-0.285329084448882,0.775392032394861,0.953530444768232,519.325597109541,535.205322432487,621.495523453148,745.252887884133,561.808960916646,791.567232259959,342.224037777709,286.665121965372,1036.11780910366,364.798772416655,"SPOCD1"
"ENSG00000083857",402.578175358239,-0.10860574281311,0.380819816309367,-0.285189315686454,0.775499105475838,0.953530444768232,232.100825523817,571.57849968518,200.562300397231,680.054579345059,346.999652330869,401.575571487979,227.858351683627,500.465530655266,308.542124240124,556.044318233239,"FAT1"
"ENSG00000243279",325.972310261069,0.0617945087470676,0.216743323644676,0.285104554585368,0.775564040749485,0.953530444768232,332.677849917471,279.294039618895,351.603045140825,306.069837308429,352.507583320248,277.048531290986,389.367145022597,427.600817379786,312.711612405531,230.84264120592,"PRAF2"
"ENSG00000139116",29.187169247847,-0.0898005589002521,0.315126255303655,-0.284966921635014,0.775669484361024,0.953530444768232,26.1113428714294,31.1770090737371,22.2847000441368,41.6544748999637,27.5396549468944,28.9597767899985,25.3175946315142,31.638625501195,30.2287891992013,26.9597245203995,"KIF21A"
"ENSG00000130956",321.585954589309,0.0747133596290374,0.262274403097941,0.284867141995315,0.775745930309936,0.953530444768232,392.637229844458,296.181586200502,316.112596922385,240.871528769355,414.471806950761,258.707339323987,242.699700260722,240.645303054543,459.68607023613,353.846384330243,"HABP4"
"ENSG00000186222",132.998630378434,0.101728590303341,0.357449467837692,0.284595724589338,0.775953887143946,0.953530444768232,178.911053007943,151.987919234468,140.311074351972,38.9378787108356,137.698274734472,123.561714303994,170.238998384319,114.090801049764,120.915156796805,153.333433209772,"BLOC1S4"
"ENSG00000101557",458.389407179745,-0.0668160964816938,0.235113308702315,-0.284186789980026,0.776267238376823,0.953530444768232,459.366217182555,476.74843041923,496.866275058161,452.766031521344,280.904480458323,507.761419717974,334.366853236894,467.868158926762,510.762300262367,596.483905013838,"USP14"
"ENSG00000067533",129.009158101925,-0.0922800090308868,0.325050786223674,-0.28389412652393,0.776491517752586,0.953530444768232,169.240185277783,128.605162429166,152.691463265382,86.0255459890555,64.7181891252018,152.521491093992,113.492665589546,88.2046529124223,171.991386823042,162.600838513659,"RRP15"
"ENSG00000164168",346.914749810614,0.0569970106910282,0.200774004268038,0.283886407001854,0.776497433774568,0.953530444768232,369.427147292076,357.236562303238,374.713104445856,253.548977651953,341.491721341491,400.610245594979,264.525212874096,347.066134285836,411.736956333949,348.791435982668,"TMEM184C"
"ENSG00000013016",246.727972197299,0.151107937542918,0.532457888437479,0.283793217875598,0.776568852291126,0.953530444768232,530.930638385732,163.67929763712,142.787152134654,87.8366101151408,419.97973794014,283.805812541985,109.127563066871,75.7409519574061,323.135332819049,330.256625374893,"EHD3"
"ENSG00000167674",362.555784836792,0.0599236054621791,0.211231448084089,0.283686950999475,0.776650295671416,0.953530444768232,323.006982187312,461.159925882361,364.808793315128,266.226426534551,430.995599918897,320.488196475983,426.034006213066,377.746013559722,301.245519950661,353.846384330243,"HDGFL2"
"ENSG00000155287",203.741350107959,0.0839753384713389,0.296220876464121,0.28348892716044,0.776802068523489,0.953530444768232,150.865536590481,145.492709010773,174.976163309518,315.125157938856,145.96017121854,197.89180806499,220.001167142813,307.757538966169,203.262548063595,176.080700773859,"SLC25A28"
"ENSG00000142230",974.384340569378,-0.0987169437937863,0.348390891075586,-0.283351104528071,0.776907705955656,0.953530444768232,1238.83815623338,1247.08036294948,1200.07236533981,373.079209973588,760.094476534285,1306.08593322893,777.861269540659,619.350062841574,1272.73626249051,948.645306561556,"SAE1"
"ENSG00000158201",8.54785610788506,-0.257406627471739,0.908701948606367,-0.283268488492307,0.77697103095756,0.953530444768232,6.76960741111134,0,7.4282333480456,23.5438336391099,2.75396549468944,16.4105401809991,5.23812302720983,0.958746227308938,15.6355806202765,6.73993113009986,"ABHD3"
"ENSG00000119333",402.296941065222,-0.118826592741599,0.419507302210657,-0.283252739857982,0.776983102417834,0.953530444768232,408.110618212712,766.434806396037,423.409300838599,92.3642704303543,346.999652330869,544.443803651972,434.764211258416,321.179986148494,357.533610183657,327.729151201106,"WDR34"
"ENSG00000065485",101.050380272534,-0.1090689584579,0.385405766377236,-0.282997733747301,0.777178574233439,0.953530444768232,70.5973344301611,54.5597658790399,85.8373631329713,210.988970688947,88.1268958300621,134.180299126993,100.397358021522,97.7921151855117,107.364320259232,60.6593801708988,"PDIA5"
"ENSG00000162817",53.9567447786324,-0.152593197351178,0.539237159793381,-0.282979751265004,0.77719235901794,0.953530444768232,48.3543386507953,20.7846727158247,42.0933223055917,117.71916819555,83.9959475880279,92.6712857279952,53.2542507766332,21.0924170007966,20.8474408270354,38.7546039980742,"C1orf115"
"ENSG00000114670",56.7807597419583,0.0929117190003474,0.328552911550282,0.282790733954972,0.777337257766698,0.953530444768232,44.4859915587317,72.7463545053866,60.2512260452587,40.748942836921,93.6348268194409,62.7461830449967,43.6510252267486,45.0610726835201,39.6101375713672,64.8718371272112,"NEK11"
"ENSG00000128563",267.729597422224,0.0800825380108004,0.283483209579586,0.282494819109622,0.777564118632309,0.953530444768232,226.298304885722,187.062054442423,190.657989266504,431.03326200832,263.003704742841,230.712888426988,336.985914750499,325.973717285039,216.813384601168,268.754753812732,"PRKRIP1"
"ENSG00000232973",12.6065826029813,-0.253410099996015,0.897177101919476,-0.282452705774428,0.777596406042441,0.953530444768232,1.93417354603181,37.6722192974323,3.30143704357582,13.5829809456403,2.75396549468944,5.7919553579997,13.9683280725595,18.2161783188698,1.04237204135177,27.8022159116619,"CYP1B1-AS1"
"ENSG00000143578",29.7905785741249,-0.0931621688090057,0.329888463795107,-0.282405052111397,0.777632941568805,0.953530444768232,33.8480370555567,29.8779670289981,30.5382926530763,28.977026017366,37.1785341783074,32.8210803619983,30.555717658724,20.1336707734877,35.4406494059602,18.5348106077746,"CREB3L4"
"ENSG00000159111",378.843867860999,0.0627994772386515,0.222394859309719,0.282378277238835,0.777653469777577,0.953530444768232,386.834709206362,389.712613421714,442.39256383916,256.265573841081,501.221720033478,322.418848261983,437.383272772021,369.117297513941,363.787842431768,319.304237288481,"MRPL10"
"ENSG00000145912",747.292741379646,0.0778721244877345,0.275865682968337,0.282282753149374,0.777726709054602,0.953530444768232,883.917310536538,674.202821219565,946.687072245366,387.567722982271,800.026976207282,830.180267979957,870.401443021366,726.729640300175,862.041678197913,491.172481106028,"NHP2"
"ENSG00000167925",53.0929975554721,0.112016306363861,0.397007945422132,0.28215129610254,0.777827501719126,0.953530444768232,73.4985947492088,31.1770090737371,42.0933223055917,55.237455845604,72.9800856092701,18.341191966999,74.2067428854726,59.4422660931542,50.0338579848849,53.9194490407989,"GHDC"
"ENSG00000158710",2645.89109887113,0.066398980526104,0.235568900860272,0.281866495465327,0.778045881039517,0.953530444768232,2930.27292223819,3078.72964603154,2778.98463142995,1505.89982083999,2481.32291071519,2583.21208966787,2425.25096159815,2602.03726091646,2463.12513371423,3610.07561155974,"TAGLN2"
"ENSG00000182704",206.412373243472,-0.0832357812506451,0.295312423883013,-0.281856686407541,0.778053402737378,0.953530444768232,185.680660419054,245.51894645568,177.4522410922,246.304721147611,195.53155012295,123.561714303994,278.493540946656,302.005061602315,146.9744578306,162.600838513659,"TSKU"
"ENSG00000087245",6208.21678560113,-0.0852134446745006,0.302347955899691,-0.281838997128102,0.778066967132025,0.953530444768232,4822.86173703032,4245.2694022072,4943.90197275479,11704.9074468898,7175.45709641333,5781.3367731767,7083.68837379676,6567.41165706623,4637.51321197402,5119.82018470211,"MMP2"
"ENSG00000129071",185.910230687966,-0.0605671875643541,0.21491230595986,-0.281822798810164,0.778079388295203,0.953530444768232,230.166651977786,137.698456742339,207.165174484383,186.539604986794,155.599050449953,219.128977710989,178.969203429669,165.863097324446,213.686268477113,164.285821296184,"MBD4"
"ENSG00000197013",43.0199290262195,0.0934782577880701,0.331705198742278,0.281811253313214,0.778088241625702,0.953530444768232,51.255598969843,35.0741352079542,41.2679630446978,38.0323466477929,41.3094824203416,46.3356428639976,44.5240457312835,41.2260877742843,22.9321849097389,68.2418026922611,"ZNF429"
"ENSG00000162430",1525.47018098257,-0.0659844747232876,0.234307018085563,-0.281615443115714,0.778238397399998,0.953530444768232,1612.13365061751,1722.52975132397,1333.78056560463,1600.98068745947,2095.76774145866,1393.93058949193,1389.84864321967,1906.94624611748,1053.83813380664,1144.94580072571,"SELENON"
"ENSG00000168994",2378.66314834945,0.0627617266259942,0.222888212817925,0.28158387486046,0.778262606086097,0.953530444768232,1798.78139780958,2175.8954249379,2841.71193525789,2450.36976259352,2426.2436008214,2967.41179508185,2944.69816179646,2473.56526645706,2070.15087412461,1637.80326461427,"PXDC1"
"ENSG00000104611",743.213547839944,-0.10762959449752,0.382231591869887,-0.281582152775476,0.778263926704227,0.953530444768232,391.670143071442,1315.92959132065,935.132042592851,465.443480403942,559.054995421956,475.905665248975,1025.79909282859,785.21316016602,445.092861657206,1032.8944456878,"SH2D4A"
"ENSG00000107863",2032.90032681462,0.0554531526994965,0.197014452449962,0.281467435560751,0.778351901524444,0.953530444768232,1772.67005493815,2243.44561126433,2465.34811229024,1463.33981387699,2249.98980916127,1941.2703708229,1691.91373778877,1960.63603484678,2167.09147397033,2373.29824918641,"ARHGAP21"
"ENSG00000142751",257.331030813052,0.0605427964612387,0.215097376700221,0.281466921586945,0.778352295689232,0.953530444768232,208.890742971436,305.274880513676,221.19628191958,268.943022723679,298.805256173804,191.13452681399,303.81113557817,283.788883283446,216.813384601168,274.652193551569,"GPN2"
"ENSG00000151692",21.0423517453764,0.195846259677393,0.696087877417277,0.281352780347288,0.77843983163525,0.953530444768232,18.3746486873022,35.0741352079542,18.983263000561,5.43319237825613,19.2777584628261,31.8557544689983,3.49208201813988,31.638625501195,4.16948816540708,42.1245695631242,"RNF144A"
"ENSG00000115998",87.725507947864,0.074871686550068,0.266211208529563,0.28124918918188,0.778519279067638,0.953530444768232,76.3998550682565,72.7463545053866,107.296703916214,82.4034177368847,119.797499018991,86.8793303699955,98.6513170124517,53.6897887293005,87.5592514735486,91.8315616476107,"C2orf42"
"ENSG00000130714",120.476421693264,-0.121168664332332,0.430939421418291,-0.281173311862596,0.778577473319204,0.953530444768232,78.3340286142883,87.0358169975161,52.8229926972131,287.959196047575,110.158619787578,102.324544657995,128.334014166641,167.780589779064,99.0253439284181,90.9890702563482,"POMT1"
"ENSG00000034533",27.7453797034897,0.101829432676028,0.362221994632434,0.281124377274108,0.778615004451697,0.953530444768232,21.2759090063499,14.2894624921295,33.8397296966522,36.2212825217076,24.785689452205,22.2024955389988,35.7938406859338,26.8448943646503,34.3982773646084,27.8022159116619,"ASTE1"
"ENSG00000123146",108.162240600047,0.0780338657824202,0.277588160427498,0.281113811418486,0.77862310816435,0.953530444768232,86.0707227984156,132.502288563383,85.8373631329713,114.097039943379,156.976033197298,96.532589299995,123.968911643966,105.462085003983,113.618552507343,66.5568199097362,"ADGRE5"
"ENSG00000227500",113.037469295707,-0.0836770467685094,0.297664238346027,-0.281112192829952,0.778624349578138,0.953530444768232,104.445371485718,105.222405623863,70.1555371759862,188.350669112879,101.896723303509,117.769758945994,142.3023422392,112.173308595146,84.4321353494933,103.626441125285,"SCAMP4"
"ENSG00000155313",628.771827135065,0.0493605567746831,0.175601777225838,0.281093719861396,0.77863851788722,0.953530444768232,741.755554903199,558.58807923779,663.58884575874,498.948166736522,671.967580704223,661.248236704966,534.288548775402,604.96886943194,637.931689307283,714.432699790586,"USP25"
"ENSG00000152518",1360.11429479693,-0.0917634706844163,0.326484843741623,-0.281065024742886,0.778660526477889,0.953530444768232,1896.45716188419,1836.84545126101,1326.35233225659,590.406905103833,1502.28817735309,880.377214415954,1328.73720790223,1347.03844936906,1047.58390155853,1845.05614686484,"ZFP36L2"
"ENSG00000121057",48.9274257451029,-0.0953264468041764,0.339357392848595,-0.280902814593188,0.77878494180484,0.953530444768232,43.5189047857157,42.8683874763885,37.9665260011219,78.7812894847139,49.5713789044099,69.5034642959964,46.2700867403535,29.7211330465771,53.1609741089403,37.9121126068117,"AKAP1"
"ENSG00000052795",204.820424229438,-0.0743266365150568,0.264780596675383,-0.280710284092985,0.778932620224656,0.953530444768232,151.832623363497,265.004577126765,235.227389354777,192.878329428093,203.793446607019,181.481267883991,132.699116689316,173.533067142918,291.864171578495,219.890253119508,"FNIP2"
"ENSG00000079931",369.038492599537,-0.117400849980661,0.418245832628785,-0.280698194271933,0.778941893856389,0.953530444768232,461.300390728587,523.513944029835,214.593407832428,350.440908397521,261.626721995497,134.180299126993,339.604976264104,292.417599329226,328.347193025807,784.359485265372,"MOXD1"
"ENSG00000256087",88.0727613863437,-0.119204399143452,0.424687924939265,-0.280687046047988,0.778950445253476,0.953530444768232,42.5518180126998,50.6626397448228,66.0287408715164,210.083438625904,83.9959475880279,90.7406339419953,87.3020504534971,102.585846322056,84.4321353494933,62.3443629534237,"ZNF432"
"ENSG00000100181",487.188551391227,-0.109198897453355,0.389467346706075,-0.280380109852357,0.779185895351668,0.953530444768232,557.041981257162,985.972911956936,234.402030093883,261.698766219337,579.709736632127,525.137285791973,636.431947805994,381.580998468957,336.686169356622,373.22368632928,"TPTEP1"
"ENSG00000171311",193.643842388117,0.0588522309552319,0.20990891621189,0.280370324506959,0.779193402002574,0.953530444768232,176.009792688895,177.968760129249,256.68673013802,143.979598023788,220.317239575155,185.34257145599,213.017003106533,181.203036961389,199.093059898188,182.820631903959,"EXOSC1"
"ENSG00000183258",720.319219140861,-0.0682563385260101,0.243496422267579,-0.280317623932079,0.779233830650443,0.953530444768232,544.469853207955,778.126184798688,685.048186541983,955.336326510037,879.891975553276,515.484026861973,939.370062879629,684.544806298582,659.82150217567,561.099266580814,"DDX41"
"ENSG00000107371",149.970067256938,-0.0836065725990124,0.298393735130217,-0.280188766572217,0.779332684626809,0.953530444768232,188.581920738102,180.566844218727,183.229755918458,68.8204367912444,141.829222976506,141.902906270993,163.25483434804,112.173308595146,180.330363153856,139.01107955831,"EXOSC3"
"ENSG00000182831",802.169204035235,-0.075929897115709,0.271148772265164,-0.280030392471979,0.779454187500653,0.953530444768232,867.476835395267,1015.85087898593,985.478957507382,441.899646764832,804.157924449316,755.850174218961,590.161861065641,694.132268571671,1110.12622403963,756.55726935371,"C16orf72"
"ENSG00000133794",106.214023306798,-0.0968592331227253,0.345966218369778,-0.279967314667698,0.779502581601415,0.953530444768232,87.0378095714315,64.9521022369523,80.0598483067136,209.177906562861,128.059395503059,86.8793303699955,130.080055175711,89.1633991397312,90.6863675976039,96.0440186039231,"ARNTL"
"ENSG00000106399",130.655338217629,0.0876085341099998,0.312969809997911,0.279926469938377,0.77953391865769,0.953530444768232,152.799710136513,146.791751055512,141.136433612866,63.3872444129882,108.781637040233,188.23854913499,123.095891139431,105.462085003983,174.076130905746,102.783949734023,"RPA3"
"ENSG00000205593",49.7265517475409,0.0842578351868082,0.301004025232534,0.279922619379314,0.779536872917467,0.953530444768232,43.5189047857157,54.5597658790399,35.4904482184401,58.8595840977748,55.0793098937888,45.3703169709976,68.0955993537277,58.4835198658452,32.3135332819049,45.4945351281741,"DENND6B"
"ENSG00000132912",591.498811433782,-0.0573088558242395,0.204819301657891,-0.27980202725211,0.779629396280755,0.953530444768232,602.495059588909,602.755508758917,631.399834583876,585.87924478862,534.269305969751,692.138665280964,371.906734931898,570.454005248818,681.711315044057,641.978440142012,"DCTN4"
"ENSG00000047056",322.9185112861,-0.068608027332215,0.245230494335871,-0.279769559320174,0.779654307580233,0.953530444768232,290.126031904772,297.480628245242,344.174811792779,396.623043612698,297.428273426459,482.662946499975,252.302925810607,231.057840781454,287.694683413088,349.63392737393,"WDR37"
"ENSG00000197050",36.3451809570085,0.0916766467401774,0.328049658911818,0.279459661821569,0.779892090480015,0.953623502046171,44.4859915587317,40.2703033869104,37.141166740228,18.1106412608538,42.6864651676863,27.0291250039986,37.5398816950038,39.3085953196665,40.652509612719,36.2271298242868,"ZNF420"
"ENSG00000163827",397.281932969541,0.175370685387422,0.6275967578647,0.279432108578912,0.779913232951319,0.953623502046171,88.9719831174633,479.346514508708,799.773123806243,106.852783439037,334.606807604767,414.124808096979,458.33576488086,453.486965517128,52.1186020675885,785.201976656634,"LRRC2"
"ENSG00000230091",14.5038934012001,0.182898885068341,0.654782428150822,0.27932772353844,0.779993332358484,0.953623502046171,4.83543386507953,11.6913784026514,7.4282333480456,29.8825580804087,6.8849137367236,6.75728125099965,27.9366561451191,27.8036405919592,8.33897633081416,13.4798622601997,"TMEM254-AS1"
"ENSG00000169851",23.2268456510885,0.261351078755469,0.935743900006489,0.279297656926919,0.78001640427545,0.953623502046171,30.946776736509,0,5.77751482625769,46.1821352151771,5.50793098937888,8.68793303699955,13.0953075680246,92.998384048967,19.8050687856836,9.26740530388731,"PCDH7"
"ENSG00000144134",43.6521714470554,0.095069440440085,0.340998951301711,0.278796870421953,0.780400716313811,0.954005898577204,35.7822106015885,38.9712613421714,30.5382926530763,62.4817123499455,49.5713789044099,33.7864062549982,57.6193532993081,53.6897887293005,26.0593010337942,48.0220093019615,"RABL2A"
"ENSG00000084444",37.9543672564725,0.125097227136736,0.448993939053613,0.278616739015264,0.780538965330292,0.954017165937165,27.0784296444454,29.8779670289981,23.1100593050307,63.3872444129882,63.3412063778571,23.1678214319988,38.4129021995387,62.318504775081,21.8898128683872,26.9597245203995,"FAM234B"
"ENSG00000010017",776.834921406499,-0.0469161536583971,0.168400622404694,-0.278598457585567,0.78055299652893,0.954017165937165,870.378095714315,848.274455214597,760.155879283333,689.109899975486,860.61421709045,817.631031370958,585.796758542966,732.482117664029,816.177308378436,787.729450830422,"RANBP9"
"ENSG00000063245",2521.70691066021,0.0958147266647759,0.344517404546195,0.278112877318883,0.780925710876273,0.954361464255933,2454.46622991437,3680.18611274572,2585.02520511987,968.919307455677,2893.04075217126,1908.4492904609,3491.20899763535,3225.22230866727,1627.14275655011,2383.40814588156,"EPN1"
"ENSG00000105379",289.566388665372,0.0792809772328203,0.285154737090443,0.27802791579673,0.780990929531284,0.954361464255933,359.756279561917,275.396913484678,357.380559967083,127.680020889019,319.459997383975,304.077656294984,338.731955759569,256.943988918795,247.042173800369,309.194340593331,"ETFB"
"ENSG00000128708",191.930876822043,0.0908495698868177,0.326903240349858,0.277909664613874,0.781081704752383,0.954361464255933,166.338924958736,205.248643068769,259.162807920702,108.663847565123,119.797499018991,260.637991109987,199.921695538508,117.925785958999,253.29640604848,228.315167032133,"HAT1"
"ENSG00000081041",9.44039456976527,-0.262012544189995,0.943080852049874,-0.277826173249607,0.781145798483552,0.954361464255933,11.6050412761909,2.59808408947809,4.12679630446978,23.5438336391099,4.13094824203416,28.9597767899985,10.4762460544197,4.79373113654469,4.16948816540708,0,"CXCL2"
"ENSG00000173653",50.0077415896135,-0.120316596309791,0.433159102735717,-0.277765365081569,0.781192479964162,0.954361464255933,42.5518180126998,25.9808408947809,30.5382926530763,110.474911691208,49.5713789044099,70.4687901889964,43.6510252267486,52.7310425019916,43.7796257367743,30.3296900854494,"RCE1"
"ENSG00000076604",312.387026678548,-0.0717975781212552,0.258922378753391,-0.27729383017,0.781554496700228,0.954690400454015,274.652643536517,253.313198724114,292.17717835646,466.349012466985,271.26560122691,353.309276837982,351.827263327593,367.199805059323,299.160775867958,194.615511381634,"TRAF4"
"ENSG00000167969",386.634219017965,0.0861809585954338,0.310886972973204,0.277209938297614,0.781618908901735,0.954690400454015,314.303201230169,491.037892911359,502.643789884419,183.823008797666,393.81706574059,343.656017907982,451.35160084458,512.929231610282,424.24542083017,248.534960422433,"ECI1"
"ENSG00000147912",42.3243562020585,0.099054143401428,0.357425735457093,0.277132096475238,0.781678677213094,0.954690400454015,37.7163841476203,23.3827568053028,38.7918852620159,61.5761802869029,55.0793098937888,27.0291250039986,61.111435317448,38.3498490923575,44.8219977781261,35.3846384330243,"FBXO10"
"ENSG00000197959",13.6292754299055,-0.184775177016217,0.667125860777583,-0.276971989664511,0.781801614072897,0.954690400454015,8.70378095714315,14.2894624921295,11.5550296525154,24.4493657021526,11.0158619787578,11.5839107159994,13.9683280725595,7.6699698184715,1.04237204135177,32.0146728679744,"DNM3"
"ENSG00000147099",125.068956692784,0.0584640834340329,0.21113551026203,0.276903128997467,0.781854489916194,0.954690400454015,154.733883682545,119.511868115992,119.677092829623,94.1753345564397,139.075257481817,109.081825908994,141.429321734665,115.049547277073,128.211761086268,129.743674254422,"HDAC8"
"ENSG00000105643",113.580150711139,-0.0589869756488447,0.213205474666494,-0.276667265421373,0.782035609444917,0.954690400454015,97.6757640746064,131.203246518644,121.327811351411,115.908104069464,112.912585282267,134.180299126993,123.095891139431,95.8746227308938,86.5168794321969,117.106303385485,"ARRDC2"
"ENSG00000170899",157.59834765524,0.0694663702427546,0.25126398324765,0.276467678912371,0.782188881063749,0.954690400454015,196.318614922229,123.408994250209,119.677092829623,172.956624041154,150.091119460574,114.873781266994,184.207326456879,192.707991689097,131.338877210323,190.403054425321,"GSTA4"
"ENSG00000186687",328.458285198625,0.0688602926737435,0.249173135937028,0.276355203440334,0.782275259855168,0.954690400454015,377.163841476203,349.442310034803,366.459511836916,183.823008797666,278.150514963633,349.447973265982,261.033130855956,388.29222206012,397.143747755024,333.626590939943,"LYRM7"
"ENSG00000078070",93.5314246293697,-0.0755590912119799,0.273417392938727,-0.276350712000654,0.782278709241915,0.954690400454015,109.280805350797,87.0358169975161,76.7584112631378,112.285975817293,122.55146451368,79.1567232259959,69.8416403627977,107.379577458601,61.4999504397544,109.523880864123,"MCCC1"
"ENSG00000130810",47.088385146255,-0.0999511121073296,0.361753722067931,-0.276296015797622,0.782320715795301,0.954690400454015,42.5518180126998,53.2607238343009,37.9665260011219,62.4817123499455,52.3253443990994,29.9251026829984,55.8733122902382,75.7409519574061,31.2711612405531,29.4871986941869,"PPAN"
"ENSG00000162783",225.354771362958,0.0866412401196666,0.314299990523966,0.275664151230892,0.782806032271691,0.955094864853854,243.705866800008,253.313198724114,241.830263441929,131.30214914119,187.269653638882,207.545066994989,237.461577233512,207.089185098731,143.847341706544,400.183410849679,"IER5"
"ENSG00000151575",16.1801672531092,0.140516152639639,0.509739316140685,0.275662771519192,0.782807092079988,0.955094864853854,19.3417354603181,22.0837147605638,14.8564666960912,5.43319237825613,8.26189648406832,12.5492366089993,18.3334305952344,25.8861481373413,11.4660924548695,23.5897589553495,"TEX9"
"ENSG00000166246",7.35098535549409,-0.178103827479609,0.646275963933114,-0.275584792594951,0.782866991271075,0.955094864853854,3.86834709206362,9.09329431317332,13.2057481743033,5.43319237825613,8.26189648406832,3.8613035719998,8.73020504534971,10.5462085003983,2.08474408270354,8.42491391262483,"C16orf71"
"ENSG00000167778",429.561002958363,0.0894717336391382,0.32486942778614,0.27540829018247,0.783002575629598,0.955172903244485,339.447457328583,615.745929206308,528.229926972131,172.051091978111,458.535254865792,445.015236672977,376.271837454573,321.179986148494,498.253835766146,540.879473190514,"SPRYD3"
"ENSG00000169136",1255.09366221031,0.137765735612319,0.500449662306404,0.275283901636387,0.783098131491062,0.955202101673339,470.971258458746,2487.66551567527,1414.66577317224,363.118357280118,1178.69723172708,1130.39662070294,1315.6419003342,2118.82916235275,1604.21057164037,466.740230759416,"ATF5"
"ENSG00000105197",444.904851243521,-0.0569504985934515,0.207133064239248,-0.274946439877271,0.783357387665132,0.955430953753075,495.148427784144,440.375253166537,569.497890016829,316.936222064941,380.047238267143,482.662946499975,471.431072448884,378.704759787031,497.211463724794,417.033238674929,"TIMM50"
"ENSG00000040487",64.1561940756957,0.0824432561655876,0.300062273066253,0.274753821342227,0.783505378312672,0.955524070094742,58.9922931539702,50.6626397448228,48.6961963927434,89.6476742412262,53.7023271464441,55.0235759009971,89.0480914625671,83.4109217758776,50.0338579848849,62.3443629534237,"PQLC2"
"ENSG00000148426",18.57991051023,-0.160344282093104,0.583948266400282,-0.274586451093583,0.783633976822042,0.955541898511942,12.5721280492068,45.4664715658666,12.3803889134093,9.96085269346958,9.63887923141304,12.5492366089993,14.8413485770945,29.7211330465771,8.33897633081416,30.3296900854494,"PROSER2"
"ENSG00000119004",193.410722403708,-0.0623514202643083,0.227318274306193,-0.274291279285017,0.783860785738975,0.955695337727462,174.075619142863,205.248643068769,150.2153854827,264.415362408465,202.416463859674,211.406370566989,193.810552006764,215.717901144511,140.720225582489,176.080700773859,"CYP20A1"
"ENSG00000170191",104.275634610891,-0.0843260799491141,0.307649841469348,-0.274097589475,0.784009626246595,0.955781378031659,159.569317547624,106.521447668602,102.34454835085,63.3872444129882,90.8808613247515,119.700410731994,71.5876813718676,100.668353867438,143.847341706544,84.2491391262483,"NANP"
"ENSG00000166012",746.40679148449,-0.0937837574477338,0.342375964192988,-0.273920389443198,0.78414580214227,0.955781378031659,656.6519188778,393.609739555931,646.256301279967,1405.38576184225,750.455597302872,473.009687569975,921.036632284395,911.7676621708,773.440054683013,532.454559277889,"TAF1D"
"ENSG00000157593",297.548471374672,0.091588697790298,0.334392150643646,0.273896075652511,0.784164487486672,0.955781378031659,322.039895414296,153.286961279207,193.959426310079,475.404333097412,250.610860016739,221.059629496989,385.875063004457,418.013355106697,303.330264033365,251.904925987482,"SLC35B2"
"ENSG00000136274",41.3276466964734,-0.111308748550484,0.406493809267671,-0.273826429856373,0.784218011531862,0.955781378031659,49.3214254238112,64.9521022369523,18.983263000561,40.748942836921,38.5555169256522,25.0984732179987,39.2859227040737,29.7211330465771,37.5253934886637,69.0842940835236,"NACAD"
"ENSG00000149582",17.5877674657466,-0.163487998996174,0.597845986468345,-0.273461732112558,0.784498304960001,0.955826379155244,28.0455164174613,3.89712613421714,4.95215556536373,38.0323466477929,15.1468102207919,18.341191966999,13.9683280725595,22.0511632281056,14.5932085789248,16.8498278252497,"TMEM25"
"ENSG00000142794",171.065942929546,-0.0893174082273731,0.326730311147053,-0.273367377253143,0.7845708272282,0.955826379155244,135.392148222227,205.248643068769,176.626881831306,191.97279736505,243.725946280015,108.116500015994,83.8099684353572,138.059456732487,231.406593180093,196.300494164159,"NBPF3"
"ENSG00000080503",348.402620292767,-0.0589378417008382,0.215653723558832,-0.27329851174473,0.784623759258693,0.955826379155244,359.756279561917,397.506865690148,321.064752487749,349.535376334478,426.864651676863,290.563093792985,274.128438423981,268.448943646503,347.109889770139,449.047911542903,"SMARCA2"
"ENSG00000183386",469.079760419132,0.0708077413763232,0.259199755284602,0.273178272481686,0.784716181037636,0.955826379155244,422.616919807951,449.46854747971,411.02891192519,536.980513384315,695.376287409083,454.668495602976,474.050133962489,491.836814609485,500.338579848849,254.43240016127,"FHL3"
"ENSG00000171016",202.902886718955,-0.0567391468425048,0.207701538636584,-0.273176343396191,0.784717663851853,0.955826379155244,214.693263609531,223.435231695116,165.897211439685,227.288547823715,214.809308585776,170.862683060991,158.01671132083,210.924170007966,188.66933948467,254.43240016127,"PYGO1"
"ENSG00000196227",85.4999328177172,-0.0751141486014968,0.275075408788592,-0.273067479685999,0.784801344487151,0.955826379155244,107.346631804766,70.1482704159085,99.0431113072746,75.1591612325432,92.2578440720962,85.9140044769955,61.111435317448,65.1947434570078,122.999900879509,75.8242252136235,"FAM217B"
"ENSG00000101152",895.705336552079,0.0723807206613807,0.265333052782772,0.272791949221037,0.785013148532537,0.955826379155244,865.542661849235,1287.35066633639,883.134409156532,440.99411470179,901.923699510791,965.32589299995,831.115520317293,821.64551680376,902.694187810632,1057.32669603442,"DNAJC5"
"ENSG00000106397",348.690670604686,-0.0779872972234716,0.285983538102816,-0.272698553702884,0.785084946561183,0.955826379155244,279.488077401597,258.50936690307,282.272867225733,619.383931121199,309.821118152562,416.055459882978,377.144857959108,349.942372967762,335.64379731527,258.644857117582,"PLOD3"
"ENSG00000157111",11.6823584038351,0.190500702189605,0.698645584229129,0.272671446710423,0.785105785469086,0.955826379155244,10.637954503175,5.19616817895618,3.30143704357582,23.5438336391099,26.1626721995497,3.8613035719998,13.0953075680246,4.79373113654469,9.38134837216593,16.8498278252497,"TMEM171"
"ENSG00000223459",10.3158742981788,-0.195144720787886,0.716066681222696,-0.272523112588722,0.785219822281981,0.955826379155244,2.90126031904772,20.7846727158247,13.2057481743033,8.1497885673842,8.26189648406832,4.82662946499975,2.61906151360491,6.71122359116257,10.4237204135177,25.2747417378745,"TCAF1P1"
"ENSG00000120942",112.634156764531,0.0650334294580143,0.238642611550634,0.272513902841764,0.785226902734735,0.955826379155244,126.688367265084,87.0358169975161,94.9163150028048,129.491085015105,95.0118095667857,142.868232163993,110.873604075941,139.018202959796,109.449064341936,90.9890702563482,"UBIAD1"
"ENSG00000196267",21.099503570477,-0.119970000991316,0.440306098394959,-0.272469542049589,0.785261007557286,0.955826379155244,13.5392148222227,41.5693454316495,18.157903739667,16.2995771347684,16.5237929681366,20.2718437529989,27.0636356405841,24.9274019100324,20.8474408270354,11.7948794776748,"ZNF836"
"ENSG00000039523",587.609541220876,0.0622189327490183,0.228408034801885,0.272402557129768,0.785312506715562,0.955826379155244,565.745762214305,770.331932530254,527.404567711237,427.411133756149,732.554821587391,530.929241149972,736.829305827516,592.505168476924,456.558954112075,535.824524842939,"RIPOR1"
"ENSG00000101040",137.435507905739,-0.0602820588801252,0.221356644836718,-0.27233001712956,0.785368277774996,0.955826379155244,133.457974676195,137.698456742339,118.026374307836,174.767688167239,134.944309239783,149.625513414992,133.572137193851,118.884532186308,103.194832093825,170.183261035022,"ZMYND8"
"ENSG00000104299",38.8721116713427,-0.0832488504165121,0.30573972981593,-0.272286661817331,0.785401611244082,0.955826379155244,31.9138635095249,38.9712613421714,37.9665260011219,51.6153275934333,45.4404306623758,52.1275982219973,29.682697154189,36.4323566377396,29.1864171578495,35.3846384330243,"INTS9"
"ENSG00000138434",1026.24735075408,0.0594507799971147,0.21843918684343,0.272161697981998,0.785497691133112,0.955856086372474,1001.90189684448,954.795902883199,1143.12257633813,903.720998916604,1012.08231929837,1310.91256269393,728.099100782166,785.21316016602,1201.85496367859,1220.77002593934,"SSFA2"
"ENSG00000144199",17.6492871615571,0.15277841994524,0.561949405412393,0.271872197877177,0.785720289186347,0.955869879740359,27.0784296444454,9.09329431317332,4.12679630446978,25.3548977651953,35.8015514309627,11.5839107159994,16.5873895861645,14.3811934096341,15.6355806202765,16.8498278252497,"FAHD2B"
"ENSG00000135390",1155.97364355207,0.0707116844611481,0.260226012188794,0.271731806772056,0.785828242906492,0.955869879740359,1265.91658587782,857.36774952777,1084.52206881466,1279.51680507932,1564.2524009836,899.683732275953,1558.34160059492,1344.16221068713,926.668744761723,779.304536917797,"ATP5G2"
"ENSG00000145907",667.209603290777,-0.0769593339066691,0.283305102474319,-0.271648245070508,0.785892499620189,0.955869879740359,519.325597109541,718.370250740692,735.395101456514,782.379702468883,424.110686182174,762.60745546996,433.018170249346,559.90779674842,697.346895664334,1039.6343768179,"G3BP1"
"ENSG00000179295",1932.12375930381,-0.072799826926532,0.268020940503822,-0.27161992189746,0.785914279713786,0.955869879740359,2404.17771771754,1892.70425918479,2006.4483632332,1659.84027155725,2021.41067310205,2663.33413878686,1097.38677420046,1308.6886002767,2306.76932751147,1960.4774674678,"PTPN11"
"ENSG00000272168",14.557044462964,-0.18843656856406,0.694029286539389,-0.271510975428218,0.785998059469873,0.955869879740359,2.90126031904772,7.79425226843427,7.4282333480456,44.3710710890918,17.9007757154814,6.75728125099965,12.2222870634896,21.0924170007966,16.6779526616283,8.42491391262483,"CASC15"
"ENSG00000237036",53.1824762418222,0.0904010449916063,0.333104468841313,0.271389469213853,0.786091500584116,0.955869879740359,55.1239460619066,51.9616817895618,55.299070479895,42.5600069630064,55.0793098937888,28.9597767899985,71.5876813718676,81.4934293212597,37.5253934886637,52.234466258274,"ZEB1-AS1"
"ENSG00000145214",168.728838071537,-0.053891457395227,0.198678193130234,-0.27124998746038,0.786198769106132,0.955869879740359,158.602230774609,188.361096487162,140.311074351972,202.839182121562,190.023619133571,186.30789734899,171.112018888854,163.945604869828,145.932085789248,139.853570949572,"DGKQ"
"ENSG00000214026",384.161778404281,0.0646022385543327,0.238261263534857,0.271140333917022,0.786283101075701,0.955869879740359,485.477560053985,345.545183900586,396.172445229098,268.037490660636,430.995599918897,300.216352722984,522.939282216448,409.384639060917,366.914958555823,315.934271723431,"MRPL23"
"ENSG00000127580",67.4215041180556,0.0986263874513734,0.363772301800585,0.271121212261617,0.786297807349369,0.955869879740359,68.6631608841293,84.437732908038,70.9808964368801,35.3157504586649,70.2261201145807,50.1969464359974,122.222870634896,63.2772510023899,40.652509612719,68.2418026922611,"WDR24"
"ENSG00000163430",10185.5806145109,0.114236803002029,0.421360026044189,0.27111447679199,0.786302987549762,0.955869879740359,6907.90081965261,4920.77126547151,5378.86630324591,21615.050344829,7244.30623378057,8540.23817537056,10799.2636410976,18584.3368701565,9152.02652306854,8713.0459684366,"FSTL1"
"ENSG00000152377",679.487494024641,0.130369940186556,0.481375828895755,0.270827765668286,0.786523503745259,0.955869879740359,440.991568495253,331.255721408457,219.545563397792,1580.15345000949,381.424221014487,679.589428671965,633.812886292389,1161.04168127112,560.796158247252,806.264261438196,"SPOCK1"
"ENSG00000203667",18.1887586773703,-0.102944898029194,0.380165766329723,-0.270789500651431,0.786552935555492,0.955869879740359,22.2429957793658,16.8875465816076,17.3325444787731,19.0161733238965,23.4087067048602,12.5492366089993,21.8255126133743,15.339939636943,19.8050687856836,13.4798622601997,"COX20"
"ENSG00000112357",40.7016623210134,-0.0929490239981089,0.343658876144523,-0.270468858656862,0.786799571609873,0.955869879740359,56.0910328349225,48.0645556553447,44.5694000882736,20.8272374499818,37.1785341783074,31.8557544689983,34.0477996768639,33.5561179558128,46.9067418608296,53.9194490407989,"PEX7"
"ENSG00000139977",295.181796484793,0.0721191972053732,0.266839123838161,0.270272200597967,0.786950850488712,0.955869879740359,364.591713426996,296.181586200502,312.811159878809,172.051091978111,276.773532216289,291.528419685985,232.223454206302,240.645303054543,426.330164912874,338.681539287518,"NAA30"
"ENSG00000128923",881.757022831886,-0.0754478652133405,0.279414554519521,-0.270021242605204,0.787143911176687,0.955869879740359,554.140720938114,1448.43187988404,840.215727590046,796.868215477566,757.340511039596,932.504812637952,620.717578724365,1057.49708872176,1024.65171664879,785.201976656634,"MINDY2"
"ENSG00000172081",558.600679299362,-0.0878290124869208,0.325391776882194,-0.269917738329075,0.787223540293188,0.955869879740359,557.041981257162,985.972911956936,528.229926972131,246.304721147611,651.312839494052,417.020785775978,637.304968310529,529.227917474534,566.008018454011,467.582722150678,"MOB3A"
"ENSG00000114978",1780.17313154523,-0.0705772642386227,0.261527852572616,-0.269865192347061,0.787263966432154,0.955869879740359,2239.77296630484,2171.99829880368,1833.12291844547,1085.73294358818,2123.30739640556,1871.7669065269,1080.79938461429,1610.69366187902,2016.98990001567,1767.54693886869,"MOB1A"
"ENSG00000122507",128.804858879453,-0.0615609106203928,0.228222368612601,-0.269740915382796,0.787359580930077,0.955869879740359,146.997189498418,140.296540831817,125.454607655881,115.002572006422,177.630774407469,92.6712857279952,121.349850130361,133.265725595942,111.533808424639,123.846234515585,"BBS9"
"ENSG00000169895",807.296497374447,0.0890858198507551,0.330288686153347,0.269721076093397,0.787374844905842,0.955869879740359,905.193219542888,1006.75758467276,831.136775720213,367.646017595332,735.30878708208,787.705928687959,577.066553497616,675.916090252801,1454.10899768572,732.125019007098,"SYAP1"
"ENSG00000146247",258.795229830074,-0.0707425903763633,0.262451062777205,-0.269545833146108,0.78750967707689,0.955869879740359,253.376734530167,314.368174826849,232.751311572095,267.131958597593,144.583188471196,231.678214319988,318.652484155264,313.510016330023,195.965943774133,315.934271723431,"PHIP"
"ENSG00000143314",362.082021416529,0.0597195422174969,0.221694659996068,0.269377450131438,0.787639237206128,0.955869879740359,453.56369654446,333.853805497935,378.014541489431,247.210253210654,316.706031889286,378.40775005598,414.684739654111,318.303747466567,456.558954112075,323.516694244794,"MRPL24"
"ENSG00000044459",126.591008881869,0.063338044640394,0.235267527849244,0.269217113043242,0.787762611963812,0.955869879740359,124.754193719052,131.203246518644,117.201015046942,119.530232321635,148.71413671323,175.689312525991,115.238706598616,101.627100094747,137.593109458434,94.3590358213981,"CNTLN"
"ENSG00000160460",19.638295337762,-0.15803091660859,0.587174202706844,-0.269138044348808,0.787823455001004,0.955869879740359,16.4404751412704,38.9712613421714,18.983263000561,9.96085269346958,17.9007757154814,5.7919553579997,21.8255126133743,38.3498490923575,6.25423224811062,21.9047761728246,"SPTBN4"
"ENSG00000110446",30.588000044955,0.150764156401823,0.560231117599276,0.269110643207188,0.787844540369602,0.955869879740359,32.8809502825408,29.8779670289981,11.5550296525154,40.748942836921,27.5396549468944,10.6185848229995,47.1431072448884,63.2772510023899,9.38134837216593,32.8571642592368,"SLC15A3"
"ENSG00000169972",135.193578279548,0.0768085898649444,0.285567119907562,0.26896860496337,0.787953842275344,0.955869879740359,145.063015952386,184.463970352945,124.629248394987,70.6315009173297,137.698274734472,105.220522336995,144.04838324827,178.326798279462,117.78804067275,144.066027905885,"PUSL1"
"ENSG00000186951",551.247035727738,-0.0722872896172399,0.268829571844376,-0.26889634619173,0.788009448771699,0.955869879740359,489.345907146048,785.920437067123,556.292141842526,440.088582638747,784.88016598649,658.352259025966,406.827555113297,384.457237150884,454.474210029372,551.831861276926,"PPARA"
"ENSG00000143669",80.9719110576959,0.0646826321377198,0.240650084432959,0.268782918942791,0.788096738511313,0.955869879740359,82.202375706352,96.1291113106894,67.6794593933043,70.6315009173297,67.4721546198913,96.532589299995,69.8416403627977,75.7409519574061,78.1779031013827,105.31142390781,"LYST"
"ENSG00000155755",434.467138602116,0.0742690326034003,0.276384729447717,0.268716121732947,0.788148144609423,0.955869879740359,346.217064739694,318.265300961066,393.696367446417,625.722655562498,356.638531562282,664.144214383966,331.747791723289,464.991920244835,478.448766980462,364.798772416655,"TMEM237"
"ENSG00000170421",80.2911963958924,0.369688942718855,1.37592306983224,0.268684311517453,0.788172625582929,0.955869879740359,9.67086773015905,0,28.0622148703945,235.438336391099,17.9007757154814,26.0637991109986,141.429321734665,56.5660274112273,279.355707082274,8.42491391262483,"KRT8"
"ENSG00000170876",583.56845992699,0.090224979017564,0.335866013937404,0.268633845859675,0.788211464115368,0.955869879740359,424.551093353982,383.217403198019,396.997804489992,1042.26740456213,430.995599918897,648.699000095966,589.288840561106,916.561393307345,499.296207807498,503.809851974965,"TMEM43"
"ENSG00000141985",1686.9973731411,-0.0896694422974503,0.333817100176392,-0.268618480749093,0.788223289258425,0.955869879740359,1983.49497145562,2564.30899631488,1862.83585183766,591.312437166876,1682.67291725525,1640.08869220691,2124.93190803812,1417.02692396261,1673.00712636959,1330.29390680346,"SH3GL1"
"ENSG00000117408",241.626840518228,0.0457777229797794,0.170424411937527,0.268610127266041,0.788229718203161,0.955869879740359,247.574213892072,267.602661216243,236.052748615671,198.311521806349,238.218015290637,230.712888426988,268.890315396771,217.635393599129,236.618453386852,274.652193551569,"IPO13"
"ENSG00000147121",122.264391680599,0.04743836704486,0.176617062821833,0.26859447375543,0.78824176537899,0.955869879740359,124.754193719052,109.11953175808,119.677092829623,125.868956762934,110.158619787578,118.735084838994,135.318178202921,126.55450200478,130.296505168971,122.16125173306,"KRBOX4"
"ENSG00000198945",43.5821977765551,-0.086017128252709,0.320411080085574,-0.268458657015656,0.788346294098747,0.955869879740359,35.7822106015885,25.9808408947809,53.6483519581071,64.2927764760309,44.063447915031,33.7864062549982,42.7780047222136,37.3911028650486,45.8643698194779,52.234466258274,"L3MBTL3"
"ENSG00000183048",31.269181623034,-0.121521099454522,0.452796957598534,-0.2683787896876,0.788407764218575,0.955869879740359,50.2885121968271,31.1770090737371,40.4426037838038,9.96085269346958,13.7698274734472,38.613035719998,33.1747791723289,37.3911028650486,25.0169289924425,32.8571642592368,"SLC25A10"
"ENSG00000105171",172.754666557448,0.0632132513212451,0.235639109169113,0.2682629871762,0.788496894296244,0.955869879740359,179.878139780958,190.95918057664,187.356552222928,115.908104069464,137.698274734472,214.302348245989,181.588264943274,142.853187869032,164.69478253358,212.307830598146,"POP4"
"ENSG00000125520",1495.52401039409,0.0786762496233078,0.293321896807116,0.268224944948601,0.788526174979673,0.955869879740359,1346.18478803814,2171.99829880368,1444.37870656442,825.845241494932,1766.66886484328,1369.79744216693,1750.40611159262,2073.76808966923,1132.01603690802,1074.17652385967,"SLC2A4RG"
"ENSG00000148334",394.54856358287,0.0543663039478654,0.202710066897318,0.268197355859018,0.788547410184858,0.955869879740359,440.991568495253,397.506865690148,425.060019360387,279.809407480191,341.491721341491,393.85296434398,511.590015657493,392.127206969356,411.736956333949,351.318910156455,"PTGES2"
"ENSG00000152894",152.42286827645,0.102793377401348,0.38336778467321,0.268132538807275,0.788597300212735,0.955869879740359,117.98458630794,80.5406067738208,101.519189089956,283.431535732362,115.666550776956,168.932031274991,133.572137193851,263.655212509958,115.703296590046,143.223536514622,"PTPRK"
"ENSG00000172009",274.410915998217,-0.0858671619778445,0.320298265849207,-0.268085004301178,0.788633888324849,0.955869879740359,310.434854138106,415.693454316495,302.081489487188,109.569379628165,312.575083647251,251.950058072987,327.382689200614,215.717901144511,250.169289924425,248.534960422433,"THOP1"
"ENSG00000008517",57.2615039994652,-0.175035704412595,0.652948039824351,-0.268069882650511,0.788645527812503,0.955869879740359,127.6554540381,41.5693454316495,28.0622148703945,48.8987314043052,1.37698274734472,63.7115089379967,58.4923738038431,99.7096076401295,67.754182687865,35.3846384330243,"IL32"
"ENSG00000097033",1922.84439305997,0.0490972803273454,0.183202590020061,0.267994466246187,0.788703578284513,0.955869879740359,2262.98304885722,1625.10159796855,1989.11581875443,1656.21814330508,2127.43834464759,2304.23290659088,1602.86564632621,1701.77455347336,2160.83724172222,1797.87662895414,"SH3GLB1"
"ENSG00000146457",831.233690268877,0.0444322033128222,0.165946529934786,0.267750120055437,0.788891667593268,0.955869879740359,1002.86898361749,700.183662114346,734.56974219562,825.845241494932,806.911889944006,833.076245658957,999.608477692542,793.841876211801,801.584099799511,813.846683959559,"WTAP"
"ENSG00000116752",246.276089030594,0.0841396084057808,0.314271343547859,0.267729177773307,0.788907788815762,0.955869879740359,297.862726088899,223.435231695116,322.715471009536,106.852783439037,194.154567375605,304.077656294984,247.064802783397,188.873006779861,328.347193025807,249.377451813695,"BCAS2"
"ENSG00000180953",25.4521720345547,-0.13531782093138,0.505522779210944,-0.267678978072152,0.788946432563051,0.955869879740359,18.3746486873022,7.79425226843427,23.1100593050307,57.9540520347321,13.7698274734472,25.0984732179987,28.809676649654,28.7623868192681,32.3135332819049,18.5348106077746,"ST20"
"ENSG00000112651",145.23753098027,-0.0564151754726064,0.210759682189873,-0.267675367918718,0.788949211680428,0.955869879740359,146.030102725402,150.688877189729,165.071852178791,133.113213267275,150.091119460574,124.527040196994,176.350141916064,127.513248232089,110.491436383288,168.498278252497,"MRPL2"
"ENSG00000196205",1016.61488625611,0.0901636951072542,0.337244359628502,0.267354197432911,0.789196461355038,0.956082587436837,694.36830302542,689.791325756433,926.053090723018,1603.6972836486,1353.57404063986,593.675424194969,1109.60906126395,1525.36524764852,1002.7619037804,667.253181879887,"EEF1A1P5"
"ENSG00000078140",1183.06762619632,-0.0539279180060162,0.201788082644855,-0.267250262251259,0.789276479294866,0.956092679777987,1321.04053193973,1101.58765393871,1476.56771773929,939.036749375269,1036.86800875057,1437.37025467693,1027.54513383766,1067.08455099485,1395.73616337002,1027.83949734023,"UBE2K"
"ENSG00000185515",198.772380245585,-0.0880973549421969,0.330140714121984,-0.266847895984273,0.789586275234497,0.956215511374166,276.586817082549,222.136189650377,236.052748615671,89.6476742412262,181.761722649503,199.82245985099,141.429321734665,150.523157687503,300.20314790931,189.560563034059,"BRCC3"
"ENSG00000039123",179.786983951098,0.0590285137957258,0.221323457962038,0.266706992287508,0.789694769812521,0.956215511374166,169.240185277783,163.67929763712,231.925952311201,136.735341519446,144.583188471196,201.75311163699,171.112018888854,162.028112415211,205.347292146299,211.465339206883,"SKIV2L2"
"ENSG00000255200",9.30753632245075,-0.163021228004404,0.611405178823577,-0.266633704866678,0.789751202078783,0.956215511374166,12.5721280492068,3.89712613421714,11.5550296525154,11.771916819555,5.50793098937888,3.8613035719998,15.7143690816295,10.5462085003983,4.16948816540708,13.4798622601997,"PGAM1P8"
"ENSG00000065491",149.984481092509,-0.0507902213319343,0.190622636596532,-0.266443808766719,0.789897429672904,0.956215511374166,138.293408541274,159.782171502903,153.516822526276,160.279175158556,169.368877923401,155.417468772992,114.365686094081,159.151873733284,157.398178244117,132.27114842821,"TBC1D22B"
"ENSG00000204427",9.40385121502007,-0.145920728504903,0.547752224007935,-0.266399152954948,0.789931817509215,0.956215511374166,9.67086773015905,5.19616817895618,5.77751482625769,19.0161733238965,8.26189648406832,9.6532589299995,6.98416403627977,9.58746227308938,11.4660924548695,8.42491391262483,"ABHD16A"
"ENSG00000110917",727.617753619913,-0.0853105532072718,0.320303118234263,-0.266343186658824,0.789974915720804,0.956215511374166,847.168013161933,565.083289461485,355.729841445295,1246.01211874674,670.590597956878,797.359187617959,567.463327947731,904.097692352329,759.88921814544,562.784249363339,"MLEC"
"ENSG00000100003",113.157564093612,-0.0732535640098905,0.275082643527699,-0.266296568443855,0.790010815704904,0.956215511374166,134.425061449211,126.007078339687,104.820626133532,101.419591060781,106.027671545543,178.585290204991,79.4448659126824,85.3284142304955,117.78804067275,97.729001386448,"SEC14L2"
"ENSG00000126581",646.707235162489,0.0622097009214467,0.233669364314505,0.266229597978947,0.790062389429646,0.956215511374166,734.985947492088,593.662214445744,746.124771848135,444.61624295396,751.832580050217,739.439634037962,538.653651298077,454.445711744437,785.948519179234,677.363078575036,"BECN1"
"ENSG00000103671",102.254767451745,0.055888624120692,0.210033109798002,0.266094351383181,0.790166545171389,0.956215511374166,83.1694624793679,102.624321534385,99.0431113072746,115.002572006422,95.0118095667857,123.561714303994,115.238706598616,86.2871604578044,103.194832093825,99.413984168973,"TRIP4"
"ENSG00000198874",56.1316026729952,-0.112812548694199,0.424094759260451,-0.26600788203779,0.790233138673794,0.956215511374166,35.7822106015885,31.1770090737371,35.4904482184401,132.207681204233,55.0793098937888,55.0235759009971,55.8733122902382,66.1534896843167,44.8219977781261,49.7069920844865,"TYW1"
"ENSG00000101417",41.3579398465297,-0.105610465718756,0.397030157208993,-0.266001118054021,0.790238347952915,0.956215511374166,60.926466700002,57.157849968518,32.1890111748642,22.6383015760672,55.0793098937888,38.613035719998,19.2064510997694,32.5973717285039,43.7796257367743,51.3919748670115,"PXMP4"
"ENSG00000101928",184.355197597835,0.058619812683795,0.220451341742188,0.265908169215633,0.79030993340912,0.956215511374166,182.779400100006,146.791751055512,207.165174484383,182.01194467158,176.253791660124,252.915383965987,141.429321734665,166.821843551755,179.287991112504,208.095373641833,"MOSPD1"
"ENSG00000139835",7.70460250417451,-0.183254343389298,0.690300527980182,-0.265470379872807,0.790647124932265,0.956536711286431,11.6050412761909,3.89712613421714,4.95215556536373,12.6774488825976,2.75396549468944,3.8613035719998,5.23812302720983,15.339939636943,12.5084644962212,4.21245695631242,"GRTP1"
"ENSG00000167216",39.4287554214386,0.0982966859335222,0.370470904862049,0.265329030278706,0.790756002754584,0.956554535200267,49.3214254238112,42.8683874763885,27.2368556095005,31.6936222064941,67.4721546198913,36.6823839339981,36.6668611904688,43.1435802289022,18.7626967443319,40.4395867805992,"KATNAL2"
"ENSG00000204120",175.417098732788,0.0699804036281257,0.263813151315753,0.265265030492614,0.790805301425969,0.956554535200267,125.721280492068,142.894624921295,145.263229917336,267.131958597593,180.384739902158,163.140075916992,159.7627523299,174.491813370227,159.482922326821,235.897589553495,"GIGYF2"
"ENSG00000168781",39.7772987578717,-0.0939752471409019,0.354416760190317,-0.26515463628311,0.790890339424772,0.956570640873146,36.7492973746044,46.7655136106057,33.0143704357582,49.8042634673479,17.9007757154814,43.4396651849978,31.428738163259,35.4736104104307,41.6948816540708,61.5018715621613,"PPIP5K1"
"ENSG00000151657",78.8367692007895,-0.0684946513797832,0.258846080305496,-0.264615370257662,0.79130577834751,0.956986322617042,83.1694624793679,49.3635977000837,85.8373631329713,105.041719312952,72.9800856092701,72.3994419749963,96.0322554988468,81.4934293212597,72.9660428946239,69.0842940835236,"KIN"
"ENSG00000143772",22.9277880338584,-0.156833792218856,0.593414083526818,-0.264290647243745,0.791555966563965,0.957202096841382,50.2885121968271,22.0837147605638,19.8086222614549,5.43319237825613,37.1785341783074,17.3758660739991,15.7143690816295,23.9686556827235,6.25423224811062,31.1721814767119,"ITPKB"
"ENSG00000152133",129.5459791766,-0.0731503567371829,0.276926393477753,-0.264150902405984,0.791663641895496,0.957244417251808,170.207272050799,120.810910160731,166.722570700579,76.0646932955859,115.666550776956,154.452142879992,116.984747607686,96.8333689582027,152.186318037358,125.53121729811,"GPATCH11"
"ENSG00000196150",61.0412627345262,0.0683568689273734,0.258961096484844,0.26396578426356,0.791806284106017,0.957244417251808,41.5847312396839,62.3540181474742,59.4258667843648,73.3480971064578,78.488016598649,53.0929241149972,66.3495583446578,63.2772510023899,59.4152063570509,53.0769576495364,"ZNF250"
"ENSG00000148057",55.9491798099754,0.101857353821915,0.386037520260769,0.26385350769301,0.791892801865391,0.957262240413189,64.7948137920657,44.1674295211276,50.3469149145313,54.3319237825613,90.8808613247515,41.5090133989979,57.6193532993081,92.998384048967,33.3559053232566,29.4871986941869,"IDNK"
"ENSG00000100109",87.7039537802044,0.0670656446113756,0.254408780574124,0.26361371828452,0.792077586684718,0.957398837557919,49.3214254238112,85.736774952777,101.519189089956,104.136187249909,95.0118095667857,83.9833526909956,94.2862144897769,83.4109217758776,84.4321353494933,95.2015272126606,"TFIP11"
"ENSG00000185499",135.492936321467,0.134986789416651,0.512329727521231,0.263476394527696,0.792183415408577,0.957439982900244,100.577024393654,175.370676039771,47.8708371318494,188.350669112879,172.12284341809,53.0929241149972,234.842515719907,250.232765327633,62.5423224811062,69.9267854747861,"MUC1"
"ENSG00000133627",96.3417503541131,0.0803299918928873,0.305458900730488,0.262981342828062,0.792564959386347,0.957681086629478,91.873243436511,53.2607238343009,108.122063177108,118.624700258592,78.488016598649,84.9486785839956,77.6988249036124,81.4934293212597,128.211761086268,140.696062340835,"ACTR3B"
"ENSG00000183520",178.929632441997,-0.0569696995773704,0.216877429064111,-0.26268155161748,0.7927960372502,0.957681086629478,193.417354603181,161.081213547642,231.100593050307,146.696194212916,167.991895176056,179.550616097991,207.778880079323,130.389486914016,187.626967443319,183.663123295221,"UTP11"
"ENSG00000167770",443.995265224063,-0.0555625156086561,0.211573120838771,-0.262616136626342,0.792846461282562,0.957681086629478,525.128117747637,494.935019045576,483.660526883858,314.219625875813,443.388444645,384.19970541398,533.415528270867,370.07604374125,388.80477142421,502.12486919244,"OTUB1"
"ENSG00000261485",11.536203904785,0.179416512186848,0.683286631319129,0.262578695328011,0.792875322659828,0.957681086629478,9.67086773015905,9.09329431317332,4.95215556536373,19.0161733238965,13.7698274734472,4.82662946499975,25.3175946315142,20.1336707734877,5.21186020675885,3.36996556504993,"PAN3-AS1"
"ENSG00000100056",121.855617988496,-0.050464594042157,0.192190115119114,-0.262576428610184,0.792877069953387,0.957681086629478,111.214978896829,140.296540831817,122.978529873199,123.152360573806,141.829222976506,119.700410731994,131.826096184781,116.96703973169,105.279576176529,105.31142390781,"ESS2"
"ENSG00000138395",62.5206392188096,-0.131467666781657,0.500685536142124,-0.262575323814305,0.792877921582803,0.957681086629478,96.7086773015905,63.6530601922132,17.3325444787731,86.0255459890555,92.2578440720962,69.5034642959964,24.4445741269792,27.8036405919592,57.3304622743473,90.1465788650857,"CDK15"
"ENSG00000127995",177.758681459025,-0.0652629940802644,0.248558974911592,-0.262565429807864,0.792885548366402,0.957681086629478,218.561610701595,118.212826071253,148.564666960912,243.588124958483,217.563274080466,176.654638418991,155.397649807225,180.24429073408,151.143945996007,167.655786861234,"CASD1"
"ENSG00000059145",240.348309423704,-0.0820055815573598,0.312435647125408,-0.26247191161399,0.792957637738257,0.957681428462839,143.128842406354,398.805907734887,285.574304269308,168.42896372594,181.761722649503,249.054080393987,294.207910028285,248.315272873015,173.033758864394,261.17233129137,"UNKL"
"ENSG00000182768",434.578542237074,0.0942333936374701,0.359550511944665,0.262086662393552,0.793254629345534,0.95795147733109,471.938345231762,618.344013295786,456.423671274357,124.963424699891,392.440082993245,406.402200952979,423.414944699461,562.784035430347,343.982773646084,545.091930146827,"NGRN"
"ENSG00000066855",286.873902732852,-0.0675673065237195,0.257894885798877,-0.261995527031943,0.793324890689202,0.95795147733109,274.652643536517,303.975838468937,335.92121918384,265.320894471508,234.087067048602,420.882089347978,216.509085124673,209.965423780657,368.999702638526,238.425063727283,"MTFR1"
"ENSG00000179041",86.6567778582314,-0.0964714613240484,0.368503857906584,-0.261792269617172,0.793481599232437,0.958053964237101,156.668057228577,59.7559340579961,99.8684705681686,44.3710710890918,66.0951718725465,70.4687901889964,92.5401734807069,65.1947434570078,88.6016235149004,123.003743124323,"RRS1"
"ENSG00000083223",155.950408898652,0.0507387420198994,0.193964789838196,0.261587384299106,0.793639571305003,0.958066091604225,148.931363044449,138.997498787078,170.024007744155,152.129386591172,169.368877923401,133.214973233993,150.159526780015,141.894441641723,154.271062120062,200.512951120471,"ZCCHC6"
"ENSG00000183010",1064.37319080951,-0.0811495780100089,0.310357052141095,-0.261471674157791,0.793728790667259,0.958066091604225,1230.13437527623,1292.54683451535,1163.75655786048,715.370329803724,1193.84404194787,1616.92087077492,965.560678015678,782.336921484093,1168.49905835533,514.762240061377,"PYCR1"
"ENSG00000065183",102.155973839609,-0.0509850105699308,0.195079432324154,-0.261355130894637,0.793818655144312,0.958066091604225,103.478284712702,111.717615847558,110.59814095979,92.3642704303543,82.6189648406832,106.185848229994,92.5401734807069,108.33832368591,108.406692300584,105.31142390781,"WDR3"
"ENSG00000125845",8.09848758046844,0.208716927347966,0.798619113367867,0.261347272879286,0.793824714421376,0.958066091604225,7.73669418412724,2.59808408947809,16.5071852178791,2.71659618912807,4.13094824203416,3.8613035719998,24.4445741269792,5.75247736385363,3.12711612405531,10.1098966951498,"BMP2"
"ENSG00000198363",1663.60160911216,0.0685189271292443,0.262209753654742,0.261313418643705,0.793850819398537,0.958066091604225,1887.75338092705,1023.64513125437,1207.50059868786,2346.23357534361,1433.43903998585,1911.3452681399,1294.68940822536,1902.15251498093,1694.89693923798,1934.36023433866,"ASPH"
"ENSG00000166024",80.8901969650466,-0.0687160914753604,0.263226131195258,-0.261053456825636,0.794051283466255,0.958221314476063,57.0581196079384,83.1386908632989,73.456974219562,119.530232321635,66.0951718725465,72.3994419749963,94.2862144897769,75.7409519574061,85.4745073908451,81.7216649524609,"R3HCC1L"
"ENSG00000134030",1344.6488829673,0.0564804374676249,0.21647728518854,0.260906992705649,0.79416423217281,0.958270909661519,982.56016138416,1905.69467963218,1148.07473190349,1217.94062479242,1575.26826296236,1320.56582162393,1402.07093028316,1484.13915987424,1163.28719814857,1246.88725906848,"CTIF"
"ENSG00000166250",894.618226537601,-0.0657258756499779,0.252055920190297,-0.260759102981419,0.794278284641772,0.958321827597911,795.91241419209,965.188239241111,986.304316768276,929.075896681799,806.911889944006,1082.13032605294,563.971245929591,689.338537435126,1322.7701204754,804.579278655671,"CLMP"
"ENSG00000156515",917.463646840887,-0.055931236685212,0.214684537419692,-0.260527550597976,0.794456866538227,0.958352113432587,932.271649187333,1073.00872895445,931.830605549275,819.506517053634,750.455597302872,1223.06790643094,817.147192244733,640.442479842371,1012.14325215257,974.762539690693,"HK1"
"ENSG00000118620",45.6942434059043,-0.0820853566558869,0.315085863105119,-0.260517421654368,0.794464678606041,0.958352113432587,42.5518180126998,49.3635977000837,45.3947593491675,52.520859656476,31.6706031889286,27.9944508969985,51.5082097675633,50.8135500473737,38.5677655300155,66.5568199097362,"ZNF430"
"ENSG00000111145",1633.02168947226,-0.0507817915660509,0.194979332932439,-0.260447047398849,0.794518956153867,0.958352113432587,1887.75338092705,1467.91751055512,1986.63974097175,1327.51000442058,1663.39515879242,1824.46593776991,1469.29350913236,1262.66878136587,1528.11741262169,1912.45545816584,"ELK3"
"ENSG00000196850",254.054022204471,0.0648900616038047,0.249336657985504,0.260250787541948,0.794670330737013,0.958448019627378,257.245081622231,281.892123708373,285.574304269308,164.806835473769,206.547412101708,326.280151833983,196.429613520369,225.3053634176,329.389565067159,267.069771030207,"PPTC7"
"ENSG00000119782",29.7577345890878,0.0936586863512866,0.36008928544849,0.260098509275651,0.794787787791036,0.958466594615861,33.8480370555567,29.8779670289981,27.2368556095005,23.5438336391099,35.8015514309627,39.5783616129979,27.9366561451191,15.339939636943,23.9745569510907,40.4395867805992,"FKBP1B"
"ENSG00000107362",68.7382070150714,-0.077021902622663,0.296187414302271,-0.260044481647215,0.79482946213177,0.958466594615861,65.7619005650816,88.3348590422551,74.282333480456,56.1429879086467,52.3253443990994,52.1275982219973,46.2700867403535,70.9472208208614,96.9405998457146,84.2491391262483,"ABHD17B"
"ENSG00000024422",2083.99004704558,-0.085092879850384,0.327487771116078,-0.259835289606044,0.794990828435792,0.958551231278612,2176.9123260588,3107.3085710158,2359.70212689582,989.746544905659,1937.41472551402,1181.55889303194,1863.89877718216,2539.71875614138,1776.20195846342,2907.43779124683,"EHD2"
"ENSG00000006831",785.406460180431,-0.0505071034608589,0.194432219553711,-0.259767149584519,0.795043392097474,0.958551231278612,783.340286142883,722.267376874909,857.548272068819,843.050350692743,868.876113574518,945.054049246951,579.685615011221,735.358356345955,891.228095355763,627.65608649055,"ADIPOR2"
"ENSG00000141378",71.3341943315115,-0.0807890610669047,0.311327372800897,-0.259498740313373,0.795250453826833,0.958642132422448,68.6631608841293,38.9712613421714,72.6316149586681,114.097039943379,52.3253443990994,69.5034642959964,83.8099684353572,64.2359972296989,83.3897633081416,65.7143285184737,"PTRH2"
"ENSG00000168116",69.7181107544667,-0.0715386975987075,0.275696977315331,-0.259483068314109,0.795262544284469,0.958642132422448,82.202375706352,76.6434806396037,76.7584112631378,52.520859656476,45.4404306623758,77.226071439996,62.8574763265179,55.6072811839184,76.0931590186792,91.8315616476107,"KIAA1586"
"ENSG00000104129",38.433835855913,0.090452738941211,0.348913094193055,0.259241457103823,0.795448946002405,0.958703918408374,29.9796899634931,46.7655136106057,49.5215556536373,21.7327695130245,45.4404306623758,26.0637991109986,46.2700867403535,35.4736104104307,51.0762300262367,32.0146728679744,"DNAJC17"
"ENSG00000116459",1038.71343906086,-0.0427202411755438,0.164820592716763,-0.259192376822457,0.795486812596264,0.958703918408374,1197.25342499369,1073.00872895445,1124.13931333757,833.995030062317,1136.01076655939,956.63795996295,1035.40231837848,879.170290442296,1123.67706057721,1027.83949734023,"ATP5F1"
"ENSG00000105866",39.9769572921619,-0.0771008107297262,0.297724101829721,-0.258967313213436,0.795660460643087,0.958703918408374,39.6505576936521,32.4760511184761,58.6005075234708,33.5046863325795,42.6864651676863,37.647709826998,29.682697154189,43.1435802289022,38.5677655300155,43.8095523456491,"SP4"
"ENSG00000129116",604.751971783717,0.129790112267088,0.501329695153887,0.258891730375652,0.795718778925867,0.958703918408374,574.449543171448,239.023736231984,487.787323188327,987.935480779574,440.63447915031,366.823839339981,180.715244438739,514.8467240649,1475.99881055411,779.304536917797,"PALLD"
"ENSG00000243364",12.1006840306079,-0.183064835482261,0.707415025170954,-0.258779965039648,0.795805017028668,0.958703918408374,7.73669418412724,10.3923363579124,5.77751482625769,28.0714939543234,16.5237929681366,2.89597767899985,18.3334305952344,22.0511632281056,4.16948816540708,5.0549483475749,"EFNA4"
"ENSG00000267080",44.7231912071719,-0.0800038423543346,0.309203822584085,-0.258741440146906,0.795834743403516,0.958703918408374,31.9138635095249,46.7655136106057,47.0454778709554,58.8595840977748,52.3253443990994,46.3356428639976,44.5240457312835,54.6485349566095,26.0593010337942,38.7546039980742,"ASB16-AS1"
"ENSG00000122068",906.26757775115,-0.0710884756633496,0.274805374338826,-0.258686628070453,0.795877037719978,0.958703918408374,1307.5013171175,727.463545053866,901.292312896199,795.962683414524,817.927751922763,1018.41881711495,529.050425748193,732.482117664029,1269.60914636646,962.967660213018,"FYTTD1"
"ENSG00000223768",57.3998836665548,-0.108037298603433,0.417662485563521,-0.258671301200696,0.795888864408602,0.958703918408374,53.1897725158748,32.4760511184761,30.5382926530763,123.152360573806,68.849137367236,69.5034642959964,50.6351892630283,63.2772510023899,38.5677655300155,43.8095523456491,"LINC00205"
"ENSG00000136682",139.273931534779,-0.0615890153019044,0.238312099162924,-0.258438474245483,0.796068526681426,0.958833734340303,166.338924958736,131.203246518644,160.945055874321,112.285975817293,172.12284341809,117.769758945994,122.222870634896,123.678263322853,108.406692300584,177.765683556384,"CBWD2"
"ENSG00000145194",35.0138400383885,-0.0964286353311933,0.373294918109449,-0.258317567834986,0.79616182908089,0.958839451917573,50.2885121968271,27.27988293952,43.7440408273796,24.4493657021526,23.4087067048602,30.8904285759984,56.7463327947731,27.8036405919592,38.5677655300155,26.9597245203995,"ECE2"
"ENSG00000168288",968.731706323437,-0.048884765133607,0.189326156946025,-0.25820396886598,0.79624949504813,0.958839451917573,1112.14978896829,824.891698409294,1210.80203573143,805.018004044951,906.054647752826,1105.29814748494,834.607602335432,859.995365896117,1084.06692300584,944.432849605244,"MMADHC"
"ENSG00000084092",231.226133892133,0.0620885385927718,0.240510771604269,0.258152839386881,0.796288953245785,0.958839451917573,247.574213892072,224.734273739855,230.275233789413,197.405989743306,356.638531562282,162.174750023992,250.556884801537,231.057840781454,197.008315815484,214.835304771933,"NOA1"
"ENSG00000262454",31.8654537680534,-0.114081723433383,0.442217706881418,-0.257976380543203,0.79642513598351,0.958877132391128,25.1442560984135,29.8779670289981,19.8086222614549,57.9540520347321,57.8332753884782,25.0984732179987,20.9524921088393,17.2574320915609,34.3982773646084,30.3296900854494,"MIR193BHG"
"ENSG00000204386",114.187741370231,0.0778489734222095,0.301826806877292,0.257925974924616,0.796464037836764,0.958877132391128,91.873243436511,93.5310272212113,85.0120038720774,171.145559915068,140.452240229161,76.260745546996,151.905567789085,136.141964277869,92.7711116803075,102.783949734023,"NEU1"
"ENSG00000151846",14.3145162058239,0.138892489402927,0.53885013429558,0.257757176927303,0.796594315784158,0.958947413089026,10.637954503175,2.59808408947809,18.983263000561,20.8272374499818,22.0317239575155,14.4798883949993,13.9683280725595,10.5462085003983,19.8050687856836,9.26740530388731,"PABPC3"
"ENSG00000072506",291.990842113896,0.0669862265835502,0.260321581026355,0.257321065427797,0.796930931975747,0.958961424366164,381.999275341283,239.023736231984,342.524093270991,172.051091978111,239.594998037981,339.794714335982,364.049550391083,245.439034191088,306.45738015742,288.974547203032,"HSD17B10"
"ENSG00000183770",40.4116676662693,-0.186531033846687,0.725957195174143,-0.256944948113562,0.797221271511466,0.958961424366164,23.2100825523817,66.2511442816913,68.5048186541983,16.2995771347684,72.9800856092701,38.613035719998,27.0636356405841,36.4323566377396,0,54.7619404320614,"FOXL2"
"ENSG00000012174",102.768268801508,-0.0954120757218514,0.371426206605412,-0.256880300918598,0.797271178014476,0.958961424366164,109.280805350797,59.7559340579961,64.3780223497285,193.783861491135,70.2261201145807,117.769758945994,73.3337223809376,144.77068032365,104.237204135177,90.1465788650857,"MBTPS2"
"ENSG00000221823",346.849282223716,-0.0530144618202815,0.206413853441512,-0.256835774035406,0.797305552470978,0.958961424366164,399.406837255569,366.329856616411,378.839900750325,274.376215101935,258.872756500807,384.19970541398,304.684156082705,306.79879273886,420.075932664763,374.908669111805,"PPP3R1"
"ENSG00000198954",173.809384205196,-0.0843234652854899,0.328451370924227,-0.256730440942331,0.797386870480289,0.958961424366164,176.009792688895,203.94960102403,197.260863353655,143.074065960745,133.567326492438,158.313446451992,92.5401734807069,116.96703973169,228.279477056038,288.132055811769,"KIF1BP"
"ENSG00000158623",67.4163600087994,0.0930587733864173,0.36264863086277,0.256608643923522,0.797480901516349,0.958961424366164,64.7948137920657,59.7559340579961,59.4258667843648,75.1591612325432,86.7499130827173,34.7517321479982,52.3812302720983,98.7508614128206,39.6101375713672,102.783949734023,"COPG2"
"ENSG00000058262",2211.24048855647,-0.0758360425183915,0.29562105095296,-0.256531266206948,0.797540641014714,0.958961424366164,1765.90044752704,1539.36482301577,1710.14438857227,4109.30450208772,1956.69248397685,2204.80433961189,2334.45682912651,2682.57194401041,2141.03217293653,1668.13295469972,"SEC61A1"
"ENSG00000121989",138.354715511552,-0.109889185029751,0.428391596685268,-0.256515734388891,0.79755263250424,0.958961424366164,98.6428508476224,113.016657892297,61.9019445670466,305.164305245386,148.71413671323,92.6712857279952,183.334305952344,188.873006779861,83.3897633081416,107.838898081598,"ACVR2A"
"ENSG00000064490",161.511906792769,0.0773427253667902,0.301578123198509,0.256459999639565,0.79759566344685,0.958961424366164,198.252788468261,175.370676039771,175.801522570412,76.0646932955859,191.400601880916,142.868232163993,228.731372188162,131.348233141324,164.69478253358,130.586165645685,"RFXANK"
"ENSG00000166478",75.0089555567328,0.0633334013276519,0.246981716427197,0.256429513260431,0.797619201224474,0.958961424366164,50.2885121968271,84.437732908038,82.5359260893955,75.1591612325432,72.9800856092701,76.260745546996,73.3337223809376,60.4010123204631,93.8134837216593,80.8791735611984,"ZNF143"
"ENSG00000145246",106.60655410085,-0.102171507965483,0.398456333806414,-0.256418330684943,0.797627835059939,0.958961424366164,90.9061566634951,57.157849968518,74.282333480456,221.855355445459,77.1110338513043,79.1567232259959,78.5718454081474,114.090801049764,166.779526616283,106.153915299073,"ATP10D"
"ENSG00000185379",63.44128062915,-0.0740177690599138,0.288681472100845,-0.256399444416222,0.797642416813978,0.958961424366164,62.8606402460339,71.4473124606475,70.9808964368801,56.1429879086467,67.4721546198913,96.532589299995,43.6510252267486,46.978565138138,63.5846945224579,54.7619404320614,"RAD51D"
"ENSG00000154262",61.7838813096132,0.142401123981233,0.555775398818325,0.256220632082676,0.797780478152464,0.958961424366164,30.946776736509,58.4568920132571,60.2512260452587,83.3089497999274,33.0475859362733,39.5783616129979,103.016419535127,126.55450200478,9.38134837216593,73.296751039836,"ABCA6"
"ENSG00000244586",23.0997702735296,0.1385512825797,0.540901977261603,0.2561485969808,0.797836098377517,0.958961424366164,17.4075619142863,41.5693454316495,14.0311074351972,14.488513008683,41.3094824203416,20.2718437529989,9.60322554988468,9.58746227308938,23.9745569510907,38.7546039980742,"WNT5A-AS1"
"ENSG00000213995",293.578127449502,0.0444213473066123,0.173476446052594,0.256065583065639,0.797900196910199,0.958961424366164,258.212168395247,355.937520258499,259.162807920702,280.714939543234,323.590945626009,293.459071471985,336.985914750499,278.036405919592,269.974358710108,279.707141899144,"NAXD"
"ENSG00000147044",195.028215518736,0.0490453901677606,0.191770413338372,0.255750557731873,0.798143453602688,0.959012913221238,212.759090063499,170.174507860815,158.468978091639,222.760887508501,190.023619133571,240.366147356988,186.826387970484,182.161783188698,180.330363153856,206.410390859308,"CASK"
"ENSG00000153904",5615.50303394506,0.0651798364407698,0.254949878764385,0.255657452188893,0.798215351721352,0.959012913221238,4531.76861835253,6512.09777027684,6523.63959810582,4288.59985057018,5630.48245389256,5607.57811243671,4327.56264097985,4010.43546883329,8674.62012812943,6048.24569787337,"DDAH1"
"ENSG00000111790",427.322106674809,-0.0556263106709908,0.217624138978524,-0.255607263661501,0.798254109100163,0.959012913221238,453.56369654446,315.667216871588,463.026545361509,515.24774387129,404.832927719348,535.755870614972,375.398816950038,392.127206969356,494.084347600739,323.516694244794,"FGFR1OP2"
"ENSG00000160908",130.28690926058,-0.0522828309364965,0.204637000891177,-0.255490603892792,0.798344199873689,0.959012913221238,121.852933400004,128.605162429166,129.581403960351,153.034918654214,110.158619787578,139.006928591993,152.77858829362,101.627100094747,122.999900879509,143.223536514622,"ZNF394"
"ENSG00000100084",174.111006720234,0.0660182398732267,0.258405667589083,0.255482940792959,0.798350117814081,0.959012913221238,197.285701695245,138.997498787078,212.94268931064,127.680020889019,172.12284341809,190.16920092099,241.826679756187,191.749245461788,142.804969665192,125.53121729811,"HIRA"
"ENSG00000012963",190.363519730733,-0.0960816378791846,0.376236637660988,-0.255375548953741,0.798433053943924,0.959012913221238,236.936259388897,279.294039618895,189.83263000561,86.9310780520981,114.289568029612,243.262125035987,110.000583571406,138.059456732487,269.974358710108,235.055098162233,"UBR7"
"ENSG00000113083",4154.59829787004,0.0988050098317362,0.387068098411215,0.255265185214947,0.798518287570056,0.959012913221238,2585.99003104453,2920.24651657338,3853.60238911388,6580.50150213122,2405.58885961123,2950.03592900785,3103.58789362182,8999.750835749,4067.33570535461,4079.34331649294,"LOX"
"ENSG00000166788",64.8768457589338,-0.0653509377840897,0.256304659237801,-0.254973662899576,0.798743441035926,0.959065533385514,63.8277270190498,58.4568920132571,64.3780223497285,79.6868215477566,53.7023271464441,82.0527009049957,61.984455821983,49.8548038200648,79.2202751427345,55.6044318233239,"SAAL1"
"ENSG00000101407",60.4449015167973,-0.0628384131402984,0.246648149712604,-0.254769448761396,0.798901173136983,0.959065533385514,59.9593799269861,46.7655136106057,75.9330520022439,64.2927764760309,61.9642236305124,58.8848794729969,48.0161277494234,55.6072811839184,69.8389267705686,63.1868543446862,"TTI1"
"ENSG00000122884",1073.01312184922,0.0999092149563136,0.392240899954829,0.254713914249685,0.798944068624967,0.959065533385514,763.031463909549,559.887121282529,690.000342107346,2101.73991832208,782.126200491801,1765.58105829691,1169.84747607686,1336.49224086866,809.923076130325,751.502321006135,"P4HA1"
"ENSG00000108262",560.011908574834,0.0632049208825193,0.248168138852297,0.254685880205344,0.798965722669889,0.959065533385514,506.753469060334,702.781746203824,613.241930844209,358.590696964905,761.47145928163,659.317584918966,564.844266434126,488.001829700249,526.397880882644,418.718221457454,"GIT1"
"ENSG00000116273",230.885750285933,-0.053384370437111,0.209821795718314,-0.254427192629595,0.799165545313656,0.959065533385514,194.384441376197,205.248643068769,210.466611527959,333.23579919971,234.087067048602,231.678214319988,196.429613520369,222.429124735674,240.787941552259,240.110046509808,"PHF13"
"ENSG00000170549",105.913945907666,0.103002865084933,0.40504637291591,0.254298944447817,0.799264615214308,0.959065533385514,88.0048963444474,180.566844218727,94.9163150028048,43.4655390260491,85.3729303353726,129.353669661993,173.731080402459,116.008293504381,54.203346150292,93.5165444301356,"IRX1"
"ENSG00000176531",29.1987479890753,0.112777292777337,0.4434851712823,0.254297776070509,0.799265517784054,0.959065533385514,23.2100825523817,42.8683874763885,32.1890111748642,13.5829809456403,38.5555169256522,27.0291250039986,38.4129021995387,27.8036405919592,10.4237204135177,37.9121126068117,"PHLDB3"
"ENSG00000260032",5581.9654184499,0.0464097342782024,0.18256458798134,0.254209947237665,0.799333366195482,0.959065533385514,4854.77560053985,5005.20899837954,5733.77078543031,6304.3142229032,5473.50642069526,6344.12176879567,4711.69166297524,5381.44257388507,4777.19106551516,7233.63108537968,"NORAD"
"ENSG00000189114",113.16507209825,-0.0824366397632507,0.324521257710328,-0.254025392188128,0.799475941247437,0.959065533385514,117.98458630794,170.174507860815,133.708200264821,47.0876672782198,126.682412755714,102.324544657995,120.476829625826,85.3284142304955,103.194832093825,124.688725906847,"BLOC1S3"
"ENSG00000144566",763.661387851004,-0.054236144886644,0.213513145461984,-0.254017825316056,0.79948178705612,0.959065533385514,888.752744401617,756.042470038125,938.433479636427,540.602641636485,644.427925757329,892.926451024954,646.908193860414,665.369881752403,892.270467397115,770.879623005172,"RAB5A"
"ENSG00000136986",264.435388615504,-0.097617056285824,0.384622045013686,-0.253799951280355,0.799650111084416,0.959065533385514,206.956569425404,140.296540831817,188.181911483822,565.052007338638,184.515688144192,278.013857183986,261.033130855956,345.148641831218,307.499752198772,167.655786861234,"DERL1"
"ENSG00000008018",883.1756918614,0.0565514040768501,0.22288634720774,0.253723051166259,0.799709524411184,0.959065533385514,1103.44600801115,853.470623393553,940.084198158215,553.280090519083,861.991199837795,824.388312621957,1058.97387200092,710.430954435923,943.346697423351,982.344962212055,"PSMB1"
"ENSG00000147118",21.9112637472368,-0.0989677400321207,0.390191745053373,-0.253638733486233,0.799774669910545,0.959065533385514,26.1113428714294,14.2894624921295,22.2847000441368,28.0714939543234,26.1626721995497,13.5145625019993,31.428738163259,15.339939636943,20.8474408270354,21.0622847815621,"ZNF182"
"ENSG00000011454",374.935232619533,-0.0738981339490485,0.291375135226044,-0.253618531628375,0.799790278470504,0.959065533385514,257.245081622231,563.784247416746,293.002537617354,432.844326134405,446.142410139689,246.158102714987,362.303509382013,491.836814609485,271.01673075146,385.018565806955,"RABGAP1"
"ENSG00000167543",137.07847453365,0.0764108248112465,0.301348579164282,0.253562917147821,0.799833248295645,0.959065533385514,108.313718577781,171.473549905554,89.1388001765472,162.995771347684,128.059395503059,164.105401809991,186.826387970484,170.656828460991,94.855855763011,94.3590358213981,"TP53I13"
"ENSG00000161533",221.986136880791,-0.0724549196900584,0.285802549418148,-0.253513902649105,0.799871119230637,0.959065533385514,155.700970455561,274.097871439939,207.990533745277,277.998343354106,172.12284341809,164.105401809991,170.238998384319,305.840046511551,187.626967443319,304.139392245756,"ACOX1"
"ENSG00000107949",357.467157950891,0.0752745468619785,0.297036030268292,0.25341890946357,0.799944516827539,0.959065533385514,520.292683882557,245.51894645568,403.600678577144,215.51663100416,312.575083647251,393.85296434398,364.922570895618,240.645303054543,482.618255145869,395.128462502105,"BCCIP"
"ENSG00000125814",127.518121900781,-0.082293069111,0.324733556403513,-0.253417201543356,0.799945836488258,0.959065533385514,135.392148222227,72.7463545053866,119.677092829623,199.217053869392,97.7657750614751,167.966705381991,77.6988249036124,107.379577458601,149.059201913303,148.278484862197,"NAPB"
"ENSG00000182218",52.0000702330065,0.0809678398366737,0.319600192494991,0.253341023372327,0.800004697746064,0.959065533385514,68.6631608841293,55.858807923779,36.315807479334,39.8434107738783,79.8649993459938,43.4396651849978,39.2859227040737,60.4010123204631,54.203346150292,42.1245695631242,"HHIPL1"
"ENSG00000150455",59.7425109155585,-0.0755275613540255,0.298350016416368,-0.253150853689318,0.800151642785479,0.959065533385514,38.6834709206362,81.8396488185599,64.3780223497285,61.5761802869029,77.1110338513043,45.3703169709976,56.7463327947731,72.8647132754793,54.203346150292,44.6520437369116,"TIRAP"
"ENSG00000078369",6246.82595453663,0.0506283178335791,0.200034971824188,0.253097332790771,0.800192999920092,0.959065533385514,6749.298588878,6231.5046886132,7033.71162133829,4447.97349366569,6773.37813418868,7401.15362163062,5112.40807455679,5455.26603338786,7479.01939669895,5784.54589240821,"GNB1"
"ENSG00000132832",25.8206225184678,0.219306366072611,0.867299275375049,0.252861235215233,0.800375445978937,0.959170394736372,17.4075619142863,2.59808408947809,70.9808964368801,2.71659618912807,28.9166376942391,16.4105401809991,80.3178864172174,22.0511632281056,4.16948816540708,12.6373708689372,"LINC01260"
"ENSG00000174206",35.470837886481,0.0849832356084785,0.336671931348675,0.252421505018383,0.800715279603636,0.959417740104072,45.4530783317476,22.0837147605638,42.0933223055917,26.260429828238,45.4404306623758,35.7170580409981,29.682697154189,25.8861481373413,45.8643698194779,36.2271298242868,"C12orf66"
"ENSG00000099864",771.530564436356,0.199639546389426,0.791010749586924,0.252385377181891,0.800743201705617,0.959417740104072,663.421526288911,865.162001796205,1112.58428368505,192.878329428093,268.51163573222,228.782236640988,1464.92840660968,1814.90660829582,138.635481499785,965.495134386806,"PALM"
"ENSG00000107821",55.8923714522648,0.0851975348987674,0.337663475503129,0.252314926190404,0.800797651858629,0.959417740104072,45.4530783317476,64.9521022369523,70.1555371759862,35.3157504586649,49.5713789044099,54.0582500079972,65.4765378401228,76.699698184715,67.754182687865,29.4871986941869,"KAZALD1"
"ENSG00000196453",169.090510398692,0.0797483485363941,0.316511439781939,0.251960398623623,0.801071673763349,0.959573640468995,174.075619142863,239.023736231984,174.150804048625,67.9149047282017,172.12284341809,179.550616097991,208.651900583858,134.224471823251,144.889713747896,196.300494164159,"ZNF777"
"ENSG00000110619",959.092104031003,0.0604739931887794,0.240382772471661,0.251573740359903,0.801370558073611,0.959658033423455,711.775864939706,885.946674512029,987.12967602917,1154.55338037943,1118.10999084391,1229.82518768194,1119.21228681383,856.160380986882,926.668744761723,601.538853361413,"CARS"
"ENSG00000175183",213.592611949538,0.10110228543493,0.402168443496985,0.251392885418391,0.801510367743882,0.959658033423455,84.1365492523838,137.698456742339,146.08858917823,450.049435332216,274.019566721599,192.09985270699,208.651900583858,255.985242691486,217.85575664252,169.340769643759,"CSRP2"
"ENSG00000131508",1325.48891755805,0.0389212694722276,0.154924605446672,0.251227165368673,0.80163848298743,0.959658033423455,1319.1063583937,1256.17365726266,1431.17295839012,1209.79083622503,1228.26861063149,1435.43960289093,1514.69057536817,1461.12925041882,1316.51588822728,1082.60143777229,"UBE2D2"
"ENSG00000162927",40.6184475541618,-0.0727133630461926,0.289705142498401,-0.25099092967117,0.801821121853413,0.959658033423455,48.3543386507953,27.27988293952,44.5694000882736,46.1821352151771,41.3094824203416,46.3356428639976,31.428738163259,37.3911028650486,47.9491139021814,35.3846384330243,"PUS10"
"ENSG00000138119",1964.81566215261,-0.0621055685938265,0.247447351421921,-0.250984980186475,0.801825721667011,0.959658033423455,1886.78629415403,2216.16572832481,2041.11345219075,1918.82244158746,2318.83894652851,1688.35498685691,1192.54600919477,1444.83056455457,2277.58291035362,2663.11528778071,"MYOF"
"ENSG00000172466",232.385590073409,-0.0813610045437662,0.324225989592371,-0.250939181791244,0.801861130691478,0.959658033423455,187.614833965086,192.258222621379,204.689096701701,376.701338225759,137.698274734472,248.088754500987,139.683280725595,221.470378508365,306.45738015742,309.194340593331,"ZNF24"
"ENSG00000078142",242.494144739553,-0.0605462176558253,0.241399152259014,-0.250813712845441,0.80195813907812,0.959658033423455,198.252788468261,188.361096487162,220.370922658686,386.662190919228,239.594998037981,225.886258961988,223.493249160953,220.511632281056,256.423522172535,265.384788247682,"PIK3C3"
"ENSG00000164241",17.8309917562782,-0.128901087377064,0.513936806106886,-0.250811161694179,0.801960111574504,0.959658033423455,12.5721280492068,19.4856306710857,22.2847000441368,20.8272374499818,15.1468102207919,3.8613035719998,18.3334305952344,33.5561179558128,18.7626967443319,13.4798622601997,"C5orf63"
"ENSG00000068079",139.896249160875,-0.0813147850954671,0.324550971124873,-0.250545499258977,0.802165523076547,0.959658033423455,178.911053007943,154.586003323946,154.34218178717,90.5532063042689,194.154567375605,83.9833526909956,206.032839070253,124.637009550162,93.8134837216593,117.948794776748,"IFI35"
"ENSG00000133275",846.541121186456,0.0532288640279733,0.212481458246529,0.250510630279162,0.802192484958665,0.959658033423455,871.345182487331,1015.85087898593,851.770757242562,573.201795906022,995.558526330232,790.601906366959,962.068595997538,966.41619712741,670.245222589188,768.352148831385,"CSNK1G2"
"ENSG00000151292",610.111341335083,0.0449915868979098,0.17964358369505,0.250449172592127,0.802240006707622,0.959658033423455,663.421526288911,587.167004222049,685.873545802877,457.293691836558,722.915942355978,583.05683937197,611.11435317448,635.648748705826,634.804573183228,519.817188408952,"CSNK1G3"
"ENSG00000106028",508.671322437531,-0.0532876440402746,0.212775383251324,-0.250440832139556,0.802246455963638,0.959658033423455,591.857105085734,527.411070164053,595.084027104542,365.834953469246,464.043185855171,535.755870614972,508.970954143888,364.323566377396,585.813087239694,547.619404320614,"SSBP1"
"ENSG00000178741",602.381511087679,0.0411965119687194,0.164507506279515,0.250423296179095,0.802260015691241,0.959658033423455,663.421526288911,628.736349653698,571.148608538617,506.192423240863,531.515340475062,558.923692046971,663.495583446578,657.699911933932,694.219779540279,548.461895711877,"COX5A"
"ENSG00000148484",871.433605245703,-0.0736501608853474,0.294153385741606,-0.250380122940499,0.802293399765429,0.959658033423455,1181.78003662544,987.271954001675,883.959768417426,540.602641636485,706.392149387841,953.741982283951,591.90790207471,578.12397506729,1141.39738528019,1149.15825768203,"RSU1"
"ENSG00000167186",140.768250897729,0.0582881998055017,0.232935716367866,0.250232985797032,0.802407177524237,0.9597080554785,142.161755633338,177.968760129249,134.533559525715,95.0808666194824,187.269653638882,142.868232163993,137.06421921199,133.265725595942,134.465993334378,123.003743124323,"COQ7"
"ENSG00000108187",102.001642878506,0.0832285988979741,0.332819832684765,0.250071031604673,0.802532417808303,0.959746929029203,93.8074169825428,128.605162429166,105.645985394426,67.009372665159,77.1110338513043,99.4285669789949,71.5876813718676,122.719517095544,72.9660428946239,181.135649121434,"PBLD"
"ENSG00000076321",107.663011335068,-0.0629020751144824,0.251603424574595,-0.250004844810184,0.802583601969161,0.959746929029203,120.885846626988,107.820489713341,113.899578003366,99.6085269346958,103.273706050854,103.289870550995,75.0797633900075,94.9158765035849,96.9405998457146,160.915855731134,"KLHL20"
"ENSG00000159217",56.7778359493652,-0.17777166356468,0.711794537265619,-0.249751373827054,0.802779626235927,0.959836314974867,14.5063015952386,81.8396488185599,7.4282333480456,140.357469771617,45.4404306623758,38.613035719998,20.0794716043043,26.8448943646503,148.016829871951,44.6520437369116,"IGF2BP1"
"ENSG00000129103",727.463051498895,-0.0571653801912971,0.229184009023182,-0.249430055940399,0.803028138405151,0.959836314974867,617.968447957164,532.607238343009,755.203723717969,1072.14996264254,787.63413148118,677.658776885965,821.512294767408,780.419429029476,585.813087239694,643.663422924537,"SUMF2"
"ENSG00000231106",109.29031294972,0.257817520203501,1.03366672672902,0.249420353327373,0.803035642864429,0.959836314974867,146.030102725402,170.174507860815,66.0287408715164,9.05532063042689,192.777584628261,1.9306517859999,75.9527838945425,225.3053634176,176.160874988449,29.4871986941869,"LINC01436"
"ENSG00000151116",214.741126179431,-0.0595299028554594,0.238698404005636,-0.249393803462773,0.803056177876799,0.959836314974867,247.574213892072,205.248643068769,272.368556095005,154.8459827803,203.793446607019,172.793334846991,171.985039393389,193.666737916405,260.593010337942,264.54229685642,"UEVLD"
"ENSG00000175886",7.91373430778076,-0.16316660972969,0.654543111475267,-0.249283212777124,0.803141715786847,0.959836314974867,5.80252063809543,5.19616817895618,9.90431113072746,12.6774488825976,8.26189648406832,0.96532589299995,12.2222870634896,8.62871604578044,10.4237204135177,5.0549483475749,"RPL7AP66"
"ENSG00000135900",117.459516874366,-0.0680671150129354,0.273064734784899,-0.249270983551039,0.803151174797346,0.959836314974867,134.425061449211,126.007078339687,150.2153854827,72.4425650434151,134.944309239783,82.0527009049957,110.000583571406,107.379577458601,106.321948217881,150.805959035984,"MRPL44"
"ENSG00000198951",115.409467448932,-0.053620534605135,0.215121630401417,-0.24925682510438,0.8031621260493,0.959836314974867,121.852933400004,96.1291113106894,99.0431113072746,153.940450717257,126.682412755714,111.977803587994,122.222870634896,110.255816140528,112.576180465991,99.413984168973,"NAGA"
"ENSG00000124226",560.574407117321,-0.0534848787399594,0.214659192158171,-0.249161837432748,0.803235597956081,0.959838112170975,622.803881822243,701.482704159085,613.241930844209,355.874100775777,545.285167948509,585.95281705097,521.193241207378,470.744397608689,573.304622743473,615.861207012875,"RNF114"
"ENSG00000197410",19.2043277825738,-0.193860559772199,0.779107875794813,-0.248823771129807,0.803497102582026,0.959965032975023,18.3746486873022,3.89712613421714,1.65071852178791,58.8595840977748,28.9166376942391,26.0637991109986,17.4604100906994,10.5462085003983,5.21186020675885,21.0622847815621,"DCHS2"
"ENSG00000114850",2427.96986568213,-0.0746667682547358,0.300183666573937,-0.248736945307265,0.803564268563138,0.959965032975023,2094.70995035245,1948.56306710857,2133.55368941087,3837.64488317492,1878.2044673782,3472.27723712082,1696.27884031145,2070.89185098731,3356.4379731527,1791.13669782404,"SSR3"
"ENSG00000174586",10.7066814204623,0.137720357410312,0.554074462759986,0.248559294222463,0.803701698897736,0.959965032975023,6.76960741111134,20.7846727158247,9.07895186983351,4.52766031521344,9.63887923141304,7.7226071439996,15.7143690816295,14.3811934096341,8.33897633081416,10.1098966951498,"ZNF497"
"ENSG00000172572",6.27407883448671,0.209506259290049,0.844680985705926,0.248030040731837,0.804111163730392,0.960368101609407,3.86834709206362,2.59808408947809,6.60287408715164,9.96085269346958,0,1.9306517859999,15.7143690816295,8.62871604578044,4.16948816540708,9.26740530388731,"PDE3A"
"ENSG00000160917",245.140712945782,0.0471881042934696,0.190427133254708,0.24780136888556,0.804288095740859,0.96049340373351,219.528697474611,187.062054442423,265.765682007854,287.959196047575,225.825170564534,250.019406286987,293.33488952375,246.397780418397,252.254034007128,223.260218684558,"CPSF4"
"ENSG00000132507",5176.34518468832,-0.0852005424603281,0.344073426533376,-0.247623140556783,0.804426004657066,0.96057208560402,6155.50731024624,6017.16275123126,7411.72616282772,1859.05732542664,3921.64686443776,6303.57808128967,5244.23417074157,3872.3760121008,6839.00296330896,4139.16020527258,"EIF5A"
"ENSG00000164764",5.63265300403011,0.202727998611908,0.819565722057218,0.247360270391781,0.804629418555861,0.960576511832901,3.86834709206362,2.59808408947809,2.47607778268187,11.771916819555,0,4.82662946499975,8.73020504534971,10.5462085003983,7.29660428946239,4.21245695631242,"SBSPON"
"ENSG00000182257",16.4556386498425,0.116041532217221,0.469159628993133,0.247339125206188,0.804645781674827,0.960576511832901,12.5721280492068,11.6913784026514,21.4593407832428,16.2995771347684,24.785689452205,11.5839107159994,23.5715536224442,19.1749245461788,16.6779526616283,6.73993113009986,"PRR34"
"ENSG00000136504",139.928686035765,-0.0741885319736905,0.30006136013257,-0.247244536720468,0.8047189796512,0.960577913864499,139.26049531429,188.361096487162,146.08858917823,104.136187249909,130.813360997748,192.09985270699,91.667152976172,87.2459066851134,133.423621293027,186.190597469009,"KAT7"
"ENSG00000118855",272.354778453678,0.0722638980899617,0.292499953926872,0.247056100761057,0.804864807267993,0.960591968234812,263.047602260326,148.090793100251,228.624515267626,416.544748999637,192.777584628261,307.938959866984,232.223454206302,332.684940876201,299.160775867958,302.454409463231,"MFSD1"
"ENSG00000110696",1666.54929713043,0.0551594078005724,0.223444526832605,0.246859516240894,0.805016948163122,0.960591968234812,2060.86191329689,1545.86003323946,1860.35977405497,1046.79506487735,1582.15317669908,1858.2523440249,1453.57914005073,1404.56322300759,1886.6933948467,1966.37490720664,"C11orf58"
"ENSG00000104221",26.7681332457095,0.104537019846288,0.423530628310033,0.246822810107997,0.805045356629635,0.960591968234812,15.4733883682545,44.1674295211276,27.2368556095005,16.2995771347684,33.0475859362733,15.4452142879992,30.555717658724,23.9686556827235,21.8898128683872,39.5970953893367,"BRF2"
"ENSG00000153094",38.4120073382921,0.0959037576061931,0.388676160723285,0.246744635502539,0.805105860201393,0.960591968234812,32.8809502825408,32.4760511184761,26.4114963486066,55.237455845604,64.7181891252018,19.306517859999,45.3970662358185,39.3085953196665,27.101673075146,41.2820781718617,"BCL2L11"
"ENSG00000233117",125.612749964017,-0.137930950072101,0.559369719895867,-0.246582796969736,0.805231119537751,0.960591968234812,93.8074169825428,313.06913278211,89.1388001765472,36.2212825217076,169.368877923401,168.932031274991,48.8891482539584,44.1023264562111,97.9829718870663,194.615511381634,"LINC00702"
"ENSG00000232956",132.82884043216,0.109039561595168,0.442206241766835,0.246580783571713,0.805232677893427,0.960591968234812,90.9061566634951,63.6530601922132,89.1388001765472,263.509830345422,77.1110338513043,168.932031274991,220.874187647348,159.151873733284,125.084644962212,69.9267854747861,"SNHG15"
"ENSG00000157259",457.178493176409,0.0566466023310038,0.229731182198868,0.246577768802702,0.805235011304534,0.960591968234812,429.386527219062,323.461469140022,389.569571141947,642.927764760309,392.440082993245,386.13035719998,485.399400521444,543.609110884168,460.728442277482,518.132205626427,"GATAD1"
"ENSG00000100802",48.3995776537206,0.0845241666511344,0.342918339047746,0.24648482459658,0.805306950351161,0.960591968234812,43.5189047857157,40.2703033869104,51.1722741754252,50.7097955303906,89.5038785774068,38.613035719998,53.2542507766332,49.8548038200648,29.1864171578495,37.9121126068117,"C14orf93"
"ENSG00000069482",20.3992823227763,0.25986914667584,1.0554143130615,0.246224770177718,0.805508241872864,0.960711360663959,8.70378095714315,19.4856306710857,42.0933223055917,2.71659618912807,1.37698274734472,46.3356428639976,1.74604100906994,0,38.5677655300155,42.9670609543866,"GAL"
"ENSG00000143951",42.0243926539717,0.0720982388562383,0.292919426578634,0.246136760877769,0.805576367172584,0.960711360663959,27.0784296444454,57.157849968518,36.315807479334,43.4655390260491,38.5555169256522,52.1275982219973,38.4129021995387,41.2260877742843,43.7796257367743,42.1245695631242,"WDPCP"
"ENSG00000175592",941.139974362991,-0.110686383859722,0.449926295797125,-0.246010035185032,0.805674464236725,0.960711360663959,1087.00553286988,1400.36732422869,1006.11293902973,446.427307080046,422.733703434829,2052.28284851789,861.671237976017,364.323566377396,880.804374942245,889.670909173182,"FOSL1"
"ENSG00000152433",18.4962296949291,-0.135495490777132,0.551412948699325,-0.24572417295738,0.805895758494933,0.960864628200154,14.5063015952386,6.49521022369523,9.90431113072746,47.0876672782198,12.3928447261025,16.4105401809991,20.9524921088393,24.9274019100324,14.5932085789248,17.6923192165121,"ZNF547"
"ENSG00000135604",17.2925940726454,-0.16350001348579,0.665990897050971,-0.245498871245498,0.80607018205267,0.960986682581251,11.6050412761909,31.1770090737371,30.5382926530763,0.905532063042689,13.7698274734472,25.0984732179987,9.60322554988468,17.2574320915609,9.38134837216593,23.5897589553495,"STX11"
"ENSG00000067048",233.544853152492,-0.370169110129192,1.51067557130371,-0.24503547761068,0.806428961383304,0.961183694854468,230.166651977786,0,265.765682007854,584.973712725577,207.924394849053,215.267674138989,153.651608798155,315.427508784641,0,362.271298242868,"DDX3Y"
"ENSG00000100614",836.020340955785,0.0388684895632353,0.158635030752109,0.245018325264948,0.806442242251229,0.961183694854468,735.953034265104,875.554338154117,857.548272068819,821.317581179719,844.090424122313,922.851553707952,658.257460419368,823.563009258378,876.634886776838,944.432849605244,"PPM1A"
"ENSG00000006327",929.888727653657,0.0790820663960206,0.322775794925406,0.245006185839606,0.806451641705143,0.961183694854468,883.917310536538,465.057052016578,818.756386806803,1429.83512754441,490.20585805472,1148.73781266994,967.306719024748,1068.04329722216,1124.71943261856,902.308280042119,"TNFRSF12A"
"ENSG00000131653",1391.92311267931,0.0578469545666063,0.236277978076351,0.244825840467932,0.806591284886331,0.961264227194084,1359.72400286036,1614.70926161063,1418.79256947671,1040.45634043605,2087.5058449746,1240.44377250494,1571.43690816295,1329.7810172775,1248.76170553942,1007.61970394993,"TRAF7"
"ENSG00000197111",3158.61878324342,0.0644135119516079,0.263549839935007,0.244407327158661,0.806915367575171,0.961507730076358,2553.10908076199,2629.26109855183,2967.16654291377,4147.33684873552,3578.77816034893,2554.25231287787,4163.43478612728,4335.45043989102,2544.43015293967,2112.96840928631,"PCBP2"
"ENSG00000119943",74.7665433931042,-0.0958905239012147,0.39238962842278,-0.244375786094676,0.806939793262704,0.961507730076358,95.7415905285746,66.2511442816913,26.4114963486066,122.246828510763,101.896723303509,55.9889017939971,63.7304968310529,92.039637821658,67.754182687865,55.6044318233239,"PYROXD2"
"ENSG00000101843",339.463571485831,0.0862120340261997,0.3531427887344,0.244127975358546,0.807131706704879,0.9615192704359,402.308097574617,402.703033869104,382.141337793901,123.152360573806,253.364825511428,343.656017907982,254.921987324212,314.468762557332,345.025145687436,572.894146058489,"PSMD10"
"ENSG00000181038",117.857654030781,-0.0546498693781958,0.224048624051582,-0.243919683102423,0.807293024612903,0.9615192704359,151.832623363497,102.624321534385,107.296703916214,120.435764384678,118.420516271646,97.4979151929949,139.683280725595,112.173308595146,93.8134837216593,134.798622601997,"METTL23"
"ENSG00000158270",185.764585003934,-0.144512472148855,0.592477911929062,-0.243911999484223,0.807298975568044,0.9615192704359,299.796899634931,216.940021471421,59.4258667843648,211.894502751989,326.344911120699,43.4396651849978,226.985331179092,262.696466282649,28.1440451164978,181.978140512696,"COLEC12"
"ENSG00000101412",143.754978631157,0.133821661752353,0.548679179222344,0.243897831045862,0.807309949039605,0.9615192704359,92.8403302095269,197.454390800335,169.198648483261,84.2144818629701,61.9642236305124,410.263504524979,96.0322554988468,47.9373113654469,200.13543193954,77.5092079961484,"E2F1"
"ENSG00000136861",465.929486561517,-0.075553019863329,0.310329339472469,-0.243460769747914,0.807648472126755,0.961774926589208,414.880225623823,553.391911058834,443.217923100054,510.720083556077,576.955771137438,356.205254516982,509.843974648423,227.222855872218,730.70280098759,336.154065113731,"CDK5RAP2"
"ENSG00000175467",388.804930139231,0.0538802980086111,0.22133387255462,0.243434488299185,0.807668829406848,0.961774926589208,406.17644466668,413.095370227017,411.02891192519,289.77026017366,524.630426738338,310.834937545984,452.224621349115,303.922554056933,366.914958555823,409.450816153567,"SART1"
"ENSG00000168394",156.000198216801,0.0821693396378882,0.337831892395326,0.243225525734956,0.80783069381805,0.961787511544854,172.141445596831,115.614741981775,104.820626133532,209.177906562861,227.202153311879,170.862683060991,149.28650627548,146.688172778268,195.965943774133,68.2418026922611,"TAP1"
"ENSG00000124562",403.848842739708,0.0654440230059415,0.269073107275258,0.243220229879729,0.807834796145342,0.961787511544854,457.432043636523,424.786748629668,483.660526883858,206.461310373733,297.428273426459,437.292629528977,411.192657635971,349.942372967762,495.126719642091,475.16514467204,"SNRPC"
"ENSG00000101337",202.764009230418,-0.0886575723734497,0.364754966715481,-0.243060631008775,0.807958428666017,0.961787511544854,157.635144001593,135.100372652861,118.026374307836,430.127729945277,159.729998691988,218.163651817989,193.810552006764,266.531451191885,169.906642740338,178.608174947646,"TM9SF4"
"ENSG00000237973",10.6803983958919,-0.177511176327192,0.730539109521209,-0.242986547898211,0.808015818431936,0.961787511544854,4.83543386507953,7.79425226843427,1.65071852178791,31.6936222064941,8.26189648406832,5.7919553579997,13.9683280725595,10.5462085003983,6.25423224811062,16.0073364339872,"MTCO1P12"
"ENSG00000148634",674.573968636056,-0.0598465640157397,0.246327394659943,-0.242955372862033,0.808039969023026,0.961787511544854,675.993654338118,879.451464288334,694.95249767271,517.058807997375,476.436030581273,643.872370630967,576.193532993081,554.155319384566,767.185822434902,960.440186039231,"HERC4"
"ENSG00000171469",226.32650681184,-0.062274829751334,0.256815223273973,-0.242488856219004,0.808401390687525,0.962074937304044,223.397044566674,207.846727158247,195.610144831867,300.636644930173,305.690169910528,245.192776821987,213.017003106533,210.924170007966,230.364221138741,130.586165645685,"ZNF561"
"ENSG00000108559",137.692974754309,0.0661994584046873,0.273062712674675,0.242433167664151,0.808444536683649,0.962074937304044,111.214978896829,167.576423771337,143.612511395548,114.097039943379,104.650688798199,203.683763422989,120.476829625826,102.585846322056,179.287991112504,129.743674254422,"NUP88"
"ENSG00000081177",85.1841516713893,-0.073141872664667,0.301784782272293,-0.242364350229803,0.808497855387548,0.962074937304044,82.202375706352,66.2511442816913,65.2033816106225,136.735341519446,88.1268958300621,97.4979151929949,59.365394308378,102.585846322056,90.6863675976039,63.1868543446862,"EXD2"
"ENSG00000198689",74.1572698915632,0.0764500805113002,0.315880457158053,0.242022191556623,0.808762967933801,0.962304550212606,70.5973344301611,45.4664715658666,48.6961963927434,122.246828510763,59.2102581358229,74.3300937609961,81.1909069217523,80.5346830939508,75.0507869773274,84.2491391262483,"SLC9A6"
"ENSG00000187699",25.2174862642256,-0.141632753984514,0.58578817288718,-0.241781518541843,0.808949460171709,0.962440584327394,32.8809502825408,3.89712613421714,48.6961963927434,20.8272374499818,24.785689452205,7.7226071439996,30.555717658724,42.1848340015933,22.9321849097389,17.6923192165121,"C2orf88"
"ENSG00000256269",170.62143649743,-0.0546856156999426,0.226359890460129,-0.24158703906766,0.80910016597697,0.962461361455758,220.495784247626,179.267802173988,169.198648483261,129.491085015105,152.845084955264,148.660187521992,192.064510997694,145.729426550959,216.813384601168,151.648450427247,"HMBS"
"ENSG00000166402",292.180102036137,-0.0718693615356527,0.297506100999303,-0.241572731766671,0.809111253253502,0.962461361455758,264.014689033342,323.461469140022,362.332715532446,253.548977651953,417.22577244545,188.23854913499,223.493249160953,233.934079463381,215.771012559816,439.780506239016,"TUB"
"ENSG00000198763",1150.79957615706,0.142236589313558,0.590352815072328,0.240934887887562,0.809605581854779,0.962690047063085,638.277270190498,378.021235019062,330.969063618476,2986.44474391479,572.824822895403,834.041571551957,1499.84922679108,2438.09165604663,489.914859435332,1339.56131210735,"MT-ND2"
"ENSG00000196268",35.8683362970963,-0.0917294789306474,0.380747988072248,-0.240919142856354,0.809617785205589,0.962690047063085,26.1113428714294,33.7750931632152,23.9354185659247,65.1983085390736,34.424568683618,31.8557544689983,26.1906151360491,41.2260877742843,27.101673075146,48.864500693224,"ZNF493"
"ENSG00000250305",72.5070694287455,0.136222827168149,0.565520198498703,0.240880568951882,0.809647682508566,0.962690047063085,15.4733883682545,149.38983514499,16.5071852178791,93.269802493397,52.3253443990994,100.393892871995,48.8891482539584,56.5660274112273,106.321948217881,85.9341219087733,"KIAA1456"
"ENSG00000137831",524.144008375982,0.0679969388757466,0.282320264811829,0.240850365173282,0.80967109260958,0.962690047063085,578.317890263511,432.581000898102,401.124600794462,625.722655562498,458.535254865792,785.775276901959,533.415528270867,292.417599329226,472.194534732352,661.355742141049,"UACA"
"ENSG00000111412",339.991703733657,-0.0612108289876871,0.254174343693471,-0.240822217137329,0.809692909515478,0.962690047063085,301.731073180962,375.423150929584,409.378193403402,307.880901434514,349.753617825559,416.055459882978,194.683572511299,260.778973828031,421.118304706115,363.11378963413,"C12orf49"
"ENSG00000112139",89.8773586038676,0.0905440690345962,0.376066898413949,0.240765856863402,0.809736593533305,0.962690047063085,93.8074169825428,111.717615847558,85.8373631329713,55.237455845604,55.0793098937888,78.1913973329959,63.7304968310529,143.811934096341,153.22869007871,58.1319059971113,"MDGA1"
"ENSG00000112245",2148.40275324906,0.0518834980624493,0.215807609117109,0.24041551766738,0.810008149571375,0.962760245245426,2068.59860748102,2109.64428065621,2572.64481620646,1658.02920743116,1746.0141236331,2756.00542451486,1653.50083558924,2207.03381526518,2669.51479790188,2043.04162381152,"PTP4A1"
"ENSG00000108784",135.61486330704,0.0804000089255813,0.334484003614183,0.240370266012243,0.810043226847716,0.962760245245426,99.6099376206383,106.521447668602,96.5670335245927,221.855355445459,100.519740556165,139.006928591993,178.969203429669,201.336707734877,93.8134837216593,117.948794776748,"NAGLU"
"ENSG00000179941",73.6636435782746,-0.0611499985054045,0.254418015332669,-0.240352470423318,0.810057021382273,0.962760245245426,88.9719831174633,71.4473124606475,78.4091297849257,63.3872444129882,67.4721546198913,83.9833526909956,49.7621687584934,64.2359972296989,77.1355310600309,91.8315616476107,"BBS10"
"ENSG00000121644",1245.92824893232,-0.0458857921809964,0.190938469623756,-0.240317167469784,0.810084387204332,0.962760245245426,1195.31925144766,1223.69760614418,1349.46239156162,1310.30489522277,1101.58619787578,1579.27316094792,900.084140175555,1176.38162090807,1443.6852772722,1179.48794776748,"DESI2"
"ENSG00000081386",90.1350152525342,0.0538145125588466,0.224085402367508,0.240151799226033,0.810212578944131,0.962826799017899,87.0378095714315,113.016657892297,85.0120038720774,68.8204367912444,81.2419820933385,90.7406339419953,77.6988249036124,101.627100094747,95.8982278043628,100.256475560235,"ZNF510"
"ENSG00000132254",511.705724944017,0.0471728354893899,0.196677969934025,0.239848090282882,0.810448024211456,0.96290557762142,541.568592888907,448.169505434971,475.406934274918,540.602641636485,636.166029273261,498.108160787974,657.384439914833,451.56947306251,419.033560623411,449.047911542903,"ARFIP2"
"ENSG00000152359",24.9301942238289,-0.0927596940334212,0.387207938179828,-0.239560414152309,0.810671056127072,0.96290557762142,19.3417354603181,27.27988293952,32.1890111748642,25.3548977651953,8.26189648406832,25.0984732179987,31.428738163259,25.8861481373413,29.1864171578495,25.2747417378745,"POC5"
"ENSG00000205643",95.4973492199679,-0.053036471830899,0.221487555344878,-0.239455764222581,0.810752193798724,0.96290557762142,112.182065669845,94.8300692659503,94.0909557419109,89.6476742412262,90.8808613247515,99.4285669789949,121.349850130361,96.8333689582027,74.0084149359756,81.7216649524609,"CDPF1"
"ENSG00000233608",1903.00555872597,0.130289307091501,0.544364536370785,0.23934201878786,0.810840385745718,0.96290557762142,1823.925653908,3120.29899146319,2025.43162623377,234.532804328056,1880.95843287289,891.961125131954,2584.14069342351,3205.08863789378,724.44856873948,2539.26905326512,"TWIST2"
"ENSG00000115649",268.06841701919,-0.0424874919859331,0.177532145870041,-0.239322809836564,0.810855279545865,0.96290557762142,270.784296444454,339.049973676891,244.306341224611,239.06046464327,261.626721995497,287.667116113985,285.477704982936,232.016587008763,241.830313593611,278.864650507882,"CNPPD1"
"ENSG00000112249",253.005993081287,-0.0548938253849449,0.229592283746018,-0.239092640611869,0.811033748252932,0.96290557762142,246.607127119056,289.686375976807,264.114963486066,235.438336391099,232.710084301258,226.851584854988,203.413777556648,180.24429073408,310.626868322827,340.366522070043,"ASCC3"
"ENSG00000168826",22.9042047782707,-0.103519501357867,0.433007053099289,-0.23907116666326,0.811050399232986,0.96290557762142,13.5392148222227,22.0837147605638,14.8564666960912,45.2766031521344,17.9007757154814,18.341191966999,30.555717658724,22.0511632281056,20.8474408270354,23.5897589553495,"ZBTB49"
"ENSG00000152217",121.575804794373,0.067753234565339,0.283550864330321,0.238945611135258,0.811147757169754,0.96290557762142,115.083325988893,128.605162429166,106.47134465532,122.246828510763,177.630774407469,99.4285669789949,104.762460544197,143.811934096341,67.754182687865,149.963467644722,"SETBP1"
"ENSG00000150867",608.030115551954,-0.0740843164946735,0.310104358492546,-0.238901242326313,0.811182162213243,0.96290557762142,748.525162314311,526.112028119314,721.363994021317,510.720083556077,553.547064432577,764.53810725596,391.986206536202,437.188279652876,1023.60934460744,402.710885023467,"PIP4K2A"
"ENSG00000170881",427.204672750143,-0.0574208740107218,0.240380310834045,-0.238875113404626,0.811202423614862,0.96290557762142,404.242271120648,307.872964603154,423.409300838599,613.045206679901,425.487668929518,562.784995618971,405.081514104227,432.394548516331,374.211562845285,323.516694244794,"RNF139"
"ENSG00000154518",1087.89968667295,0.0672678523178858,0.281625435940806,0.238855741467985,0.811217445464068,0.96290557762142,1395.50621346195,1048.32693010441,1321.40017669122,465.443480403942,970.772836878027,1057.99717872795,1122.70436883197,1018.18849340209,1221.66003246427,1256.99715576362,"ATP5G3"
"ENSG00000151461",197.506740402953,0.0544065164046669,0.227971567977966,0.238654832649682,0.811373243070007,0.962982856641671,176.976879461911,161.081213547642,239.354185659247,194.689393554178,150.091119460574,215.267674138989,237.461577233512,148.605665232885,228.279477056038,223.260218684558,"UPF2"
"ENSG00000077549",3884.35940007886,-0.0611418917882407,0.256268192214281,-0.238585566394118,0.811426958306898,0.962982856641671,4534.66987867158,4818.14694393712,4526.27018674245,2055.5577831069,3757.78591750374,4581.43668817776,3360.2559219551,3094.83282175325,4458.22522086152,3656.41263807918,"CAPZB"
"ENSG00000169925",265.170136139053,-0.0605168209673223,0.253840911108603,-0.238404521568357,0.811567360815618,0.962997942030306,284.323511266676,400.104949779626,227.799156006732,176.578752293324,297.428273426459,253.880709858987,318.652484155264,243.52154173647,230.364221138741,219.047761728246,"BRD3"
"ENSG00000227039",6.55530302379369,-0.2318529700423,0.97285692434185,-0.23832175548234,0.811631548961015,0.962997942030306,10.637954503175,0,3.30143704357582,14.488513008683,12.3928447261025,1.9306517859999,3.49208201813988,15.339939636943,3.12711612405531,0.842491391262483,"ITGB2-AS1"
"ENSG00000267532",7.89255815966748,0.150781706873434,0.633081678903067,0.238171016312921,0.811748455986467,0.962997942030306,7.73669418412724,1.29904204473905,7.4282333480456,12.6774488825976,11.0158619787578,5.7919553579997,9.60322554988468,12.4637009550162,4.16948816540708,6.73993113009986,"MIR497HG"
"ENSG00000170606",534.059327579552,-0.050839459776373,0.213538119721563,-0.238081424724839,0.811817941481843,0.962997942030306,681.796174976213,488.439808821881,537.308878841965,474.498801034369,444.765427392344,414.124808096979,524.685323225518,477.455621199851,584.770715198343,712.747717008061,"HSPA4"
"ENSG00000175741",46.663695052017,0.0756655057176165,0.317908179901204,0.238010565632917,0.811872899466803,0.962997942030306,65.7619005650816,35.0741352079542,37.9665260011219,41.6544748999637,42.6864651676863,60.8155312589968,37.5398816950038,48.8960575927558,62.5423224811062,33.6996556504993,"RWDD4P2"
"ENSG00000119865",517.513849892715,-0.04941716219709,0.207787559403285,-0.237825413316389,0.812016507124254,0.962998877620588,552.206547392082,509.224481537706,597.560104887223,452.766031521344,537.023271464441,539.617174186972,478.415236485164,529.227917474534,642.10117747269,336.996556504993,"CNRIP1"
"ENSG00000132781",56.6230115290038,-0.0676445217739038,0.284495614900672,-0.237769997957687,0.812059489559993,0.962998877620588,50.2885121968271,46.7655136106057,66.8541001324104,67.9149047282017,63.3412063778571,54.0582500079972,63.7304968310529,48.8960575927558,69.8389267705686,34.5421470417618,"MUTYH"
"ENSG00000140403",43.7583615486681,0.0929302968855208,0.391049088929221,0.237643558101579,0.812157563642779,0.962998877620588,50.2885121968271,32.4760511184761,28.8875741312884,56.1429879086467,50.9483616517546,23.1678214319988,30.555717658724,56.5660274112273,74.0084149359756,34.5421470417618,"DNAJA4"
"ENSG00000188933",4.97095546469121,0.243139769951556,1.02362518804823,0.237528123370192,0.812247104086198,0.962998877620588,1.93417354603181,0,5.77751482625769,9.96085269346958,2.75396549468944,9.6532589299995,0,4.79373113654469,11.4660924548695,3.36996556504993,"USP32P1"
"ENSG00000127870",354.725031316632,0.0598595314470071,0.252061516080409,0.237479851656179,0.812284548230343,0.962998877620588,454.530783317476,327.35859527424,397.823163750886,203.744714184605,381.424221014487,341.725366121982,324.763627687009,274.201421010356,426.330164912874,415.348255892404,"RNF6"
"ENSG00000244242",21.6876534416831,-0.123357299476371,0.519710039201761,-0.237357930714287,0.812379123649189,0.962998877620588,11.6050412761909,22.0837147605638,37.141166740228,20.8272374499818,5.50793098937888,16.4105401809991,28.809676649654,18.2161783188698,16.6779526616283,39.5970953893367,"IFITM10"
"ENSG00000182180",736.76815659278,0.0582343754416412,0.245519705598231,0.237188193508737,0.812510795228204,0.96301437030506,799.780761284154,883.348590422551,800.598483067136,393.000915360527,699.507235651118,890.995799238954,739.448367341121,769.873220529077,800.541727758159,590.586465275001,"MRPS16"
"ENSG00000179168",9.70931083652747,-0.168399775522102,0.710083408398154,-0.237154922267494,0.81253660561167,0.96301437030506,15.4733883682545,15.5885045368685,6.60287408715164,4.52766031521344,1.37698274734472,7.7226071439996,13.0953075680246,16.2986858642519,2.08474408270354,14.3223536514622,"GGN"
"ENSG00000187391",48.9976531183337,-0.0813474930626237,0.343282455360674,-0.236969561922863,0.81268040384104,0.963099213259991,48.3543386507953,59.7559340579961,44.5694000882736,50.7097955303906,34.424568683618,55.9889017939971,24.4445741269792,43.1435802289022,51.0762300262367,77.5092079961484,"MAGI2"
"ENSG00000184277",125.099731110152,-0.0744883936610862,0.3149098896133,-0.236538756380614,0.81301463711838,0.963288326213891,105.412458258734,92.2319851764723,96.5670335245927,221.855355445459,78.488016598649,128.388343768993,121.349850130361,155.316888824048,111.533808424639,139.853570949572,"TM2D3"
"ENSG00000114439",513.765205140407,-0.0471925683318522,0.199558743631755,-0.23648459332324,0.813056661032449,0.963288326213891,550.27237384605,571.57849968518,466.327982405085,508.909019429991,389.686117498556,417.020785775978,455.716703367255,543.609110884168,585.813087239694,648.718371272112,"BBX"
"ENSG00000125835",573.727076683837,0.0612658746471733,0.259183390537907,0.236380404315348,0.813137500484713,0.963298529398171,678.894914657166,570.279457640441,681.746749498407,306.069837308429,468.174134097205,646.768348309966,547.383856343427,489.919322154867,751.550241814626,596.483905013838,"SNRPB"
"ENSG00000172171",60.1677880833596,0.05871382855582,0.248705461931671,0.236077760817135,0.813372330542286,0.963419960868667,56.0910328349225,57.157849968518,61.0765853061527,60.6706482238602,55.0793098937888,61.7808571519968,70.7146608673327,41.2260877742843,68.7965547292168,69.0842940835236,"TEFM"
"ENSG00000104472",599.888864433112,0.0523873671868312,0.221959885021439,0.236021780159829,0.813415769432423,0.963419960868667,529.963551612716,746.949175724951,644.605582758179,427.411133756149,553.547064432577,721.098442070963,750.797633900075,593.463914704233,464.897930442889,566.154214928389,"CHRAC1"
"ENSG00000271334",9.43446591539926,-0.190973076855117,0.809476272212752,-0.23592177239869,0.813493373132056,0.963419960868667,7.73669418412724,2.59808408947809,4.95215556536373,25.3548977651953,11.0158619787578,6.75728125099965,19.2064510997694,0.958746227308938,3.12711612405531,12.6373708689372,"LINC02104"
"ENSG00000150477",37.4314596203981,-0.0677645607924022,0.287444698228039,-0.235748167247957,0.813628091044059,0.963419960868667,28.0455164174613,44.1674295211276,33.8397296966522,47.9931993412625,38.5555169256522,37.647709826998,31.428738163259,34.5148641831218,42.7372536954226,35.3846384330243,"KIAA1328"
"ENSG00000179965",55.6851712510477,0.104612926596274,0.444179990119624,0.235519224015697,0.813805759837284,0.963419960868667,64.7948137920657,79.2415647290818,44.5694000882736,25.3548977651953,48.1943961570652,20.2718437529989,74.2067428854726,91.0808915943491,37.5253934886637,71.6117682573111,"ZNF771"
"ENSG00000116863",311.17612704334,0.0585104164621862,0.248631297902415,0.235330052796293,0.813952571240756,0.963419960868667,341.381630874615,398.805907734887,308.684363574339,166.617899599855,322.213962878664,339.794714335982,340.477996768639,277.077659692283,347.109889770139,269.597245203995,"ADPRHL2"
"ENSG00000204315",38.7167957100568,-0.0841524527692945,0.35771796195017,-0.235248049358553,0.814016214241127,0.963419960868667,35.7822106015885,46.7655136106057,59.4258667843648,18.1106412608538,44.063447915031,37.647709826998,37.5398816950038,31.638625501195,45.8643698194779,30.3296900854494,"FKBPL"
"ENSG00000170989",47.2389278517351,-0.115587314364729,0.491356098824271,-0.235241436183063,0.814021346790802,0.963419960868667,26.1113428714294,18.1865886263466,47.0454778709554,105.947251375995,56.4562926411335,64.6768348309966,22.6985331179092,59.4422660931542,40.652509612719,31.1721814767119,"S1PR1"
"ENSG00000112118",99.4329869139235,-0.0924389838258822,0.392998812614073,-0.23521440996479,0.814042322184067,0.963419960868667,69.6302476571452,144.193666966034,122.153170612305,77.8757574216713,52.3253443990994,171.828008953991,80.3178864172174,47.9373113654469,126.127017003564,101.94145834276,"MCM3"
"ENSG00000155868",84.3675746055766,0.0621282923912046,0.264168827554261,0.235184041078592,0.814065892023709,0.963419960868667,96.7086773015905,66.2511442816913,99.0431113072746,67.009372665159,50.9483616517546,86.8793303699955,97.7782965079168,99.7096076401295,91.7287396389557,87.6191046912982,"MED7"
"ENSG00000165280",720.815887108417,0.0595831296329862,0.253602712911693,0.234946735974917,0.814250074585096,0.963419960868667,481.609212961921,863.862959751465,727.966868108468,739.819695505877,637.543012020605,523.206634005973,702.781506150652,667.287374207021,749.465497731922,1114.61611064027,"VCP"
"ENSG00000111011",359.687542802,-0.0659093154407848,0.280621983084618,-0.234868682475638,0.81431065746304,0.963419960868667,313.336114457153,211.743853292464,321.890111748642,630.250315877712,360.769479804317,352.343950944982,386.748083508992,341.313656921982,361.703098349064,316.776763114694,"RSRC2"
"ENSG00000198804",4523.02934791788,-0.130939726709365,0.557847060680283,-0.234723342540672,0.814423469093482,0.963419960868667,2500.88639501913,2040.79505228504,1526.91463265382,13017.0234062387,2921.9573898655,2045.52556726689,5458.12419435264,8410.121905954,2624.69280012376,4684.25213541941,"MT-CO1"
"ENSG00000188820",14.9329629206305,-0.123632021734808,0.526805042910679,-0.234682684607045,0.814455028127292,0.963419960868667,28.0455164174613,10.3923363579124,10.7296703916214,13.5829809456403,13.7698274734472,9.6532589299995,16.5873895861645,28.7623868192681,9.38134837216593,8.42491391262483,"FAM26F"
"ENSG00000089195",78.8906856118727,-0.0792552014122536,0.337718827718463,-0.234678066211707,0.814458612984072,0.963419960868667,97.6757640746064,63.6530601922132,104.820626133532,59.7651161608175,44.063447915031,115.839107159994,55.0002917857032,68.0709821389346,108.406692300584,71.6117682573111,"TRMT6"
"ENSG00000121579",1704.34962076796,-0.0632170159670246,0.269391527504761,-0.234665939766452,0.814468025702498,0.963419960868667,2045.38852492864,1795.27610582936,2032.03450032092,1124.67082229902,1489.89533262699,2211.56162086289,1218.73662433082,1201.3090228181,2321.36253609039,1603.26111757251,"NAA50"
"ENSG00000135148",145.640722156652,0.0603631482676517,0.25742186350647,0.234491147897911,0.814603704599559,0.96343380473829,107.346631804766,145.492709010773,139.485715091078,175.673220230282,172.12284341809,118.735084838994,173.731080402459,152.440650142121,92.7711116803075,178.608174947646,"TRAFD1"
"ENSG00000107679",487.826607283007,-0.0495389695128271,0.21128537168789,-0.23446473893141,0.814624204546277,0.96343380473829,519.325597109541,363.731772526933,571.973967799511,535.169449258229,503.975685528167,538.651848293972,357.938406859338,415.13711642477,482.618255145869,589.743973883738,"PLEKHA1"
"ENSG00000104312",193.881204214113,-0.0484880947257639,0.206929826801348,-0.234321438698697,0.814735443491274,0.963479926391481,237.903346161913,167.576423771337,226.973796745838,157.562578969428,212.055343091087,206.579741101989,149.28650627548,185.038021870625,197.008315815484,198.827968337946,"RIPK2"
"ENSG00000136930",1207.70816130763,-0.0409276601059653,0.174840060147495,-0.234086284753269,0.814917993345096,0.963524935925847,1219.49642077306,1349.70468448387,1422.91936578118,920.926108114415,1324.65740294562,1120.74336177294,1271.99087510745,1095.84693781412,1284.20235494538,1066.5941013383,"PSMB7"
"ENSG00000066027",433.454469366693,-0.0559975574237748,0.239532188550582,-0.233778841009295,0.815156676878321,0.963670942715557,527.062291293669,492.336934956098,482.835167622964,271.659618912807,517.745513001615,415.090133989978,357.938406859338,394.044699423973,525.355508841292,350.476418765193,"PPP2R5A"
"ENSG00000184898",101.363991904868,0.0786415115509092,0.336447109756195,0.233741082239929,0.81518599203096,0.963670942715557,96.7086773015905,118.212826071253,110.59814095979,67.009372665159,118.420516271646,68.5381384029965,57.6193532993081,141.894441641723,81.305019225438,153.333433209772,"RBM43"
"ENSG00000198841",74.3598642741827,-0.0739723050263354,0.316637476622086,-0.233618287435454,0.815281329247589,0.963698226373756,89.9390698904792,96.1291113106894,86.6627223938653,34.4102183956222,72.9800856092701,60.8155312589968,85.5560094444272,55.6072811839184,86.5168794321969,74.981733822361,"KTI12"
"ENSG00000122547",30.1982531794722,0.121534013205064,0.52079345551659,0.233363172900302,0.815479407523614,0.963835572184411,41.5847312396839,27.27988293952,34.6650889575461,10.8663847565123,59.2102581358229,10.6185848229995,30.555717658724,19.1749245461788,20.8474408270354,47.1795179106991,"EEPD1"
"ENSG00000115657",19.5349788954184,-0.171936608271582,0.73710578599448,-0.233259067475112,0.815560241364199,0.963835572184411,12.5721280492068,2.59808408947809,6.60287408715164,61.5761802869029,27.5396549468944,14.4798883949993,23.5715536224442,27.8036405919592,13.550836537573,5.0549483475749,"ABCB6"
"ENSG00000112769",1521.15341769848,0.0702950781947351,0.301534984554697,0.233124120899424,0.815665025087866,0.963835572184411,1571.51600615085,854.769665438292,1262.79966916775,2217.64802239155,1721.2284341809,2009.8085092259,1581.91315421737,1591.51873733284,830.77051695736,1569.56146192201,"LAMA4"
"ENSG00000166704",46.1304841383774,0.083961031016752,0.360363810863891,0.232989630161459,0.815769458141077,0.963848092064808,47.3872518777794,28.578924984259,34.6650889575461,67.009372665159,46.8174134097205,22.2024955389988,54.1272712811682,55.6072811839184,59.4152063570509,45.4945351281741,"ZNF606"
"ENSG00000164031",199.157968226098,-0.0607259251284884,0.260912767529025,-0.232744168495829,0.815960069376184,0.963987903735509,221.462871020642,163.67929763712,160.945055874321,270.754086849764,148.71413671323,211.406370566989,129.207034671176,231.057840781454,220.982872766575,233.370115379708,"DNAJB14"
"ENSG00000132004",53.3980746375471,-0.0809759271303397,0.348487401335668,-0.23236400174003,0.816255306229833,0.964251286021903,74.4656815222247,58.4568920132571,65.2033816106225,22.6383015760672,63.3412063778571,39.5783616129979,63.7304968310529,55.6072811839184,43.7796257367743,47.1795179106991,"FBXW9"
"ENSG00000189376",46.5995401649823,-0.0642632043708772,0.276902532079103,-0.232078789198356,0.816476818928569,0.964427538220735,58.9922931539702,50.6626397448228,50.3469149145313,31.6936222064941,39.9324996729969,45.3703169709976,47.1431072448884,48.8960575927558,54.203346150292,38.7546039980742,"C8orf76"
"ENSG00000126456",165.351488197967,-0.0629686416840138,0.271491211953106,-0.23193620607834,0.816587562796086,0.964438570116194,153.766796909529,135.100372652861,127.105326177669,262.60429828238,144.583188471196,192.09985270699,181.588264943274,195.584230371023,131.338877210323,129.743674254422,"IRF3"
"ENSG00000164062",382.38034430696,0.0370089887257315,0.159603671972573,0.231880559315022,0.816630784458437,0.964438570116194,393.604316617474,426.085790674407,392.045648924629,295.203452551917,386.932152003866,394.81829023698,393.732247545272,374.869774877795,403.397980003135,363.11378963413,"APEH"
"ENSG00000146063",328.662981313926,-0.0393679733902496,0.169892364516811,-0.231723029473489,0.81675314323503,0.964497668791003,336.546197009535,375.423150929584,336.746578444734,287.959196047575,363.523445299006,356.205254516982,306.430197091775,327.891209739657,260.593010337942,335.311573722468,"TRIM41"
"ENSG00000153993",61.2026256251639,-0.12642740659822,0.5466439794527,-0.231279244536452,0.817097870069897,0.964701289852152,88.0048963444474,38.9712613421714,23.1100593050307,107.75831550208,39.9324996729969,131.284321447993,32.3017586677939,68.0709821389346,17.7203247029801,64.8718371272112,"SEMA3D"
"ENSG00000133193",250.206138404608,0.061998513383247,0.268120494574025,0.23123377226999,0.817133194382627,0.964701289852152,260.146341941279,292.284460066285,262.464244964278,160.279175158556,296.051290679115,345.586669693982,158.01671132083,209.965423780657,267.889614627405,249.377451813695,"FAM104A"
"ENSG00000155970",43.5172258400341,-0.0919546455330586,0.39769037597625,-0.231221701826021,0.817142571152415,0.964701289852152,52.2226857428589,27.27988293952,40.4426037838038,60.6706482238602,22.0317239575155,28.9597767899985,29.682697154189,62.318504775081,67.754182687865,43.8095523456491,"MICU3"
"ENSG00000094841",65.5771494292514,-0.0699906704477159,0.30292766232232,-0.231047471568459,0.817277922610851,0.96477568187829,80.2682021603202,77.9425226843427,65.2033816106225,47.0876672782198,56.4562926411335,55.0235759009971,45.3970662358185,51.7722962746827,90.6863675976039,85.9341219087733,"UPRT"
"ENSG00000164308",42.6711679151723,-0.186446863845911,0.808625059028949,-0.230572700863128,0.817646777736076,0.964850251566061,8.70378095714315,5.19616817895618,22.2847000441368,147.601726275958,59.2102581358229,12.5492366089993,41.9049842176786,55.6072811839184,6.25423224811062,67.3993113009986,"ERAP2"
"ENSG00000168096",181.490048252294,0.0660657784124759,0.286608382180127,0.230508884317818,0.817696360665332,0.964850251566061,153.766796909529,154.586003323946,136.184278047503,261.698766219337,170.745860670745,138.041602698993,241.826679756187,242.562795509161,125.084644962212,190.403054425321,"ANKS3"
"ENSG00000129460",97.3169497417381,-0.0662593560691856,0.287709094326694,-0.230299831933529,0.817858791198894,0.964850251566061,81.2352889333361,74.0453965501256,90.7895186983351,153.940450717257,68.849137367236,120.665736624994,117.857768112221,90.1221453670402,81.305019225438,94.3590358213981,"NGDN"
"ENSG00000132967",21.5189263866221,-0.100795602774853,0.437839270978037,-0.230211425644158,0.817927483898834,0.964850251566061,29.0126031904772,18.1865886263466,28.0622148703945,14.488513008683,16.5237929681366,30.8904285759984,17.4604100906994,9.58746227308938,19.8050687856836,31.1721814767119,"HMGB1P5"
"ENSG00000172062",50.912113763036,-0.0682127216284185,0.296401702240973,-0.230136065726647,0.817986040522159,0.964850251566061,63.8277270190498,49.3635977000837,53.6483519581071,41.6544748999637,75.7340511039596,55.0235759009971,45.3970662358185,33.5561179558128,47.9491139021814,42.9670609543866,"SMN1"
"ENSG00000189266",44.6501612977969,-0.267235874396203,1.16223947270977,-0.229931851972933,0.818144725044055,0.964850251566061,101.54411116667,53.2607238343009,5.77751482625769,38.0323466477929,107.404654292888,1.9306517859999,3.49208201813988,2.87623868192681,69.8389267705686,62.3443629534237,"PNRC2"
"ENSG00000137776",423.583059662257,0.0617402143011538,0.268595897074534,0.229862834740254,0.818198356645595,0.964850251566061,476.773779096841,246.817988500419,416.806426751447,509.814551493034,404.832927719348,354.274602730982,662.622562942043,362.406073922779,423.203048788818,378.278634676855,"SLTM"
"ENSG00000177576",34.7353614355881,0.191486574151109,0.833050595196699,0.22986187784416,0.8181991002321,0.964850251566061,37.7163841476203,74.0453965501256,12.3803889134093,4.52766031521344,8.26189648406832,11.5839107159994,16.5873895861645,122.719517095544,7.29660428946239,52.234466258274,"C18orf32"
"ENSG00000073536",190.55845073316,0.0538346348019297,0.234387652873058,0.229682042300607,0.818338850056512,0.964850251566061,179.878139780958,210.444811247725,171.674726265943,182.917476734623,264.380687490186,173.758660739991,236.588556728977,196.542976598332,142.804969665192,146.593502079672,"NLE1"
"ENSG00000005469",60.6380566157098,0.0804657341935823,0.350650478463695,0.22947561499453,0.818499271399585,0.964850251566061,61.893553473018,41.5693454316495,58.6005075234708,72.4425650434151,49.5713789044099,42.4743392919978,46.2700867403535,69.9884745935525,48.9914859435332,114.578829211698,"CROT"
"ENSG00000162999",15.7545792522419,-0.100349243862148,0.43738596982319,-0.229429498853642,0.818535110784493,0.964850251566061,16.4404751412704,23.3827568053028,18.983263000561,7.24425650434151,15.1468102207919,12.5492366089993,12.2222870634896,20.1336707734877,14.5932085789248,16.8498278252497,"DUSP19"
"ENSG00000132386",216.731795824129,-0.116277889211031,0.506972598387339,-0.229357345112747,0.818591186178615,0.964850251566061,121.852933400004,113.016657892297,146.08858917823,527.925192753888,192.777584628261,180.515941990991,310.79529961445,378.704759787031,84.4321353494933,111.208863646648,"SERPINF1"
"ENSG00000065923",56.8973044617899,-0.0750220024184765,0.32719879457429,-0.229285693170373,0.818646872510607,0.964850251566061,53.1897725158748,64.9521022369523,62.7273038279406,54.3319237825613,37.1785341783074,103.289870550995,47.1431072448884,46.019818910829,52.1186020675885,48.0220093019615,"SLC9A7"
"ENSG00000145687",262.216401284348,-0.0411978694720996,0.179773039837442,-0.229166005700034,0.81873989305101,0.964850251566061,260.146341941279,272.7988293952,313.636519139703,220.044291319373,268.51163573222,295.389723257985,221.747208151883,238.727810599926,248.084545841721,283.077107464194,"SSBP2"
"ENSG00000177409",72.1669481904978,-0.0673321188825801,0.293916929825457,-0.229085541015161,0.81880243126089,0.964850251566061,65.7619005650816,97.4281533554284,87.4880816547592,47.0876672782198,64.7181891252018,53.0929241149972,71.5876813718676,71.9059670481704,61.4999504397544,101.098966951498,"SAMD9L"
"ENSG00000161956",178.602903195006,0.0640408304171036,0.279591377889746,0.22905152118946,0.818828872262982,0.964850251566061,213.726176836515,222.136189650377,167.547929961473,93.269802493397,159.729998691988,176.654638418991,254.921987324212,179.285544506771,155.313434161414,163.443329904922,"SENP3"
"ENSG00000078124",167.325973953739,0.0623126952422525,0.272056130748263,0.229043525212491,0.818835086952705,0.964850251566061,146.030102725402,127.306120384426,129.581403960351,249.021317336739,122.55146451368,178.585290204991,164.127854852575,232.016587008763,174.076130905746,149.963467644722,"ACER3"
"ENSG00000153485",49.1367842507479,0.0610346737402653,0.266496209502012,0.229026423506427,0.818848378899743,0.964850251566061,42.5518180126998,44.1674295211276,47.0454778709554,57.9540520347321,39.9324996729969,65.6421607239966,52.3812302720983,40.2673415469754,50.0338579848849,51.3919748670115,"TMEM251"
"ENSG00000197782",71.2011271888839,-0.05866997524206,0.256311103411993,-0.228901418865784,0.818945537749935,0.964850251566061,80.2682021603202,77.9425226843427,67.6794593933043,66.1038406021163,63.3412063778571,53.0929241149972,59.365394308378,73.8234595027882,102.152460052473,68.2418026922611,"ZNF780A"
"ENSG00000242372",676.44328127679,-0.05293522901082,0.23131019724906,-0.228849526049311,0.818985871840293,0.964850251566061,718.545472350818,801.508941603991,815.454949763228,431.03326200832,598.987495094953,668.005517955965,865.163319994156,532.104156156461,636.889317265931,696.740380574074,"EIF6"
"ENSG00000161249",39.8057504836939,-0.143622462396837,0.627607416042836,-0.228841244901787,0.818992308470161,0.964850251566061,19.3417354603181,20.7846727158247,103.995266872638,24.4493657021526,13.7698274734472,14.4798883949993,68.0955993537277,27.8036405919592,79.2202751427345,26.117233129137,"DMKN"
"ENSG00000103160",209.267576719731,0.0437988854647891,0.191434053855395,0.228793595406352,0.819029344898665,0.964850251566061,212.759090063499,201.351516934552,208.815893006171,199.217053869392,170.745860670745,252.915383965987,173.731080402459,235.851571917999,241.830313593611,195.458002772896,"HSDL1"
"ENSG00000174136",3117.03066001797,0.0574072561916271,0.250926091732192,0.22878153401798,0.819038719894047,0.964850251566061,3970.85829000331,2281.11783056176,3492.09503284232,2426.82592895441,3289.61178340654,4410.57400511677,2985.7301255096,2150.46778785395,2698.70121505973,3464.32460087133,"RGMB"
"ENSG00000267100",82.9505543513074,-0.0848050480612046,0.370799112737508,-0.228708875366805,0.819095196072329,0.964850251566061,87.0378095714315,75.3444385948647,84.1866446111834,96.8919307455677,89.5038785774068,60.8155312589968,168.492957375249,50.8135500473737,66.7118106465133,49.7069920844865,"ILF3-AS1"
"ENSG00000105617",51.3899984641859,-0.0843216058536325,0.368812723582788,-0.228629872186892,0.819156604796318,0.964850251566061,43.5189047857157,84.437732908038,61.9019445670466,23.5438336391099,57.8332753884782,49.2316205429974,68.0955993537277,37.3911028650486,50.0338579848849,37.9121126068117,"LENG1"
"ENSG00000101474",197.945363986196,-0.079349314143395,0.347340888396255,-0.22844795068547,0.819298015565573,0.964850251566061,212.759090063499,119.511868115992,144.437870656442,341.385587767094,108.781637040233,170.862683060991,240.953659251652,285.706375738064,168.864270698987,186.190597469009,"APMAP"
"ENSG00000126016",46.2129005649796,0.10295658860905,0.450684531758447,0.228444912913567,0.819300376928777,0.964850251566061,28.0455164174613,24.6817988500419,29.7129333921824,94.1753345564397,49.5713789044099,42.4743392919978,38.4129021995387,71.9059670481704,25.0169289924425,58.1319059971113,"AMOT"
"ENSG00000197102",931.016054589679,-0.0495949448913888,0.21744061752106,-0.228085007561135,0.819580155167044,0.964850251566061,800.74784805717,1293.84587656009,822.883183111273,884.704825592707,1129.12585282267,801.220491189958,867.782381507761,737.275848800573,849.533213701692,1123.04102455289,"DYNC1H1"
"ENSG00000196470",152.226845595024,-0.065717177891879,0.288166584475679,-0.22805273557811,0.819605243436824,0.964850251566061,158.602230774609,101.325279489646,181.57903739667,183.823008797666,97.7657750614751,177.619964311991,196.429613520369,188.873006779861,129.254133127619,106.996406690335,"SIAH1"
"ENSG00000180385",18.4953214218244,-0.110882206720314,0.48631227649842,-0.228006184665327,0.819641432485203,0.964850251566061,15.4733883682545,18.1865886263466,20.6339815223489,23.5438336391099,4.13094824203416,32.8210803619983,15.7143690816295,14.3811934096341,15.6355806202765,24.432250346612,"EMC3-AS1"
"ENSG00000134086",798.677217578037,-0.0477758631885725,0.209661238657165,-0.227871701486487,0.819745982931289,0.964850251566061,815.254149652408,844.37732908038,715.586479195059,882.893761466622,878.514992805931,887.134495666954,782.226372063334,1000.93106131053,638.974061348635,540.879473190514,"VHL"
"ENSG00000128512",11.3122991554184,0.134150639579136,0.588934525510072,0.227785320385062,0.819813139359683,0.964850251566061,12.5721280492068,12.9904204473905,9.90431113072746,7.24425650434151,20.6547412101708,8.68793303699955,4.36510252267486,9.58746227308938,5.21186020675885,21.9047761728246,"DOCK4"
"ENSG00000184428",171.702936799294,0.0630030326092852,0.276671837078797,0.227717548972437,0.819865828731005,0.964850251566061,192.450267830165,163.67929763712,154.34218178717,157.562578969428,265.757670237531,125.492366089993,232.223454206302,127.513248232089,165.737154574931,132.27114842821,"TOP1MT"
"ENSG00000079459",474.923021119626,0.0478145749163813,0.210004166253119,0.22768393489275,0.819891962540288,0.964850251566061,537.700245796843,432.581000898102,499.342352840843,392.095383297484,491.582840802065,367.789165232981,403.335473095157,433.35329474364,576.431738867529,615.018715621613,"FDFT1"
"ENSG00000128283",1992.36633154814,0.0581831177652193,0.255702759574095,0.227542001745036,0.820002312963832,0.964850251566061,1986.39623177467,2099.2519442983,2367.95571950476,1323.88787616841,2081.99791398522,2181.63651817989,2926.36473120122,1802.4429073408,1873.14255830913,1280.58691471897,"CDC42EP1"
"ENSG00000213865",24.7118933909984,-0.11296452051213,0.496499192182956,-0.227522063058067,0.820017815213414,0.964850251566061,26.1113428714294,11.6913784026514,11.5550296525154,53.4263917195186,38.5555169256522,25.0984732179987,17.4604100906994,16.2986858642519,25.0169289924425,21.9047761728246,"C8orf44"
"ENSG00000215440",93.7853150260421,0.098260191027563,0.432256996241285,0.227318914169094,0.820175766671706,0.964901539736822,91.873243436511,53.2607238343009,65.2033816106225,149.412790402044,88.1268958300621,44.4049910779977,123.095891139431,170.656828460991,44.8219977781261,106.996406690335,"NPEPL1"
"ENSG00000143443",22.1259763691065,-0.101499097152883,0.446776130423028,-0.227181109825136,0.820282915870488,0.964906795639856,25.1442560984135,23.3827568053028,23.1100593050307,20.8272374499818,20.6547412101708,13.5145625019993,40.1589432086087,29.7211330465771,10.4237204135177,14.3223536514622,"C1orf56"
"ENSG00000158411",98.0757342590519,-0.058871554961072,0.25939900442663,-0.226953665806083,0.820459771365014,0.964978858507061,122.82002017302,62.3540181474742,95.7416742636988,119.530232321635,122.55146451368,73.3647678679962,105.635481048732,93.9571302762759,93.8134837216593,90.9890702563482,"MITD1"
"ENSG00000157680",180.87954470233,-0.0873525543177107,0.384955081918014,-0.226916225868437,0.820488884716958,0.964978858507061,98.6428508476224,284.490207797851,151.040744743594,216.422163067203,126.682412755714,259.672665216987,112.619645085011,117.925785958999,302.287891992013,139.01107955831,"DGKI"
"ENSG00000122390",34.6660900086382,0.105540833040463,0.465547179516884,0.226702765442562,0.820654876589818,0.965025883451659,26.1113428714294,55.858807923779,19.8086222614549,30.7880901434514,74.3570683566149,36.6823839339981,14.8413485770945,24.9274019100324,31.2711612405531,32.0146728679744,"NAA60"
"ENSG00000090020",285.031505942074,0.0694322222956353,0.30641696407373,0.226593924084857,0.820739517294944,0.965025883451659,241.771693253976,211.743853292464,206.339815223489,447.332839143088,267.134652984876,304.077656294984,435.637231762951,320.221239921185,197.008315815484,219.047761728246,"SLC9A1"
"ENSG00000112977",3023.51437440486,0.0484703234005731,0.213916106567109,0.226585665653778,0.820745939566032,0.965025883451659,3019.24490535566,2661.7371496703,3342.70500662052,2826.16556875623,3578.77816034893,4299.56152742178,2230.56738908685,2613.54221564417,2735.18423650704,2927.65758463713,"DAP"
"ENSG00000271147",21.8009889357836,-0.0874123270466127,0.386011175314588,-0.226450249724957,0.82085124915205,0.965064625347399,30.946776736509,24.6817988500419,17.3325444787731,17.2051091978111,30.2936204415838,24.1331473249987,14.8413485770945,14.3811934096341,23.9745569510907,20.2197933902996,"ARMCX5-GPRASP2"
"ENSG00000125304",317.437877988766,-0.0727460343785565,0.321615380953624,-0.226189537835089,0.821054007370057,0.965121396107018,285.290598039692,190.95918057664,236.878107876565,594.934565419047,224.448187817189,360.066558088981,285.477704982936,383.498490923575,274.143846875515,338.681539287518,"TM9SF2"
"ENSG00000174177",92.6198059890366,0.0524506104374442,0.231981659420078,0.226098091411896,0.821125128991987,0.965121396107018,117.98458630794,93.5310272212113,76.7584112631378,75.1591612325432,81.2419820933385,99.4285669789949,110.000583571406,88.2046529124223,80.2626471840863,103.626441125285,"CTU2"
"ENSG00000115266",57.3731538372548,-0.0937971024656807,0.415002086679433,-0.226015977934429,0.821188993253538,0.965121396107018,61.893553473018,98.7271954001675,57.7751482625769,20.8272374499818,66.0951718725465,60.8155312589968,47.1431072448884,66.1534896843167,26.0593010337942,68.2418026922611,"APC2"
"ENSG00000235770",101.469866086836,-0.0868497279875008,0.384697126922102,-0.225761311716495,0.821387069005524,0.965143644814565,98.6428508476224,58.4568920132571,125.454607655881,136.735341519446,176.253791660124,60.8155312589968,58.4923738038431,92.039637821658,68.7965547292168,139.01107955831,"LINC00607"
"ENSG00000205129",26.8853931729684,0.145780087088704,0.646139717690793,0.225616972765116,0.821499338840519,0.965143644814565,18.3746486873022,10.3923363579124,11.5550296525154,60.6706482238602,22.0317239575155,13.5145625019993,75.0797633900075,28.7623868192681,16.6779526616283,11.7948794776748,"C4orf47"
"ENSG00000064652",373.795086873509,0.051901915857345,0.230140592705857,0.22552264790454,0.82157270865213,0.965143644814565,317.204461549217,255.911282813592,452.296874969887,436.466454386576,305.690169910528,400.610245594979,398.970370572482,431.435802289022,441.96574553315,297.399461115657,"SNX24"
"ENSG00000175906",287.823203148258,0.0945328576672804,0.419410310141783,0.225394691979134,0.821672240603572,0.965143644814565,277.553903855565,381.918361153279,383.792056315689,63.3872444129882,371.785341783074,215.267674138989,382.382980986317,216.67664737182,210.559152353057,374.908669111805,"ARL4D"
"ENSG00000213453",5.33887821610033,0.185742637913477,0.824388145556861,0.22530969048325,0.821738361557297,0.965143644814565,1.93417354603181,1.29904204473905,9.90431113072746,6.33872444129882,4.13094824203416,3.8613035719998,9.60322554988468,11.5049547277073,3.12711612405531,1.68498278252497,"FTH1P3"
"ENSG00000196363",595.120911023614,-0.0439630442769955,0.195250809095353,-0.225161905759508,0.821853323335498,0.965143644814565,659.553179196848,650.820064414262,631.399834583876,482.648589601753,570.070857400714,697.930620638964,663.495583446578,503.341769337192,646.270665638097,445.677945977854,"WDR5"
"ENSG00000147509",29.5631061067462,-0.0927461376207705,0.412175915923036,-0.225015907135362,0.821966899462732,0.965143644814565,19.3417354603181,41.5693454316495,34.6650889575461,28.0714939543234,16.5237929681366,36.6823839339981,32.3017586677939,40.2673415469754,12.5084644962212,33.6996556504993,"RGS20"
"ENSG00000182372",90.9215701536232,0.0729929188271004,0.325368204953771,0.224339433650167,0.822493194442829,0.965143644814565,56.0910328349225,74.0453965501256,67.6794593933043,154.8459827803,72.9800856092701,118.735084838994,77.6988249036124,106.420831231292,81.305019225438,99.413984168973,"CLN8"
"ENSG00000107625",473.918891756713,-0.0385403466562054,0.171857183885027,-0.2242579901809,0.82255656268615,0.965143644814565,447.761175906364,442.973337256015,512.548101015146,520.680936249546,586.594650368851,460.460450960976,472.304092953419,400.755923015136,494.084347600739,401.025902240942,"DDX50"
"ENSG00000171603",353.810294539502,0.0658774390188404,0.293777001683987,0.224243009633899,0.822568218638686,0.965143644814565,253.376734530167,385.815487287497,242.655622702823,495.326038484351,341.491721341491,305.042982187984,407.700575617832,547.444095793404,240.787941552259,318.461745897219,"CLSTN1"
"ENSG00000139160",25.5625416634876,-0.0868117889523913,0.387180277023562,-0.224215421352954,0.822589684425483,0.965143644814565,24.1771693253976,33.7750931632152,24.7607778268187,23.5438336391099,31.6706031889286,19.306517859999,20.0794716043043,15.339939636943,20.8474408270354,42.1245695631242,"ETFBKMT"
"ENSG00000145216",148.515728859179,-0.061782152369194,0.275601708373317,-0.224171877358274,0.82262356524472,0.965143644814565,125.721280492068,157.184087413425,176.626881831306,150.318322465086,126.682412755714,197.89180806499,131.826096184781,97.7921151855117,110.491436383288,210.622847815621,"FIP1L1"
"ENSG00000153046",324.880505158658,0.0503775958518858,0.224866840660654,0.22403301306621,0.822731615325844,0.965143644814565,303.665246726994,359.834646392716,345.000171053673,263.509830345422,378.670255519798,388.06100898598,230.477413197232,269.407689873812,412.779328375301,297.399461115657,"CDYL"
"ENSG00000114098",207.998975261728,0.0455860155298305,0.203537262619662,0.223968893671398,0.822781507657812,0.965143644814565,204.055309106356,198.753432845074,231.925952311201,182.01194467158,154.222067702609,232.643540212988,191.191490493159,192.707991689097,261.635382379294,230.84264120592,"ARMC8"
"ENSG00000185551",411.740429487673,-0.0721593742190676,0.322312912763665,-0.223879873754789,0.822850776673978,0.965143644814565,725.315079761929,302.676796424198,349.952326619037,317.841754127984,519.122495748959,480.732294713975,393.732247545272,233.934079463381,485.745371269925,308.351849202069,"NR2F2"
"ENSG00000163702",130.475921447202,-0.048927548623055,0.218609051055972,-0.223813004936048,0.822902810177202,0.965143644814565,149.898449817465,126.007078339687,137.83499656929,118.624700258592,136.321291987127,110.047151801994,161.50879333897,152.440650142121,104.237204135177,107.838898081598,"IL17RC"
"ENSG00000105664",109.831667070454,-0.129638817374284,0.579605540858532,-0.223667318953264,0.823016177401146,0.965143644814565,78.3340286142883,176.66971808451,47.8708371318494,161.184707221599,41.3094824203416,53.0929241149972,51.5082097675633,63.2772510023899,99.0253439284181,326.044168418581,"COMP"
"ENSG00000179271",507.476252053572,0.0749502641323867,0.335137449755135,0.223640372590853,0.823037146428031,0.965143644814565,551.239460619066,662.511442816913,579.402201147557,174.767688167239,425.487668929518,408.332852738979,700.162444637047,609.762600568485,457.601326153427,505.49483475749,"GADD45GIP1"
"ENSG00000075240",162.538649665878,0.0720857897699929,0.322538688762925,0.223495017129489,0.823150260816,0.965143644814565,149.898449817465,209.145769202986,102.34454835085,169.334495788983,272.642583974255,165.070727702991,174.604100906994,169.698082233682,89.6439955562522,123.003743124323,"GRAMD4"
"ENSG00000185504",505.856387746095,-0.0476325426422535,0.213203186439313,-0.223413840279595,0.823213433551827,0.965143644814565,476.773779096841,601.456466714178,455.598312013463,529.736256879973,644.427925757329,465.287080425976,621.590599228899,480.331859881778,403.397980003135,379.96361745938,"FAAP100"
"ENSG00000146859",85.5783830292338,0.0911880448719428,0.408216199695395,0.223381739725141,0.823238414879775,0.965143644814565,80.2682021603202,132.502288563383,88.3134409156532,28.977026017366,115.666550776956,86.8793303699955,106.508501553266,50.8135500473737,52.1186020675885,113.736337820435,"TMEM140"
"ENSG00000162385",217.46513191812,-0.0806714587682847,0.361394013682725,-0.223223007891624,0.823361945970107,0.965143644814565,291.093118677788,231.22948396355,308.684363574339,67.9149047282017,253.364825511428,235.539517891988,233.096474710837,158.193127505975,226.194732973334,169.340769643759,"MAGOH"
"ENSG00000166848",325.946503067043,0.0625975902245674,0.28043631064327,0.22321499694879,0.823368180503547,0.965143644814565,362.657539880965,298.779670289981,389.569571141947,219.138759256331,312.575083647251,220.094303603989,286.350725487471,293.376345556535,337.728541397973,539.194490407989,"TERF2IP"
"ENSG00000103942",88.4306008370039,-0.1097070670799,0.491809866057199,-0.223068048551797,0.823482545386108,0.965143644814565,104.445371485718,100.026237444907,116.375655786048,48.8987314043052,93.6348268194409,198.85713395799,34.0477996768639,43.1435802289022,105.279576176529,39.5970953893367,"HOMER2"
"ENSG00000221843",31.0810383595805,-0.0766119390355863,0.343503957131539,-0.223030732092117,0.823511588100013,0.965143644814565,37.7163841476203,37.6722192974323,30.5382926530763,22.6383015760672,37.1785341783074,19.306517859999,27.0636356405841,32.5973717285039,23.9745569510907,42.1245695631242,"C2orf16"
"ENSG00000067057",1103.98088968026,-0.0394006073749751,0.176679894298003,-0.223005608711304,0.823531141301153,0.965143644814565,982.56016138416,1400.36732422869,1209.97667647054,897.382274475305,1023.09818127713,1138.11922784694,1222.22870634896,962.581212218174,1087.1940391299,1116.30109342279,"PFKP"
"ENSG00000215021",1546.86734943633,0.0492354016260169,0.220835192341249,0.222950885246293,0.823573732242738,0.965143644814565,1539.60214264132,1500.3935616736,1597.8955290907,1422.59087104006,1904.36713957775,1251.06235732794,2062.0744317116,1706.56828460991,1447.85476543761,1036.26441125285,"PHB2"
"ENSG00000107263",1192.95718104338,0.0660190261915598,0.296273775995195,0.222831149904507,0.823666923346686,0.965143644814565,1054.12458258734,1804.36940014253,1224.00778390574,559.618814960382,1586.28412494112,1414.20243324493,1042.38648241476,1054.62085003983,1113.25334016369,1076.70399803345,"RAPGEF1"
"ENSG00000182916",19.3052642639254,0.154443968631766,0.693452981786137,0.22271728969131,0.823755544091144,0.965143644814565,18.3746486873022,6.49521022369523,24.7607778268187,22.6383015760672,9.63887923141304,15.4452142879992,65.4765378401228,3.83498490923575,14.5932085789248,11.7948794776748,"TCEAL7"
"ENSG00000186106",36.4539798253214,0.0795152629975193,0.357033659077012,0.222710831250697,0.823760570952319,0.965143644814565,29.9796899634931,48.0645556553447,34.6650889575461,28.977026017366,31.6706031889286,27.9944508969985,20.0794716043043,47.9373113654469,43.7796257367743,51.3919748670115,"ANKRD46"
"ENSG00000175582",1885.24035695473,0.0479543521457304,0.215363730777272,0.222666797109512,0.823794844668296,0.965143644814565,2037.65183074451,1900.49851145322,2208.66138215222,1244.20105462065,1885.08938111492,1900.7266833169,1454.45216055526,1726.7019553834,2274.45579422956,2219.96481597664,"RAB6A"
"ENSG00000198870",8.92229290861395,-0.146213186856966,0.656881348687798,-0.222586905761665,0.82385702848904,0.965143644814565,11.6050412761909,7.79425226843427,3.30143704357582,15.3940450717257,5.50793098937888,6.75728125099965,18.3334305952344,11.5049547277073,3.12711612405531,5.89743973883738,"STKLD1"
"ENSG00000005812",617.915167072213,-0.0701939125114135,0.315397913347885,-0.222556680119787,0.823880555053346,0.965143644814565,700.170823663516,809.303193872426,746.124771848135,288.864728110618,590.725598610885,689.242687601964,405.954534608762,459.239442880981,878.719630859542,610.8062586653,"FBXL3"
"ENSG00000068745",324.738549185116,0.0564079282153885,0.253466718502009,0.222545699683019,0.823889101873869,0.965143644814565,305.599420273026,245.51894645568,275.669993138581,440.99411470179,406.209910466692,273.187227718986,405.954534608762,279.95389837421,233.491337262796,380.806108850642,"IP6K2"
"ENSG00000253187",19.0767070540009,0.0854232954909775,0.383998432639576,0.222457406671648,0.823957827086949,0.965143644814565,11.6050412761909,18.1865886263466,23.9354185659247,19.9217053869392,17.9007757154814,18.341191966999,24.4445741269792,20.1336707734877,13.550836537573,22.747267564087,"HOXA10-AS"
"ENSG00000141696",222.840924421535,-0.0849675558671768,0.382268769144575,-0.222271769826538,0.8241023268634,0.965211439213287,233.067912296833,133.801330608122,141.96179287376,413.828152810509,180.384739902158,261.603317002986,270.636356405841,293.376345556535,201.177803980892,98.5714927777105,"P3H4"
"ENSG00000197024",105.007040829697,-0.0540919506325744,0.243454912700443,-0.222184674905827,0.824170123631264,0.965211439213287,88.0048963444474,100.026237444907,94.0909557419109,146.696194212916,123.928447261025,103.289870550995,77.6988249036124,96.8333689582027,99.0253439284181,120.476268950535,"ZNF398"
"ENSG00000169919",88.9307882203945,-0.092662360339707,0.417355614973732,-0.222022555861717,0.824296324463402,0.965211439213287,74.4656815222247,40.2703033869104,57.7751482625769,196.500457680264,85.3729303353726,69.5034642959964,109.127563066871,117.925785958999,62.5423224811062,75.8242252136235,"GUSB"
"ENSG00000196611",55.2525056037204,0.158556893155081,0.714184305503389,0.22201116985247,0.824305188021244,0.965211439213287,43.5189047857157,12.9904204473905,127.105326177669,22.6383015760672,50.9483616517546,51.1622723289973,18.3334305952344,6.71122359116257,75.0507869773274,144.066027905885,"MMP1"
"ENSG00000187479",19.804049760182,0.162406384927989,0.732306956798679,0.221773647539766,0.824490094854072,0.965343200339633,11.6050412761909,25.9808408947809,4.95215556536373,31.6936222064941,5.50793098937888,1.9306517859999,19.2064510997694,30.679879273886,47.9491139021814,18.5348106077746,"C11orf96"
"ENSG00000115935",910.809111134227,-0.0552770965865497,0.249793206430039,-0.221291432927867,0.824865520175152,0.965350702740682,1124.7219170175,1148.35316754932,900.466953635305,554.185622582126,1061.65369820278,844.660156374956,683.575055050882,740.1520874825,969.405998457146,1080.91645498977,"WIPF1"
"ENSG00000135740",36.3621767249131,0.109321837471299,0.494138202523491,0.221237372283721,0.824907611267514,0.965350702740682,29.9796899634931,15.5885045368685,14.0311074351972,78.7812894847139,48.1943961570652,27.9944508969985,43.6510252267486,49.8548038200648,26.0593010337942,29.4871986941869,"SLC9A5"
"ENSG00000204366",42.8950851728343,-0.0671470791957828,0.303567572758919,-0.221193188012569,0.824942013085681,0.965350702740682,59.9593799269861,51.9616817895618,33.0143704357582,31.6936222064941,53.7023271464441,42.4743392919978,43.6510252267486,41.2260877742843,33.3559053232566,37.9121126068117,"ZBTB12"
"ENSG00000136052",107.049305078486,-0.0647926637747798,0.293207199269384,-0.220979102614911,0.825108704468157,0.965350702740682,147.964276271434,68.8492283711694,85.8373631329713,135.829809456403,147.337153965885,98.4632410859949,87.3020504534971,121.760770868235,80.2626471840863,96.8865099951856,"SLC41A2"
"ENSG00000243449",60.1394240983926,0.143993705259168,0.651673609002692,0.220959853629079,0.825123692518915,0.965350702740682,59.9593799269861,133.801330608122,28.0622148703945,5.43319237825613,35.8015514309627,31.8557544689983,61.984455821983,123.678263322853,28.1440451164978,92.6740530388731,"C4orf48"
"ENSG00000267270",11.7475916485402,0.13255796511251,0.60049003145325,0.22074965140005,0.825287368753541,0.965350702740682,18.3746486873022,7.79425226843427,13.2057481743033,4.52766031521344,22.0317239575155,13.5145625019993,4.36510252267486,16.2986858642519,11.4660924548695,5.89743973883738,"PARD6G-AS1"
"ENSG00000224397",12.9805376922808,0.21615517966156,0.979236761442746,0.220738424222443,0.825296111130302,0.965350702740682,6.76960741111134,18.1865886263466,19.8086222614549,2.71659618912807,12.3928447261025,5.7919553579997,51.5082097675633,10.5462085003983,2.08474408270354,0,"SMIM25"
"ENSG00000119446",406.640930757836,-0.0512190001541883,0.232068368957753,-0.220706511551828,0.825320961001572,0.965350702740682,453.56369654446,415.693454316495,499.342352840843,292.486856362789,370.40835903573,496.177509001974,330.874771218754,326.932463512348,521.186020675885,359.74382406908,"RBM18"
"ENSG00000156697",162.505958910131,0.0618391397789243,0.280230790056089,0.220672181549169,0.825347693404928,0.965350702740682,116.050412761909,114.315699937036,172.500085526837,229.0996119498,203.793446607019,173.758660739991,189.445449484089,162.986858642519,159.482922326821,103.626441125285,"UTP14A"
"ENSG00000090339",8.63148915822804,-0.151807428494602,0.688098453434298,-0.220618761366097,0.825389291528921,0.965350702740682,6.76960741111134,3.89712613421714,3.30143704357582,22.6383015760672,5.50793098937888,13.5145625019993,3.49208201813988,9.58746227308938,8.33897633081416,9.26740530388731,"ICAM1"
"ENSG00000023902",651.110791417417,-0.0668461420006227,0.303187600509533,-0.220477822603174,0.825499042441012,0.965350702740682,591.857105085734,502.729271314011,685.873545802877,895.571210349219,728.423873345357,593.675424194969,751.67065440461,542.650364656859,920.414512513613,298.241952506919,"PLEKHO1"
"ENSG00000166123",713.600845202031,-0.0735582906073636,0.33363323646563,-0.220476507036917,0.825500066906236,0.965350702740682,702.104997209547,992.468122180631,745.299412587241,502.570294988692,724.292925103323,1205.69204035694,622.463619733434,453.486965517128,824.51628470925,363.11378963413,"GPT2"
"ENSG00000131043",184.268362081945,0.048691098963858,0.220857414737575,0.220463954183803,0.825509842150219,0.965350702740682,166.338924958736,229.930441918811,190.657989266504,136.735341519446,183.138705396848,169.897357167991,211.270962097463,163.945604869828,157.398178244117,233.370115379708,"AAR2"
"ENSG00000138623",196.527514710176,0.0791239076919724,0.359235411590335,0.220256425561419,0.825671454183772,0.965455039842975,174.075619142863,115.614741981775,207.990533745277,261.698766219337,195.53155012295,200.78778574399,155.397649807225,123.678263322853,394.016631630969,136.483605384522,"SEMA7A"
"ENSG00000125826",1523.98367402586,0.052488359502138,0.238540073225022,0.22004000750274,0.825839996696803,0.965482822225216,1629.5412125318,1632.89585023698,1527.73999191471,1172.66402164028,2039.31144881753,1259.75029036493,1808.02546489193,1799.56666865888,1390.52430316326,979.817488038268,"RBCK1"
"ENSG00000127666",251.276967982327,0.072071545226912,0.328044938566594,0.219700220164444,0.826104633188701,0.965677562037981,234.034999069849,311.770090737371,322.715471009536,106.852783439037,272.642583974255,253.880709858987,343.097058282244,185.038021870625,307.499752198772,175.238209382596,"TICAM1"
"ENSG00000137877",9.31666158444095,-0.164057162096468,0.746935958863583,-0.219640198265552,0.826151382083929,0.965677562037981,8.70378095714315,1.29904204473905,3.30143704357582,26.260429828238,8.26189648406832,12.5492366089993,6.98416403627977,15.339939636943,6.25423224811062,4.21245695631242,"SPTBN5"
"ENSG00000089022",308.140992605081,0.0403264673322133,0.183971290412061,0.21919978515066,0.826494422838188,0.965867608353248,264.981775806358,266.303619171504,324.366189531324,354.968568712734,319.459997383975,360.066558088981,315.160402137125,275.160167237665,343.982773646084,256.959874335057,"MAPKAPK5"
"ENSG00000214941",134.38548013132,-0.0652741838265457,0.298014052907212,-0.219030556410939,0.826626245059481,0.965867608353248,165.37183818572,59.7559340579961,163.421133657003,162.090239284641,155.599050449953,110.047151801994,108.254542562336,129.430740686707,136.550737417082,153.333433209772,"ZSWIM7"
"ENSG00000151806",219.159212811462,0.0575569784145988,0.26291498322821,0.218918593789839,0.826713462017962,0.965867608353248,184.713573646038,209.145769202986,257.512089398914,204.650246247648,130.813360997748,284.771138434985,206.905859574788,209.965423780657,312.711612405531,190.403054425321,"GUF1"
"ENSG00000181191",115.289248043045,-0.0500489601094464,0.228648890119093,-0.218890019905097,0.826735720925768,0.965867608353248,124.754193719052,97.4281533554284,96.5670335245927,152.129386591172,93.6348268194409,129.353669661993,131.826096184781,95.8746227308938,116.745668631398,114.578829211698,"PJA1"
"ENSG00000134627",38.9800732544484,0.0676210598116998,0.308952098027215,0.218872311414901,0.826749515817532,0.965867608353248,40.617644466668,27.27988293952,33.8397296966522,48.8987314043052,52.3253443990994,47.3009687569975,41.9049842176786,36.4323566377396,29.1864171578495,32.0146728679744,"PIWIL4"
"ENSG00000167987",285.06882404934,-0.0474417905709887,0.216846360633795,-0.218780663103253,0.826820910592264,0.965867608353248,305.599420273026,344.246141855847,326.842267314006,186.539604986794,297.428273426459,336.898736656983,262.779171865026,260.778973828031,279.355707082274,250.219943204957,"VPS37C"
"ENSG00000176909",17.4129472892256,-0.0953307784974429,0.436249557019136,-0.218523496387782,0.827021253182371,0.965944803018967,17.4075619142863,31.1770090737371,16.5071852178791,8.1497885673842,13.7698274734472,16.4105401809991,19.2064510997694,18.2161783188698,19.8050687856836,13.4798622601997,"MAMSTR"
"ENSG00000124217",48.6524655839672,-0.0802241104578864,0.367455962240468,-0.218323060996862,0.827177407734633,0.965944803018967,50.2885121968271,74.0453965501256,57.7751482625769,19.9217053869392,44.063447915031,44.4049910779977,45.3970662358185,45.0610726835201,36.4830214473119,69.0842940835236,"MOCS3"
"ENSG00000214309",10.6150285208777,0.125372766019775,0.574279914851287,0.218312991239196,0.827185253029002,0.965944803018967,6.76960741111134,9.09329431317332,18.157903739667,6.33872444129882,6.8849137367236,9.6532589299995,13.9683280725595,13.4224471823251,4.16948816540708,17.6923192165121,"MBLAC1"
"ENSG00000117262",22.2416903837801,0.0979242753500644,0.448668165660932,0.218255456581842,0.827230078303751,0.965944803018967,17.4075619142863,11.6913784026514,12.3803889134093,43.4655390260491,22.0317239575155,21.2371696459989,18.3334305952344,22.0511632281056,30.2287891992013,23.5897589553495,"GPR89A"
"ENSG00000126698",577.614421507944,0.0654436748300837,0.299882559061223,0.218231013617311,0.827249121997649,0.965944803018967,758.19603004447,515.719691761401,682.572108759301,291.581324299746,461.289220360481,624.565852770968,510.716995152958,410.343385288225,731.745173028942,789.414433612947,"DNAJC8"
"ENSG00000071462",268.911167806211,-0.0362258544669138,0.166150788755031,-0.218029987930568,0.827405746444682,0.96596286209818,295.928552542867,227.332357829333,316.937956183279,250.832381462825,249.233877269394,260.637991109987,291.58884851468,272.283928555738,256.423522172535,267.91226242147,"BUD23"
"ENSG00000164574",1233.0202984117,-0.0821299998012768,0.376699497242075,-0.218025244001052,0.827409442648992,0.96596286209818,1153.73452020798,943.104524480547,835.263572024683,2168.74929098724,1244.79240359963,2106.34109852589,639.924029824134,1045.99213399405,1498.93099546384,693.370415009024,"GALNT10"
"ENSG00000132604",200.426181873057,-0.0479273904159076,0.220305349462147,-0.217549825879932,0.827779881210473,0.966153322329871,212.759090063499,227.332357829333,224.497718963156,153.940450717257,156.976033197298,215.267674138989,172.858059897924,170.656828460991,258.508266255239,211.465339206883,"TERF2"
"ENSG00000251022",258.444185815653,0.0519814146427177,0.239030168142931,0.217468008521982,0.82784363591664,0.966153322329871,317.204461549217,200.052474889813,247.607778268187,245.399189084569,338.737755846801,254.846035751987,291.58884851468,162.028112415211,265.804870544701,261.17233129137,"THAP9-AS1"
"ENSG00000168778",41.6786557962797,-0.0657015880554044,0.302226054043552,-0.217392204200689,0.827902706084422,0.966153322329871,30.946776736509,41.5693454316495,39.6172445229098,58.8595840977748,44.063447915031,44.4049910779977,27.9366561451191,48.8960575927558,37.5253934886637,42.9670609543866,"TCTN2"
"ENSG00000182534",4752.21985875496,0.0642816113448711,0.29578496497805,0.217325486268856,0.827954696530543,0.966153322329871,4860.57812117794,2679.92373829665,3795.8272408513,7166.38074691984,2975.65971701194,5196.34928201873,5514.87052714741,6123.51215382219,5187.88564980776,4021.21141049583,"MXRA7"
"ENSG00000157404",24.3733034793423,-0.152527679653277,0.702668998940811,-0.217069032336981,0.828154547186155,0.966162800531088,31.9138635095249,7.79425226843427,5.77751482625769,57.9540520347321,33.0475859362733,20.2718437529989,18.3334305952344,46.978565138138,3.12711612405531,18.5348106077746,"KIT"
"ENSG00000144824",204.08987401857,-0.06536469404262,0.30113413020122,-0.217061725945654,0.82816024110905,0.966162800531088,192.450267830165,166.277381726598,204.689096701701,275.281747164977,123.928447261025,165.070727702991,138.81026022106,200.377961507568,300.20314790931,273.809702160307,"PHLDB2"
"ENSG00000110427",226.366344866106,0.0859983473659589,0.397372935703518,0.216417223316191,0.828662542104806,0.9666470628007,254.343821303183,132.502288563383,157.643618830745,327.802606821453,312.575083647251,245.192776821987,114.365686094081,124.637009550162,407.567468168542,187.033088860271,"KIAA1549L"
"ENSG00000157881",48.6172193973058,0.0656462507816554,0.30343579754852,0.216343131931092,0.828720290624819,0.9666470628007,35.7822106015885,42.8683874763885,43.7440408273796,67.009372665159,42.6864651676863,38.613035719998,60.238414812913,46.978565138138,41.6948816540708,66.5568199097362,"PANK4"
"ENSG00000167695",318.215046837549,-0.0663596342258912,0.307052564464505,-0.216118156647287,0.828895647177666,0.966659036445872,303.665246726994,189.660138531901,314.461878400597,499.853698799564,232.710084301258,387.09568309298,383.256001490852,402.673415469754,252.254034007128,216.520287554458,"FAM57A"
"ENSG00000229373",13.3929201136866,-0.11500702884853,0.532363083749328,-0.216031186908301,0.828963437859239,0.966659036445872,19.3417354603181,12.9904204473905,5.77751482625769,18.1106412608538,15.1468102207919,8.68793303699955,23.5715536224442,14.3811934096341,8.33897633081416,7.58242252136235,"LINC00452"
"ENSG00000155329",105.020351429896,-0.0513263929327899,0.237999379314171,-0.215657675581736,0.829254594836403,0.966659036445872,126.688367265084,81.8396488185599,133.708200264821,86.0255459890555,93.6348268194409,123.561714303994,99.5243375169867,115.049547277073,104.237204135177,85.9341219087733,"ZCCHC10"
"ENSG00000147224",803.76252228518,-0.0980617415028996,0.454719442088572,-0.215653285138837,0.829258017383758,0.966659036445872,486.444646827,728.762587098605,1734.90516639909,396.623043612698,502.598702780823,806.047120654958,409.446616626901,484.166844791014,1480.16829871951,1008.46219534119,"PRPS1"
"ENSG00000254860",18.230461149866,-0.120673646006392,0.560207070879242,-0.215409001919585,0.829448452224912,0.966659036445872,20.308822233334,22.0837147605638,7.4282333480456,27.1659618912807,13.7698274734472,2.89597767899985,28.809676649654,19.1749245461788,18.7626967443319,21.9047761728246,"TMEM9B-AS1"
"ENSG00000174740",16.0338066921276,0.0915113321213741,0.425287092826902,0.215175427763618,0.829630548018578,0.966659036445872,10.637954503175,19.4856306710857,17.3325444787731,14.488513008683,12.3928447261025,12.5492366089993,15.7143690816295,23.0099094554145,22.9321849097389,11.7948794776748,"PABPC5"
"ENSG00000103381",246.548176483485,0.100041597392159,0.46503514528949,0.215126960629786,0.829668334429718,0.966659036445872,224.36413133969,359.834646392716,299.605411704506,62.4817123499455,183.138705396848,209.475718780989,188.572428979554,153.39939636943,220.982872766575,563.626740754601,"CPPED1"
"ENSG00000113407",1191.77916077061,0.0471957285538759,0.219402378443777,0.215110377966892,0.829681262854672,0.966659036445872,934.205822733365,1169.13784026514,1276.83077660295,1293.09978602496,1184.20516271646,1672.90977256891,997.862436683472,1131.32054822455,1376.97346662569,881.245995260557,"TARS"
"ENSG00000116473",1108.60598267569,0.0408511398801334,0.189992691645669,0.215014269897915,0.829756192980393,0.966659036445872,1276.554540381,898.93709495942,1268.57718399401,913.681851610073,1173.1893007377,1265.54224572293,992.624313656262,961.622465990865,1313.38877210323,1021.94205760139,"RAP1A"
"ENSG00000091140",273.607276738516,-0.0650551205759341,0.302813280299514,-0.214835757901991,0.829895372981631,0.966659036445872,325.90824250636,272.7988293952,327.6676265749,198.311521806349,188.646636386227,235.539517891988,199.921695538508,198.46046905295,343.982773646084,444.835454586591,"DLD"
"ENSG00000117500",319.575661855248,0.0680685797639121,0.316876782063647,0.214810877971615,0.829914771478612,0.966659036445872,337.513283782551,172.772591950293,264.114963486066,467.254544530028,234.087067048602,312.765589331984,238.334597738047,484.166844791014,407.567468168542,277.179667725357,"TMED5"
"ENSG00000127314",1467.94265126125,-0.0649275277304898,0.302357063861202,-0.214737922446207,0.829971654371298,0.966659036445872,1688.53350568577,1521.17823438942,1898.3263000561,922.7371722405,1372.85179910269,1901.6920092099,847.702909903457,972.168674491263,2046.17631717352,1508.05959035984,"RAP1B"
"ENSG00000133315",69.1496104757477,-0.0801879842367577,0.37371444043489,-0.214570205377783,0.830102425528736,0.966659036445872,91.873243436511,97.4281533554284,72.6316149586681,24.4493657021526,82.6189648406832,55.0235759009971,72.4607018764026,59.4422660931542,47.9491139021814,87.6191046912982,"MACROD1"
"ENSG00000165644",18.4634807917858,-0.127147758553151,0.592704110943972,-0.214521472359368,0.830140424173132,0.966659036445872,27.0784296444454,33.7750931632152,14.0311074351972,3.62212825217076,12.3928447261025,9.6532589299995,13.0953075680246,22.0511632281056,13.550836537573,35.3846384330243,"COMTD1"
"ENSG00000144118",1367.21992766648,0.0477490628240924,0.222608252040371,0.214498170604353,0.830158593413886,0.966659036445872,1576.35144001593,1428.94624921295,1464.18732882588,891.043550034006,1480.25645339557,1725.03737079091,1070.32313855987,1151.45421899803,1541.66824915927,1342.9312776724,"RALB"
"ENSG00000172992",280.818908163427,0.0435692066659307,0.203122809078274,0.21449686947339,0.830159607956529,0.966659036445872,256.277994849215,316.966258916327,297.954693182718,231.816208138928,338.737755846801,243.262125035987,240.953659251652,344.189895603909,235.5760813455,302.454409463231,"DCAKD"
"ENSG00000175602",1027.58716816239,0.113995876202228,0.531506157600759,0.214477056515789,0.830175056928571,0.966659036445872,1498.98449817465,1475.71176282356,795.646327501773,147.601726275958,542.53120245382,710.479857247963,1388.97562271514,1877.2251130709,472.194534732352,1366.52103662775,"CCDC85B"
"ENSG00000188321",76.3746131506205,-0.0541760097442651,0.252635356388293,-0.214443498799108,0.83020122340025,0.966659036445872,79.3011153873043,77.9425226843427,59.4258667843648,95.986398682525,78.488016598649,87.8446562629954,93.4131939852419,61.359758547772,58.3728343156991,71.6117682573111,"ZNF559"
"ENSG00000151012",556.32560145362,-0.072862128567828,0.339877561706256,-0.214377578213887,0.830252625214626,0.966659036445872,407.143531439696,567.681373550963,444.043282360948,874.743972899238,253.364825511428,717.237138498963,425.160985708531,833.150471531467,568.092762536714,472.637670498253,"SLC7A11"
"ENSG00000132906",86.6456434096572,0.0527403894318478,0.246180455449524,0.214234673242213,0.830364058376311,0.96670438604791,75.4327682952406,98.7271954001675,92.440237220123,72.4425650434151,100.519740556165,90.7406339419953,81.1909069217523,56.5660274112273,103.194832093825,95.2015272126606,"CASP9"
"ENSG00000128534",361.09448530924,-0.0523381897725418,0.244757523348263,-0.213836898888988,0.830674249264094,0.96698109997689,309.46776736509,331.255721408457,392.871008185523,441.899646764832,296.051290679115,352.343950944982,409.446616626901,335.561179558128,508.677556179664,233.370115379708,"LSM8"
"ENSG00000047249",174.641209548136,0.0727668317893026,0.340732038634168,0.213560286496656,0.83088997164785,0.967054648342297,138.293408541274,215.640979426682,241.830263441929,82.4034177368847,161.106981439332,125.492366089993,199.048675033973,134.224471823251,167.821898657635,280.549633290407,"ATP6V1H"
"ENSG00000099995",326.96729209493,-0.044879203475107,0.210269169847215,-0.213436917583861,0.830986187774249,0.967054648342297,301.731073180962,388.413571376975,326.842267314006,316.030690001898,326.344911120699,411.228830417979,236.588556728977,267.490197419194,311.669240364179,383.33358302443,"SF3A1"
"ENSG00000178802",301.005780414332,-0.0438776717104362,0.205712367088434,-0.213296226821276,0.831095916403202,0.967054648342297,352.986672150805,323.461469140022,241.830263441929,307.880901434514,355.261548814938,238.435495570988,353.573304336663,318.303747466567,247.042173800369,271.28222798652,"MPI"
"ENSG00000142687",229.680752856649,0.08265929695976,0.387534615808644,0.213295260830519,0.831096669817578,0.967054648342297,182.779400100006,127.306120384426,112.248859481578,464.537948340899,250.610860016739,200.78778574399,268.890315396771,302.005061602315,154.271062120062,233.370115379708,"KIAA0319L"
"ENSG00000135480",717.600969825248,0.169813904698255,0.79683269415579,0.213111115976692,0.831240294502611,0.967054648342297,191.483181057149,188.361096487162,931.005246288381,1359.20362662708,128.059395503059,1372.69341984593,583.177697029361,655.782419479314,1495.80387933979,270.439736595257,"KRT7"
"ENSG00000135315",33.0571787567939,0.0798793364455691,0.375236908848267,0.212877077286311,0.831422842264502,0.967054648342297,42.5518180126998,40.2703033869104,30.5382926530763,15.3940450717257,24.785689452205,26.0637991109986,47.1431072448884,33.5561179558128,28.1440451164978,42.1245695631242,"CEP162"
"ENSG00000197020",16.7581342935915,-0.0925830246218721,0.435139140579358,-0.212766483149744,0.83150910771402,0.967054648342297,16.4404751412704,15.5885045368685,14.8564666960912,22.6383015760672,12.3928447261025,17.3758660739991,7.85718454081474,21.0924170007966,25.0169289924425,14.3223536514622,"ZNF100"
"ENSG00000026103",204.648665283864,0.0619595406183746,0.291345347435605,0.212666998679528,0.831586709154879,0.967054648342297,176.976879461911,177.968760129249,182.404396657564,259.887702093252,165.237929681366,240.366147356988,130.953075680246,202.295453962186,341.89802956338,168.498278252497,"FAS"
"ENSG00000146223",1420.16468222056,0.0257190540585734,0.121014083348544,0.212529429194597,0.831694020972596,0.967054648342297,1418.71629601433,1464.0203844209,1463.36196956498,1274.08361270106,1496.78024636371,1350.49092430693,1359.29292556095,1444.83056455457,1400.94802357678,1529.12187514141,"RPL7L1"
"ENSG00000167578",37.1434826635523,0.0714260600418196,0.33609562605439,0.21251707700076,0.831703656521468,0.967054648342297,30.946776736509,23.3827568053028,34.6650889575461,54.3319237825613,41.3094824203416,30.8904285759984,40.1589432086087,47.9373113654469,41.6948816540708,26.117233129137,"RAB4B"
"ENSG00000188856",56.6100344863107,-0.157093400084876,0.739309886033019,-0.212486540559881,0.831727477124774,0.967054648342297,55.1239460619066,51.9616817895618,39.6172445229098,94.1753345564397,130.813360997748,0,41.0319637131436,42.1848340015933,83.3897633081416,27.8022159116619,"RPSAP47"
"ENSG00000125731",9.28797672067031,-0.148822481516888,0.700406168927885,-0.212480255199196,0.831732380173883,0.967054648342297,7.73669418412724,7.79425226843427,4.95215556536373,19.0161733238965,6.8849137367236,1.9306517859999,9.60322554988468,23.0099094554145,5.21186020675885,6.73993113009986,"SH2D3A"
"ENSG00000196284",65.9623967920138,0.0640332632984347,0.301397696810482,0.212454388258643,0.831752558381532,0.967054648342297,51.255598969843,36.3731772526933,72.6316149586681,95.0808666194824,82.6189648406832,75.2954196539961,61.984455821983,65.1947434570078,63.5846945224579,55.6044318233239,"SUPT3H"
"ENSG00000135956",573.434061232084,0.0401729180558927,0.189246547442347,0.212278208500111,0.831889995123507,0.967080427830733,508.687642606366,715.772166651214,604.988338235269,427.411133756149,575.578788390093,632.288459914967,537.780630793542,658.65865816124,526.397880882644,546.776912929352,"TMEM127"
"ENSG00000149292",24.4007271651421,-0.114907973863832,0.54261916351152,-0.211765417793602,0.832290049226192,0.967080427830733,24.1771693253976,18.1865886263466,10.7296703916214,48.8987314043052,38.5555169256522,14.4798883949993,42.7780047222136,10.5462085003983,14.5932085789248,21.0622847815621,"TTC12"
"ENSG00000153956",130.148380329954,-0.0584758800941361,0.276149051459254,-0.211754774405822,0.832298353134727,0.967080427830733,142.161755633338,114.315699937036,86.6627223938653,190.161733238965,104.650688798199,135.145625019993,92.5401734807069,154.358142596739,154.271062120062,127.216200080635,"CACNA2D1"
"ENSG00000173230",435.467307640325,-0.0635303994384561,0.300036032816147,-0.211742565858367,0.83230787819468,0.967080427830733,435.189047857157,383.217403198019,255.861370877126,714.464797740682,275.396549468944,374.546446483981,493.256585062259,434.312040970949,431.542025119633,556.886809624501,"GOLGB1"
"ENSG00000156172",29.1889818144023,-0.0886449722464724,0.418748661387656,-0.211690162668746,0.832348763233532,0.967080427830733,36.7492973746044,40.2703033869104,23.1100593050307,21.7327695130245,20.6547412101708,17.3758660739991,16.5873895861645,35.4736104104307,30.2287891992013,49.7069920844865,"C8orf37"
"ENSG00000224687",20.3901395603494,0.0876538264876175,0.41422568537329,0.211608863435463,0.832412193902028,0.967080427830733,12.5721280492068,25.9808408947809,12.3803889134093,28.0714939543234,20.6547412101708,21.2371696459989,13.0953075680246,19.1749245461788,22.9321849097389,27.8022159116619,"RASAL2-AS1"
"ENSG00000100982",279.753284874304,-0.0523920141200145,0.247607258383097,-0.211593207978394,0.832424408608801,0.967080427830733,301.731073180962,333.853805497935,281.447507964839,226.383015760672,352.507583320248,315.661567010984,351.827263327593,205.171692644113,233.491337262796,195.458002772896,"PCIF1"
"ENSG00000142784",905.082530943979,0.0558147702887608,0.263809663150252,0.211572122196948,0.832440860229308,0.967080427830733,747.558075541295,1344.50851630491,893.038720287259,552.37455845604,1220.00671414742,956.63795996295,964.687657511143,790.965637529874,745.296009566515,835.751460132383,"WDTC1"
"ENSG00000157625",384.593606214846,-0.045110690578591,0.213401218247056,-0.211389095850269,0.832583664754073,0.967080427830733,352.01958537779,366.329856616411,462.201186100615,385.756658856186,424.110686182174,400.610245594979,244.445741269792,346.107388058527,412.779328375301,451.575385716691,"TAB3"
"ENSG00000160087",528.863083586987,0.0535982623303107,0.253878749049344,0.211117561162606,0.832795537227717,0.967080427830733,653.750658558752,626.13826556422,512.548101015146,277.092811291063,488.828875307376,509.692071503974,670.479747482858,564.701527884964,521.186020675885,464.212756585628,"UBE2J2"
"ENSG00000149380",37.5493844361107,-0.133441770924332,0.632076228284837,-0.211116578907629,0.832796303681472,0.967080427830733,23.2100825523817,12.9904204473905,18.157903739667,104.136187249909,11.0158619787578,39.5783616129979,20.0794716043043,23.0099094554145,71.9236708532721,51.3919748670115,"P4HA3"
"ENSG00000123643",227.39514871552,-0.0683081571764447,0.323711900136933,-0.211015279782886,0.832875348262068,0.967080427830733,207.92365619842,187.062054442423,266.591041268748,273.470683038892,163.860946934022,230.712888426988,116.984747607686,325.973717285039,338.770913439325,162.600838513659,"SLC36A1"
"ENSG00000156990",177.282244301916,-0.0513294409923701,0.243391067519525,-0.210892870948324,0.8329708671857,0.967080427830733,226.298304885722,203.94960102403,167.547929961473,126.774488825976,191.400601880916,132.249647340993,202.540757052113,153.39939636943,217.85575664252,150.805959035984,"RPUSD3"
"ENSG00000135052",476.771697126967,-0.0661991125768626,0.314016764754165,-0.210813943735418,0.833032457531828,0.967080427830733,611.198840546052,272.7988293952,292.17717835646,783.285234531926,375.916290025108,482.662946499975,540.399692307147,557.990304293802,454.474210029372,396.81344528463,"GOLM1"
"ENSG00000082515",168.496971081861,0.0536903628967086,0.254918563956856,0.210617704977326,0.833185595633246,0.967080427830733,212.759090063499,161.081213547642,185.70583370114,99.6085269346958,155.599050449953,167.001379488991,168.492957375249,130.389486914016,210.559152353057,193.773019990371,"MRPL22"
"ENSG00000159592",708.862322844036,0.0355549860281282,0.168882249655799,0.210531219832714,0.833253087729977,0.967080427830733,617.968447957164,754.743427993386,710.634323629695,709.937137425468,808.288872691351,890.030473345954,653.019337392158,654.823673252005,637.931689307283,651.245845445899,"GPBP1L1"
"ENSG00000188352",151.624205142349,-0.0516932907256239,0.245578616073394,-0.210495895579828,0.833280654758695,0.967080427830733,150.865536590481,187.062054442423,149.390026221806,133.113213267275,162.483964186677,132.249647340993,123.095891139431,139.018202959796,115.703296590046,223.260218684558,"FOCAD"
"ENSG00000124313",126.616570204293,-0.0634168693486393,0.301350676000819,-0.210442100844887,0.833322636535833,0.967080427830733,136.359234995243,144.193666966034,94.0909557419109,144.88513008683,195.53155012295,86.8793303699955,156.27067031176,117.925785958999,77.1355310600309,112.893846429173,"IQSEC2"
"ENSG00000084072",295.746779560758,0.0323843333687463,0.153984920588604,0.2103084720566,0.833426923407703,0.967080427830733,303.665246726994,277.994997574156,293.827896878248,291.581324299746,289.166376942391,277.048531290986,357.938406859338,278.995152146901,303.330264033365,283.919598855457,"PPIE"
"ENSG00000176472",30.2969149590823,0.0862406399347685,0.410381481038161,0.210147494269482,0.83355255793701,0.967080427830733,22.2429957793658,48.0645556553447,23.9354185659247,23.5438336391099,31.6706031889286,22.2024955389988,20.9524921088393,36.4323566377396,20.8474408270354,53.0769576495364,"ZNF575"
"ENSG00000087365",733.057935842089,0.031776514164789,0.151280881358978,0.210049768875855,0.833628829439002,0.967080427830733,625.705142141291,806.705109782947,784.916657110151,677.337983155931,717.408011366599,741.370285823962,781.353351558799,638.524987387753,744.253637525164,813.004192568296,"SF3B2"
"ENSG00000139192",23.024957769483,0.100997955261022,0.481563428865491,0.209729288411625,0.833878965035448,0.967080427830733,10.637954503175,14.2894624921295,23.1100593050307,39.8434107738783,26.1626721995497,15.4452142879992,29.682697154189,38.3498490923575,12.5084644962212,20.2197933902996,"TAPBPL"
"ENSG00000137409",3742.18656831878,-0.0433278000308284,0.206589895109617,-0.209728554283057,0.833879538043467,0.967080427830733,2692.36957607628,3551.58095031655,3828.84161128706,5166.06041965854,3401.14738594146,3269.55879959083,3839.5441789448,4192.59725202199,4159.06444499356,3321.10106435671,"MTCH1"
"ENSG00000140259",87.0441634309629,0.0726148806330935,0.346347904598237,0.209658784329377,0.833933995859474,0.967080427830733,60.926466700002,93.5310272212113,125.454607655881,57.9540520347321,92.2578440720962,60.8155312589968,85.5560094444272,63.2772510023899,78.1779031013827,152.490941818509,"MFAP1"
"ENSG00000087448",368.937821380756,-0.0570139761702811,0.27202963082463,-0.209587374718883,0.833989734308163,0.967080427830733,339.447457328583,350.741352079542,364.808793315128,455.482627710473,312.575083647251,443.084584886977,213.017003106533,322.138732375803,562.880902329956,325.201677027318,"KLHL42"
"ENSG00000110851",501.654842052585,-0.0359628734156552,0.171710925844381,-0.209438468978076,0.834105964694202,0.967080427830733,542.535679661923,472.851304285013,561.244297407889,459.104755962643,509.483616517546,620.704549198968,455.716703367255,427.600817379786,519.101276593181,448.205420151641,"PRDM4"
"ENSG00000160785",220.243035611878,-0.041291362841404,0.197433785919508,-0.209140308225858,0.834338708987614,0.967080427830733,226.298304885722,216.940021471421,203.863737440807,248.115785273697,251.987842764084,258.707339323987,219.128146638278,178.326798279462,231.406593180093,167.655786861234,"SLC25A44"
"ENSG00000080573",112.406846473843,-0.100210382386245,0.479227388553249,-0.209108212051011,0.834363764128429,0.967080427830733,61.893553473018,136.3994146976,67.6794593933043,202.839182121562,103.273706050854,83.0180267979957,262.779171865026,77.658444412024,77.1355310600309,51.3919748670115,"COL5A3"
"ENSG00000176087",594.999761929854,0.0596506302449429,0.285272280690992,0.209100688298407,0.834369637397214,0.967080427830733,573.482456398432,763.836722306559,706.507527325226,277.998343354106,669.213615209534,653.525629560966,642.543091337739,414.178370197461,558.711414164549,690.000449443974,"SLC35A4"
"ENSG00000156239",131.812422506253,-0.0453120376098041,0.21690375246613,-0.208903889834178,0.834523267509998,0.967080427830733,148.931363044449,128.605162429166,162.595774396109,96.8919307455677,122.55146451368,117.769758945994,118.730788616756,125.595755777471,153.22869007871,143.223536514622,"N6AMT1"
"ENSG00000197442",30.5074420528931,-0.107044707420937,0.512608962610538,-0.208823323875954,0.834586162898717,0.967080427830733,34.8151238285726,36.3731772526933,44.5694000882736,11.771916819555,22.0317239575155,44.4049910779977,10.4762460544197,16.2986858642519,53.1609741089403,31.1721814767119,"MAP3K5"
"ENSG00000072803",1098.84584215288,0.0365482733916958,0.175043012158754,0.208795957867479,0.834607526948462,0.967080427830733,1099.57766091908,1135.36274710193,1180.26374307836,912.776319547031,1294.36378250404,1269.40354929493,845.956868894387,1091.05320667757,1065.30422626151,1094.39631724997,"FBXW11"
"ENSG00000184083",54.5413918393364,-0.0763347475188992,0.365649371162379,-0.20876488116535,0.834631788004347,0.967080427830733,57.0581196079384,45.4664715658666,32.1890111748642,90.5532063042689,41.3094824203416,56.954227686997,36.6668611904688,80.5346830939508,40.652509612719,64.0293457359487,"FAM120C"
"ENSG00000186111",1248.46729086511,0.0576351784446766,0.276090556786708,0.20875461701938,0.834639801084132,0.967080427830733,1132.45861120163,1821.25694672414,1295.81403960351,625.722655562498,1673.03403802383,1239.47844661194,1085.16448713697,1210.89648509119,1250.84644962212,1150.00074907329,"PIP5K1C"
"ENSG00000212802",51.3189353875813,-0.0792553371235599,0.379740311988488,-0.208709306390317,0.834675174683929,0.967080427830733,32.8809502825408,44.1674295211276,52.8229926972131,81.497885673842,63.3412063778571,39.5783616129979,47.1431072448884,79.5759368666419,46.9067418608296,25.2747417378745,"RPL15P3"
"ENSG00000167799",24.8076509544541,0.0792552683075239,0.380248944377043,0.208429949588333,0.834893273408291,0.967134927097093,27.0784296444454,31.1770090737371,23.1100593050307,15.3940450717257,17.9007757154814,36.6823839339981,34.0477996768639,20.1336707734877,19.8050687856836,22.747267564087,"NUDT8"
"ENSG00000128585",301.367251331607,-0.0621318680940878,0.298182515411372,-0.20836858260576,0.834941185383022,0.967134927097093,256.277994849215,407.89920204806,314.461878400597,258.982170030209,290.543359689736,258.707339323987,162.381813843505,306.79879273886,264.762498503349,492.857463888553,"MKLN1"
"ENSG00000231205",13.1326246692596,0.126038753028625,0.605487843174486,0.208160666559087,0.835103519383669,0.967134927097093,7.73669418412724,7.79425226843427,26.4114963486066,7.24425650434151,19.2777584628261,11.5839107159994,12.2222870634896,21.0924170007966,14.5932085789248,3.36996556504993,"ZNF826P"
"ENSG00000177303",75.6480317299847,-0.0521931650963747,0.250753781973117,-0.208145076360085,0.835115691980769,0.967134927097093,75.4327682952406,100.026237444907,65.2033816106225,68.8204367912444,101.896723303509,60.8155312589968,77.6988249036124,70.9472208208614,61.4999504397544,74.1392424310985,"CASKIN2"
"ENSG00000016864",378.811638939987,0.0600137252905964,0.288337970880093,0.20813674004647,0.835122200867514,0.967134927097093,375.229667930171,250.715114634636,242.655622702823,608.517546364687,385.555169256522,356.205254516982,467.938990430745,441.023264562111,288.73705545444,371.538703546755,"GLT8D1"
"ENSG00000066697",951.160851220515,-0.0348391647126145,0.167422107236958,-0.208091782426949,0.835157303394858,0.967134927097093,786.241546461931,958.693029017416,1082.04599103198,1032.30655186867,900.546716763447,1045.44794211895,915.798509257185,1010.51852358362,1018.39748440068,761.612217701285,"MSANTD3"
"ENSG00000069509",110.445964069701,0.0636975808137215,0.306395852183905,0.207893091109761,0.835312443819065,0.967230601077867,135.392148222227,131.203246518644,119.677092829623,44.3710710890918,115.666550776956,99.4285669789949,134.445157698386,104.503338776674,113.618552507343,106.153915299073,"FUNDC1"
"ENSG00000215190",181.025487222246,0.0572563453778419,0.275660230202336,0.207706223475964,0.835458358025633,0.967315576090621,173.108532369847,201.351516934552,155.992900308958,176.578752293324,246.479911774705,164.105401809991,248.810843792467,173.533067142918,95.8982278043628,174.395717991334,"LINC00680"
"ENSG00000155093",7.40414045943865,-0.168133746323642,0.81137125194643,-0.207221719922045,0.835836705400502,0.967386846804082,10.637954503175,10.3923363579124,10.7296703916214,0,11.0158619787578,4.82662946499975,5.23812302720983,4.79373113654469,2.08474408270354,14.3223536514622,"PTPRN2"
"ENSG00000176700",126.29017015844,-0.0664644228701107,0.320844304061848,-0.20715475396845,0.835889001903228,0.967386846804082,78.3340286142883,128.605162429166,89.1388001765472,222.760887508501,151.468102207919,111.012477694994,128.334014166641,151.481903914812,103.194832093825,98.5714927777105,"SCAND2P"
"ENSG00000232160",21.4231355662452,-0.0979186193989579,0.473182255349158,-0.206936372385106,0.836059550218022,0.967386846804082,33.8480370555567,23.3827568053028,18.983263000561,12.6774488825976,31.6706031889286,30.8904285759984,13.9683280725595,8.62871604578044,25.0169289924425,15.1648450427247,"RAP2C-AS1"
"ENSG00000115993",860.640307416598,0.0498161876685005,0.240735769250862,0.206933052880018,0.836062142693913,0.967386846804082,894.555265039713,820.994572275077,869.103301721335,786.001830721054,1031.3600777612,1168.04433052994,539.526671802612,646.194957206224,1013.18562419392,837.436442914908,"TRAK2"
"ENSG00000151092",288.413104657607,-0.0407954174485724,0.197184820400642,-0.206889239068625,0.836096360687446,0.967386846804082,374.262581157155,258.50936690307,281.447507964839,258.076637967166,309.821118152562,304.077656294984,278.493540946656,241.604049281852,337.728541397973,240.110046509808,"NGLY1"
"ENSG00000197226",2152.26930759276,0.0689157392041471,0.333212437096621,0.206822229700159,0.836148694696959,0.967386846804082,2518.29395693342,2184.98871925108,1666.4003477449,1993.07607075696,4031.80548422534,1597.61435291492,2261.12310674558,969.292435809336,2021.15938818108,2278.93921336502,"TBC1D9B"
"ENSG00000001630",7.40444492556444,-0.1430122662712,0.691494373626366,-0.206816239908372,0.836153372732196,0.967386846804082,8.70378095714315,9.09329431317332,9.07895186983351,4.52766031521344,8.26189648406832,9.6532589299995,0.873020504534971,2.87623868192681,8.33897633081416,12.6373708689372,"CYP51A1"
"ENSG00000073969",171.066768903839,0.0583171380855343,0.282147664715054,0.206690132078286,0.836251864457942,0.967386846804082,170.207272050799,161.081213547642,184.055115179352,153.034918654214,117.043533524301,151.556165200992,123.968911643966,166.821843551755,189.711711526022,293.187004159344,"NSF"
"ENSG00000106366",8407.86273229179,0.0930793114468232,0.450416974354839,0.206651429112206,0.836282092452935,0.967386846804082,6079.10745517798,3897.12613421714,7758.37705240318,14603.5155806894,2658.95368512265,15928.8425603922,6515.35202534449,9038.10068484136,11667.2702588504,5931.98188587914,"SERPINE1"
"ENSG00000135624",972.792302079394,0.0348542456735798,0.168739132731717,0.206556980051543,0.836355860571971,0.967386846804082,1030.91450003496,919.721767675244,1110.10820590237,774.229913901499,893.661803026723,922.851553707952,1026.67211333313,858.077873441499,1109.08385199828,1082.60143777229,"CCT7"
"ENSG00000070423",418.385162874868,-0.0655027674741949,0.317184936086326,-0.206512857396126,0.836390322448667,0.967386846804082,461.300390728587,640.42772805635,412.679630446978,206.461310373733,307.067152657872,369.719817018981,494.129605566794,580.041467521908,294.991287702551,417.033238674929,"RNF126"
"ENSG00000197498",204.555607234859,-0.0497367871938985,0.24108596553078,-0.206303121313582,0.836554140522652,0.967402834265493,270.784296444454,202.650558979291,222.021641180474,140.357469771617,147.337153965885,229.747562533988,233.969495215372,188.873006779861,230.364221138741,179.450666338909,"RPF2"
"ENSG00000116874",131.31973107868,-0.0436211779263711,0.211469741739097,-0.206276215063379,0.836575156638041,0.967402834265493,147.964276271434,131.203246518644,123.803889134093,131.30214914119,163.860946934022,111.012477694994,157.143690816295,123.678263322853,105.279576176529,117.948794776748,"WARS2"
"ENSG00000104691",93.2956281164593,-0.0754409773321918,0.365833744777019,-0.206216562603251,0.836621750799895,0.967402834265493,74.4656815222247,48.0645556553447,84.1866446111834,177.484284356367,82.6189648406832,124.527040196994,86.4290299489622,112.173308595146,82.3473912667898,60.6593801708988,"UBXN8"
"ENSG00000163636",296.441493614095,-0.0465666342297405,0.22592290778593,-0.206117364042889,0.836699235441221,0.967408556833946,323.974068960328,233.827568053028,290.526459834672,360.40176109099,242.348963532671,319.522870582983,269.763335901306,225.3053634176,296.033659743903,402.710885023467,"PSMD6"
"ENSG00000230487",108.147465736917,0.0738667164186056,0.358957835104191,0.205781039428113,0.836961952574622,0.967602905930774,102.511197939686,154.586003323946,96.5670335245927,66.1038406021163,166.614912428711,61.7808571519968,133.572137193851,128.471994459398,58.3728343156991,112.893846429173,"PSMG3-AS1"
"ENSG00000247596",204.34392039211,0.0548211557643521,0.266514088776121,0.205697027185694,0.837027580867936,0.967602905930774,255.310908076199,200.052474889813,217.894844876004,124.963424699891,274.019566721599,173.758660739991,254.921987324212,163.945604869828,216.813384601168,161.758347122397,"TWF2"
"ENSG00000169131",87.1798558605131,0.0525139437251599,0.255388754787545,0.20562355522993,0.837084976278719,0.967602905930774,92.8403302095269,58.4568920132571,87.4880816547592,101.419591060781,83.9959475880279,66.6074866169966,76.8258043990775,88.2046529124223,115.703296590046,100.256475560235,"ZNF354A"
"ENSG00000173706",1312.63717029429,-0.0952564820404449,0.463956801564295,-0.205313257008571,0.83732738708898,0.967735188703324,555.10780771113,1441.93666966034,610.765853061527,2852.42599858447,937.725250941754,985.597736752949,1109.60906126395,2281.81602099527,654.609641968911,1696.77766200264,"HEG1"
"ENSG00000148468",416.360700180336,0.0355468264110263,0.173544761205846,0.204828000361608,0.837706509666586,0.967773712194689,344.282891193662,513.121607671923,385.442774837477,399.339639801826,435.126548160931,459.495125067976,373.652775940968,462.115681562908,395.059003672321,395.970953893367,"FAM171A1"
"ENSG00000117748",182.861741461596,0.0763863868159311,0.3734646874684,0.204534429570117,0.837935889720461,0.967773712194689,171.174358823815,214.341937381943,259.162807920702,64.2927764760309,100.519740556165,242.296799142987,165.873895861645,155.316888824048,218.898128683872,236.740080944758,"RPA2"
"ENSG00000181638",86.5497660598804,0.0671207801110554,0.328329643442629,0.20443106935845,0.838016652978705,0.967773712194689,90.9061566634951,115.614741981775,85.0120038720774,46.1821352151771,72.9800856092701,83.0180267979957,141.429321734665,94.9158765035849,60.4575783984026,74.981733822361,"ZFP41"
"ENSG00000184117",352.930458756935,0.0569049537245717,0.278402143160134,0.20439840397292,0.838042177303877,0.967773712194689,530.930638385732,296.181586200502,289.701100573778,260.793234156294,528.761374980372,258.707339323987,332.620812227824,356.653596558925,294.991287702551,379.96361745938,"NIPSNAP1"
"ENSG00000213585",2746.89399613068,-0.0263922022024496,0.129152192100646,-0.204349626384061,0.838080291821171,0.967773712194689,2886.75401745248,2770.85668142838,2996.05411704506,2454.89742290873,2532.27127236694,2961.61983972385,2588.50579594619,2851.31128001678,2843.59092880763,2583.07860561077,"VDAC1"
"ENSG00000145050",139.530537153336,-0.0761336991544226,0.372670838540497,-0.204292075689602,0.838125262079458,0.967773712194689,142.161755633338,70.1482704159085,120.502452090517,242.682592895441,77.1110338513043,139.006928591993,139.683280725595,197.501722825641,177.203247029801,89.3040874738232,"MANF"
"ENSG00000184227",23.5793259932972,0.0742414933127436,0.3635571757265,0.204208576448494,0.838190509537779,0.967773712194689,12.5721280492068,28.578924984259,30.5382926530763,19.9217053869392,23.4087067048602,19.306517859999,23.5715536224442,27.8036405919592,23.9745569510907,26.117233129137,"ACOT1"
"ENSG00000204991",19.9311173962748,-0.096401616513894,0.472172462190088,-0.20416611351444,0.838223691086727,0.967773712194689,24.1771693253976,23.3827568053028,13.2057481743033,22.6383015760672,8.26189648406832,37.647709826998,20.0794716043043,12.4637009550162,23.9745569510907,13.4798622601997,"SPIRE2"
"ENSG00000128989",1598.9434887239,-0.0452459866528281,0.22182818333561,-0.203968611979183,0.838378027274308,0.967773712194689,1554.10844423656,2034.29984206135,1740.68268122535,1188.05806671201,1579.39921120439,2035.87230833689,1141.03779942721,1387.30579091603,1779.32907458747,1549.34166853171,"ARPP19"
"ENSG00000151327",661.052737261328,0.0457463263007939,0.224592444636476,0.203685953794388,0.83859891934263,0.967773712194689,642.145617282561,463.758009971839,821.232464589485,665.566066336376,578.332753884782,646.768348309966,518.574179693773,763.161996937915,880.804374942245,630.183560664337,"FAM177A1"
"ENSG00000182919",71.2679232481101,0.0650523573511603,0.319609908708918,0.203536735184284,0.838715536017079,0.967773712194689,53.1897725158748,50.6626397448228,62.7273038279406,110.474911691208,71.6031028619254,54.0582500079972,84.6829889398922,92.039637821658,48.9914859435332,84.2491391262483,"C11orf54"
"ENSG00000169504",10975.1926916173,-0.0804352829465637,0.395239474004851,-0.203510246918243,0.838736237380952,0.967773712194689,14597.2077519021,11745.9381685305,13247.016137348,5787.25541490583,6922.09227090191,13581.1699886163,4465.49988069638,7054.45474053917,18921.1372946173,13430.1552681152,"CLIC4"
"ENSG00000187840",1569.50972424035,-0.0765870687859969,0.376433280435673,-0.203454563574606,0.838779755925895,0.967773712194689,1592.7919151572,2031.70175797187,2155.83838945501,699.070752668956,1178.69723172708,2255.96661194088,2007.94716043043,1519.61277028467,1633.39698879822,620.073663969188,"EIF4EBP1"
"ENSG00000171791",30.4488536466949,0.110746502419413,0.544717535286257,0.203309963871852,0.838892768120302,0.967773712194689,26.1113428714294,22.0837147605638,47.0454778709554,20.8272374499818,19.2777584628261,72.3994419749963,36.6668611904688,8.62871604578044,35.4406494059602,16.0073364339872,"BCL2"
"ENSG00000224914",32.9137596989766,-0.0787978043120131,0.38760592493051,-0.203293601164997,0.838905556636717,0.967773712194689,30.946776736509,57.157849968518,28.0622148703945,20.8272374499818,34.424568683618,18.341191966999,37.5398816950038,39.3085953196665,22.9321849097389,39.5970953893367,"LINC00863"
"ENSG00000182327",11.109722865026,0.120825025791859,0.594513544040559,0.203233428410532,0.838952585911956,0.967773712194689,13.5392148222227,16.8875465816076,6.60287408715164,5.43319237825613,17.9007757154814,8.68793303699955,10.4762460544197,19.1749245461788,3.12711612405531,9.26740530388731,"GLTPD2"
"ENSG00000152102",1834.00876606003,-0.055727639088675,0.274262948191556,-0.20319054927446,0.838986099348861,0.967773712194689,2203.02366893023,2264.23028398016,2021.3048299293,1018.72357092303,1673.03403802383,2303.26758069788,1223.97474735803,1470.71671269191,2134.77794068842,2027.03428737753,"FAM168B"
"ENSG00000198947",41.410437936637,0.143250666199981,0.705337948499702,0.203095078755772,0.839060718160379,0.967773712194689,56.0910328349225,1.29904204473905,14.0311074351972,84.2144818629701,42.6864651676863,20.2718437529989,34.9208201813988,22.0511632281056,45.8643698194779,92.6740530388731,"DMD"
"ENSG00000157214",231.151489757297,-0.0866959680541459,0.426940901320542,-0.203063158825946,0.83908566678405,0.967773712194689,267.883036125406,107.820489713341,174.976163309518,407.48942836921,145.96017121854,171.828008953991,270.636356405841,318.303747466567,92.7711116803075,353.846384330243,"STEAP2"
"ENSG00000143337",818.596009182544,-0.0407537718531241,0.200766967415765,-0.202990424060786,0.839142516895388,0.967773712194689,760.130203590502,889.843800646246,914.498061070502,764.269061208029,1079.55447391826,875.550584950955,592.780922579245,861.912858350735,733.829917111646,713.590208399323,"TOR1AIP1"
"ENSG00000069974",284.8703436958,-0.0613506679912472,0.302316843031417,-0.202934998182922,0.839185838796666,0.967773712194689,324.941155733344,218.23906351616,417.631786012341,207.366842436776,194.154567375605,403.506223273979,252.302925810607,253.10900400956,375.253934886637,202.197933902996,"RAB27A"
"ENSG00000158793",114.313704801922,-0.0458856658008283,0.226140327793197,-0.202907929994646,0.839206995975254,0.967773712194689,98.6428508476224,122.10995220547,100.693829829063,144.88513008683,119.797499018991,86.8793303699955,136.191198707455,108.33832368591,100.06771596977,125.53121729811,"NIT1"
"ENSG00000112367",101.434582296341,0.0615718703215178,0.304490199665725,0.202212978904124,0.839750227021487,0.967773712194689,127.6554540381,116.913784026514,100.693829829063,50.7097955303906,107.404654292888,103.289870550995,89.921111967102,73.8234595027882,99.0253439284181,144.908519297147,"FIG4"
"ENSG00000162971",74.4442190149107,-0.0456151823030138,0.225633204150715,-0.202165202035356,0.839787576167187,0.967773712194689,76.3998550682565,79.2415647290818,63.5526630888345,85.1200139260128,55.0793098937888,75.2954196539961,71.5876813718676,74.7822057300972,87.5592514735486,75.8242252136235,"TYW5"
"ENSG00000161091",152.701349030746,-0.0715347166863629,0.354110035413368,-0.202012678355351,0.839906812622289,0.967773712194689,117.98458630794,126.007078339687,102.34454835085,282.526003669319,137.698274734472,127.423017875993,213.017003106533,189.83175300717,145.932085789248,84.2491391262483,"MFSD12"
"ENSG00000221883",10.6503623975,-0.0993331618623077,0.491835927862025,-0.201964021404662,0.839944851307367,0.967773712194689,6.76960741111134,9.09329431317332,18.157903739667,9.96085269346958,12.3928447261025,11.5839107159994,10.4762460544197,11.5049547277073,7.29660428946239,9.26740530388731,"ARIH2OS"
"ENSG00000164292",1420.1809006334,-0.0415581908126819,0.205845153240627,-0.201890548105845,0.840002291449074,0.967773712194689,1775.5713152572,1389.97498787078,1194.29485051355,1418.06321072485,1836.89498495786,1492.39383057792,1119.21228681383,1459.2117579642,1421.79546440381,1094.39631724997,"RHOBTB3"
"ENSG00000132153",255.337754344973,-0.0423919608799179,0.210042899016441,-0.201825251310209,0.840053340058511,0.967773712194689,194.384441376197,276.695955529417,245.131700485505,324.180478569283,210.678360343742,221.059629496989,291.58884851468,281.871390828828,227.237105014686,280.549633290407,"DHX30"
"ENSG00000124333",864.812789686596,0.0391979712655713,0.194268513193637,0.201772127768851,0.840094872193379,0.967773712194689,970.955120107969,754.743427993386,1040.77802798728,635.683508255968,857.86025159576,953.741982283951,725.480039268561,810.140562076053,982.956834994719,915.788142302319,"VAMP7"
"ENSG00000010539",64.2650011038358,0.0584666589312,0.289917477207849,0.201666555235936,0.840177410419505,0.967773712194689,56.0910328349225,36.3731772526933,68.5048186541983,88.7421421781835,60.5872408831677,64.6768348309966,62.8574763265179,58.4835198658452,86.5168794321969,59.8168887796363,"ZNF200"
"ENSG00000142156",4853.49258689216,-0.0984460325973793,0.488549532942314,-0.20150675818782,0.840302345546313,0.967773712194689,2366.46133356992,2778.65093369682,2287.89587119804,12780.6795377845,4169.50375895981,4677.00395158476,6098.92124468131,7541.49782401211,3611.81912328388,2222.49229015043,"COL6A1"
"ENSG00000132773",52.7207763039498,-0.0529407619559632,0.262797456140754,-0.201450815899863,0.840346084206504,0.967773712194689,46.4201651047635,48.0645556553447,52.8229926972131,67.9149047282017,49.5713789044099,67.5728125099965,56.7463327947731,46.978565138138,48.9914859435332,42.1245695631242,"TOE1"
"ENSG00000155097",453.515239565576,0.0491051709914314,0.243764101526747,0.201445457653015,0.840350273595137,0.967773712194689,505.786382287319,452.066631569188,545.562471450904,273.470683038892,498.467754538789,478.801642927975,384.129021995387,334.602433330819,522.228392717237,540.036981799252,"ATP6V1C1"
"ENSG00000143793",66.1239824559437,0.0570839952958408,0.283395371879129,0.201428819805102,0.840363282059908,0.967773712194689,90.9061566634951,66.2511442816913,60.2512260452587,41.6544748999637,53.7023271464441,59.8502053659969,77.6988249036124,69.9884745935525,58.3728343156991,82.5641563437233,"C1orf35"
"ENSG00000185127",495.34976012149,0.0356383218794883,0.176941153222578,0.20141341474506,0.840375326696247,0.967773712194689,587.988757993671,385.815487287497,481.184449101176,496.231570547394,476.436030581273,444.049910779977,468.81201093528,594.422660931542,491.999603518035,526.557119539052,"C6orf120"
"ENSG00000105438",1193.99976096203,-0.0547141320071027,0.271902596186174,-0.201226956912318,0.840521114017068,0.967773712194689,841.365492523838,1135.36274710193,1164.58191712137,1743.14922135718,1365.96688536596,997.181647468948,1457.07122206887,1523.4477551939,926.668744761723,785.201976656634,"KDELR1"
"ENSG00000122705",1475.31477358874,0.0463421389295293,0.23055387462065,0.201003513845863,0.840695826491906,0.967773712194689,1602.46278288736,1562.74757982107,1744.80947752982,878.366101151408,1437.56998822789,1124.60466534494,1815.88264943274,1438.11934096341,1534.3716448698,1614.21350565892,"CLTA"
"ENSG00000160336",100.513031394759,-0.0416825743339442,0.207459000371028,-0.200919575720491,0.840761460619641,0.967773712194689,95.7415905285746,93.5310272212113,103.169907611744,116.813636132507,77.1110338513043,100.393892871995,109.127563066871,92.039637821658,117.78804067275,99.413984168973,"ZNF761"
"ENSG00000104412",137.76802577566,0.0654537661693294,0.325866748098567,0.200860525203176,0.84080763492786,0.967773712194689,182.779400100006,116.913784026514,165.071852178791,71.5370329803724,117.043533524301,118.735084838994,125.714952653036,100.668353867438,154.271062120062,224.945201467083,"EMC2"
"ENSG00000154767",298.717964358516,0.0366142358527044,0.182420294579271,0.200713609947569,0.840922517081423,0.967773712194689,310.434854138106,276.695955529417,276.495352399475,312.408561749728,356.638531562282,303.112330401984,288.969787001075,240.645303054543,263.720126461998,358.058841286555,"XPC"
"ENSG00000163703",70.3607165079151,-0.0942324721797915,0.469666842169648,-0.200636842372096,0.840982547759364,0.967773712194689,52.2226857428589,42.8683874763885,50.3469149145313,146.696194212916,70.2261201145807,62.7461830449967,58.4923738038431,144.77068032365,36.4830214473119,38.7546039980742,"CRELD1"
"ENSG00000203326",21.6330210169018,-0.0730976096208113,0.364371168104721,-0.200613045211642,0.841001156841123,0.967773712194689,20.308822233334,23.3827568053028,17.3325444787731,28.0714939543234,26.1626721995497,26.0637991109986,15.7143690816295,16.2986858642519,17.7203247029801,25.2747417378745,"ZNF525"
"ENSG00000128714",23.754133544507,0.141332352860968,0.704522289194391,0.200607354839802,0.841005606653874,0.967773712194689,58.0252063809543,9.09329431317332,4.95215556536373,17.2051091978111,31.6706031889286,7.7226071439996,11.3492665589546,11.5049547277073,53.1609741089403,32.8571642592368,"HOXD13"
"ENSG00000137819",99.5212468513024,-0.117763774341886,0.587192079971323,-0.200554091852936,0.841047258012727,0.967773712194689,35.7822106015885,25.9808408947809,99.0431113072746,256.265573841081,117.043533524301,149.625513414992,110.873604075941,35.4736104104307,122.999900879509,42.1245695631242,"PAQR5"
"ENSG00000165568",32.4587397678394,-0.0782162693794113,0.390024343678721,-0.200542019099816,0.841056698900234,0.967773712194689,30.946776736509,48.0645556553447,37.141166740228,18.1106412608538,37.1785341783074,48.2662946499975,24.4445741269792,33.5561179558128,29.1864171578495,17.6923192165121,"AKR1E2"
"ENSG00000178429",11.6610293534692,-0.101131998652316,0.504408681321208,-0.200496150041309,0.841092568691731,0.967773712194689,8.70378095714315,11.6913784026514,11.5550296525154,16.2995771347684,15.1468102207919,7.7226071439996,6.98416403627977,18.2161783188698,13.550836537573,6.73993113009986,"RPS3AP5"
"ENSG00000171621",224.422848546736,0.0597190326546222,0.297901067060655,0.200465991088454,0.841116153296064,0.967773712194689,294.961465769851,288.387333932068,179.928318874882,113.191507880336,234.087067048602,250.984732179987,303.81113557817,212.841662462584,186.584595401967,179.450666338909,"SPSB1"
"ENSG00000138696",17.2151777087163,0.158747432095191,0.792456205981527,0.200323287138081,0.841227751153149,0.967773712194689,8.70378095714315,9.09329431317332,5.77751482625769,40.748942836921,5.50793098937888,7.7226071439996,1.74604100906994,37.3911028650486,34.3982773646084,21.0622847815621,"BMPR1B"
"ENSG00000102468",25.4134769658212,0.105437325534398,0.526669761890638,0.200196276991297,0.841327078768813,0.967773712194689,34.8151238285726,23.3827568053028,17.3325444787731,21.7327695130245,37.1785341783074,4.82662946499975,39.2859227040737,26.8448943646503,12.5084644962212,36.2271298242868,"HTR2A"
"ENSG00000156232",141.519705190512,-0.0384119829411912,0.191924692750067,-0.20014091147309,0.841370377870958,0.967773712194689,143.128842406354,126.007078339687,144.437870656442,160.279175158556,167.991895176056,141.902906270993,142.3023422392,111.214562367837,131.338877210323,146.593502079672,"WHAMM"
"ENSG00000210140",80.5920217324377,0.138374933698975,0.691478155932771,0.200114685491855,0.841390888303251,0.967773712194689,32.8809502825408,41.5693454316495,23.1100593050307,206.461310373733,33.0475859362733,24.1331473249987,112.619645085011,237.769064372617,43.7796257367743,50.549483475749,"MT-TC"
"ENSG00000127329",50.6925801396595,-0.133940048179642,0.670128869452101,-0.199872075783202,0.841580630062106,0.967773712194689,91.873243436511,9.09329431317332,21.4593407832428,91.4587383673116,23.4087067048602,73.3647678679962,22.6985331179092,23.0099094554145,126.127017003564,24.432250346612,"PTPRB"
"ENSG00000054356",137.253327364669,-0.110133496555051,0.551200829351749,-0.199806478311319,0.841631934534816,0.967773712194689,198.252788468261,20.7846727158247,76.7584112631378,277.998343354106,119.797499018991,133.214973233993,105.635481048732,63.2772510023899,264.762498503349,112.05135503791,"PTPRN"
"ENSG00000096060",80.8724892285069,-0.11121572730255,0.556897102218273,-0.199706062142445,0.841710472379151,0.967773712194689,196.318614922229,41.5693454316495,56.1244297407889,44.3710710890918,59.2102581358229,135.145625019993,21.8255126133743,42.1848340015933,134.465993334378,77.5092079961484,"FKBP5"
"ENSG00000144061",34.7078340185124,0.0808694789826776,0.405105699054418,0.199625626525225,0.841773384100842,0.967773712194689,37.7163841476203,32.4760511184761,30.5382926530763,33.5046863325795,42.6864651676863,10.6185848229995,42.7780047222136,39.3085953196665,26.0593010337942,51.3919748670115,"NPHP1"
"ENSG00000052802",104.451820274297,-0.0928136264404176,0.464984761838464,-0.199605737773964,0.841788939997075,0.967773712194689,118.951673080956,37.6722192974323,53.6483519581071,223.666419571544,59.2102581358229,82.0527009049957,82.9369479308223,105.462085003983,107.364320259232,173.553226600072,"MSMO1"
"ENSG00000066923",24.298590807204,-0.0885065227532415,0.443506987304653,-0.199560605101459,0.841824240540424,0.967773712194689,13.5392148222227,22.0837147605638,18.983263000561,46.1821352151771,19.2777584628261,36.6823839339981,20.0794716043043,14.3811934096341,23.9745569510907,27.8022159116619,"STAG3"
"ENSG00000118762",400.518990613757,0.085908120652374,0.430539346219438,0.199536050320911,0.84184344620839,0.967773712194689,293.027292223819,193.557264666118,226.148437484944,832.183965936231,254.741808258773,277.048531290986,268.017294892236,504.300515564501,607.702900108082,548.461895711877,"PKD2"
"ENSG00000100744",247.304594221283,0.0644289414466264,0.322932718014372,0.199511965968586,0.841862284019531,0.967773712194689,296.895639315883,224.734273739855,343.349452531885,97.7974628086104,231.333101553913,251.950058072987,204.286798061183,213.800408689893,266.847242586053,342.051504852568,"GSKIP"
"ENSG00000129128",538.441692474787,0.0687013818280422,0.344367317537196,0.199500296135453,0.841871411725925,0.967773712194689,466.135824593666,313.06913278211,418.457145273235,894.665678286177,287.789394195046,653.525629560966,397.224329563412,767.955728074459,633.762201141876,551.831861276926,"SPCS3"
"ENSG00000198846",54.9557235957218,0.116364841685301,0.58351320496605,0.199421093978621,0.84193336124803,0.967773712194689,62.8606402460339,97.4281533554284,33.0143704357582,16.2995771347684,83.9959475880279,135.145625019993,27.9366561451191,42.1848340015933,27.101673075146,23.5897589553495,"TOX"
"ENSG00000156860",686.153714798507,-0.0424802125026503,0.21311077588356,-0.199333948865452,0.842001524639968,0.967773712194689,629.573489233355,937.908356301591,712.285042151483,514.342211808247,824.812665659487,697.930620638964,741.194408350191,605.927615659249,555.584298040493,641.978440142012,"FBRS"
"ENSG00000030419",42.0199641224583,-0.073282734136309,0.36786292005251,-0.19921207096885,0.842096857396955,0.967773712194689,50.2885121968271,54.5597658790399,46.2201186100615,22.6383015760672,39.9324996729969,51.1622723289973,22.6985331179092,34.5148641831218,37.5253934886637,60.6593801708988,"IKZF2"
"ENSG00000135457",307.077335175674,0.0379899890034869,0.19078639426463,0.199123156291706,0.842166407820213,0.967773712194689,318.171548322233,302.676796424198,324.366189531324,262.60429828238,385.555169256522,361.997209874981,288.969787001075,244.480287963779,306.45738015742,275.494684942832,"TFCP2"
"ENSG00000165895",11.4323753762101,-0.108279928430855,0.54408409709463,-0.199013220583109,0.842252402918905,0.967773712194689,13.5392148222227,6.49521022369523,9.90431113072746,17.2051091978111,19.2777584628261,8.68793303699955,10.4762460544197,3.83498490923575,15.6355806202765,9.26740530388731,"ARHGAP42"
"ENSG00000131375",274.637515610462,-0.0390534459761803,0.196238906368342,-0.199009700466209,0.8422551564939,0.967773712194689,348.151238285726,257.210324858331,252.55993383355,258.076637967166,297.428273426459,276.083205397986,206.905859574788,255.026496464178,273.101474834164,321.831711462269,"CAPN7"
"ENSG00000110888",196.440435205428,-0.0746026043941933,0.374940130614841,-0.198972044608448,0.842284612519406,0.967773712194689,194.384441376197,145.492709010773,140.311074351972,329.613670947539,155.599050449953,260.637991109987,125.714952653036,235.851571917999,286.652311371737,90.1465788650857,"CAPRIN2"
"ENSG00000129824",2963.35081556554,0.322808031076682,1.62327803324614,0.198861824324172,0.842370832817017,0.967773712194689,2742.65808827311,1.29904204473905,2854.0923241713,4705.14459956981,4414.60668798717,2603.48393342087,4969.23271181306,5299.94914456381,0,2043.04162381152,"RPS4Y1"
"ENSG00000143753",258.227775212493,0.0696578342122692,0.350478597102883,0.198750607849018,0.842457834304829,0.967773712194689,220.495784247626,118.212826071253,202.213018919019,461.821352151771,163.860946934022,267.395272360986,269.763335901306,354.736104104307,249.126917883073,274.652193551569,"DEGS1"
"ENSG00000228253",478.612947826075,0.116134919191584,0.584547471524118,0.198674914953922,0.842517047805415,0.967773712194689,210.824916517467,122.10995220547,176.626881831306,1313.0214914119,265.757670237531,419.916763454978,555.241040884242,956.82873485432,267.889614627405,497.912412236128,"MT-ATP8"
"ENSG00000138592",272.345992479768,0.0387889090769715,0.195254160376839,0.198658553559674,0.842529847213957,0.967773712194689,305.599420273026,303.975838468937,250.083856050868,213.705566878075,263.003704742841,250.019406286987,315.160402137125,273.242674783047,225.152360931982,323.516694244794,"USP8"
"ENSG00000204227",394.183433835521,0.0484588965979545,0.244467001317464,0.198222649015218,0.842870867712421,0.968082049834702,454.530783317476,355.937520258499,373.062385924068,361.307293154033,446.142410139689,316.626892903984,577.066553497616,461.156935335599,291.864171578495,304.139392245756,"RING1"
"ENSG00000065717",132.359107141881,-0.0752659720477117,0.380357886306578,-0.1978819810431,0.843137402453892,0.968213913096794,153.766796909529,116.913784026514,89.9641594374411,184.728540860709,221.6942223225,44.4049910779977,123.968911643966,132.306979368633,108.406692300584,147.435993470935,"TLE2"
"ENSG00000137700",29.3908792438287,-0.0957324213788094,0.48398520495385,-0.197800305461688,0.843201307170064,0.968213913096794,24.1771693253976,14.2894624921295,25.5861370877126,57.9540520347321,27.5396549468944,32.8210803619983,40.1589432086087,33.5561179558128,8.33897633081416,29.4871986941869,"SLC37A4"
"ENSG00000131944",57.4975950963372,-0.0721834683447908,0.364936111690849,-0.197797548755438,0.843203464093819,0.968213913096794,53.1897725158748,98.7271954001675,63.5526630888345,22.6383015760672,46.8174134097205,48.2662946499975,70.7146608673327,55.6072811839184,57.3304622743473,58.1319059971113,"FAAP24"
"ENSG00000233426",45.4761318535485,0.0897150566577969,0.453991958538412,0.197613757183336,0.84334727039144,0.968234671915647,46.4201651047635,16.8875465816076,47.8708371318494,62.4817123499455,104.650688798199,29.9251026829984,36.6668611904688,37.3911028650486,39.6101375713672,32.8571642592368,"EIF3FP3"
"ENSG00000109180",441.6249426227,0.0447967928104476,0.226717178813044,0.19758887723011,0.843366737920378,0.968234671915647,443.892828814301,288.387333932068,405.251397098932,594.934565419047,425.487668929518,455.633821495976,509.843974648423,491.836814609485,451.347093905316,349.63392737393,"OCIAD1"
"ENSG00000124942",7797.76826545946,-0.0503267113010723,0.254831098217958,-0.197490461929523,0.843443744739055,0.968239733481216,9285.00010772571,10393.6353999571,5466.35438490066,6701.84279857894,9108.74087368532,6928.14393406064,4876.69253833235,7079.3821424492,8900.81486110276,9237.07561380186,"AHNAK"
"ENSG00000131236",1995.93447652024,-0.059914022637018,0.303553646251628,-0.197375400944296,0.843533778170309,0.968259746919478,1870.34581901276,2201.87626583268,2521.47254203103,1590.11430270296,1383.86766108144,2187.42847353789,1212.62548079907,1330.73976350481,3089.59073056665,2571.2837261331,"CAP1"
"ENSG00000162576",1322.34842331629,-0.0629166517664627,0.319046459700817,-0.197202162423185,0.843669338474965,0.968332010950138,1073.46631804766,1069.11160282023,982.177520463807,2303.6735683806,996.935509077577,886.169169773954,1485.00787821399,2061.30438871422,1111.16859608099,1254.46968158984,"MXRA8"
"ENSG00000213719",3119.61923059168,-0.0496300453507067,0.252149737788766,-0.196827669883533,0.84396239722034,0.9683912148752,3807.42062536362,3269.68882660818,3963.37517081277,1696.06155407896,3341.93712780563,3162.40762546784,3145.4928778395,2505.20389195826,3696.25125863338,2608.35334734865,"CLIC1"
"ENSG00000169398",725.328960402542,-0.0367049197592401,0.186488253479481,-0.196821617846717,0.843967133412904,0.9683912148752,635.37600987145,771.630974574993,891.388001765471,646.54989301248,828.943613901521,701.791924210964,627.701742760644,573.330243930745,770.312938558958,806.264261438196,"PTK2"
"ENSG00000113595",73.1004571495042,-0.0539938402796687,0.274351150020265,-0.196805591212869,0.843979675535711,0.9683912148752,63.8277270190498,100.026237444907,77.5837705240318,58.8595840977748,49.5713789044099,76.260745546996,55.8733122902382,73.8234595027882,87.5592514735486,87.6191046912982,"TRIM23"
"ENSG00000132964",176.509402010854,-0.0472860324377636,0.24031716398979,-0.196765106797668,0.844011358004748,0.9683912148752,185.680660419054,200.052474889813,202.213018919019,132.207681204233,151.468102207919,184.37724556299,153.651608798155,165.863097324446,252.254034007128,137.326096775785,"CDK8"
"ENSG00000135750",20.7940686913009,-0.151214634843519,0.769468062259785,-0.196518403115303,0.844204429894428,0.968529417763612,17.4075619142863,1.29904204473905,18.983263000561,50.7097955303906,2.75396549468944,21.2371696459989,42.7780047222136,31.638625501195,13.550836537573,7.58242252136235,"KCNK1"
"ENSG00000184897",317.620940643859,-0.0968774832323333,0.49338329593849,-0.196353391024432,0.844333574643956,0.968594261571172,336.546197009535,571.57849968518,373.062385924068,41.6544748999637,249.233877269394,208.510392887989,479.288256989699,283.788883283446,240.787941552259,391.758496937055,"H1FX"
"ENSG00000009830",126.710766781646,-0.06056771193863,0.308821122117388,-0.196125548418956,0.844511899825149,0.968694498527041,97.6757640746064,109.11953175808,95.7416742636988,216.422163067203,155.599050449953,114.873781266994,158.889731825365,121.760770868235,113.618552507343,83.4066477349858,"POMT2"
"ENSG00000166164",652.483990717277,0.0351875299191598,0.179476796387481,0.196056151142746,0.844566216455907,0.968694498527041,760.130203590502,531.30819629827,682.572108759301,595.840097482089,771.110338513043,689.242687601964,653.892357896693,546.485349566095,717.151964450017,577.106603014801,"BRD7"
"ENSG00000215114",213.175909885479,-0.0565024286716463,0.288505820183463,-0.1958450218984,0.844731469980572,0.9687631725351,269.817209671438,249.416072589897,232.751311572095,121.34129644772,166.614912428711,285.736464327985,156.27067031176,251.191511554942,233.491337262796,165.128312687447,"UBXN2B"
"ENSG00000251369",56.5131331616481,-0.061603787439023,0.314635641587194,-0.195794052855105,0.844771365118333,0.9687631725351,47.3872518777794,49.3635977000837,47.0454778709554,87.8366101151408,49.5713789044099,41.5090133989979,46.2700867403535,50.8135500473737,81.305019225438,64.0293457359487,"ZNF550"
"ENSG00000176788",2280.6012660387,-0.0554911155207252,0.283795446842208,-0.195532085303605,0.84497642197149,0.968868198152065,2791.0124269239,2498.05785203319,2954.78615400036,1090.2606039034,1981.47817342905,1651.67260292291,2258.50404523197,2903.08357629146,2221.29482012062,2455.86240553014,"BASP1"
"ENSG00000180628",1483.81702078018,0.0506703540517084,0.25930131293548,0.195411097144411,0.845071129808996,0.968868198152065,1398.407473781,1886.20904896109,1541.77109934991,985.218884590446,1286.10188601997,1857.2870181319,948.973288429514,1324.02853991364,1911.71032383915,1698.46264478517,"PCGF5"
"ENSG00000142961",128.662793941444,0.0599390565892901,0.306752685981885,0.195398636518638,0.84508088393964,0.968868198152065,88.9719831174633,98.7271954001675,100.693829829063,212.800034815032,158.353015944643,138.041602698993,165.873895861645,113.132054822455,97.9829718870663,112.05135503791,"MOB3C"
"ENSG00000146426",53.5370979404713,-0.0509485965856883,0.260976497371943,-0.195222930412299,0.845218428541818,0.968873313058168,43.5189047857157,58.4568920132571,44.5694000882736,72.4425650434151,49.5713789044099,45.3703169709976,51.5082097675633,58.4835198658452,58.3728343156991,53.0769576495364,"TIAM2"
"ENSG00000105402",619.112526575743,0.057749154218789,0.296021614201947,0.19508424874473,0.84532699335272,0.968873313058168,614.1001008651,783.322352977645,772.536268196742,248.115785273697,574.201805642748,575.33423222797,749.92461339554,600.175138295395,573.304622743473,700.110346139123,"NAPA"
"ENSG00000267041",10.2758985610627,-0.114921453204688,0.589225917155333,-0.195038014891649,0.845363187466582,0.968873313058168,4.83543386507953,16.8875465816076,8.25359260893955,13.5829809456403,8.26189648406832,12.5492366089993,10.4762460544197,11.5049547277073,2.08474408270354,14.3223536514622,"ZNF850"
"ENSG00000136448",705.648136134314,0.0360026976025316,0.184632751790638,0.194996268285902,0.845395869024901,0.968873313058168,657.619005650816,857.36774952777,713.110401412377,554.185622582126,676.098528946257,678.624102778965,695.797342114372,634.690002478517,690.050291374871,898.93831447707,"NMT1"
"ENSG00000250091",23.1929851343661,-0.081226133799327,0.416808914195482,-0.194876191542373,0.845489873242346,0.968873313058168,26.1113428714294,25.9808408947809,13.2057481743033,30.7880901434514,27.5396549468944,12.5492366089993,30.555717658724,13.4224471823251,23.9745569510907,27.8022159116619,"DNAH10OS"
"ENSG00000131368",359.209586578756,-0.0443130274451314,0.227646305641324,-0.194657353741336,0.845661199969478,0.968873313058168,336.546197009535,257.210324858331,324.366189531324,544.224769888656,334.606807604767,365.858513446981,368.414652913758,378.704759787031,372.126818762582,310.036831984594,"MRPS25"
"ENSG00000135108",176.657068420148,0.0503484697782971,0.258789666304021,0.194553633061796,0.845742404781781,0.968873313058168,161.503491093656,200.052474889813,165.897211439685,165.712367536812,130.813360997748,159.278772344992,133.572137193851,203.254200189495,166.779526616283,279.707141899144,"FBXO21"
"ENSG00000174780",1147.44182555707,-0.0503132767495663,0.25866262259878,-0.194513131600033,0.845774114560023,0.968873313058168,1354.88856899528,1144.4560414151,1184.39053938283,1002.42399378826,893.661803026723,1660.36053595991,926.274755311604,917.520139534654,1565.64280611036,824.799072045971,"SRP72"
"ENSG00000133104",418.294523914428,0.0365818000262692,0.188135002721646,0.194444412241531,0.845827917525901,0.968873313058168,448.72826267938,350.741352079542,379.665260011219,468.16007659307,444.765427392344,375.511772376981,446.11347781737,343.2311493766,396.101375713672,529.927085104102,"SPART"
"ENSG00000205758",138.58757921947,-0.0473378625009168,0.24366686453829,-0.194272875758526,0.845962223015428,0.968873313058168,116.050412761909,123.408994250209,123.803889134093,201.93365005852,130.813360997748,113.908455373994,129.207034671176,131.348233141324,133.423621293027,181.978140512696,"CRYZL1"
"ENSG00000119912",224.588523986151,-0.0428960200526397,0.220855057953473,-0.194227021333043,0.845998125763515,0.968873313058168,223.397044566674,184.463970352945,246.782419007293,258.982170030209,196.908532870295,265.464620574986,158.889731825365,196.542976598332,275.186218916867,239.267555118545,"IDE"
"ENSG00000085719",394.282973859899,0.050532602656833,0.260284795102853,0.194143505911918,0.846063516852015,0.968873313058168,389.73596952541,378.021235019062,402.77531931625,373.984742036631,355.261548814938,364.893187553981,249.683864297002,409.384639060917,358.575982225009,660.513250749787,"CPNE3"
"ENSG00000100462",199.274382254583,-0.036299098255644,0.187052774332999,-0.194058058668634,0.846130421620212,0.968873313058168,189.549007511117,183.164928308205,220.370922658686,216.422163067203,155.599050449953,238.435495570988,209.524921088393,185.996768097934,181.372735195208,212.307830598146,"PRMT5"
"ENSG00000141756",2470.57272122941,0.0650331467856338,0.335410120159705,0.193891426873669,0.846260896681007,0.968873313058168,1559.91096487466,1679.66136384759,1966.0057594494,4409.9411470179,2865.50109722436,2547.49503162687,3228.42982577032,3082.36912079824,1734.50707680934,1631.90582487543,"FKBP10"
"ENSG00000161057",324.630503769613,0.0565131896694224,0.29148434540299,0.193880702551249,0.846269294122116,0.968873313058168,330.74367637144,276.695955529417,370.586308141386,290.675792236703,206.547412101708,309.869611652984,312.54134062352,235.851571917999,331.474309149863,581.319059971113,"PSMC2"
"ENSG00000038274",519.92555034855,-0.0576811132690896,0.297640280226441,-0.193794714966692,0.846336625410558,0.968873313058168,686.631608841293,567.681373550963,636.351990149239,239.06046464327,553.547064432577,519.345330433973,437.383272772021,356.653596558925,638.974061348635,563.626740754601,"MAT2B"
"ENSG00000196405",1098.7914334774,0.0630208901441252,0.325400021806967,0.193672052614398,0.846432676267607,0.968873313058168,865.542661849235,917.123683585766,850.945397981668,1646.25729061161,1485.76438438495,807.012446547958,1574.92899018109,1428.53187869032,715.067220367314,696.740380574074,"EVL"
"ENSG00000140740",600.97131371188,0.0403597741305981,0.208437614134665,0.193629994750002,0.846465610238718,0.968873313058168,591.857105085734,435.17908498758,548.86390849448,786.001830721054,731.177838840046,486.524250071975,588.415820056571,608.803854341176,581.643599074287,651.245845445899,"UQCRC2"
"ENSG00000091483",287.892731399836,-0.0505451662543372,0.261503280553359,-0.193286929890058,0.846734261759946,0.968960253671837,363.62462665398,268.901703260983,321.064752487749,221.855355445459,300.182238921149,393.85296434398,238.334597738047,168.739336006373,307.499752198772,294.871986941869,"FH"
"ENSG00000240682",139.091201885821,0.0458800012550125,0.237395925590878,0.193263642334287,0.846752498716407,0.968960253671837,167.306011731752,148.090793100251,150.2153854827,80.5923536107993,141.829222976506,137.076276805993,156.27067031176,148.605665232885,126.127017003564,134.798622601997,"ISY1"
"ENSG00000155903",230.245551722738,0.0444321822454108,0.229915176565674,0.193254672915073,0.846759522872105,0.968960253671837,233.067912296833,249.416072589897,209.641252267065,212.800034815032,187.269653638882,268.360598253986,155.397649807225,214.759154917202,275.186218916867,296.556969724394,"RASA2"
"ENSG00000198131",195.617744370947,-0.0428901980625668,0.222087997407366,-0.19312253954857,0.846863000920012,0.968995525332035,165.37183818572,184.463970352945,214.593407832428,231.816208138928,174.876808912779,206.579741101989,241.826679756187,137.100710505178,225.152360931982,174.395717991334,"ZNF544"
"ENSG00000160563",83.4656495543726,0.059501578422117,0.308378568487881,0.19294978478524,0.846998294921869,0.969067192191212,105.412458258734,97.4281533554284,75.9330520022439,47.9931993412625,53.7023271464441,70.4687901889964,97.7782965079168,72.8647132754793,109.449064341936,103.626441125285,"MED27"
"ENSG00000198961",776.610018077354,-0.0472927629849646,0.24531022562321,-0.192787572816492,0.847125336371936,0.969129405660706,805.583281922249,706.678872338041,797.297046023561,857.538863701427,777.995252249767,838.868201016957,417.303801167716,654.823673252005,993.380555408236,916.630633693582,"PJA2"
"ENSG00000138101",46.4775630085491,-0.0613180431377354,0.318586818843649,-0.192468864092673,0.847374954789525,0.969130201588754,40.617644466668,38.9712613421714,61.0765853061527,49.8042634673479,44.063447915031,47.3009687569975,46.2700867403535,55.6072811839184,22.9321849097389,58.1319059971113,"DTNB"
"ENSG00000148399",166.073479327913,-0.0559627473762377,0.29088444628629,-0.192388242447171,0.847438101543214,0.969130201588754,133.457974676195,131.203246518644,140.311074351972,274.376215101935,151.468102207919,139.972254484993,202.540757052113,207.089185098731,165.737154574931,114.578829211698,"DPH7"
"ENSG00000169241",163.112431704943,-0.0498356118886603,0.259260449140068,-0.192222192216199,0.84756816316303,0.969130201588754,190.516094284133,119.511868115992,146.08858917823,209.177906562861,148.71413671323,141.902906270993,151.905567789085,235.851571917999,167.821898657635,119.633777559273,"SLC50A1"
"ENSG00000183696",304.231310344017,-0.0653327587546173,0.340119384354006,-0.192087724957826,0.847673489933763,0.969130201588754,196.318614922229,250.715114634636,409.378193403402,393.90644742357,147.337153965885,455.633821495976,398.097350067947,314.468762557332,222.025244807927,254.43240016127,"UPP1"
"ENSG00000185947",31.331420277045,0.0816568249062098,0.425143457326001,0.192068873456978,0.847688256330996,0.969130201588754,43.5189047857157,29.8779670289981,28.0622148703945,19.9217053869392,24.785689452205,55.0235759009971,44.5240457312835,14.3811934096341,27.101673075146,26.117233129137,"ZNF267"
"ENSG00000109917",528.384605851207,0.0466729793576433,0.243017109667169,0.192056351182703,0.847698065069028,0.969130201588754,505.786382287319,511.822565627184,607.464416017951,447.332839143088,446.142410139689,688.277361708964,451.35160084458,433.35329474364,778.651914889772,413.663273109879,"ZPR1"
"ENSG00000074219",303.948156642453,-0.0523198542124718,0.272698377535557,-0.191859792805881,0.847852032973067,0.969130201588754,186.64774719207,352.040394124281,290.526459834672,412.922620747466,320.83698013132,244.227450928987,309.04925860538,325.973717285039,395.059003672321,202.197933902996,"TEAD2"
"ENSG00000149089",159.053265139292,-0.0556327020717103,0.290036693408142,-0.191812633836035,0.847888974352349,0.969130201588754,244.672953573024,133.801330608122,190.657989266504,81.497885673842,154.222067702609,171.828008953991,141.429321734665,144.77068032365,170.94901478169,156.703398774822,"APIP"
"ENSG00000170248",676.988650402351,-0.0516725834215816,0.269406478525442,-0.191801562102011,0.847897647302829,0.969130201588754,548.338200300018,566.382331506224,567.847171495041,1083.9218794621,487.451892560031,695.034642959964,517.701159189238,787.130652620638,652.524897886208,863.553676044045,"PDCD6IP"
"ENSG00000164603",479.26516949816,-0.0394400382440354,0.205667304093407,-0.191766204248601,0.847925344705644,0.969130201588754,437.123221403189,484.542682687664,510.897382493358,516.153275934333,444.765427392344,381.30372773498,351.827263327593,518.681708974135,522.228392717237,625.128612316762,"BMT2"
"ENSG00000152234",2342.60798657283,-0.0474678524305194,0.247918110356204,-0.191465852826639,0.848160631103918,0.969227885374762,2489.28135374294,2060.28068295613,2088.15893006171,2916.7187750605,3547.10755716,1529.07621451192,2581.52163190991,2134.1691019897,2023.24413226378,2056.52148607172,"ATP5A1"
"ENSG00000236404",36.8572831005289,-0.0608537887658495,0.318099045680688,-0.191304531063999,0.84828701137632,0.969227885374762,39.6505576936521,24.6817988500419,38.7918852620159,47.0876672782198,42.6864651676863,39.5783616129979,26.1906151360491,25.8861481373413,42.7372536954226,41.2820781718617,"VLDLR-AS1"
"ENSG00000253873",8.24721050601142,0.133129528313226,0.697488437003942,0.190869871456341,0.848627545281108,0.969227885374762,7.73669418412724,3.89712613421714,4.95215556536373,14.488513008683,6.8849137367236,13.5145625019993,3.49208201813988,1.91749245461788,10.4237204135177,15.1648450427247,"PCDHGA11"
"ENSG00000126953",87.6048458530606,-0.0610258382244143,0.319745847885835,-0.19085732818086,0.848637372725247,0.969227885374762,107.346631804766,87.0358169975161,112.248859481578,52.520859656476,74.3570683566149,122.596388410994,60.238414812913,70.9472208208614,118.830412714102,69.9267854747861,"TIMM8A"
"ENSG00000142920",24.6273013643806,0.078751517256708,0.412724738109658,0.190808812714745,0.84867538399366,0.969227885374762,27.0784296444454,12.9904204473905,32.1890111748642,21.7327695130245,46.8174134097205,20.2718437529989,16.5873895861645,23.9686556827235,21.8898128683872,22.747267564087,"AZIN2"
"ENSG00000113361",62.1655332261795,0.229017583864888,1.20091603046123,0.190702412205232,0.84875874871052,0.969227885374762,25.1442560984135,181.865886263466,11.5550296525154,7.24425650434151,31.6706031889286,18.341191966999,33.1747791723289,221.470378508365,1.04237204135177,90.1465788650857,"CDH6"
"ENSG00000160014",5236.99868892815,0.0485812004936325,0.254856929859693,0.190621461697659,0.848822174503642,0.969227885374762,5133.29659116843,7368.16647775987,5285.60070676489,2740.14002276718,5805.35926280534,5658.74038476571,4935.18491213619,5544.42943252759,5640.27511575443,4258.79398283185,"CALM3"
"ENSG00000183801",22.0138766130596,0.159025280624262,0.834895157745137,0.190473353628919,0.848938221667179,0.969227885374762,20.308822233334,18.1865886263466,6.60287408715164,37.1268145847502,41.3094824203416,2.89597767899985,43.6510252267486,30.679879273886,0,19.3773019990371,"OLFML1"
"ENSG00000168615",646.938929939724,0.0528151812488185,0.277343040548926,0.190432689943418,0.848970083470891,0.969227885374762,682.763261749229,428.683874763885,444.043282360948,975.258031896976,607.249391579021,471.079035783976,625.955701751574,754.533280892134,634.804573183228,845.018865436271,"ADAM9"
"ENSG00000179115",212.854423428558,0.0491683034146674,0.258396790863348,0.190282175139976,0.849088020651085,0.969227885374762,216.627437155563,248.117030545158,241.004904181035,129.491085015105,163.860946934022,192.09985270699,254.048966819677,168.739336006373,244.957429717666,269.597245203995,"FARSA"
"ENSG00000168386",307.278391974826,0.0585627371961666,0.307926083209701,0.190184399404336,0.849164635487096,0.969227885374762,403.275184347633,132.502288563383,317.763315444173,345.007716019265,242.348963532671,297.320375043985,337.858935255034,228.181602099527,391.931887548265,376.59365189433,"FILIP1L"
"ENSG00000213123",36.5205449352127,0.060740211481057,0.319651053102349,0.190020370311774,0.849293168141724,0.969227885374762,27.0784296444454,40.2703033869104,45.3947593491675,29.8825580804087,35.8015514309627,43.4396651849978,51.5082097675633,33.5561179558128,27.101673075146,31.1721814767119,"TCTEX1D2"
"ENSG00000152454",28.0497680197208,-0.0684610955303152,0.360472151360582,-0.189920622916119,0.849371331830271,0.969227885374762,27.0784296444454,20.7846727158247,30.5382926530763,36.2212825217076,30.2936204415838,33.7864062549982,25.3175946315142,19.1749245461788,39.6101375713672,17.6923192165121,"ZNF256"
"ENSG00000117394",372.906419364848,0.0730934815489803,0.384965187054696,0.189870367521298,0.84941071333955,0.969227885374762,232.100825523817,245.51894645568,179.102959613988,789.623958973225,315.329049141941,364.893187553981,498.494708089469,429.518309834404,340.855657522029,333.626590939943,"SLC2A1"
"ENSG00000076650",42.5390501659666,0.058298631299759,0.307100160235259,0.189835886946781,0.849437733483237,0.969227885374762,38.6834709206362,36.3731772526933,39.6172445229098,51.6153275934333,24.785689452205,55.9889017939971,44.5240457312835,36.4323566377396,55.2457181916438,42.1245695631242,"GPATCH1"
"ENSG00000141560",312.686395990938,0.0649803898420428,0.342692884599851,0.18961697999046,0.849609280498105,0.969227885374762,339.447457328583,397.506865690148,366.459511836916,114.097039943379,309.821118152562,422.812741133978,194.683572511299,265.572704964576,375.253934886637,341.209013461306,"FN3KRP"
"ENSG00000204673",1158.47472569191,0.0492543599935739,0.260170612002464,0.189315617219317,0.849845455877804,0.969227885374762,1162.43830116512,1500.3935616736,1291.68724329904,585.87924478862,1174.56628348505,1084.06097783894,1411.67415583305,1280.88495968474,920.414512513613,1172.74801663738,"AKT1S1"
"ENSG00000057663",429.890687291113,0.0467995014479077,0.247227359105488,0.189297420872983,0.849859716627561,0.969227885374762,486.444646827,416.992496361234,534.832801059283,248.115785273697,359.392497056972,542.513151865972,463.57388790807,365.282312604705,481.575883104518,400.183410849679,"ATG5"
"ENSG00000087157",153.830732896537,-0.0434481297221189,0.229629020402749,-0.189210099167408,0.849928152642358,0.969227885374762,143.128842406354,136.3994146976,137.83499656929,209.177906562861,139.075257481817,132.249647340993,201.667736547578,127.513248232089,146.9744578306,164.285821296184,"PGS1"
"ENSG00000141858",382.560317555222,-0.047249787506669,0.249860937363713,-0.189104339418567,0.850011040486731,0.969227885374762,374.262581157155,513.121607671923,428.361456403963,245.399189084569,385.555169256522,383.23437952098,453.970662358185,402.673415469754,388.80477142421,250.219943204957,"SAMD1"
"ENSG00000148297",354.397136858297,0.0529888162633578,0.280274249451986,0.189060594638878,0.850045325380488,0.969227885374762,382.966362114299,470.253220195535,358.205919227976,175.673220230282,414.471806950761,414.124808096979,374.525796445503,246.397780418397,380.465795093396,326.886659809843,"MED22"
"ENSG00000139679",17.9362813914275,0.0843092414096392,0.4464773089385,0.188832085576946,0.850224423561623,0.969227885374762,13.5392148222227,16.8875465816076,13.2057481743033,25.3548977651953,26.1626721995497,6.75728125099965,21.8255126133743,19.1749245461788,18.7626967443319,17.6923192165121,"LPAR6"
"ENSG00000168028",13333.3904243504,-0.0508988190197687,0.269615177850073,-0.188783211040413,0.850262730882318,0.969227885374762,12651.4291645941,12647.4733475794,12733.6426770719,16433.5958800987,13555.0181648614,14328.3322297983,17751.9989392141,16437.7040672117,10028.6614098454,6766.048363229,"RPSA"
"ENSG00000175832",23.2766231368809,0.0917454227933128,0.486578299037429,0.188552228849515,0.850443776947528,0.969227885374762,21.2759090063499,24.6817988500419,32.1890111748642,11.771916819555,11.0158619787578,46.3356428639976,33.1747791723289,14.3811934096341,17.7203247029801,20.2197933902996,"ETV4"
"ENSG00000112559",12.3813136902186,0.185670810677193,0.985213099638561,0.188457513146454,0.850518018307675,0.969227885374762,7.73669418412724,0,1.65071852178791,36.2212825217076,11.0158619787578,0.96532589299995,28.809676649654,21.0924170007966,10.4237204135177,5.89743973883738,"MDFI"
"ENSG00000047230",52.0368789060484,-0.0548075535926611,0.29093293059907,-0.188385527481557,0.850574443984233,0.969227885374762,48.3543386507953,54.5597658790399,60.2512260452587,49.8042634673479,42.6864651676863,51.1622723289973,31.428738163259,48.8960575927558,70.8812988119203,62.3443629534237,"CTPS2"
"ENSG00000152778",109.39230780295,-0.0585917152642136,0.311076550312813,-0.188351436986474,0.850601165949961,0.969227885374762,130.556714357147,171.473549905554,93.2655964810169,54.3319237825613,95.0118095667857,88.8099821559954,97.7782965079168,115.049547277073,127.169389044916,120.476268950535,"IFIT5"
"ENSG00000166454",1034.2590260702,0.028605158466541,0.151957778581443,0.188244121055045,0.850685287075785,0.969227885374762,940.00834337146,962.590155151633,1059.76129098784,1123.76529023598,1160.7964560116,1148.73781266994,876.512586553111,1084.34198308641,1051.75338972394,934.322952910094,"ATMIN"
"ENSG00000198894",124.916650940756,0.0517197044403738,0.274970251286313,0.188091999765169,0.850804532433417,0.969227885374762,137.326321768259,170.174507860815,109.772781698896,72.4425650434151,148.71413671323,139.972254484993,111.746624580476,91.0808915943491,140.720225582489,127.216200080635,"CIPC"
"ENSG00000147010",1003.34801156861,0.0425773417446749,0.226505008320252,0.187975277281619,0.850896031567076,0.969227885374762,904.226132769872,1073.00872895445,1222.35706538395,742.536291695005,1120.8639563386,1323.46179930293,816.274171740198,753.574534664825,1122.63468853586,954.542746300393,"SH3KBP1"
"ENSG00000148143",57.7088478490169,-0.0699490538020263,0.372169443440429,-0.187949481170188,0.850916253493459,0.969227885374762,41.5847312396839,70.1482704159085,47.8708371318494,77.8757574216713,83.9959475880279,34.7517321479982,45.3970662358185,73.8234595027882,29.1864171578495,72.4542596485736,"ZNF462"
"ENSG00000165138",439.783742755471,0.0313823237892297,0.166983381784506,0.187936808165312,0.850926188072118,0.969227885374762,479.675039415889,400.104949779626,356.555200706189,498.948166736522,498.467754538789,447.911214351977,397.224329563412,411.302131515534,462.813186360186,444.835454586591,"ANKS6"
"ENSG00000164209",878.954788839669,-0.0401931250871435,0.213943185639902,-0.187868218223105,0.850979957275684,0.969227885374762,1146.96491279686,850.872539304075,916.974138853184,659.227341895078,1001.06645731961,865.897326020955,636.431947805994,776.58444412024,990.253439284181,945.275340996506,"SLC25A46"
"ENSG00000230082",12.8629614725319,0.0943452969159843,0.50233368119809,0.18781399784097,0.851022462347184,0.969227885374762,19.3417354603181,6.49521022369523,12.3803889134093,10.8663847565123,13.7698274734472,14.4798883949993,14.8413485770945,20.1336707734877,10.4237204135177,5.89743973883738,"PRRT3-AS1"
"ENSG00000066322",605.426046356662,0.0394947140467795,0.210318253109114,0.187785479685824,0.851044818804192,0.969227885374762,531.897725158748,462.4589679271,694.127138411816,691.826496164614,632.035081031226,754.884848325961,587.542799552036,591.546422249615,668.160478506484,439.780506239016,"ELOVL1"
"ENSG00000184831",48.605721778003,0.0576827078930984,0.307417166840855,0.187636586745853,0.851161543537314,0.969227885374762,54.1568592888907,41.5693454316495,62.7273038279406,30.7880901434514,49.5713789044099,48.2662946499975,51.5082097675633,37.3911028650486,68.7965547292168,41.2820781718617,"APOO"
"ENSG00000166226",558.049575445807,-0.0371319046400439,0.198019102605787,-0.187516780711634,0.851255467936449,0.969227885374762,499.016774876207,487.140766777142,626.447679018512,653.794149516821,446.142410139689,641.941718844967,491.510544053189,463.074427790217,663.990990341077,607.43629310025,"CCT2"
"ENSG00000160233",12.6884493686737,-0.0950602424635668,0.507137804224524,-0.187444599222741,0.851312057114652,0.969227885374762,15.4733883682545,11.6913784026514,13.2057481743033,12.6774488825976,8.26189648406832,18.341191966999,9.60322554988468,8.62871604578044,6.25423224811062,22.747267564087,"LRRC3"
"ENSG00000175756",731.686592147544,0.0621238815583276,0.331869753546221,0.187193562819443,0.851508871757672,0.969227885374762,845.233839615901,862.563917706726,888.086564721896,256.265573841081,610.003357073711,577.26488401397,972.544842051958,933.818825398906,660.863874217022,710.220242834273,"AURKAIP1"
"ENSG00000181896",73.8507470746797,-0.0474447051391117,0.253469310982555,-0.187181260544702,0.851518517081952,0.969227885374762,63.8277270190498,76.6434806396037,71.8062556977741,88.7421421781835,72.9800856092701,97.4979151929949,62.8574763265179,54.6485349566095,85.4745073908451,64.0293457359487,"ZNF101"
"ENSG00000127526",869.905282046918,0.0479372905933595,0.256119221333664,0.187167875740604,0.851529011164472,0.969227885374762,697.269563344468,701.482704159085,689.174982846453,1322.07681204233,802.780941701972,1060.89315640695,818.893233253803,1123.65057840608,813.05019225438,669.780656053674,"SLC35E1"
"ENSG00000182541",172.447866688339,0.057230331405465,0.305780555586615,0.187161447514782,0.851534051093098,0.969227885374762,96.7086773015905,155.885045368685,218.720204136898,201.028117995477,210.678360343742,162.174750023992,122.222870634896,161.069366187902,263.720126461998,132.27114842821,"LIMK2"
"ENSG00000172765",277.963960296134,0.0337926747840781,0.180578400468878,0.187135752096232,0.851554197159581,0.969227885374762,216.627437155563,318.265300961066,283.923585747521,277.998343354106,290.543359689736,319.522870582983,254.048966819677,305.840046511551,244.957429717666,267.91226242147,"TMCC1"
"ENSG00000163064",118.454883178695,-0.0656431084303779,0.350819976729481,-0.187113370915578,0.851571744831781,0.969227885374762,107.346631804766,197.454390800335,128.756044699457,54.3319237825613,115.666550776956,67.5728125099965,117.857768112221,113.132054822455,124.042272920861,158.388381557347,"EN1"
"ENSG00000170222",76.8268899012989,-0.0547634567742573,0.293093189321347,-0.18684656883724,0.851780933171637,0.969343535358316,71.564421203177,54.5597658790399,95.7416742636988,91.4587383673116,79.8649993459938,65.6421607239966,97.7782965079168,92.998384048967,74.0084149359756,44.6520437369116,"ADPRM"
"ENSG00000116299",9.0509593300153,0.103968542225812,0.55658160653203,0.1867983796188,0.851818717432666,0.969343535358316,8.70378095714315,3.89712613421714,8.25359260893955,13.5829809456403,8.26189648406832,7.7226071439996,7.85718454081474,14.3811934096341,5.21186020675885,12.6373708689372,"KIAA1324"
"ENSG00000134201",19.4628326664985,0.154784307521866,0.829311874048634,0.186641856176762,0.851941446869667,0.969400484335871,9.67086773015905,40.2703033869104,21.4593407832428,1.81106412608538,26.1626721995497,5.7919553579997,25.3175946315142,47.9373113654469,1.04237204135177,15.1648450427247,"GSTM5"
"ENSG00000063176",129.707552742557,-0.0522019014605699,0.280045956860976,-0.186404767437812,0.852127354077976,0.969529305693394,150.865536590481,157.184087413425,147.739307700018,74.2536291695005,174.876808912779,104.255196443995,151.03254728455,116.96703973169,101.110088011122,118.79128616801,"SPHK2"
"ENSG00000176595",101.501461919267,-0.0883044939653689,0.474056196473883,-0.186274316467529,0.852229647450255,0.96956297944588,172.141445596831,124.708036294948,47.0454778709554,76.9702253586286,181.761722649503,136.110950912993,60.238414812913,69.9884745935525,32.3135332819049,113.736337820435,"KBTBD11"
"ENSG00000188295",18.30487125466,-0.0748293440607543,0.401962304243677,-0.186160103250357,0.852319209998995,0.969582165110593,14.5063015952386,11.6913784026514,18.983263000561,29.8825580804087,16.5237929681366,16.4105401809991,14.8413485770945,17.2574320915609,21.8898128683872,21.0622847815621,"ZNF669"
"ENSG00000132481",18.3567790806114,0.113500584187634,0.610375796062056,0.185951974045994,0.852482423519043,0.969685124304774,26.1113428714294,28.578924984259,13.2057481743033,2.71659618912807,13.7698274734472,17.3758660739991,41.9049842176786,10.5462085003983,12.5084644962212,16.8498278252497,"TRIM47"
"ENSG00000167862",155.547130635748,0.0515635992730128,0.277680168876673,0.185694208850448,0.85268457000443,0.969759118230474,176.976879461911,170.174507860815,184.880474440246,76.9702253586286,152.845084955264,151.556165200992,161.50879333897,150.523157687503,205.347292146299,124.688725906847,"MRPL58"
"ENSG00000150773",8.69084153064846,0.10045697573633,0.542329037013954,0.185232522841562,0.85304666092219,0.969876162454256,6.76960741111134,6.49521022369523,11.5550296525154,8.1497885673842,12.3928447261025,4.82662946499975,13.0953075680246,9.58746227308938,7.29660428946239,6.73993113009986,"PIH1D2"
"ENSG00000083520",152.447093851714,0.0425949856659731,0.23000013288238,0.185195482855464,0.853075711970479,0.969876162454256,149.898449817465,142.894624921295,133.708200264821,172.956624041154,119.797499018991,173.758660739991,114.365686094081,139.018202959796,183.457479277911,194.615511381634,"DIS3"
"ENSG00000144959",77.2855715405027,-0.0614035212041111,0.331609005919161,-0.185168436646983,0.853096924866437,0.969876162454256,74.4656815222247,87.0358169975161,81.7105668285016,74.2536291695005,57.8332753884782,119.700410731994,34.9208201813988,68.0709821389346,77.1355310600309,97.729001386448,"NCEH1"
"ENSG00000181704",226.006929832799,0.0560342147960871,0.30278809011447,0.185060828432529,0.853181325247843,0.969876162454256,192.450267830165,151.987919234468,172.500085526837,365.834953469246,162.483964186677,269.325924146986,199.048675033973,324.056224830421,216.813384601168,205.567899468046,"YIPF6"
"ENSG00000122674",110.369056898694,-0.0405343411931167,0.219281543061835,-0.184850674740493,0.853346159998425,0.969876162454256,98.6428508476224,141.595582876556,94.0909557419109,115.908104069464,100.519740556165,117.769758945994,84.6829889398922,112.173308595146,113.618552507343,124.688725906847,"CCZ1"
"ENSG00000187601",35.9463942592024,-0.0604567010399292,0.327478987907411,-0.184612458424423,0.853533013504739,0.969892610406602,39.6505576936521,23.3827568053028,37.9665260011219,46.1821352151771,30.2936204415838,30.8904285759984,53.2542507766332,34.5148641831218,27.101673075146,36.2271298242868,"MAGEH1"
"ENSG00000109445",250.901105445622,0.0434107865382145,0.235152764554637,0.184606745408379,0.853537494814598,0.969892610406602,260.146341941279,216.940021471421,310.335082096127,197.405989743306,276.773532216289,257.742013430987,234.842515719907,164.904351097137,268.931986668757,320.989220071006,"ZNF330"
"ENSG00000152953",303.009118323512,0.087460032162996,0.474399060508849,0.184359623455377,0.853731342664763,0.970001057924575,333.644936690487,305.274880513676,275.669993138581,254.454509714996,104.650688798199,359.101232195981,475.796174971559,197.501722825641,93.8134837216593,630.183560664337,"STK32B"
"ENSG00000084070",212.654108145709,-0.0648414539085011,0.352008324659883,-0.184204319517591,0.853853170981004,0.970001057924575,330.74367637144,248.117030545158,217.894844876004,76.9702253586286,243.725946280015,192.09985270699,168.492957375249,149.564411460194,268.931986668757,230.000149814658,"SMAP2"
"ENSG00000136897",155.989228821779,-0.0518974103017377,0.282747698809429,-0.1835467115038,0.854369070779381,0.970001057924575,220.495784247626,159.782171502903,167.547929961473,89.6476742412262,169.368877923401,134.180299126993,165.00087535711,101.627100094747,176.160874988449,176.080700773859,"MRPL50"
"ENSG00000254703",9.84547959301937,0.121377190657626,0.661750991343771,0.183418222632586,0.854469878811288,0.970001057924575,13.5392148222227,10.3923363579124,11.5550296525154,1.81106412608538,15.1468102207919,15.4452142879992,9.60322554988468,13.4224471823251,4.16948816540708,3.36996556504993,"SENCR"
"ENSG00000099624",607.71713180898,0.0724783106357642,0.395217135657046,0.183388583380296,0.854493133105608,0.970001057924575,623.770968595259,959.992071062155,586.005075234708,189.256201175922,596.233529600264,388.06100898598,946.354226915909,787.130652620638,397.143747755024,603.223836143938,"ATP5D"
"ENSG00000099977",138.041020081613,0.0850773301171679,0.464272669523848,0.183248628881002,0.854602939982219,0.970001057924575,191.483181057149,141.595582876556,170.024007744155,29.8825580804087,136.321291987127,83.0180267979957,209.524921088393,204.212946416804,67.754182687865,146.593502079672,"DDT"
"ENSG00000005302",350.54638171095,-0.0406292056627602,0.222121829051092,-0.182914060433992,0.854865450391841,0.970001057924575,338.480370555567,333.853805497935,416.806426751447,335.952395388838,359.392497056972,507.761419717974,280.239581955726,295.293838011153,355.448866100953,282.234616072932,"MSL3"
"ENSG00000116212",284.945230550008,0.0370098474038515,0.202392258338125,0.18286197163738,0.854906321954162,0.970001057924575,278.520990628581,331.255721408457,329.318345096688,183.823008797666,290.543359689736,284.771138434985,274.128438423981,296.252584238462,291.864171578495,288.974547203032,"LRRC42"
"ENSG00000108061",898.505208853199,-0.0431670015984492,0.236080689347136,-0.182848507083846,0.854916887002181,0.970001057924575,1087.97261964289,922.319851764723,965.670335245928,681.865643471145,1096.0782668864,781.91397332996,610.241332669945,794.80062243911,1196.64310347183,847.546339610058,"SHOC2"
"ENSG00000055070",2055.39675028832,0.0414104526992263,0.226556978797101,0.182781624821686,0.854969366982278,0.970001057924575,1992.19875241277,2299.30441918811,2363.82892320029,1424.40193516615,2669.96954710141,2343.81126820388,1883.97824878647,1619.3223779248,2332.82862854526,1624.32340235407,"SZRD1"
"ENSG00000143248",18.6043641695702,0.081454490993617,0.445879708671614,0.182682659491929,0.855047022508344,0.970001057924575,29.0126031904772,18.1865886263466,13.2057481743033,11.771916819555,19.2777584628261,17.3758660739991,18.3334305952344,9.58746227308938,19.8050687856836,29.4871986941869,"RGS5"
"ENSG00000196151",102.109432282775,0.0538815203446297,0.295001303200439,0.182648414634357,0.855073893886407,0.970001057924575,116.050412761909,92.2319851764723,92.440237220123,98.7029948716531,99.1427578088198,99.4285669789949,118.730788616756,162.986858642519,56.2880902329956,85.0916305175108,"WDSUB1"
"ENSG00000091527",2216.24542528929,0.0341452093667589,0.187074551674466,0.182521936100512,0.855173140973944,0.970001057924575,2732.98722054295,1816.06077854519,2082.38141523545,2107.17311070034,2252.74377465596,2096.68783959589,1880.48616676833,1930.9149018002,2618.43856787565,2644.58047717293,"CDV3"
"ENSG00000235927",11.6585081395485,0.093628987285257,0.513067572227828,0.182488608427743,0.855199293417399,0.970001057924575,8.70378095714315,7.79425226843427,7.4282333480456,20.8272374499818,9.63887923141304,6.75728125099965,12.2222870634896,15.339939636943,13.550836537573,14.3223536514622,"NEXN-AS1"
"ENSG00000119231",397.92177588402,-0.0321144370916,0.176210807470533,-0.182250098916155,0.855386458036357,0.970001057924575,373.295494384139,514.420649716662,330.143704357582,396.623043612698,413.094824203416,406.402200952979,358.811427363873,371.993536195868,433.626769202336,380.806108850642,"SENP5"
"ENSG00000117602",251.272575887367,0.0635177823978577,0.348636426632885,0.182189173435804,0.855434269150842,0.970001057924575,220.495784247626,350.741352079542,255.036011616232,153.034918654214,207.924394849053,350.413299158982,131.826096184781,178.326798279462,409.652212251245,255.274891552532,"RCAN3"
"ENSG00000138867",1331.11278386772,0.0464642933790685,0.255170429995916,0.182091214016499,0.855511143666527,0.970001057924575,1016.40819843972,2005.72091707709,1335.43128412642,865.688652268811,1575.26826296236,1332.14973233993,1333.1023104249,1439.07808719072,999.634787656347,1408.64560619087,"GUCD1"
"ENSG00000198791",1214.97055408133,-0.0350960919957661,0.192840189923097,-0.181995734446031,0.855586073418671,0.970001057924575,1191.4509043556,1135.36274710193,1399.80930647615,1203.45211178373,1170.43533524301,1521.35360736792,900.084140175555,1040.2396566302,1429.09206869328,1158.42566298591,"CNOT7"
"ENSG00000100284",335.227510710953,0.0476560327450089,0.261900127072538,0.18196261787918,0.855612062697579,0.970001057924575,207.92365619842,322.162427095283,335.095859922946,449.143903269174,353.884566067593,272.221901825986,480.161277494234,349.942372967762,265.804870544701,315.934271723431,"TOM1"
"ENSG00000017483",167.078240599021,-0.154075169881192,0.846832916287218,-0.181942821208115,0.855627598839505,0.970001057924575,94.7745037555587,96.1291113106894,273.193915355899,247.210253210654,173.499826165435,183.41191966999,2.61906151360491,329.808702194275,152.186318037358,117.948794776748,"SLC38A5"
"ENSG00000142552",399.269135294456,-0.0591608473812945,0.325174659163127,-0.18193560203477,0.855633264356549,0.970001057924575,373.295494384139,274.097871439939,322.715471009536,666.471598399419,264.380687490186,386.13035719998,628.574763265179,468.826905154071,293.948915661199,314.249288940906,"RCN3"
"ENSG00000142634",597.940923288813,-0.0711408063215095,0.391077172682363,-0.181909892192278,0.855653441180152,0.970001057924575,671.158220473038,935.310272212113,720.538634760423,136.735341519446,455.781289371102,605.259334910969,693.178280600767,564.701527884964,634.804573183228,561.941757972076,"EFHD2"
"ENSG00000198081",126.540200445162,0.0365991130447724,0.201306880868204,0.181807561107332,0.855733750512776,0.970001057924575,102.511197939686,128.605162429166,113.074218742472,153.940450717257,145.96017121854,135.145625019993,115.238706598616,124.637009550162,115.703296590046,130.586165645685,"ZBTB14"
"ENSG00000116157",270.973366122248,0.0795602707758695,0.438388505121955,0.181483478344709,0.85598810019428,0.970001057924575,167.306011731752,163.67929763712,314.461878400597,402.056235990954,377.293272772453,306.973633973984,423.414944699461,342.272403149291,105.279576176529,106.996406690335,"GPX7"
"ENSG00000170417",21.1845431855755,0.0629091132061087,0.346803378565719,0.181397059816093,0.856055926524157,0.970001057924575,21.2759090063499,18.1865886263466,24.7607778268187,18.1106412608538,20.6547412101708,23.1678214319988,15.7143690816295,23.0099094554145,20.8474408270354,26.117233129137,"TMEM182"
"ENSG00000136104",186.359107225315,0.045666173720209,0.25176182157584,0.181386412897607,0.856064282923825,0.970001057924575,203.08822233334,185.763012397684,203.038378179913,139.451937708574,183.138705396848,245.192776821987,228.731372188162,121.760770868235,204.304920104947,149.12097625346,"RNASEH2B"
"ENSG00000163807",367.837130339815,-0.0390268803051113,0.215337048892878,-0.18123625500471,0.85618213840126,0.970001057924575,407.143531439696,487.140766777142,356.555200706189,245.399189084569,411.717841456071,393.85296434398,328.255709705149,325.973717285039,357.533610183657,364.798772416655,"KIAA1143"
"ENSG00000100599",555.398280370198,0.0412014069672501,0.227339681867525,0.18123279943384,0.856184850637144,0.970001057924575,636.343096644466,620.942097385264,560.418938146996,365.834953469246,728.423873345357,572.43825454897,537.780630793542,593.463914704233,407.567468168542,530.769576495364,"RIN3"
"ENSG00000106404",55.4480312303883,-0.0729595826849375,0.402781651793978,-0.181139290630489,0.856258245213472,0.970001057924575,64.7948137920657,38.9712613421714,38.7918852620159,86.0255459890555,37.1785341783074,50.1969464359974,82.9369479308223,86.2871604578044,40.652509612719,28.6447073029244,"CLDN15"
"ENSG00000204209",520.400470072241,-0.0431275321742077,0.23821621638257,-0.181043645261101,0.85633331805554,0.970001057924575,613.133014092084,596.260298535222,527.404567711237,382.134530604015,597.610512347608,537.686522400972,607.62227115634,405.549654151681,596.236807653212,340.366522070043,"DAXX"
"ENSG00000148343",118.939676696525,-0.0529401944485364,0.292483430768087,-0.181002371004439,0.856365714962783,0.970001057924575,106.37954503175,94.8300692659503,94.0909557419109,190.161733238965,143.206205723851,99.4285669789949,156.27067031176,112.173308595146,109.449064341936,83.4066477349858,"MIGA2"
"ENSG00000122971",84.5529059695144,-0.0514689907122378,0.284413456410297,-0.180965385259367,0.856394745945676,0.970001057924575,94.7745037555587,113.016657892297,81.7105668285016,57.0485199716894,85.3729303353726,58.8848794729969,111.746624580476,79.5759368666419,65.6694386051615,97.729001386448,"ACADS"
"ENSG00000234769",8.15780719731923,-0.110738295854394,0.611963936676232,-0.180955591036702,0.856402433694394,0.970001057924575,5.80252063809543,7.79425226843427,3.30143704357582,17.2051091978111,9.63887923141304,9.6532589299995,9.60322554988468,7.6699698184715,4.16948816540708,6.73993113009986,"WASH4P"
"ENSG00000198464",133.4726508448,-0.0503134185542995,0.278451993206982,-0.180689741074685,0.856611111679629,0.970001057924575,174.075619142863,140.296540831817,146.913948439124,84.2144818629701,119.797499018991,160.244098237992,110.000583571406,90.1221453670402,135.50836537573,173.553226600072,"ZNF480"
"ENSG00000205531",682.394514046408,0.0364156198441989,0.201633895981259,0.180602669342775,0.856679460506876,0.970001057924575,653.750658558752,775.52810070921,800.598483067136,459.104755962643,665.0826669675,732.682352786962,627.701742760644,586.75269111307,761.973962228144,760.769726310022,"NAP1L4"
"ENSG00000259456",11.2875755734474,-0.107974881077252,0.598028270196682,-0.180551466307337,0.856719653931864,0.970001057924575,10.637954503175,3.89712613421714,11.5550296525154,20.8272374499818,11.0158619787578,6.75728125099965,18.3334305952344,17.2574320915609,4.16948816540708,8.42491391262483,"ADNP-AS1"
"ENSG00000127419",61.1304709380399,-0.0595395531034508,0.32986995036864,-0.180494019042697,0.856764749402278,0.970001057924575,53.1897725158748,58.4568920132571,39.6172445229098,99.6085269346958,57.8332753884782,54.0582500079972,73.3337223809376,67.1122359116257,36.4830214473119,71.6117682573111,"TMEM175"
"ENSG00000197372",16.8917002060335,0.0722461695876401,0.400325738969795,0.180468459943544,0.856784813164089,0.970001057924575,15.4733883682545,18.1865886263466,13.2057481743033,19.0161733238965,15.1468102207919,22.2024955389988,15.7143690816295,10.5462085003983,16.6779526616283,22.747267564087,"ZNF675"
"ENSG00000260630",39.6617170182644,0.0620070961641913,0.344011590767608,0.180247113261016,0.856958573045004,0.970001057924575,34.8151238285726,46.7655136106057,36.315807479334,36.2212825217076,68.849137367236,36.6823839339981,44.5240457312835,40.2673415469754,26.0593010337942,26.117233129137,"SNAI3-AS1"
"ENSG00000146648",645.461649820799,0.0591512287264535,0.328253162244782,0.180200027082584,0.856995537171422,0.970001057924575,601.527972815893,371.526024795367,370.586308141386,1174.47508576637,593.479564105574,727.855723321962,543.891774325287,795.759368666419,553.49955395779,722.015122311948,"EGFR"
"ENSG00000117308",71.6863286311248,0.0567210065202467,0.314793547620208,0.180184781260763,0.857007505686792,0.970001057924575,82.202375706352,94.8300692659503,66.0287408715164,38.0323466477929,52.3253443990994,91.7059598349952,78.5718454081474,56.5660274112273,91.7287396389557,64.8718371272112,"GALE"
"ENSG00000132849",89.9874359115135,-0.043941209608775,0.243878779686268,-0.180176437102491,0.857014056163372,0.970001057924575,83.1694624793679,98.7271954001675,84.1866446111834,99.6085269346958,129.436378250404,70.4687901889964,69.8416403627977,86.2871604578044,85.4745073908451,92.6740530388731,"PATJ"
"ENSG00000135341",739.802161922141,0.0383790769587589,0.213060070538853,0.18013265865206,0.857048424047032,0.970001057924575,904.226132769872,709.276956427519,793.170249719091,505.28689117782,720.161976861288,779.98332154396,598.89206611099,666.328627979712,928.753488844427,791.941907786734,"MAP3K7"
"ENSG00000160813",36.8384039083184,0.059651002665535,0.331157012064051,0.180129064137097,0.857051245901116,0.970001057924575,47.3872518777794,38.9712613421714,28.0622148703945,29.8825580804087,35.8015514309627,24.1331473249987,40.1589432086087,46.978565138138,28.1440451164978,48.864500693224,"PPP1R35"
"ENSG00000065427",929.197810195777,-0.0271044825261522,0.150552300072936,-0.180033666128125,0.857126138247877,0.97000350494798,972.889293654001,856.068707483031,980.526801942019,947.186537942653,1075.42352567623,898.718406382953,992.624313656262,887.799006488077,922.499256596316,758.242252136235,"KARS"
"ENSG00000118960",141.816991798488,0.0499499832582103,0.277918117509161,0.179729136430135,0.857365218337087,0.970152460075484,144.09592917937,174.071633995032,160.945055874321,76.9702253586286,165.237929681366,111.977803587994,164.127854852575,116.008293504381,126.127017003564,178.608174947646,"HS1BP3"
"ENSG00000103653",531.964986758868,-0.050136099291201,0.279100112376025,-0.179634823018823,0.85743926453831,0.970152460075484,557.041981257162,749.547259814429,596.73474562633,269.848554786721,545.285167948509,541.547825972972,652.146316887623,460.19818910829,559.7537862059,387.546039980742,"CSK"
"ENSG00000179387",104.555331829333,0.0641698637568718,0.357662297497274,0.179414671901113,0.85761211179361,0.970152460075484,102.511197939686,46.7655136106057,74.282333480456,182.917476734623,82.6189648406832,111.012477694994,92.5401734807069,144.77068032365,118.830412714102,89.3040874738232,"ELMOD2"
"ENSG00000189057",16.1301504432556,-0.121732656147067,0.67946742327832,-0.179158929444662,0.857812911449651,0.970152460075484,15.4733883682545,29.8779670289981,16.5071852178791,6.33872444129882,6.8849137367236,38.613035719998,9.60322554988468,2.87623868192681,25.0169289924425,10.1098966951498,"FAM111B"
"ENSG00000131435",416.484992702808,0.0484612754513733,0.270551428713676,0.179120382700547,0.857843177746457,0.970152460075484,434.221961084142,554.690953103573,436.615049012902,208.272374499818,386.932152003866,334.002758977983,504.605851621213,482.249352336396,374.211562845285,449.047911542903,"PDLIM4"
"ENSG00000131462",322.077258336837,-0.0590950476504094,0.329984754854341,-0.179084175196198,0.857871607499352,0.970152460075484,306.566507046042,423.487706584929,453.947593491675,136.735341519446,238.218015290637,384.19970541398,304.684156082705,222.429124735674,403.397980003135,347.106453200143,"TUBG1"
"ENSG00000148925",267.268245093426,-0.0446951413640225,0.249769861858895,-0.178945294005377,0.857980657263986,0.970152460075484,332.677849917471,220.837147605638,329.318345096688,205.55577831069,234.087067048602,311.800263438984,190.318469988624,221.470378508365,346.067517728787,280.549633290407,"BTBD10"
"ENSG00000180228",545.882605815238,0.0346771614151759,0.193787847645017,0.178943942236759,0.857981718688494,0.970152460075484,608.297580227005,428.683874763885,540.610315885541,573.201795906022,538.400254211785,681.520080457965,467.938990430745,594.422660931542,591.024947446453,434.725557891441,"PRKRA"
"ENSG00000235180",10.4378157179944,0.104298405813919,0.583162084654024,0.178849771887685,0.858055662978405,0.970152460075484,6.76960741111134,6.49521022369523,10.7296703916214,15.3940450717257,19.2777584628261,10.6185848229995,15.7143690816295,7.6699698184715,8.33897633081416,3.36996556504993,"LINC00601"
"ENSG00000147416",615.220371520276,0.0498505744213379,0.27873322665581,0.178846903253824,0.858057915502017,0.970152460075484,620.869708276211,565.083289461485,545.562471450904,679.149047282017,419.97973794014,732.682352786962,481.907318503304,403.632161697063,732.787545070294,970.550082734381,"ATP6V1B2"
"ENSG00000154447",595.64188158875,0.0585839427742727,0.327789714127856,0.178724164454476,0.858154294183241,0.970179182972101,680.829088203197,678.099947353782,577.751482625769,388.473255045314,499.844737286133,818.596357263958,279.366561451191,439.105772107494,884.973863107652,709.377751443011,"SH3RF1"
"ENSG00000164983",410.412576862634,0.0542222171971718,0.303891973669652,0.178425960193718,0.858388463120228,0.97024040591255,560.910328349225,311.770090737371,385.442774837477,346.81878014535,225.825170564534,606.224660803969,336.985914750499,346.107388058527,571.21987866077,412.820781718617,"TMEM65"
"ENSG00000188573",14.2560964206913,0.131136659329078,0.735027009772298,0.178410667343643,0.858400472374042,0.97024040591255,8.70378095714315,6.49521022369523,18.157903739667,19.9217053869392,42.6864651676863,3.8613035719998,20.9524921088393,9.58746227308938,2.08474408270354,10.1098966951498,"FBLL1"
"ENSG00000155090",347.403762734883,0.0467804179612676,0.262255474636022,0.178377278972701,0.858426691892336,0.97024040591255,296.895639315883,358.535604347977,394.521726707311,313.31409381277,223.071205069845,550.235759009972,335.239873741429,278.036405919592,402.355607961783,321.831711462269,"KLF10"
"ENSG00000135862",2555.38470533559,0.0605475794492751,0.340133166803525,0.178011394825986,0.858714026890303,0.970338182269644,1631.47538607783,1878.41479669266,1924.7377964047,4530.37691140257,2117.79946541618,2267.55052265688,2838.18966024319,4321.06924648138,2180.6423105079,1863.59095747261,"LAMC1"
"ENSG00000188021",156.052390180566,0.0463867775307865,0.260745889786875,0.177900321146774,0.858801258630777,0.970338182269644,150.865536590481,138.997498787078,153.516822526276,169.334495788983,128.059395503059,131.284321447993,143.175362743735,137.100710505178,142.804969665192,265.384788247682,"UBQLN2"
"ENSG00000187953",64.4109838068513,-0.0660597812158638,0.371366812597984,-0.177882834369951,0.858814992032202,0.970338182269644,61.893553473018,62.3540181474742,37.9665260011219,102.325123123824,81.2419820933385,52.1275982219973,93.4131939852419,73.8234595027882,42.7372536954226,36.2271298242868,"PMS2CL"
"ENSG00000117054",193.741945089684,0.0638799990931004,0.359272185195538,0.177803909474186,0.858876976958323,0.970338182269644,320.105721868265,101.325279489646,211.291970788852,121.34129644772,158.353015944643,258.707339323987,167.619936870714,115.049547277073,241.830313593611,241.795029292333,"ACADM"
"ENSG00000031691",55.1091588388016,-0.109294662935322,0.616305435257345,-0.177338469990428,0.859242534960943,0.970386003537617,31.9138635095249,97.4281533554284,90.7895186983351,10.8663847565123,15.1468102207919,120.665736624994,42.7780047222136,24.9274019100324,71.9236708532721,44.6520437369116,"CENPQ"
"ENSG00000204444",18.6284410933119,-0.0758215991734295,0.427563807537796,-0.177333997491654,0.859246047825578,0.970386003537617,19.3417354603181,23.3827568053028,17.3325444787731,17.2051091978111,16.5237929681366,11.5839107159994,29.682697154189,25.8861481373413,13.550836537573,11.7948794776748,"APOM"
"ENSG00000138764",1123.3181250154,-0.0372807051310951,0.210284691713207,-0.177286824006855,0.859283099781004,0.970386003537617,983.527248157176,1366.59223106548,1301.59155442977,910.965255420945,1456.84774669071,985.597736752949,880.877689075786,1245.41134927431,1004.84664786311,1096.92379142375,"CCNG2"
"ENSG00000143315",45.7770304086887,-0.0654035747175906,0.369873127264538,-0.176827052025364,0.859644239433791,0.970543498195564,47.3872518777794,31.1770090737371,28.8875741312884,80.5923536107993,31.6706031889286,42.4743392919978,58.4923738038431,57.5247736385363,45.8643698194779,33.6996556504993,"PIGM"
"ENSG00000129084",223.832350204291,0.0394687656706087,0.223237496775832,0.176801685382819,0.859664165166794,0.970543498195564,215.660350382547,144.193666966034,250.083856050868,269.848554786721,180.384739902158,219.128977710989,236.588556728977,270.366436101121,217.85575664252,234.21260677097,"PSMA1"
"ENSG00000198856",1373.30110198962,0.046147633516265,0.261052529169924,0.176775278381718,0.85968490820603,0.970543498195564,1049.28914872226,984.673869912197,1277.65613586384,2075.47948849384,1400.39145404958,1482.74057164792,1566.19878513574,1661.50721192639,1313.38877210323,921.685582041157,"OSTC"
"ENSG00000173950",212.056529294981,0.0462159490755827,0.262115452813097,0.17631905551382,0.860043292416091,0.970543498195564,210.824916517467,194.856306710857,129.581403960351,297.014516678002,181.761722649503,205.614415208989,233.969495215372,282.830137056137,210.559152353057,173.553226600072,"XXYLT1"
"ENSG00000135541",123.623306311297,-0.0438081856667742,0.24855660154116,-0.176250340546758,0.860097273707787,0.970543498195564,122.82002017302,115.614741981775,94.0909557419109,171.145559915068,103.273706050854,125.492366089993,140.55630123013,95.8746227308938,155.313434161414,112.05135503791,"AHI1"
"ENSG00000124191",53.6328630634758,-0.116481026432152,0.66113596305132,-0.17618316494925,0.860150046329309,0.970543498195564,102.511197939686,20.7846727158247,57.7751482625769,43.4655390260491,49.5713789044099,53.0929241149972,6.1111435317448,38.3498490923575,146.9744578306,17.6923192165121,"TOX2"
"ENSG00000107815",92.6273971311311,-0.0481515069505949,0.273321799849195,-0.176171483493678,0.860159223252766,0.970543498195564,88.0048963444474,64.9521022369523,98.2177520463807,125.868956762934,90.8808613247515,117.769758945994,111.746624580476,70.9472208208614,89.6439955562522,68.2418026922611,"TWNK"
"ENSG00000136444",259.838722925111,0.0336228773044202,0.190893317639561,0.176134386054864,0.860188367036867,0.970543498195564,275.619730309533,218.23906351616,262.464244964278,267.131958597593,296.051290679115,291.528419685985,301.192074064565,228.181602099527,257.465894213887,200.512951120471,"RSAD1"
"ENSG00000122257",312.201609893982,0.0478763799894171,0.271900764253364,0.176080343580074,0.86023082319851,0.970543498195564,302.698159953978,250.715114634636,269.892478312323,401.150703927911,228.579136059223,282.840486648985,522.066261711913,298.17007669308,249.126917883073,316.776763114694,"RBBP6"
"ENSG00000070404",251.977749335136,-0.0797606804812199,0.453154289723546,-0.17601219339638,0.860284363054934,0.970543498195564,137.326321768259,113.016657892297,212.94268931064,577.729456221236,191.400601880916,157.348120558992,252.302925810607,434.312040970949,282.48282320633,160.915855731134,"FSTL3"
"ENSG00000159267",375.936409376959,-0.0348440103267125,0.198048816663334,-0.175936473207736,0.86034385077952,0.970543498195564,410.044791758744,372.825066840106,283.098226486627,459.104755962643,419.97973794014,405.436875059979,296.82697154189,399.797176787827,375.253934886637,336.996556504993,"HLCS"
"ENSG00000171889",63.127035215103,-0.0538940755915784,0.306498003546116,-0.17583825985173,0.86042101089452,0.970543498195564,69.6302476571452,80.5406067738208,62.7273038279406,46.1821352151771,41.3094824203416,73.3647678679962,38.4129021995387,68.0709821389346,80.2626471840863,70.7692768660486,"MIR31HG"
"ENSG00000175137",877.768678613135,-0.0499466131130673,0.284089965821966,-0.175812661909953,0.860441121821534,0.970543498195564,860.707227984156,1001.5614164938,1243.81640616719,478.12092928654,954.249043909891,1129.43129480994,876.512586553111,560.866542975729,769.270566517606,903.150771433382,"SH3BP5L"
"ENSG00000132275",92.7960374179519,-0.0400390635891526,0.227938255489583,-0.175657497698899,0.860563027938999,0.970543498195564,94.7745037555587,87.0358169975161,103.995266872638,91.4587383673116,85.3729303353726,83.9833526909956,102.143399030592,64.2359972296989,110.491436383288,104.468932516548,"RRP8"
"ENSG00000100852",1158.29486189133,-0.042124104054941,0.239814696269978,-0.175652721497596,0.860566780455992,0.970543498195564,1190.48381758258,1580.93416844742,1168.70871342584,775.135445964542,1350.82007514517,1146.80716088394,780.480331054264,1066.12580476754,1187.26175509967,1336.1913465423,"ARHGAP5"
"ENSG00000064309",148.31385379172,0.0833461144034609,0.474562892673606,0.175627120641277,0.860586894328615,0.970543498195564,200.186962014292,162.380255592381,109.772781698896,100.514058997738,229.956118806568,99.4285669789949,170.238998384319,229.140348326836,23.9745569510907,157.545890166084,"CDON"
"ENSG00000186815",125.181417256697,0.0756649363021547,0.431502130242885,0.175352405003341,0.860802736366635,0.970704239253959,115.083325988893,89.6339010869942,61.0765853061527,219.138759256331,136.321291987127,57.919553579997,202.540757052113,192.707991689097,77.1355310600309,100.256475560235,"TPCN1"
"ENSG00000176998",11.5530447183864,0.173059874871411,0.987446210815822,0.175260052624467,0.860875299281423,0.970704239253959,0,12.9904204473905,19.8086222614549,9.96085269346958,26.1626721995497,13.5145625019993,1.74604100906994,15.339939636943,0,16.0073364339872,"HCG4"
"ENSG00000100034",478.943149538107,-0.0450742421497575,0.257445403570792,-0.17508272249018,0.861014634029762,0.970704239253959,531.897725158748,639.128686011611,486.961963927433,294.297920488874,575.578788390093,560.854343832971,371.906734931898,350.901119195071,451.347093905316,526.557119539052,"PPM1F"
"ENSG00000115233",407.95044071038,0.0413941604066332,0.236436477913343,0.175075186248565,0.861020555625278,0.970704239253959,427.45235367303,402.703033869104,497.691634319055,276.18727922802,333.229824857422,415.090133989978,356.192365850268,338.437418240055,547.245321709679,485.27504136719,"PSMD14"
"ENSG00000105516",73.4173697473623,0.0901620844804569,0.516613170838322,0.174525330692108,0.861452625226442,0.970944397000101,71.564421203177,128.605162429166,75.9330520022439,7.24425650434151,86.7499130827173,63.7115089379967,87.3020504534971,88.2046529124223,44.8219977781261,80.0366821699359,"DBP"
"ENSG00000178685",125.72412275915,0.0585417077508285,0.335968366184264,0.174247678183847,0.861670816849014,0.970944397000101,117.98458630794,126.007078339687,87.4880816547592,159.373643095513,156.976033197298,66.6074866169966,171.985039393389,147.646919005576,69.8389267705686,153.333433209772,"PARP10"
"ENSG00000167522",2366.1081913917,0.0394669898976803,0.226538177909165,0.174217830574701,0.861694273049243,0.970944397000101,1899.35842220324,2548.72049177801,2534.67829020534,2327.21740201971,2277.52946410817,2296.51029944688,3532.24096134849,2536.84251745945,2026.37124838784,1681.61281695992,"ANKRD11"
"ENSG00000103512",127.015334115637,0.0536936472483915,0.3082358205322,0.174196649681027,0.861710918452532,0.970944397000101,106.37954503175,109.11953175808,84.1866446111834,197.405989743306,96.3887923141304,132.249647340993,112.619645085011,180.24429073408,94.855855763011,156.703398774822,"NOMO1"
"ENSG00000168101",132.445421754937,0.0670315147196764,0.384859440470049,0.174171418629636,0.861730746828521,0.970944397000101,162.470577866672,170.174507860815,143.612511395548,39.8434107738783,83.9959475880279,111.977803587994,166.74691636618,142.853187869032,111.533808424639,191.245545816584,"NUDT16L1"
"ENSG00000124688",112.944298984669,0.0450300792397322,0.258574311463411,0.17414753609855,0.86174951552048,0.970944397000101,134.425061449211,127.306120384426,118.026374307836,64.2927764760309,100.519740556165,97.4979151929949,107.381522057801,111.214562367837,140.720225582489,128.058691471897,"MAD2L1BP"
"ENSG00000256229",48.3040786370324,-0.0621257642171821,0.357713990325324,-0.173674404405267,0.862121354123241,0.970944397000101,35.7822106015885,55.858807923779,66.0287408715164,40.748942836921,34.424568683618,73.3647678679962,26.1906151360491,38.3498490923575,58.3728343156991,53.9194490407989,"ZNF486"
"ENSG00000155592",45.9232638590247,-0.0495865929574589,0.285984390381051,-0.173389159077489,0.862345545851087,0.970944397000101,35.7822106015885,62.3540181474742,34.6650889575461,55.237455845604,50.9483616517546,48.2662946499975,36.6668611904688,41.2260877742843,46.9067418608296,47.1795179106991,"ZKSCAN2"
"ENSG00000127124",62.0926320639703,0.0818378567753846,0.472271589755105,0.173285580904457,0.862426957009725,0.970944397000101,94.7745037555587,35.0741352079542,50.3469149145313,58.8595840977748,110.158619787578,83.9833526909956,27.0636356405841,24.9274019100324,92.7711116803075,42.9670609543866,"HIVEP3"
"ENSG00000239857",7.99447513450488,0.14209693476965,0.820025613371986,0.173283532187904,0.862428567290251,0.970944397000101,4.83543386507953,15.5885045368685,7.4282333480456,2.71659618912807,6.8849137367236,4.82662946499975,7.85718454081474,9.58746227308938,0,20.2197933902996,"GET4"
"ENSG00000173465",144.698932838749,-0.0529594549581062,0.305651122444549,-0.173267660640487,0.86244104226312,0.970944397000101,150.865536590481,184.463970352945,189.83263000561,67.009372665159,134.944309239783,152.521491093992,192.937531502229,113.132054822455,132.381249251675,128.90118286316,"SSSCA1"
"ENSG00000179152",199.870423936981,0.0311668635052575,0.179986230297829,0.173162488339717,0.862523708138122,0.970944397000101,219.528697474611,184.463970352945,184.880474440246,199.217053869392,247.85689452205,187.27322324199,179.842223934204,185.996768097934,185.542223360615,224.102710075821,"TCAIM"
"ENSG00000156050",41.2943922032221,-0.0587681883526616,0.339513871945182,-0.173095102170524,0.862576674744641,0.970944397000101,29.0126031904772,51.9616817895618,47.8708371318494,39.8434107738783,61.9642236305124,33.7864062549982,23.5715536224442,48.8960575927558,40.652509612719,35.3846384330243,"FAM161B"
"ENSG00000165629",821.360999983243,0.0346811906402715,0.200819091180693,0.172698673399862,0.862888286598069,0.970944397000101,1028.98032648892,783.322352977645,827.009979415743,598.556693671217,871.630079069208,862.036022448955,815.401151235663,637.566241160444,973.575486622553,815.531666742084,"ATP5C1"
"ENSG00000141759",844.477705590425,0.03267937307974,0.189345669526846,0.172591077268375,0.862972865953801,0.970944397000101,853.937620573045,853.470623393553,814.629590502334,811.356728486249,636.166029273261,927.678183172952,1072.06917956894,975.04491317319,781.779031013827,718.645156746898,"TXNL4A"
"ENSG00000139428",126.624455693259,0.0565310302748519,0.327588899348715,0.172566989868222,0.862991800834759,0.970944397000101,191.483181057149,75.3444385948647,94.9163150028048,132.207681204233,163.860946934022,110.047151801994,120.476829625826,76.699698184715,120.915156796805,180.293157730171,"MMAB"
"ENSG00000221994",11.26074384151,-0.0895720272035118,0.519204638801448,-0.172517771432635,0.863030491233359,0.970944397000101,10.637954503175,10.3923363579124,13.2057481743033,12.6774488825976,6.8849137367236,16.4105401809991,13.0953075680246,14.3811934096341,3.12711612405531,11.7948794776748,"ZNF630"
"ENSG00000023171",76.8725709321577,0.0749116804969474,0.434244687853957,0.172510297977765,0.863036366112528,0.970944397000101,63.8277270190498,70.1482704159085,103.995266872638,59.7651161608175,63.3412063778571,72.3994419749963,50.6351892630283,26.8448943646503,166.779526616283,90.9890702563482,"GRAMD1B"
"ENSG00000160326",34.2487523997282,0.0696063630106587,0.404068031964936,0.172263969193928,0.863230009284603,0.970944397000101,23.2100825523817,42.8683874763885,15.6818259569851,51.6153275934333,31.6706031889286,36.6823839339981,25.3175946315142,44.1023264562111,46.9067418608296,24.432250346612,"SLC2A6"
"ENSG00000119965",81.6974574673907,-0.0546583011016884,0.317343652832786,-0.172236944441075,0.863251254394698,0.970944397000101,74.4656815222247,64.9521022369523,61.0765853061527,133.113213267275,79.8649993459938,79.1567232259959,54.1272712811682,79.5759368666419,119.872784755454,70.7692768660486,"C10orf88"
"ENSG00000111737",604.392143316594,-0.0441243256315857,0.25628969797465,-0.172165818525995,0.863307169454356,0.970944397000101,657.619005650816,787.219479111862,667.71564206321,350.440908397521,521.876461243649,764.53810725596,505.478872125748,489.919322154867,716.109592408666,583.004042753638,"RAB35"
"ENSG00000250486",7.31154796173142,-0.106427219608455,0.618339770379542,-0.172117700828348,0.863344997179321,0.970944397000101,12.5721280492068,7.79425226843427,4.12679630446978,6.33872444129882,2.75396549468944,6.75728125099965,8.73020504534971,4.79373113654469,12.5084644962212,6.73993113009986,"FAM218A"
"ENSG00000119640",52.9642894606188,0.0628374585351841,0.365443731243849,0.171948382645137,0.863478109148577,0.970944397000101,48.3543386507953,62.3540181474742,73.456974219562,22.6383015760672,44.063447915031,56.954227686997,77.6988249036124,34.5148641831218,53.1609741089403,56.4469232145864,"ACYP1"
"ENSG00000140157",471.969312514899,-0.0506620903415957,0.294717858056141,-0.171900307214994,0.863515905058582,0.970944397000101,427.45235367303,402.703033869104,590.957230800072,506.192423240863,352.507583320248,737.508982251962,300.31905356003,377.746013559722,649.397781762152,374.908669111805,"NIPA2"
"ENSG00000235954",30.069234763098,0.0756547861026939,0.440178849066323,0.171872833651975,0.86353750434652,0.970944397000101,18.3746486873022,15.5885045368685,22.2847000441368,59.7651161608175,35.8015514309627,27.0291250039986,40.1589432086087,32.5973717285039,18.7626967443319,30.3296900854494,"TTC28-AS1"
"ENSG00000132470",8.73665975689213,0.116862161084881,0.680760171283559,0.171664215996274,0.863701519629198,0.970944397000101,12.5721280492068,10.3923363579124,2.47607778268187,8.1497885673842,6.8849137367236,2.89597767899985,16.5873895861645,16.2986858642519,5.21186020675885,5.89743973883738,"ITGB4"
"ENSG00000085274",102.796271417004,-0.0383885218389101,0.223662693232756,-0.171635784600702,0.863723872858502,0.970944397000101,124.754193719052,83.1386908632989,100.693829829063,108.663847565123,96.3887923141304,119.700410731994,82.0639274262873,87.2459066851134,107.364320259232,117.948794776748,"MYNN"
"ENSG00000085644",183.398214700806,0.0436319794302114,0.254329534482308,0.171556872146309,0.863785915695321,0.970944397000101,168.273098504768,240.322778276723,202.213018919019,110.474911691208,191.400601880916,190.16920092099,231.350433701767,196.542976598332,149.059201913303,154.175924601034,"ZNF213"
"ENSG00000197181",5.32887937135145,0.165334324562127,0.96410578226944,0.171489817406697,0.863838636376627,0.970944397000101,9.67086773015905,0,9.07895186983351,0.905532063042689,2.75396549468944,12.5492366089993,2.61906151360491,1.91749245461788,10.4237204135177,3.36996556504993,"PIWIL2"
"ENSG00000183688",3016.42099395383,-0.0589254254842817,0.343899000274478,-0.171345149120094,0.863952381491736,0.970944397000101,1513.49079976989,3584.05700143503,2590.80271994613,4674.35650942636,2338.11670499133,4389.33683547077,1897.94657685903,2903.08357629146,4124.66616762895,2148.35304771933,"RFLNB"
"ENSG00000006125",1022.6369535202,-0.0394390651173057,0.230331625870948,-0.171227311786541,0.864045032914101,0.970944397000101,1035.74993390003,1050.92501419389,930.179887027487,1140.97039943379,1016.2132675404,1386.20798234793,702.781506150652,714.265939345159,1078.85506279908,1170.22054246359,"AP2B1"
"ENSG00000204052",9.84345579361617,-0.119617732234066,0.698627511954712,-0.1712181816307,0.864052211718108,0.970944397000101,13.5392148222227,15.5885045368685,10.7296703916214,1.81106412608538,8.26189648406832,4.82662946499975,11.3492665589546,20.1336707734877,2.08474408270354,10.1098966951498,"LRRC73"
"ENSG00000027001",49.6494426824745,0.0618030791893883,0.361195233358834,0.1711071284487,0.864139530844181,0.970944397000101,55.1239460619066,46.7655136106057,47.8708371318494,43.4655390260491,63.3412063778571,57.919553579997,33.1747791723289,20.1336707734877,60.4575783984026,68.2418026922611,"MIPEP"
"ENSG00000153832",43.8769382960073,0.0592456763344707,0.346524221383365,0.170971241484809,0.864246378584939,0.970944397000101,43.5189047857157,57.157849968518,49.5215556536373,21.7327695130245,42.6864651676863,38.613035719998,37.5398816950038,50.8135500473737,32.3135332819049,64.8718371272112,"FBXO36"
"ENSG00000035115",290.235134081448,-0.0516683677782508,0.302306119356835,-0.170914065147529,0.864291337005754,0.970944397000101,263.047602260326,183.164928308205,267.416400529641,470.876672782198,411.717841456071,293.459071471985,334.366853236894,245.439034191088,201.177803980892,231.685132597183,"SH3YL1"
"ENSG00000042493",542.887085161519,-0.0790083497788533,0.462297927079252,-0.170903534605962,0.864299617341314,0.970944397000101,867.476835395267,746.949175724951,542.261034407328,86.9310780520981,659.574735978121,459.495125067976,523.812302720983,330.767448421584,439.881001450447,771.722114396435,"CAPG"
"ENSG00000038427",1487.25792056759,-0.0715590706998713,0.418861812524136,-0.170841715716798,0.864348226836588,0.970944397000101,943.876690463524,1517.28110825521,1326.35233225659,2339.89485090231,666.459649714844,726.890397428962,1463.18236560061,3189.74869825684,1126.80417670126,1572.08893609579,"VCAN"
"ENSG00000123992",522.890303886743,0.0318148178362123,0.186245826804219,0.170821641387197,0.864364011815416,0.970944397000101,563.811588668273,555.989995148312,516.674897319616,428.316665819192,513.614564759581,494.246857215974,702.781506150652,521.557947656062,479.491139021814,452.417877107953,"DNPEP"
"ENSG00000147642",87.6938547985426,0.0713856422185834,0.418210806379897,0.170692964240952,0.864465195360276,0.970976276782887,76.3998550682565,61.0549761027352,60.2512260452587,142.168533897702,108.781637040233,170.862683060991,45.3970662358185,95.8746227308938,52.1186020675885,64.0293457359487,"SYBU"
"ENSG00000198039",33.1831963217746,-0.0615531359608298,0.361286391539001,-0.170372140779028,0.864717480253206,0.971141675135346,37.7163841476203,28.578924984259,44.5694000882736,25.3548977651953,24.785689452205,32.8210803619983,27.0636356405841,49.8548038200648,19.8050687856836,41.2820781718617,"ZNF273"
"ENSG00000176473",87.1839515757353,-0.0399811572273509,0.234740707499511,-0.170320510887248,0.864758081570621,0.971141675135346,69.6302476571452,107.820489713341,99.8684705681686,77.8757574216713,81.2419820933385,78.1913973329959,106.508501553266,88.2046529124223,91.7287396389557,70.7692768660486,"WDR25"
"ENSG00000165283",1074.91744395646,0.0378366308892055,0.222594451218107,0.169980117123997,0.865025773326169,0.971291057809221,1303.63297002544,1049.62597214915,1122.48859481578,756.119272640645,1200.7289556846,1087.92228141094,1350.5627205156,1093.9294453595,1044.45678543447,739.70744152846,"STOML2"
"ENSG00000108826",251.34879889545,-0.0417373933517285,0.245562967274994,-0.169966154973966,0.865036753742065,0.971291057809221,276.586817082549,284.490207797851,309.509722835233,153.034918654214,206.547412101708,287.667116113985,298.57301255096,198.46046905295,258.508266255239,240.110046509808,"MRPL27"
"ENSG00000188611",7.32590793014776,0.126343975191869,0.744866817568638,0.169619551055147,0.8653093458369,0.971445205442762,3.86834709206362,3.89712613421714,10.7296703916214,9.05532063042689,4.13094824203416,14.4798883949993,0.873020504534971,10.5462085003983,11.4660924548695,4.21245695631242,"ASAH2"
"ENSG00000105254",846.627197963488,0.0511540310986079,0.301604427165763,0.169606366787492,0.865319715127841,0.971445205442762,919.699521138126,928.815061988418,1133.2182652074,333.23579919971,727.046890598012,856.244067090956,860.798217471482,906.015184806946,1067.38897034421,733.810001789623,"TBCB"
"ENSG00000102401",467.517148260171,0.0379302130246846,0.223808603197315,0.169476117016129,0.865422156479469,0.971478436239935,541.568592888907,342.947099811108,434.13897123022,521.586468312589,440.63447915031,365.858513446981,433.018170249346,453.486965517128,476.364022897759,665.568199097362,"ARMCX3"
"ENSG00000099797",146.813412884611,0.0417722924908927,0.246618958500714,0.169379891735986,0.8654978390457,0.971481625934396,159.569317547624,131.203246518644,128.756044699457,156.657046906385,205.170429354363,107.151174122994,180.715244438739,157.234381278666,113.618552507343,128.058691471897,"TECR"
"ENSG00000213463",96.6100271589854,-0.0538948328084302,0.318462232912995,-0.169234613208137,0.865612105033302,0.971482003248439,124.754193719052,126.007078339687,92.440237220123,52.520859656476,100.519740556165,96.532589299995,68.0955993537277,65.1947434570078,109.449064341936,130.586165645685,"SYNJ2BP"
"ENSG00000130590",23.7497292723973,0.0625424929466339,0.369699153278967,0.169171317791579,0.8656618896853,0.971482003248439,32.8809502825408,25.9808408947809,17.3325444787731,16.2995771347684,34.424568683618,21.2371696459989,26.1906151360491,23.9686556827235,19.8050687856836,19.3773019990371,"SAMD10"
"ENSG00000182107",7.55678312119002,-0.119119459793225,0.704425237971101,-0.16910163545008,0.865716698553475,0.971482003248439,5.80252063809543,9.09329431317332,2.47607778268187,14.488513008683,9.63887923141304,1.9306517859999,12.2222870634896,4.79373113654469,4.16948816540708,10.9523880864123,"TMEM30B"
"ENSG00000053372",394.416267959357,0.0376781426315572,0.222950237324884,0.168997992931725,0.865798220101769,0.971491743353297,430.353613992078,366.329856616411,479.533730579388,277.092811291063,294.67430793177,431.500674170978,475.796174971559,385.415983378193,455.516582070723,347.948944591406,"MRTO4"
"ENSG00000101138",127.525927048918,0.028960123356334,0.171487943702123,0.168875564842261,0.865894519557016,0.971518062364929,134.425061449211,114.315699937036,120.502452090517,134.018745330318,133.567326492438,134.180299126993,129.207034671176,126.55450200478,127.169389044916,121.318760341798,"CSTF1"
"ENSG00000130147",1540.49169645813,-0.0406907602486685,0.241227896030804,-0.168681818803711,0.866046920334411,0.97153726999932,1370.36195736354,2049.88834659821,1767.91953683485,1079.39421914689,1641.36343483491,1602.44098237992,1456.19820156433,1166.79415863498,1225.82952062968,2044.72660659405,"SH3BP4"
"ENSG00000163531",509.828766222542,0.0368579023302621,0.218522625982655,0.168668585985177,0.866057329461042,0.97153726999932,433.254874311126,531.30819629827,387.918852620159,656.510745705949,440.63447915031,428.604696491978,470.558051944349,658.65865816124,508.677556179664,582.161551362376,"NFASC"
"ENSG00000170145",297.236064811028,0.0406912027576517,0.241517068810424,0.168481685199615,0.866204350805309,0.971564919017122,286.257684812708,380.61931910854,261.638885703384,240.871528769355,360.769479804317,330.141455405983,180.715244438739,279.95389837421,312.711612405531,338.681539287518,"SIK2"
"ENSG00000000419",278.236544494016,-0.0447587951917722,0.265864283998008,-0.16835204232287,0.866306334209391,0.971564919017122,397.472663709537,194.856306710857,332.619782140264,208.272374499818,218.94025682781,325.314825940983,243.572720765257,224.346617190291,342.940401604732,294.029495550607,"DPM1"
"ENSG00000006712",259.831558013507,0.0365564246652638,0.217237847469893,0.168278341417143,0.866364311925617,0.971564919017122,237.903346161913,292.284460066285,320.239393226855,173.862156104196,249.233877269394,233.608866105988,293.33488952375,238.727810599926,253.29640604848,305.824375028281,"PAF1"
"ENSG00000013275",303.869238024101,0.0412614402172348,0.245412518612622,0.16813095130801,0.866480260308883,0.971564919017122,264.981775806358,345.545183900586,347.476248836355,238.154932580227,214.809308585776,277.048531290986,357.938406859338,274.201421010356,276.228590958219,442.307980412804,"PSMC4"
"ENSG00000122515",668.06311473324,0.0440512265651918,0.262044372196623,0.168105982188918,0.866499903220925,0.971564919017122,541.568592888907,779.425226843427,478.708371318494,824.034177368847,877.138010058586,662.213562597966,852.068012426132,602.092630750013,413.821700416653,649.560862663374,"ZMIZ2"
"ENSG00000196312",36.4459938308685,-0.0468126096505483,0.278511158917798,-0.168081630310421,0.866519060636475,0.971564919017122,30.946776736509,49.3635977000837,33.8397296966522,35.3157504586649,35.8015514309627,34.7517321479982,34.9208201813988,32.5973717285039,36.4830214473119,40.4395867805992,"MFSD14C"
"ENSG00000152422",24.6319899891015,-0.0810738227383624,0.483223329106707,-0.167777128824133,0.86675861598095,0.971751820892563,20.308822233334,25.9808408947809,40.4426037838038,15.3940450717257,12.3928447261025,18.341191966999,26.1906151360491,10.5462085003983,35.4406494059602,41.2820781718617,"XRCC4"
"ENSG00000166147",3104.52064978116,-0.0673719913843978,0.403911552142343,-0.166798872245811,0.867528306073547,0.972421076666633,1799.7484845826,2815.02411094951,1522.78783634935,6630.30576559857,2132.94627563697,2702.91250039986,3177.7946365073,4980.68665086993,2028.45599247054,3254.54424444697,"FBN1"
"ENSG00000184708",140.635833536295,0.037474395030073,0.224684790856809,0.166786522964767,0.867538023264612,0.972421076666633,121.852933400004,133.801330608122,111.423500220684,186.539604986794,156.976033197298,164.105401809991,143.175362743735,128.471994459398,112.576180465991,147.435993470935,"EIF4ENIF1"
"ENSG00000141682",75.1958574630989,0.100186108229095,0.600850743762977,0.166740424754498,0.867574296412706,0.972421076666633,81.2352889333361,38.9712613421714,100.693829829063,67.009372665159,74.3570683566149,208.510392887989,48.0161277494234,19.1749245461788,97.9829718870663,16.0073364339872,"PMAIP1"
"ENSG00000241878",148.43162495154,-0.0446555524737229,0.268710340871183,-0.166184718939158,0.868011584749037,0.972747701735086,110.247892123813,137.698456742339,119.677092829623,237.249400517185,128.059395503059,137.076276805993,168.492957375249,182.161783188698,127.169389044916,136.483605384522,"PISD"
"ENSG00000172113",180.053858201361,0.0422427579405599,0.254368190707299,0.166069341544237,0.868102381000567,0.972747701735086,183.746486873022,216.940021471421,191.483348527398,115.908104069464,180.384739902158,249.054080393987,168.492957375249,139.018202959796,206.38966418765,149.12097625346,"NME6"
"ENSG00000185986",38.0633629330264,-0.0909602826334106,0.547745153695886,-0.166063144547533,0.868107257776933,0.972747701735086,18.3746486873022,12.9904204473905,33.0143704357582,93.269802493397,37.1785341783074,27.0291250039986,71.5876813718676,40.2673415469754,25.0169289924425,21.9047761728246,"SDHAP3"
"ENSG00000247828",42.2077662356897,0.0571953202811253,0.344551437120951,0.165999366477893,0.868157448733053,0.972747701735086,51.255598969843,20.7846727158247,43.7440408273796,47.9931993412625,53.7023271464441,38.613035719998,53.2542507766332,51.7722962746827,32.3135332819049,28.6447073029244,"TMEM161B-AS1"
"ENSG00000188313",96.3462758442251,-0.0365794130829596,0.220768006370303,-0.165691640217123,0.868399625257979,0.972833584479721,97.6757640746064,93.5310272212113,122.153170612305,77.8757574216713,86.7499130827173,107.151174122994,88.1750709580321,85.3284142304955,92.7711116803075,112.05135503791,"PLSCR1"
"ENSG00000224531",221.859304217928,-0.0348791162243877,0.210523339671614,-0.16567814418484,0.868410246740921,0.972833584479721,186.64774719207,216.940021471421,250.083856050868,246.304721147611,190.023619133571,250.984732179987,194.683572511299,190.790499234479,294.991287702551,197.142985555421,"SMIM13"
"ENSG00000067113",93.9839480211536,0.0442605608711949,0.267242112050516,0.165619709152832,0.868456235842072,0.972833584479721,110.247892123813,79.2415647290818,70.9808964368801,108.663847565123,95.0118095667857,82.0527009049957,76.8258043990775,100.668353867438,77.1355310600309,139.01107955831,"PLPP1"
"ENSG00000071205",198.542221657429,-0.0382548196326323,0.231228770816429,-0.165441434893942,0.868596542663429,0.972833584479721,236.936259388897,233.827568053028,204.689096701701,131.30214914119,246.479911774705,193.06517859999,180.715244438739,155.316888824048,208.474408270354,194.615511381634,"ARHGAP10"
"ENSG00000169760",61.0964601694048,-0.0800371049758926,0.483787501676633,-0.165438554527583,0.868598809626191,0.972833584479721,77.3669418412724,101.325279489646,33.0143704357582,41.6544748999637,49.5713789044099,54.0582500079972,110.000583571406,92.039637821658,29.1864171578495,22.747267564087,"NLGN1"
"ENSG00000180902",105.65755984974,-0.0661488049041545,0.400182139276126,-0.165296744686828,0.868710420940477,0.972870051755976,71.564421203177,96.1291113106894,60.2512260452587,206.461310373733,96.3887923141304,63.7115089379967,156.27067031176,144.77068032365,70.8812988119203,90.1465788650857,"D2HGDH"
"ENSG00000165983",104.139309493521,-0.0455188474592675,0.275624255034121,-0.16514819225047,0.868827341814677,0.972870051755976,91.873243436511,113.016657892297,127.930685438563,91.4587383673116,89.5038785774068,90.7406339419953,88.1750709580321,98.7508614128206,169.906642740338,80.0366821699359,"PTER"
"ENSG00000172824",13.361554703974,-0.122937508844528,0.74453819188446,-0.165119143899614,0.868850205178483,0.972870051755976,10.637954503175,1.29904204473905,4.12679630446978,39.8434107738783,16.5237929681366,6.75728125099965,20.0794716043043,16.2986858642519,6.25423224811062,11.7948794776748,"CES4A"
"ENSG00000109452",368.533708395493,0.0743568953483582,0.451001789250606,0.164870510762077,0.869045903728494,0.973007489760487,532.864811931764,289.686375976807,496.040915797267,110.474911691208,251.987842764084,458.529799174976,350.081222318523,255.985242691486,194.923571732781,744.762389876035,"INPP4B"
"ENSG00000101307",9.3796776987185,0.218272660963844,1.32470808869829,0.164770384378287,0.869124715233033,0.973014045753627,0,0,12.3803889134093,21.7327695130245,0,6.75728125099965,13.0953075680246,29.7211330465771,0,10.1098966951498,"SIRPB1"
"ENSG00000058729",103.947956332078,-0.0425019473997483,0.258593113259686,-0.164358388605139,0.869449019124156,0.973295414475312,117.98458630794,94.8300692659503,125.454607655881,85.1200139260128,82.6189648406832,92.6712857279952,89.921111967102,84.3696680031865,115.703296590046,150.805959035984,"RIOK2"
"ENSG00000233396",7.23178962328637,-0.11589799986424,0.706485653381435,-0.164048624780306,0.869692865251178,0.973486675942506,6.76960741111134,18.1865886263466,2.47607778268187,3.62212825217076,2.75396549468944,5.7919553579997,4.36510252267486,10.5462085003983,9.38134837216593,8.42491391262483,"LINC01719"
"ENSG00000173674",1088.87287628994,0.0551007906853527,0.336250187547798,0.163868431084578,0.869834719456389,0.973563750704084,1263.98241233179,1357.4989367523,1214.10347277501,421.07240931485,853.729303353726,1197.96943321294,913.17944774358,846.572918713792,1761.60874988449,1059.01167881694,"EIF1AX"
"ENSG00000149100",981.353681884196,-0.0397500432946933,0.243195032047043,-0.163449240554404,0.870164735765727,0.973851395561593,990.296855568287,733.958755277561,934.306683331957,1330.22660060971,1270.95507579918,751.988870646961,1177.70466061768,968.333689582027,954.812789878221,700.952837530386,"EIF3M"
"ENSG00000006625",335.179004244586,0.0407029817231561,0.249257312444688,0.163297041615132,0.870284563088661,0.973872589053442,382.966362114299,227.332357829333,356.555200706189,350.440908397521,265.757670237531,419.916763454978,355.319345345733,273.242674783047,456.558954112075,263.699805465157,"GGCT"
"ENSG00000185236",822.134419661515,0.0503176509453825,0.308243966252906,0.163239694703702,0.870329713498386,0.973872589053442,802.682021603202,1123.67136869927,926.053090723018,368.551549658374,857.86025159576,678.624102778965,1123.57738933651,895.468976306548,553.49955395779,891.355891955707,"RAB11B"
"ENSG00000132359",53.5525430132825,0.0765357063205535,0.469507632960352,0.163012698724361,0.870508436275196,0.973984424559792,51.255598969843,85.736774952777,61.0765853061527,9.96085269346958,48.1943961570652,88.8099821559954,37.5398816950038,43.1435802289022,54.203346150292,55.6044318233239,"RAP1GAP2"
"ENSG00000198720",76.1464160338407,0.0597065991946809,0.366461716166518,0.162927248770375,0.870575716066378,0.973984424559792,68.6631608841293,123.408994250209,50.3469149145313,55.237455845604,125.305430008369,52.1275982219973,77.6988249036124,72.8647132754793,44.8219977781261,90.9890702563482,"ANKRD13B"
"ENSG00000185989",539.240873678287,-0.0367833099429083,0.226058428640223,-0.162715941025361,0.870742095144448,0.974021181882647,528.9964648397,704.080788248563,491.088760231903,466.349012466985,597.610512347608,612.016616161968,426.034006213066,395.962191878591,690.050291374871,480.220093019615,"RASA3"
"ENSG00000166716",474.035352202098,0.0396325086894222,0.243678586180713,0.162642558423375,0.870799876332434,0.974021181882647,362.657539880965,579.372751953614,477.8830120576,444.61624295396,659.574735978121,599.467379552969,370.160693922828,369.117297513941,485.745371269925,391.758496937055,"ZNF592"
"ENSG00000231890",47.3122776753821,0.0617656250856826,0.379845417954476,0.162607266446176,0.87082766534968,0.974021181882647,42.5518180126998,37.6722192974323,62.7273038279406,40.748942836921,68.849137367236,35.7170580409981,78.5718454081474,48.8960575927558,31.2711612405531,26.117233129137,"DARS-AS1"
"ENSG00000011347",53.6658925106951,-0.090671463070822,0.558223652104998,-0.16242855839037,0.870968383099713,0.974032622330254,135.392148222227,23.3827568053028,36.315807479334,27.1659618912807,100.519740556165,42.4743392919978,70.7146608673327,45.0610726835201,17.7203247029801,37.9121126068117,"SYT7"
"ENSG00000105750",39.2307365105874,-0.0648698377909964,0.399983328580376,-0.162181353961009,0.871163042786706,0.974032622330254,38.6834709206362,44.1674295211276,51.9976334363192,26.260429828238,31.6706031889286,68.5381384029965,27.0636356405841,34.5148641831218,50.0338579848849,19.3773019990371,"ZNF85"
"ENSG00000117143",1591.36004086551,0.029329899657941,0.180871650177759,0.162158633644996,0.871180934158906,0.974032622330254,1530.89836168418,1382.18073560234,1934.64210753543,1439.79598023788,1354.9510233872,1941.2703708229,1358.41990505642,1563.71509674088,1629.22750063282,1778.4993269551,"UAP1"
"ENSG00000122406",13116.7210421709,0.0554367475976005,0.341897879036697,0.162144169346105,0.87119232427052,0.974032622330254,11190.161050567,7556.52757424703,11651.59668604,20862.5532004405,18324.8864016635,8703.37825128755,18135.254940705,16157.7501688375,11000.1521523852,7584.94999553614,"RPL5"
"ENSG00000182568",300.465232216926,0.047719594586439,0.294328225113907,0.162130541737787,0.871203055543046,0.974032622330254,184.713573646038,337.750931632152,274.019274616793,381.228998540972,450.273358381723,214.302348245989,328.255709705149,334.602433330819,192.838827650077,306.666866419544,"SATB1"
"ENSG00000130638",730.833799751079,-0.0413110098034145,0.25507635428649,-0.161955465919102,0.871340923832932,0.974105104875089,958.382992058762,796.312773425035,795.646327501773,423.789005503978,671.967580704223,604.294009017969,619.84455821983,638.524987387753,918.329768430909,881.245995260557,"ATXN10"
"ENSG00000185049",101.77328440855,-0.0355971497583109,0.220100091808633,-0.161731644297818,0.87151718404454,0.974127205246709,84.1365492523838,126.007078339687,106.47134465532,97.7974628086104,88.1268958300621,121.631062517994,111.746624580476,93.9571302762759,83.3897633081416,104.468932516548,"NELFA"
"ENSG00000219607",21.8417471815098,-0.100388546033487,0.621008610148974,-0.161654032476948,0.871578305081245,0.974127205246709,13.5392148222227,57.157849968518,14.8564666960912,6.33872444129882,16.5237929681366,10.6185848229995,13.0953075680246,46.019818910829,16.6779526616283,23.5897589553495,"PPP1R3G"
"ENSG00000167395",142.168873461901,-0.0414238818912456,0.25625325449003,-0.161652120179638,0.871579811067629,0.974127205246709,119.918759853972,220.837147605638,125.454607655881,113.191507880336,183.138705396848,141.902906270993,141.429321734665,134.224471823251,121.957528838157,119.633777559273,"ZNF646"
"ENSG00000065000",1310.01043098928,-0.0309652815572763,0.191716171845065,-0.161516273036689,0.871686795595539,0.974165141013718,1425.48590342544,1510.78589803151,1333.78056560463,1037.73974424692,1528.45084955264,1311.87788858693,1505.96037032283,984.632375446279,1302.96505168971,1158.42566298591,"AP3D1"
"ENSG00000065833",200.286292927679,-0.0357435238250481,0.222054691846055,-0.160967208248985,0.872119227829925,0.974535955019499,239.837519707945,137.698456742339,226.148437484944,208.272374499818,196.908532870295,152.521491093992,185.080346961414,217.635393599129,201.177803980892,237.58257233602,"ME1"
"ENSG00000162645",49.9793374550226,0.103938978037159,0.645947123502789,0.160909421615701,0.872164741629507,0.974535955019499,45.4530783317476,12.9904204473905,16.5071852178791,115.908104069464,89.5038785774068,9.6532589299995,58.4923738038431,71.9059670481704,22.9321849097389,56.4469232145864,"GBP2"
"ENSG00000145293",295.492952232748,0.0412493079743061,0.25717132742287,0.160396216746509,0.872568969636743,0.974905951918006,333.644936690487,292.284460066285,345.000171053673,191.067265302007,239.594998037981,361.031883981981,259.287089846886,213.800408689893,394.016631630969,325.201677027318,"ENOPH1"
"ENSG00000075790",337.832413716098,0.0532057537522641,0.332518431882494,0.160008434573233,0.872874429998538,0.975165544721938,367.492973746044,175.370676039771,329.318345096688,449.143903269174,151.468102207919,441.153933100977,292.461869019215,390.209714514738,421.118304706115,360.586315460343,"BCAP29"
"ENSG00000114480",1168.50153559194,0.0323614812329281,0.202473411897573,0.159830769529873,0.873014385077304,0.975240208876455,1096.67640060004,1263.96790953109,1315.62266186496,936.32015318614,911.562578742204,1412.27178145893,1053.73574897371,1184.05159072654,1024.65171664879,1486.15481418702,"GBE1"
"ENSG00000162994",28.0268516698593,-0.084165222044392,0.527028376536723,-0.15969770469945,0.8731192090819,0.975275619055721,15.4733883682545,29.8779670289981,9.07895186983351,61.5761802869029,33.0475859362733,13.5145625019993,31.428738163259,18.2161783188698,38.5677655300155,29.4871986941869,"CLHC1"
"ENSG00000105519",38.0472429939047,0.0648874222550462,0.40678463132047,0.159512964008532,0.873264745286671,0.975356495091561,31.9138635095249,42.8683874763885,17.3325444787731,56.1429879086467,49.5713789044099,34.7517321479982,47.1431072448884,50.8135500473737,18.7626967443319,31.1721814767119,"CAPS"
"ENSG00000166377",57.9580298397845,-0.041849215842766,0.262513700268481,-0.159417263936951,0.873340138188631,0.97535902051765,52.2226857428589,58.4568920132571,45.3947593491675,79.6868215477566,66.0951718725465,60.8155312589968,62.8574763265179,49.8548038200648,46.9067418608296,57.2894146058489,"ATP9B"
"ENSG00000147649",940.143152791928,-0.0459451586825606,0.288763597717524,-0.159109939915298,0.87358225706548,0.975499238738548,1054.12458258734,641.726770101089,658.636690193376,1477.82832688567,718.784994113944,781.91397332996,1035.40231837848,1210.89648509119,1101.78724770882,720.330139529423,"MTDH"
"ENSG00000102978",566.500179842465,0.0421711442778805,0.265208986670558,0.159010992829837,0.873660213001787,0.975499238738548,763.031463909549,624.839223519481,572.799327060405,266.226426534551,548.039133443198,618.773897412968,536.907610289007,542.650364656859,630.635085017821,561.099266580814,"POLR2C"
"ENSG00000117525",666.269806537426,0.0757950948428767,0.476760529200024,0.158979383150817,0.873685117097695,0.975499238738548,748.525162314311,272.7988293952,588.48115301739,971.635903644805,329.098876615388,713.375834926963,882.623730084856,1424.69689378108,207.432036229002,524.029645365265,"F3"
"ENSG00000157181",94.155347600499,0.0463661467621724,0.292382990406929,0.158580178339518,0.87399964655265,0.975601888817856,91.873243436511,46.7655136106057,103.169907611744,126.774488825976,68.849137367236,97.4979151929949,110.873604075941,106.420831231292,104.237204135177,85.0916305175108,"C1orf27"
"ENSG00000166685",157.317985124157,-0.0358898485055944,0.226410993220131,-0.158516368817393,0.874049923280271,0.975601888817856,135.392148222227,154.586003323946,132.882841003927,216.422163067203,114.289568029612,167.966705381991,157.143690816295,150.523157687503,181.372735195208,162.600838513659,"COG1"
"ENSG00000160285",496.685939774258,-0.0358620773378202,0.226307883029413,-0.15846587780223,0.874089706465131,0.975601888817856,546.404026753987,552.092869014095,435.789689752008,482.648589601753,560.431978169301,339.794714335982,472.304092953419,410.343385288225,471.152162691,695.897889182811,"LSS"
"ENSG00000132185",7.94251690318657,0.127152552481808,0.80248707064952,0.158448101075189,0.874103713286769,0.975601888817856,2.90126031904772,12.9904204473905,9.07895186983351,5.43319237825613,0,10.6185848229995,2.61906151360491,6.71122359116257,19.8050687856836,9.26740530388731,"FCRLA"
"ENSG00000166130",410.575436621696,-0.0287238051490092,0.181381382142163,-0.158361375405641,0.874172047634122,0.975601888817856,393.604316617474,340.34901572163,454.772952752569,471.782204845241,382.801203761832,448.876540244977,367.541632409223,445.816995698656,464.897930442889,335.311573722468,"IKBIP"
"ENSG00000116221",799.077416710447,-0.0349623715965146,0.220874270124633,-0.158290830239242,0.874227633459671,0.975601888817856,999.00063652543,918.422725630505,836.088931285577,489.892846106095,819.304734670108,774.19136618596,906.1952837073,783.295667711402,804.711215923566,659.670759358524,"MRPL37"
"ENSG00000152683",138.654531107641,0.0568139768812426,0.359808179681011,0.157900737364034,0.874535017021579,0.9756710799015,114.116239215877,83.1386908632989,95.7416742636988,248.115785273697,115.666550776956,180.515941990991,83.8099684353572,198.46046905295,131.338877210323,135.64111399326,"SLC30A6"
"ENSG00000112584",169.864011520758,-0.0382121280988508,0.242426328738335,-0.157623671891247,0.874753349281321,0.9756710799015,138.293408541274,188.361096487162,181.57903739667,182.01194467158,205.170429354363,133.214973233993,161.50879333897,127.513248232089,145.932085789248,235.055098162233,"FAM120B"
"ENSG00000196653",41.4781827575396,0.0607919821181283,0.385964544246217,0.157506649313745,0.874845567908764,0.9756710799015,29.9796899634931,19.4856306710857,35.4904482184401,76.0646932955859,44.063447915031,34.7517321479982,52.3812302720983,49.8548038200648,36.4830214473119,36.2271298242868,"ZNF502"
"ENSG00000205791",10.8237344528645,-0.081983603973398,0.520996388996238,-0.157359255658852,0.87496172261897,0.9756710799015,17.4075619142863,6.49521022369523,10.7296703916214,9.96085269346958,11.0158619787578,3.8613035719998,13.9683280725595,13.4224471823251,10.4237204135177,10.9523880864123,"LOH12CR2"
"ENSG00000170946",163.958658660882,0.0357014677204196,0.227007680988966,0.157269866662155,0.875032167622006,0.9756710799015,154.733883682545,154.586003323946,183.229755918458,153.034918654214,158.353015944643,154.452142879992,110.000583571406,173.533067142918,224.10998889063,173.553226600072,"DNAJC24"
"ENSG00000105856",217.375688507898,-0.0498103342086198,0.316726934575497,-0.157265861444274,0.875035324046943,0.9756710799015,193.417354603181,265.004577126765,273.193915355899,156.657046906385,176.253791660124,194.99583038599,136.191198707455,163.945604869828,232.448965221445,381.648600241905,"HBP1"
"ENSG00000171314",2687.14728221811,-0.037667504226792,0.239547901264576,-0.157244142102456,0.875052440621581,0.9756710799015,3120.78901652233,3069.63635171837,3226.32935083447,1501.37216052478,2507.48558291473,2874.74050935385,2664.45857984073,2896.3723527003,2064.93901391786,2945.34990385364,"PGAM1"
"ENSG00000111726",349.825376122622,0.0381888727837478,0.243044058577151,0.157127366154583,0.87514447038955,0.9756710799015,416.814399169855,381.918361153279,389.569571141947,189.256201175922,364.900428046351,312.765589331984,350.081222318523,307.757538966169,368.999702638526,416.190747283667,"CMAS"
"ENSG00000104613",458.784506486261,-0.0276505997591106,0.176053518267574,-0.157057922109151,0.875199199235809,0.9756710799015,552.206547392082,426.085790674407,451.471515708993,425.600069630064,521.876461243649,442.119258993977,531.669487261797,451.56947306251,404.440352044487,380.806108850642,"INTS10"
"ENSG00000145781",126.915780685627,-0.051343974673695,0.326998679432467,-0.157015847167355,0.875232358784246,0.9756710799015,182.779400100006,122.10995220547,141.136433612866,72.4425650434151,130.813360997748,136.110950912993,77.6988249036124,83.4109217758776,144.889713747896,177.765683556384,"COMMD10"
"ENSG00000112039",58.2911800010177,-0.0747900707115835,0.476557961019188,-0.156938036564606,0.875293682427803,0.9756710799015,55.1239460619066,88.3348590422551,63.5526630888345,33.5046863325795,59.2102581358229,90.7406339419953,28.809676649654,31.638625501195,108.406692300584,23.5897589553495,"FANCE"
"ENSG00000135362",87.8082932364676,0.0378201921462433,0.241274116848083,0.156751965939457,0.875440330371793,0.9756710799015,59.9593799269861,92.2319851764723,91.614877959229,101.419591060781,107.404654292888,105.220522336995,82.0639274262873,75.7409519574061,78.1779031013827,84.2491391262483,"PRR5L"
"ENSG00000061273",1860.44026229692,-0.0340210220710604,0.217039333927214,-0.156750490592961,0.875441493154536,0.9756710799015,1672.0930305445,2234.35231695116,1962.70432240583,1677.9509128181,2354.64049795947,1737.58660739991,2320.48850105395,1767.92804315768,1596.91396735091,1279.74442332771,"HDAC7"
"ENSG00000141568",536.307826795117,-0.032559735090841,0.207792155242076,-0.156693764752135,0.875486201383954,0.9756710799015,524.161030974621,672.903779174826,552.99070479895,424.694537567021,571.447840148059,616.843245626968,474.923154467024,439.105772107494,650.440153803504,435.568049282704,"FOXK2"
"ENSG00000164099",555.844955963694,0.0618200172312321,0.394640708489837,0.156648860346408,0.875521592881544,0.9756710799015,354.920845696837,808.004151827687,395.347085968205,608.517546364687,856.483268848416,286.701790220985,404.208493599692,836.026710213394,266.847242586053,741.392424310985,"PRSS12"
"ENSG00000127337",94.5315107895523,-0.0535296956487968,0.342545433019106,-0.15627035274416,0.875819924295275,0.975682726272786,112.182065669845,81.8396488185599,136.184278047503,56.1429879086467,74.3570683566149,150.590839307992,96.0322554988468,57.5247736385363,106.321948217881,74.1392424310985,"YEATS4"
"ENSG00000087303",90.9266884076277,0.06282210438708,0.402023427399086,0.156264784849757,0.875824312919672,0.975682726272786,53.1897725158748,51.9616817895618,108.122063177108,140.357469771617,64.7181891252018,63.7115089379967,84.6829889398922,138.059456732487,148.016829871951,56.4469232145864,"NID2"
"ENSG00000101255",1221.21195003862,0.0771962471548531,0.494081704558197,0.156241865348731,0.875842378151869,0.975682726272786,1234.0027223683,1189.92251298097,1572.30939200298,732.575439001535,842.713441374969,2705.80847807886,969.925780538353,891.633991397312,1853.33748952345,219.890253119508,"TRIB3"
"ENSG00000253304",136.753052125664,0.0344776169062345,0.220798314510951,0.156149819271037,0.87591492984907,0.975682726272786,150.865536590481,151.987919234468,104.820626133532,132.207681204233,136.321291987127,146.729535735992,136.191198707455,177.368052052154,124.042272920861,106.996406690335,"TMEM200B"
"ENSG00000137876",1579.7974820462,-0.033556921934458,0.215004504421256,-0.156075436767177,0.875973559691406,0.975682726272786,1602.46278288736,1365.29318902074,1895.02486301252,1543.02663542474,1847.91084693661,1785.85290204991,1608.97678985795,1429.49062491763,1741.80368109881,978.132505255743,"RSL24D1"
"ENSG00000110013",92.5382274654865,0.0537240232821709,0.344433458726562,0.155977945582869,0.876050405308727,0.975682726272786,71.564421203177,64.9521022369523,75.9330520022439,148.507258339001,132.190343745093,57.919553579997,81.1909069217523,134.224471823251,72.9660428946239,85.9341219087733,"SIAE"
"ENSG00000124074",119.813595231446,0.0606840552255114,0.389118882007133,0.155952481443445,0.876070477136703,0.975682726272786,125.721280492068,154.586003323946,138.660355830184,48.8987314043052,106.027671545543,75.2954196539961,213.890023611068,158.193127505975,87.5592514735486,89.3040874738232,"ENKD1"
"ENSG00000166200",741.827856826328,-0.0317254686918896,0.203804148057275,-0.155666452298968,0.876295941938787,0.975682726272786,785.274459688915,784.621395022384,895.514798069941,541.508173699528,638.91999476795,683.450732243965,594.526963588315,787.130652620638,876.634886776838,830.696511784808,"COPS2"
"ENSG00000169826",442.628666575944,-0.0340004930114979,0.218660891964716,-0.155494165902261,0.876431752939568,0.975682726272786,463.234564274619,328.657637318979,397.823163750886,604.895418112516,410.340858708727,534.790544721972,343.970078786779,461.156935335599,453.43183798802,427.985626761341,"CSGALNACT2"
"ENSG00000143363",99.6454396483477,0.0372852520002956,0.240204801034507,0.155222759244264,0.876645706460079,0.975682726272786,99.6099376206383,80.5406067738208,94.9163150028048,115.908104069464,136.321291987127,116.804433052994,89.0480914625671,98.7508614128206,76.0931590186792,88.4615960825607,"PRUNE1"
"ENSG00000188878",26.2224908483504,-0.0633783174608473,0.408309325797656,-0.15522133210412,0.876646831517695,0.975682726272786,30.946776736509,27.27988293952,16.5071852178791,33.5046863325795,13.7698274734472,27.9944508969985,41.9049842176786,16.2986858642519,31.2711612405531,22.747267564087,"FBF1"
"ENSG00000176783",245.824634366362,-0.0309573716122485,0.199529149332,-0.155152125470841,0.876701389492896,0.975682726272786,260.146341941279,249.416072589897,271.543196834111,215.51663100416,224.448187817189,212.371696459989,256.668028333282,199.419215280259,241.830313593611,326.886659809843,"RUFY1"
"ENSG00000011275",365.349536685255,-0.0342119655680821,0.220610623461314,-0.155078504522161,0.876759428068187,0.975682726272786,308.500680592074,497.533103135055,330.969063618476,346.81878014535,373.162324530419,347.517321479982,311.668320118985,312.551270102714,329.389565067159,495.38493806234,"RNF216"
"ENSG00000113369",952.257653883306,0.0450179079591085,0.290591397449181,0.1549182403687,0.876885773516861,0.975682726272786,849.102186707965,1330.21905381278,889.737283243684,670.09372665159,1003.8204228143,696.965294745964,1024.92607232406,1376.75958241563,554.541925999141,1126.41099011794,"ARRDC3"
"ENSG00000140988",18231.4699915318,0.050888276054796,0.328510787030524,0.154905951535977,0.876895461639935,0.975682726272786,19240.1913491514,17209.7090087029,14348.8707506414,20589.0825174016,22433.8029197402,13339.8385153663,25269.5785037647,28812.2416230882,12217.6426966841,8853.74203077744,"RPS2"
"ENSG00000105894",8.31962837188764,-0.141863731420867,0.916053328904526,-0.154864053155635,0.876928493122908,0.975682726272786,2.90126031904772,16.8875465816076,14.8564666960912,0.905532063042689,5.50793098937888,3.8613035719998,8.73020504534971,14.3811934096341,0,15.1648450427247,"PTN"
"ENSG00000197860",528.858373801361,-0.0658752073444523,0.425452612885129,-0.154835592377096,0.876950930907756,0.975682726272786,674.059480792086,553.391911058834,737.871179239196,208.272374499818,373.162324530419,608.155312589969,215.636064620138,379.663506014339,1023.60934460744,514.762240061377,"SGTB"
"ENSG00000177425",1052.31816926049,-0.0455691205652726,0.294384096967361,-0.154794776737973,0.876983109136452,0.975682726272786,1066.69671063654,561.186163327268,1120.0125170331,1540.31003923561,838.582493132934,1272.29952697393,726.353059773096,1045.99213399405,1416.58360419705,935.165444301356,"PAWR"
"ENSG00000197744",11.8455579692187,0.0980863431380195,0.633716694739122,0.154779484195849,0.876995165521344,0.975682726272786,9.67086773015905,5.19616817895618,12.3803889134093,18.1106412608538,1.37698274734472,14.4798883949993,9.60322554988468,21.0924170007966,19.8050687856836,6.73993113009986,"PTMAP2"
"ENSG00000165527",865.482056229357,-0.0431327076107588,0.279193236668198,-0.154490517483484,0.877222987414102,0.975773805214504,938.074169825428,1280.8554561127,889.737283243684,416.544748999637,915.693526984239,1050.27457158395,769.13106449531,741.110833709809,837.024749205471,816.374158133346,"ARF6"
"ENSG00000186026",10.2937161436033,0.0867205434806207,0.561760950439587,0.154372680074613,0.877315893566608,0.975773805214504,5.80252063809543,10.3923363579124,9.90431113072746,13.5829809456403,8.26189648406832,4.82662946499975,7.85718454081474,20.1336707734877,14.5932085789248,7.58242252136235,"ZNF284"
"ENSG00000113621",238.151169677169,0.0568713750410212,0.368618377894379,0.154282527544833,0.877386973364048,0.975773805214504,184.713573646038,128.605162429166,151.866104004488,464.537948340899,196.908532870295,221.059629496989,273.255417919446,360.488581468161,214.728640518465,185.348106077746,"TXNDC15"
"ENSG00000136738",160.33329780343,-0.0441396875105233,0.286285302857352,-0.154180766773476,0.877467206743118,0.975773805214504,126.688367265084,245.51894645568,169.198648483261,113.191507880336,139.075257481817,154.452142879992,116.984747607686,144.77068032365,162.610038450876,230.84264120592,"STAM"
"ENSG00000156026",283.412067403487,-0.0458880992766321,0.297744845544885,-0.154118870446456,0.877516009578073,0.975773805214504,275.619730309533,367.62889866115,323.54083027043,189.256201175922,209.301377596397,315.661567010984,167.619936870714,246.397780418397,427.372536954226,311.721814767119,"MCU"
"ENSG00000152944",201.689654431686,0.0409404452399574,0.266110089619386,0.153847775176484,0.877729763086489,0.975930125075824,194.384441376197,233.827568053028,249.258496789974,115.908104069464,196.908532870295,244.227450928987,153.651608798155,161.069366187902,237.660825428203,230.000149814658,"MED21"
"ENSG00000188868",16.8105990926886,-0.062149307184496,0.404278054720921,-0.153729114055915,0.877823327948604,0.975952794669101,14.5063015952386,12.9904204473905,21.4593407832428,19.9217053869392,15.1468102207919,13.5145625019993,22.6985331179092,15.339939636943,11.4660924548695,21.0622847815621,"ZNF563"
"ENSG00000089060",91.0838731454942,0.0610112196199198,0.397671444524045,0.153421173333029,0.878066148642898,0.976094940194745,76.3998550682565,67.5501863264304,55.299070479895,155.751514843343,82.6189648406832,61.7808571519968,124.841932148501,160.110619960593,70.8812988119203,55.6044318233239,"SLC8B1"
"ENSG00000129682",67.8716079915232,0.10445322005843,0.681003415735459,0.153381345298575,0.878097555106587,0.976094940194745,58.0252063809543,80.5406067738208,85.0120038720774,36.2212825217076,86.7499130827173,60.8155312589968,55.0002917857032,170.656828460991,1.04237204135177,44.6520437369116,"FGF13"
"ENSG00000150594",588.996419370351,0.0658053776758904,0.430113282642206,0.152995455689359,0.878401858935754,0.976237157314374,774.63650518574,806.705109782947,556.292141842526,154.8459827803,537.023271464441,249.054080393987,976.909944574633,604.010123204631,692.135035457575,538.351999016727,"ADRA2A"
"ENSG00000108511",25.3834450624615,0.0915158591996399,0.598222939889115,0.152979521675653,0.878414424525589,0.976237157314374,16.4404751412704,32.4760511184761,45.3947593491675,3.62212825217076,11.0158619787578,46.3356428639976,27.0636356405841,35.4736104104307,20.8474408270354,15.1648450427247,"HOXB6"
"ENSG00000171861",102.806019780944,0.036316626421591,0.237455698305268,0.15294063979422,0.878445086970818,0.976237157314374,100.577024393654,111.717615847558,117.201015046942,76.0646932955859,101.896723303509,82.0527009049957,139.683280725595,101.627100094747,92.7711116803075,104.468932516548,"MRM3"
"ENSG00000128915",357.060348842303,-0.0291268404025409,0.190757531545799,-0.152690382217217,0.878642445703348,0.976327818236425,386.834709206362,378.021235019062,363.15807479334,316.936222064941,424.110686182174,278.013857183986,313.414361128055,309.675031420787,422.160676747467,378.278634676855,"ICE2"
"ENSG00000259494",42.4601350454179,-0.0425694536460134,0.278866839689038,-0.152651543989534,0.87867307507624,0.976327818236425,49.3214254238112,45.4664715658666,49.5215556536373,28.977026017366,34.424568683618,46.3356428639976,47.1431072448884,38.3498490923575,43.7796257367743,41.2820781718617,"MRPL46"
"ENSG00000134253",11.176799217599,-0.0916577067252065,0.600893197064325,-0.15253577037151,0.878764379838814,0.97634792851635,5.80252063809543,3.89712613421714,9.90431113072746,26.260429828238,13.7698274734472,14.4798883949993,6.98416403627977,12.4637009550162,11.4660924548695,6.73993113009986,"TRIM45"
"ENSG00000010704",57.3231215119405,0.073398254036864,0.482310983565922,0.152180349479501,0.879044692282537,0.976428019959514,34.8151238285726,31.1770090737371,33.0143704357582,123.152360573806,48.1943961570652,32.8210803619983,50.6351892630283,103.544592549365,37.5253934886637,78.3516993874109,"HFE"
"ENSG00000210196",47.7910014147929,0.10531207587542,0.692973785034243,0.151971226256727,0.87920963014038,0.976428019959514,26.1113428714294,12.9904204473905,13.2057481743033,130.396617078147,24.785689452205,16.4105401809991,55.8733122902382,126.55450200478,43.7796257367743,27.8022159116619,"MT-TP"
"ENSG00000104490",124.718560360775,0.061136506986239,0.402509732449238,0.151888270164869,0.879275060003505,0.976428019959514,141.194668860322,154.586003323946,141.96179287376,48.8987314043052,96.3887923141304,77.226071439996,68.0955993537277,200.377961507568,184.499851319263,133.956131210735,"NCALD"
"ENSG00000163704",22.5649387092015,-0.0746623115987973,0.491967346924265,-0.1517627380467,0.879374072374548,0.976428019959514,23.2100825523817,41.5693454316495,18.983263000561,9.96085269346958,24.785689452205,14.4798883949993,30.555717658724,35.4736104104307,11.4660924548695,15.1648450427247,"PRRT3"
"ENSG00000251359",10.188779866741,0.0790426219304078,0.520860188036213,0.151754009513417,0.879380956999739,0.976428019959514,7.73669418412724,14.2894624921295,13.2057481743033,4.52766031521344,9.63887923141304,7.7226071439996,13.0953075680246,13.4224471823251,7.29660428946239,10.9523880864123,"WWC2-AS2"
"ENSG00000189190",22.1385200077182,0.0581599816300938,0.38329370015524,0.151737379473073,0.879394073958943,0.976428019959514,23.2100825523817,14.2894624921295,27.2368556095005,21.7327695130245,11.0158619787578,22.2024955389988,22.6985331179092,23.0099094554145,23.9745569510907,32.0146728679744,"ZNF600"
"ENSG00000176396",82.958457696948,0.0475351617939062,0.31334509864801,0.151702266922336,0.879421769123475,0.976428019959514,101.54411116667,89.6339010869942,92.440237220123,42.5600069630064,56.4562926411335,68.5381384029965,88.1750709580321,85.3284142304955,84.4321353494933,120.476268950535,"EID2"
"ENSG00000177917",137.534771190929,0.0273984368472747,0.180607234043581,0.151701768715772,0.879422162086952,0.976428019959514,145.063015952386,128.605162429166,146.08858917823,123.152360573806,150.091119460574,153.486816986992,130.080055175711,136.141964277869,143.847341706544,118.79128616801,"ARL6IP6"
"ENSG00000103018",715.006599722444,0.0489229416151599,0.322912113176156,0.151505439464488,0.879577020296748,0.976475199665692,846.200926388917,848.274455214597,843.517164633622,264.415362408465,706.392149387841,793.497884045959,540.399692307147,555.114065611875,891.228095355763,861.026201870258,"CYB5B"
"ENSG00000111615",108.92660873494,-0.0400111924542655,0.264274129557133,-0.151400337677077,0.879659923105492,0.976475199665692,120.885846626988,111.717615847558,118.026374307836,93.269802493397,70.2261201145807,114.873781266994,95.1592349943119,87.2459066851134,117.78804067275,160.073364339872,"KRR1"
"ENSG00000108055",165.428614971747,0.0512612903559437,0.338823573418046,0.151291983136889,0.879745393020847,0.976475199665692,176.976879461911,187.062054442423,203.863737440807,80.5923536107993,103.273706050854,187.27322324199,185.953367465949,100.668353867438,183.457479277911,245.164994857383,"SMC3"
"ENSG00000151778",50.3698325416051,-0.058657162962238,0.387747726332964,-0.151276613578047,0.879757516621651,0.976475199665692,54.1568592888907,57.157849968518,61.0765853061527,34.4102183956222,46.8174134097205,32.8210803619983,80.3178864172174,68.0709821389346,20.8474408270354,48.0220093019615,"SERP2"
"ENSG00000150401",153.346829815579,0.0409222620448587,0.270962235847784,0.151025702592177,0.879955440706389,0.976489845382163,92.8403302095269,149.38983514499,130.406763221245,230.005144012843,161.106981439332,166.036053595991,138.81026022106,186.955514325243,153.22869007871,124.688725906847,"DCUN1D2"
"ENSG00000166037",324.322503662811,-0.0284237714507126,0.188288923086438,-0.150958277230488,0.88000862858847,0.976489845382163,300.763986407947,281.892123708373,368.935589619598,359.496229027948,329.098876615388,375.511772376981,276.747499937586,293.376345556535,383.592911217451,273.809702160307,"CEP57"
"ENSG00000006062",66.9385810991983,0.0424683434624282,0.281454914497008,0.150888619366707,0.880063578128034,0.976489845382163,43.5189047857157,80.5406067738208,51.1722741754252,87.8366101151408,86.7499130827173,72.3994419749963,62.8574763265179,64.2359972296989,59.4152063570509,60.6593801708988,"MAP3K14"
"ENSG00000205302",297.693632489437,0.0449575786252344,0.298267511495015,0.150729049905208,0.880189456522387,0.976496180481595,394.571403390489,309.172006647893,309.509722835233,155.751514843343,302.936204415838,243.262125035987,312.54134062352,196.542976598332,317.92347261229,434.725557891441,"SNX2"
"ENSG00000164647",170.990648542616,0.0634122106894114,0.421210328378092,0.150547615804166,0.880332586793229,0.976496180481595,231.133738750801,55.858807923779,145.263229917336,233.627272265014,108.781637040233,130.318995554993,281.112602460261,195.584230371023,94.855855763011,233.370115379708,"STEAP1"
"ENSG00000160097",10.7525423705886,0.0858861920577369,0.571421055652296,0.150302812975092,0.880525713769283,0.976496180481595,7.73669418412724,6.49521022369523,11.5550296525154,15.3940450717257,12.3928447261025,11.5839107159994,13.9683280725595,19.1749245461788,4.16948816540708,5.0549483475749,"FNDC5"
"ENSG00000113583",196.396563829758,0.0550480328903925,0.366510392750299,0.15019501214498,0.880610760989819,0.976496180481595,205.022395879372,85.736774952777,128.756044699457,347.724312208393,163.860946934022,156.382794665992,197.302634024903,281.871390828828,156.355806202765,240.95253790107,"C5orf15"
"ENSG00000175104",56.7788544838741,-0.0422131110940749,0.281073811994436,-0.150185144587254,0.880618545862854,0.976496180481595,68.6631608841293,58.4568920132571,46.2201186100615,57.9540520347321,50.9483616517546,64.6768348309966,38.4129021995387,45.0610726835201,75.0507869773274,62.3443629534237,"TRAF6"
"ENSG00000188807",67.9736347846503,0.0407227564217296,0.271731735285175,0.149863822048581,0.88087205513082,0.976496180481595,61.893553473018,74.0453965501256,55.299070479895,76.0646932955859,68.849137367236,88.8099821559954,57.6193532993081,68.0709821389346,84.4321353494933,44.6520437369116,"TMEM201"
"ENSG00000205133",169.878080645464,-0.043212365624157,0.288505705278777,-0.14977993444671,0.880938240748208,0.976496180481595,180.845226553974,188.361096487162,233.576670832989,88.7421421781835,191.400601880916,180.515941990991,110.873604075941,162.028112415211,167.821898657635,194.615511381634,"TRIQK"
"ENSG00000064726",1043.49626508981,0.0366030338896451,0.244576700014024,0.149658711919599,0.88103388433381,0.976496180481595,1413.88086214925,917.123683585766,1157.97904303422,621.194995247285,1112.60205985453,1119.77803587994,819.766253758338,926.148855580434,1129.93129282532,1216.55756898303,"BTBD1"
"ENSG00000142186",812.866643197738,-0.0290871781080625,0.194357495111579,-0.14965812402225,0.881034348184255,0.976496180481595,815.254149652408,1001.5614164938,845.993242416304,628.439251751626,988.673612593509,741.370285823962,934.131939852419,736.317102573264,709.855360160555,727.070070659523,"SCYL1"
"ENSG00000163444",762.690649511565,0.0190630344145417,0.127446115564761,0.149577210180682,0.881098189516929,0.976496180481595,705.973344301611,776.827142753949,775.837705240318,766.985657397158,848.221372364347,805.081794761958,751.67065440461,719.059670481704,761.973962228144,715.275191181848,"TMEM183A"
"ENSG00000218510",108.436853854798,0.0406511281839225,0.27199155564316,0.149457317113385,0.881192787029389,0.976496180481595,108.313718577781,107.820489713341,109.772781698896,99.6085269346958,174.876808912779,94.6019375139951,120.476829625826,75.7409519574061,80.2626471840863,112.893846429173,"LINC00339"
"ENSG00000183570",61.2205204632463,-0.0842112632345439,0.564090487034768,-0.149286799139645,0.881327331307384,0.976496180481595,38.6834709206362,11.6913784026514,75.1076927413499,127.680020889019,56.4562926411335,40.5436875059979,116.111727103151,38.3498490923575,25.0169289924425,82.5641563437233,"PCBP3"
"ENSG00000213619",282.218413133117,-0.0316480065167503,0.212106879518532,-0.149207826679592,0.881389644331056,0.976496180481595,381.999275341283,252.014156679375,310.335082096127,199.217053869392,276.773532216289,276.083205397986,313.414361128055,281.871390828828,253.29640604848,277.179667725357,"NDUFS3"
"ENSG00000146243",64.2535634583785,0.0576215964108243,0.386238629117646,0.149186518558384,0.881406457577031,0.976496180481595,99.6099376206383,55.858807923779,54.473711219001,40.748942836921,85.3729303353726,58.8848794729969,36.6668611904688,93.9571302762759,34.3982773646084,82.5641563437233,"IRAK1BP1"
"ENSG00000103111",335.536701131129,-0.0290505287141322,0.19474384362714,-0.14917302736282,0.881417102878703,0.976496180481595,297.862726088899,431.281958853363,325.191548792218,305.164305245386,384.178186509177,323.384174154983,347.462160804919,278.995152146901,279.355707082274,382.491091633167,"MON1B"
"ENSG00000142655",99.7246687877809,0.0405667992148533,0.271977797717222,0.149154819089428,0.881431470250412,0.976496180481595,90.9061566634951,135.100372652861,113.899578003366,53.4263917195186,88.1268958300621,101.359218764995,111.746624580476,109.297069913219,99.0253439284181,94.3590358213981,"PEX14"
"ENSG00000103275",1211.17757782736,0.0312817368279313,0.209778212057691,0.149118140159038,0.881460412148004,0.976496180481595,1367.46069704449,1313.33150723118,1380.82604347559,720.80352218198,1175.94326623239,1240.44377250494,1262.38764955757,1335.53349464135,1115.33808424639,1199.70774115778,"UBE2I"
"ENSG00000161904",307.135977171034,-0.0467429291266344,0.314306665740275,-0.148717587699079,0.881776482594223,0.976765195046441,271.751383217469,215.640979426682,200.562300397231,564.146475275595,265.757670237531,285.736464327985,324.763627687009,409.384639060917,296.033659743903,237.58257233602,"LEMD2"
"ENSG00000116688",562.179353251407,-0.0317203235874233,0.213491372122291,-0.148578948517195,0.881885885257835,0.976797824314324,543.502766434939,609.250718982613,620.670164192254,506.192423240863,411.717841456071,579.19553579997,472.304092953419,479.373113654469,633.762201141876,765.824674657597,"MFN2"
"ENSG00000185614",39.5593613195746,0.0566834785993127,0.381720712320491,0.148494636968301,0.8819524181145,0.976797824314324,59.9593799269861,36.3731772526933,30.5382926530763,27.1659618912807,56.4562926411335,27.9944508969985,32.3017586677939,48.8960575927558,53.1609741089403,22.747267564087,"FAM212A"
"ENSG00000109320",286.291904306154,-0.0363013728586592,0.245075751819297,-0.148123070475881,0.882245642669694,0.976989189037543,371.361320838108,346.844225945325,248.43313752908,196.500457680264,338.737755846801,243.262125035987,297.699992046425,217.635393599129,259.550638296591,342.893996243831,"NFKB1"
"ENSG00000137478",314.140115407682,0.0399531533313205,0.269958813225586,0.1479972179976,0.88234496378175,0.976989189037543,342.348717647631,379.320277063801,297.954693182718,216.422163067203,342.868704088835,388.06100898598,168.492957375249,296.252584238462,379.423423052044,330.256625374893,"FCHSD2"
"ENSG00000084623",1951.20301117002,0.0270870883447927,0.183190603600392,0.147862869669232,0.882450991747836,0.977009653751104,1996.06709950483,2044.69217841926,2168.21877836842,1507.71088496608,2255.49774015065,1598.57967880792,2327.47266509023,1928.03866311827,1976.33739040296,1709.41503287158,"EIF3I"
"ENSG00000238113",19.1823754004299,-0.0592315771801343,0.400787038367522,-0.147788155578572,0.882509957167245,0.977009653751104,28.0455164174613,15.5885045368685,18.983263000561,15.3940450717257,27.5396549468944,23.1678214319988,18.3334305952344,16.2986858642519,16.6779526616283,11.7948794776748,"LINC01410"
"ENSG00000075415",5897.78755043779,-0.0331606991900858,0.224842935417301,-0.147483838567312,0.882750135189562,0.977026994652497,5536.57177551606,4883.09904617407,5884.8115301739,7610.9969898738,7779.95252249767,4513.86387566777,6488.28838970391,6688.21368170715,5058.63151668014,4533.44617638342,"SLC25A3"
"ENSG00000176435",6.50823445094231,0.219499758815844,1.4883044873188,0.147483099517678,0.882750718487468,0.977026994652497,3.86834709206362,2.59808408947809,0,17.2051091978111,0,0,11.3492665589546,1.91749245461788,28.1440451164978,0,"CLEC14A"
"ENSG00000165259",22.1831959076148,-0.0563392722973538,0.382370183865282,-0.147342221424889,0.882861908251396,0.977026994652497,11.6050412761909,25.9808408947809,28.0622148703945,25.3548977651953,15.1468102207919,24.1331473249987,20.9524921088393,26.8448943646503,26.0593010337942,17.6923192165121,"HDX"
"ENSG00000090372",909.930946767368,0.0395619274670097,0.268563323109367,0.147309494866873,0.882887738419445,0.977026994652497,944.84377723654,1157.44646186249,949.163150028048,528.83072481693,1140.14171480143,1090.81825908994,1083.4184461279,787.130652620638,815.134936337084,602.381344752675,"STRN4"
"ENSG00000005249",25.5055562884094,-0.0839784780547823,0.570449534911047,-0.147214561350948,0.882962667525115,0.977026994652497,40.617644466668,27.27988293952,21.4593407832428,16.2995771347684,17.9007757154814,24.1331473249987,4.36510252267486,15.339939636943,57.3304622743473,30.3296900854494,"PRKAR2B"
"ENSG00000144857",274.459609483937,0.0416739080949761,0.283088863073737,0.147211400838899,0.882965162071422,0.977026994652497,209.857829744451,393.609739555931,277.320711660369,199.217053869392,289.166376942391,269.325924146986,385.002042499922,325.973717285039,184.499851319263,210.622847815621,"BOC"
"ENSG00000151687",20.9069565526559,-0.0633109985963107,0.430631232975208,-0.147019058879911,0.883116976972798,0.977113914209906,15.4733883682545,20.7846727158247,13.2057481743033,36.2212825217076,26.1626721995497,12.5492366089993,22.6985331179092,27.8036405919592,15.6355806202765,18.5348106077746,"ANKAR"
"ENSG00000204261",7.67474051641646,-0.106725500734559,0.726881862026119,-0.146826473888165,0.883268988000374,0.977201036330235,4.83543386507953,6.49521022369523,9.90431113072746,10.8663847565123,6.8849137367236,7.7226071439996,16.5873895861645,6.71122359116257,0,6.73993113009986,"PSMB8-AS1"
"ENSG00000184164",266.126111711933,-0.040088898399903,0.27332002153587,-0.146673844728356,0.883389464176987,0.977253258437996,240.80460648096,215.640979426682,254.210652355338,371.268145847502,198.28551561764,351.378625051982,266.271253883166,291.458853101917,312.711612405531,159.230872948609,"CRELD2"
"ENSG00000152484",642.543495633048,0.0338363438425896,0.231178306154381,0.146364701798592,0.883633491066114,0.977388374953343,695.335389798436,507.925439492967,699.904653238074,630.250315877712,557.678012674612,811.839076012958,426.907026717601,563.742781657656,818.262052461139,713.590208399323,"USP12"
"ENSG00000171310",51.6798695886336,-0.0604662826814503,0.41320892777315,-0.146333437196802,0.88365817089206,0.977388374953343,43.5189047857157,61.0549761027352,35.4904482184401,71.5370329803724,70.2261201145807,72.3994419749963,19.2064510997694,61.359758547772,54.203346150292,27.8022159116619,"CHST11"
"ENSG00000184185",45.3775866232794,0.0753565929174851,0.516810625245068,0.145810842959646,0.884070715948249,0.977763590563214,37.7163841476203,71.4473124606475,54.473711219001,12.6774488825976,42.6864651676863,12.5492366089993,42.7780047222136,87.2459066851134,45.8643698194779,46.3370265194366,"KCNJ12"
"ENSG00000170160",8.24078650628328,0.127281674525012,0.873693820358539,0.145682241946932,0.884172240667277,0.977794790528978,4.83543386507953,2.59808408947809,9.90431113072746,13.5829809456403,8.26189648406832,17.3758660739991,0.873020504534971,0.958746227308938,19.8050687856836,4.21245695631242,"CCDC144A"
"ENSG00000247095",354.587359247423,-0.0597919921343602,0.411064894290018,-0.145456332965703,0.884350590257959,0.977836509378894,304.63233350001,215.640979426682,219.545563397792,713.559265677639,402.078962224658,257.742013430987,552.621979370637,432.394548516331,155.313434161414,292.344512768082,"MIR210HG"
"ENSG00000130962",62.244116505805,-0.0397009071296135,0.274082761530323,-0.144850069767052,0.884829249102546,0.977836509378894,67.6960741111134,49.3635977000837,62.7273038279406,73.3480971064578,46.8174134097205,60.8155312589968,46.2700867403535,73.8234595027882,57.3304622743473,84.2491391262483,"PRRG1"
"ENSG00000126461",354.775082741962,-0.0421325922104097,0.291027503801291,-0.144771857161573,0.884891002831987,0.977836509378894,315.270288003185,571.57849968518,354.079122923507,204.650246247648,366.277410793695,291.528419685985,415.557760158646,362.406073922779,245.999801759018,420.403204239979,"SCAF1"
"ENSG00000036530",6.5042689718084,0.117701646471178,0.813457765470749,0.144693002473292,0.884953264233714,0.977836509378894,9.67086773015905,3.89712613421714,4.12679630446978,7.24425650434151,2.75396549468944,3.8613035719998,12.2222870634896,8.62871604578044,0,12.6373708689372,"CYP46A1"
"ENSG00000089682",64.0209566795996,-0.0377238001652116,0.260931004616376,-0.144573850933022,0.885047344222347,0.977836509378894,72.5315079761929,64.9521022369523,67.6794593933043,55.237455845604,56.4562926411335,69.5034642959964,57.6193532993081,42.1848340015933,74.0084149359756,80.0366821699359,"RBM41"
"ENSG00000149115",967.102565111974,0.0373485410067605,0.258639437125492,0.144403890689876,0.885181544685418,0.977836509378894,855.871794119076,875.554338154117,715.586479195059,1361.01469075316,1218.62973140008,725.925071535962,1333.97533092944,942.447541444686,755.719729980033,886.300943608132,"TNKS1BP1"
"ENSG00000165171",29.7314471538671,-0.0935179326325753,0.648116011072492,-0.144291964763875,0.885269923100118,0.977836509378894,80.2682021603202,20.7846727158247,11.5550296525154,10.8663847565123,30.2936204415838,7.7226071439996,28.809676649654,23.0099094554145,64.6270665638097,19.3773019990371,"METTL27"
"ENSG00000180891",657.21910445227,0.031161824217799,0.216732681593379,0.143779996577826,0.885674199151969,0.977836509378894,615.067187638116,679.398989398521,584.35435671292,715.370329803724,852.352320606382,443.084584886977,740.321387845656,742.069579937118,670.245222589188,529.927085104102,"CUEDC1"
"ENSG00000104442",329.152057245821,0.0459629449136418,0.319690072919352,0.143773450623338,0.885679368362618,0.977836509378894,332.677849917471,336.451889587413,446.51936014363,175.673220230282,323.590945626009,396.748942022979,189.445449484089,237.769064372617,465.940302484241,386.70354858948,"ARMC1"
"ENSG00000130349",93.7585838665706,-0.0371822009105353,0.258666642273918,-0.143745635632293,0.885701333364558,0.977836509378894,126.688367265084,70.1482704159085,111.423500220684,72.4425650434151,74.3570683566149,95.567263406995,116.984747607686,85.3284142304955,88.6016235149004,96.0440186039231,"C6orf203"
"ENSG00000101695",5.70067379491574,0.143982755822495,1.0018125294509,0.143722255002553,0.885719796698466,0.977836509378894,15.4733883682545,2.59808408947809,2.47607778268187,0.905532063042689,1.37698274734472,9.6532589299995,0.873020504534971,1.91749245461788,16.6779526616283,5.0549483475749,"RNF125"
"ENSG00000162461",8.61323699662031,-0.0906470632087717,0.63074608949144,-0.143714031238559,0.885726290896746,0.977836509378894,3.86834709206362,11.6913784026514,3.30143704357582,17.2051091978111,5.50793098937888,7.7226071439996,13.0953075680246,10.5462085003983,7.29660428946239,5.89743973883738,"SLC25A34"
"ENSG00000119414",516.817870456706,-0.0271887773901568,0.18923180106208,-0.143679747471394,0.885753364419522,0.977836509378894,556.074894484146,604.054550803656,526.579208450343,405.678364243125,422.733703434829,528.998589363973,433.891190753881,551.279080702639,526.397880882644,612.491241447825,"PPP6C"
"ENSG00000061794",363.163300616435,-0.0347343724394375,0.241782133392329,-0.143659797984641,0.885769118376366,0.977836509378894,465.168737820651,329.956679363718,417.631786012341,260.793234156294,289.166376942391,410.263504524979,273.255417919446,351.85986542238,480.533511063166,353.00389293898,"MRPS35"
"ENSG00000180233",93.943003059974,0.0351400321842081,0.24462902972271,0.143646206764748,0.885779851284443,0.977836509378894,115.083325988893,102.624321534385,89.9641594374411,63.3872444129882,90.8808613247515,91.7059598349952,85.5560094444272,83.4109217758776,93.8134837216593,123.003743124323,"ZNRF2"
"ENSG00000136869",163.449481421592,0.065854618796921,0.458554334318005,0.143613556493506,0.885805635101238,0.977836509378894,105.412458258734,84.437732908038,233.576670832989,211.894502751989,198.28551561764,237.470169677988,195.556593015834,207.089185098731,34.3982773646084,126.373708689372,"TLR4"
"ENSG00000063761",19.9607702670438,-0.0575096777941325,0.401169582955663,-0.143355030484673,0.886009796545994,0.977836509378894,23.2100825523817,10.3923363579124,22.2847000441368,25.3548977651953,20.6547412101708,15.4452142879992,20.9524921088393,12.4637009550162,21.8898128683872,26.9597245203995,"ADCK1"
"ENSG00000198121",642.953985791133,-0.0339986849209048,0.23725555435293,-0.14329984818956,0.886053375722401,0.977836509378894,672.125307246054,706.678872338041,491.088760231903,738.914163442834,508.106633770202,735.578330465962,575.320512488546,662.493643070476,890.185723314411,449.047911542903,"LPAR1"
"ENSG00000183527",284.677883249382,0.0428203487274895,0.298983066649083,0.143219979671116,0.886116450988216,0.977836509378894,376.196754703187,189.660138531901,330.143704357582,221.855355445459,234.087067048602,433.431325956978,257.541048837817,201.336707734877,374.211562845285,228.315167032133,"PSMG1"
"ENSG00000140464",456.485103697116,0.0411075759949743,0.287086311356555,0.143188909985749,0.886140988118389,0.977836509378894,375.229667930171,444.272379300754,363.983434054234,611.234142553815,554.924047179922,238.435495570988,563.098225425056,541.69161842955,347.109889770139,524.872136756527,"PML"
"ENSG00000110756",199.051024914111,0.042608159237094,0.297806881883815,0.143073118282461,0.886232435004024,0.977836509378894,148.931363044449,218.23906351616,225.32307822405,190.161733238965,170.745860670745,248.088754500987,117.857768112221,163.945604869828,180.330363153856,326.886659809843,"HPS5"
"ENSG00000138796",178.179827247443,0.0352066041983511,0.246270404771998,0.142959135633639,0.886322454662504,0.977836509378894,219.528697474611,163.67929763712,167.547929961473,152.129386591172,136.321291987127,187.27322324199,137.937239716525,155.316888824048,208.474408270354,253.589908770007,"HADH"
"ENSG00000157570",104.269284505318,-0.0879341904403531,0.615371480514156,-0.14289610946364,0.886372231239478,0.977836509378894,40.617644466668,23.3827568053028,165.071852178791,202.839182121562,49.5713789044099,125.492366089993,49.7621687584934,162.986858642519,191.796455608726,31.1721814767119,"TSPAN18"
"ENSG00000163050",46.9998422682301,0.046241587945167,0.323912170681875,0.142759649468628,0.886480005648788,0.977836509378894,45.4530783317476,50.6626397448228,53.6483519581071,35.3157504586649,38.5555169256522,31.8557544689983,69.8416403627977,41.2260877742843,38.5677655300155,64.8718371272112,"COQ8A"
"ENSG00000137992",195.377371074909,-0.0310834379029709,0.217829675911846,-0.142696066423705,0.886530223465184,0.977836509378894,167.306011731752,180.566844218727,213.768048571534,229.0996119498,203.793446607019,149.625513414992,148.413485770945,234.89282569069,224.10998889063,202.197933902996,"DBT"
"ENSG00000119929",128.115219310705,0.0366095982844107,0.256610889280711,0.142665801856767,0.886554126545714,0.977836509378894,138.293408541274,126.007078339687,159.294337352533,81.497885673842,93.6348268194409,131.284321447993,160.635772834435,139.018202959796,142.804969665192,108.68138947286,"CUTC"
"ENSG00000204463",650.937131908711,0.0339060869175838,0.2378897461124,0.142528576669142,0.886662508862792,0.977836509378894,500.950948422239,722.267376874909,540.610315885541,803.206939918865,790.388096975869,883.273192094954,641.670070833204,474.579382517924,561.838530288604,590.586465275001,"BAG6"
"ENSG00000139726",1378.38908213762,0.0296732541546502,0.20820663968778,0.142518289518275,0.886670633879711,0.977836509378894,1477.7085891683,1215.90335387575,1659.79747365774,1091.16613596644,1379.73671283941,1684.49368328491,1236.19703442152,1238.70012568315,1720.95624027177,1079.23147220724,"DENR"
"ENSG00000101166",1038.83170258426,-0.0335193289032795,0.235254589055171,-0.142481084164606,0.886700019581834,0.977836509378894,1226.26602818417,830.08786658825,1249.59392099345,906.437595105732,925.332406215652,1339.87233948393,873.893525039506,926.148855580434,1345.70230538513,764.982183266335,"PRELID3B"
"ENSG00000107551",32.051376605267,-0.0608998407901256,0.427427996743354,-0.142479765607615,0.886701061013388,0.977836509378894,50.2885121968271,20.7846727158247,15.6818259569851,44.3710710890918,44.063447915031,29.9251026829984,34.0477996768639,27.8036405919592,15.6355806202765,37.9121126068117,"RASSF4"
"ENSG00000033170",388.36428494706,0.0287073826619351,0.20151402716765,0.142458483240236,0.886717870423057,0.977836509378894,322.039895414296,341.648057766369,390.394930402841,479.931993412625,432.372582666242,348.482647372982,426.034006213066,475.538128745233,311.669240364179,355.531367112768,"FUT8"
"ENSG00000142330",142.034717084441,0.0285209778091951,0.200205747574243,0.14245833675988,0.88671798611752,0.977836509378894,113.149152442861,162.380255592381,146.913948439124,139.451937708574,147.337153965885,142.868232163993,171.112018888854,147.646919005576,132.381249251675,117.106303385485,"CAPN10"
"ENSG00000141030",575.784304502161,-0.0305944303208338,0.214871486648258,-0.142384784496402,0.886776080148288,0.977836509378894,563.811588668273,594.961256490483,677.619953193937,496.231570547394,473.682065086584,741.370285823962,463.57388790807,468.826905154071,723.406196698128,554.359335450714,"COPS3"
"ENSG00000130699",85.6060099198725,-0.0414509457247927,0.29148914543289,-0.142204079892011,0.886918809254487,0.977885394893974,70.5973344301611,118.212826071253,70.9808964368801,88.7421421781835,111.535602534922,112.943129480994,57.6193532993081,61.359758547772,82.3473912667898,81.7216649524609,"TAF4"
"ENSG00000149541",121.667459763745,0.0482967051185844,0.33992668830828,0.142079768313996,0.88701699859133,0.977885394893974,103.478284712702,64.9521022369523,101.519189089956,206.461310373733,104.650688798199,92.6712857279952,170.238998384319,161.069366187902,106.321948217881,105.31142390781,"B3GAT3"
"ENSG00000031003",478.75805489457,-0.0409123564282907,0.288124897840313,-0.141995213655453,0.887083786328911,0.977885394893974,446.794089133348,563.784247416746,583.528997452026,354.063036649691,396.571031235279,701.791924210964,272.382397414911,368.158551286632,510.762300262367,589.743973883738,"FAM13B"
"ENSG00000149483",158.613459068377,0.0361546948279431,0.254687031814961,0.141957344943306,0.887113698194661,0.977885394893974,141.194668860322,118.212826071253,140.311074351972,224.571951634587,151.468102207919,162.174750023992,212.143982601998,160.110619960593,160.525294368173,115.42132060296,"TMEM138"
"ENSG00000119673",107.658442562652,-0.0297245603175475,0.209801310265298,-0.141679574259857,0.887333109549394,0.977929865450586,85.1036360253997,136.3994146976,110.59814095979,105.041719312952,95.0118095667857,122.596388410994,104.762460544197,100.668353867438,113.618552507343,102.783949734023,"ACOT2"
"ENSG00000132155",1185.14095889883,0.0243351607155803,0.171919762156809,0.141549525256928,0.887435838362266,0.977929865450586,1147.93199956988,1318.52767541013,1197.59628755713,1027.77889155345,1533.95878054202,1232.72116536094,1128.81551236372,1080.50699817717,1181.00752285155,1002.56475560235,"RAF1"
"ENSG00000170085",89.8421423311265,-0.033475497714876,0.236741395190442,-0.141401116978073,0.887553071915882,0.977929865450586,88.0048963444474,105.222405623863,66.8541001324104,105.041719312952,89.5038785774068,109.081825908994,89.921111967102,94.9158765035849,69.8389267705686,80.0366821699359,"SIMC1"
"ENSG00000241837",522.076985288751,0.0306788909647003,0.217040752605862,0.14135083202744,0.887592794540076,0.977929865450586,666.322786607959,463.758009971839,533.182082537495,397.52857567574,655.443787736087,455.633821495976,642.543091337739,487.043083472941,475.321650856407,443.992963195329,"ATP5O"
"ENSG00000111196",159.611546389257,0.0390451328689378,0.276308732095791,0.141309804336555,0.887625204596045,0.977929865450586,165.37183818572,142.894624921295,199.736941136337,119.530232321635,145.96017121854,197.89180806499,138.81026022106,119.843278413617,243.915057676314,122.16125173306,"MAGOHB"
"ENSG00000108518",10769.6682040259,0.0401445447734493,0.284234619133352,0.141237351367868,0.887682439686445,0.977929865450586,13014.086704475,12161.6316228469,12285.4725984065,4900.73952518703,9313.91130303968,14003.0174038573,9789.17891735063,10054.3716857888,13294.4130154005,8879.85926390657,"PFN1"
"ENSG00000138669",26.1090121332321,0.106770095456249,0.75642538896442,0.14115086168964,0.887750764010533,0.977929865450586,25.1442560984135,9.09329431317332,61.9019445670466,3.62212825217076,5.50793098937888,55.0235759009971,17.4604100906994,14.3811934096341,12.5084644962212,56.4469232145864,"PRKG2"
"ENSG00000115694",1126.49930496864,0.0198524528967586,0.141211611595176,0.140586547186158,0.888196576468062,0.977929865450586,956.448818512731,1306.83629700748,1058.93593172694,1148.21465593813,1153.91154227488,1119.77803587994,1148.02196346349,1193.63905299963,1052.79576176529,1126.41099011794,"STK25"
"ENSG00000214485",40.0404165370355,0.0616352532437468,0.439496483926254,0.140240606006962,0.88846988994798,0.977929865450586,27.0784296444454,22.0837147605638,33.0143704357582,73.3480971064578,42.6864651676863,18.341191966999,54.1272712811682,52.7310425019916,50.0338579848849,26.9597245203995,"RPL7P1"
"ENSG00000128602",99.2401407485776,0.071940908014752,0.514026171231163,0.139955729963017,0.888694968406923,0.977929865450586,143.128842406354,53.2607238343009,16.5071852178791,172.051091978111,119.797499018991,53.0929241149972,127.460993662106,139.976949187105,71.9236708532721,95.2015272126606,"SMO"
"ENSG00000166432",6.13273370906161,0.174279882376695,1.24760193213235,0.139691898423741,0.888903427762649,0.977929865450586,1.93417354603181,0,0,20.8272374499818,0,12.5492366089993,4.36510252267486,1.91749245461788,6.25423224811062,13.4798622601997,"ZMAT1"
"ENSG00000168002",397.348018819649,0.0353735096869581,0.253464094306299,0.139560239424725,0.889007457434665,0.977929865450586,437.123221403189,423.487706584929,484.485886144752,220.949823382416,453.027323876413,339.794714335982,490.637523548654,306.79879273886,412.779328375301,404.395867805992,"POLR2G"
"ENSG00000102038",185.780384613545,0.0326787808807865,0.234159168452273,0.139557981422569,0.889009241599981,0.977929865450586,162.470577866672,157.184087413425,197.260863353655,215.51663100416,196.908532870295,141.902906270993,159.7627523299,158.193127505975,207.432036229002,261.17233129137,"SMARCA1"
"ENSG00000091317",477.735422090007,0.0411196413120071,0.295282550453991,0.139255236209476,0.889248461476205,0.977929865450586,565.745762214305,335.152847542674,370.586308141386,606.706482238602,316.706031889286,457.564473281976,342.224037777709,727.688386527484,616.041876438896,438.938014847754,"CMTM6"
"ENSG00000175305",13.1772965536195,-0.104257490656479,0.749048092820484,-0.139186644563642,0.88930266186916,0.977929865450586,8.70378095714315,10.3923363579124,22.2847000441368,13.5829809456403,2.75396549468944,41.5090133989979,3.49208201813988,4.79373113654469,16.6779526616283,7.58242252136235,"CCNE2"
"ENSG00000104142",123.191106703615,-0.0361029191501225,0.259453408480064,-0.1391499127401,0.889331687180328,0.977929865450586,103.478284712702,150.688877189729,153.516822526276,93.269802493397,117.043533524301,101.359218764995,139.683280725595,92.039637821658,115.703296590046,165.128312687447,"VPS18"
"ENSG00000108786",18.9854349145491,0.0495783182461676,0.357002598077111,0.13887383036764,0.889549850895105,0.977929865450586,23.2100825523817,15.5885045368685,16.5071852178791,19.0161733238965,19.2777584628261,16.4105401809991,23.5715536224442,19.1749245461788,17.7203247029801,19.3773019990371,"HSD17B1"
"ENSG00000173041",35.4003355082622,0.0614380775781433,0.442745938528118,0.138765987966802,0.889635071570485,0.977929865450586,43.5189047857157,11.6913784026514,56.9497890016829,25.3548977651953,22.0317239575155,54.0582500079972,26.1906151360491,34.5148641831218,33.3559053232566,46.3370265194366,"ZNF680"
"ENSG00000025800",562.313794296061,0.0338082016571164,0.243779334270852,0.138683624509179,0.889700158790984,0.977929865450586,454.530783317476,724.865460964388,516.674897319616,523.397532438674,454.404306623758,480.732294713975,458.33576488086,604.010123204631,545.160577626976,861.026201870258,"KPNA6"
"ENSG00000162631",48.5595858233243,-0.102681122069493,0.740639015023332,-0.138638553987408,0.889735775810929,0.977929865450586,23.2100825523817,9.09329431317332,87.4880816547592,82.4034177368847,15.1468102207919,27.0291250039986,14.8413485770945,21.0924170007966,169.906642740338,35.3846384330243,"NTNG1"
"ENSG00000119862",28.2371848872076,-0.0670241722537443,0.483802689300142,-0.13853617132782,0.889816684625677,0.977929865450586,25.1442560984135,38.9712613421714,26.4114963486066,26.260429828238,17.9007757154814,23.1678214319988,28.809676649654,49.8548038200648,6.25423224811062,39.5970953893367,"LGALSL"
"ENSG00000185115",108.744342529873,0.0378035475812298,0.272905152239563,0.138522659872852,0.889827362259851,0.977929865450586,138.293408541274,119.511868115992,114.72493726426,56.1429879086467,97.7657750614751,95.567263406995,114.365686094081,121.760770868235,128.211761086268,101.098966951498,"NSMCE3"
"ENSG00000159352",707.142601406705,-0.0248582802265163,0.179549710274611,-0.138447899406226,0.889886443224478,0.977929865450586,787.208633234947,752.145343903908,780.789860805682,537.886045447357,732.554821587391,661.248236704966,731.591182800306,564.701527884964,769.270566517606,754.029795179922,"PSMD4"
"ENSG00000166902",232.531447981227,-0.0362010197346763,0.26156864985765,-0.138399688779131,0.889924542967976,0.977929865450586,324.941155733344,205.248643068769,279.796789443051,134.018745330318,228.579136059223,224.920933068988,247.937823287932,184.079275643316,226.194732973334,269.597245203995,"MRPL16"
"ENSG00000089847",9.5482915157066,-0.0990371888268807,0.716508007960618,-0.138222026448481,0.8900649475925,0.977929865450586,2.90126031904772,7.79425226843427,7.4282333480456,21.7327695130245,6.8849137367236,1.9306517859999,13.0953075680246,14.3811934096341,4.16948816540708,15.1648450427247,"ANKRD24"
"ENSG00000148498",298.273420151388,-0.0342509233283032,0.247830880342519,-0.138202807014873,0.890080136710425,0.977929865450586,330.74367637144,385.815487287497,264.114963486066,230.005144012843,381.424221014487,328.210803619983,267.144274387701,216.67664737182,223.067616849279,355.531367112768,"PARD3"
"ENSG00000171453",96.4021610407436,-0.0356033019942376,0.257867128129991,-0.138068400778443,0.890186359083206,0.977929865450586,73.4985947492088,89.6339010869942,99.8684705681686,128.585552952062,74.3570683566149,115.839107159994,113.492665589546,71.9059670481704,90.6863675976039,106.153915299073,"POLR1C"
"ENSG00000068305",430.687652911489,-0.0307706654396689,0.222908573256947,-0.138041641871708,0.890207507106352,0.977929865450586,440.024481722237,502.729271314011,387.918852620159,414.733684873552,451.650341129068,422.812741133978,263.652192369561,420.889593788624,438.838629409095,563.626740754601,"MEF2A"
"ENSG00000178952",830.792545638677,-0.0301884357241815,0.218843336530233,-0.137945418868219,0.890283554442493,0.977929865450586,941.942516917492,678.099947353782,889.737283243684,853.916735449256,941.856199183788,673.797473313965,955.084431961258,1058.45583494907,724.44856873948,590.586465275001,"TUFM"
"ENSG00000128694",25.5809105398482,0.0559580094142114,0.40567055259295,0.137939539995055,0.890288200688988,0.977929865450586,25.1442560984135,23.3827568053028,28.8875741312884,22.6383015760672,22.0317239575155,33.7864062549982,13.0953075680246,18.2161783188698,23.9745569510907,44.6520437369116,"OSGEPL1"
"ENSG00000163376",6.5392694920045,-0.115017969196522,0.834049875047096,-0.137902987144536,0.890317089567155,0.977929865450586,2.90126031904772,5.19616817895618,7.4282333480456,11.771916819555,2.75396549468944,13.5145625019993,1.74604100906994,1.91749245461788,15.6355806202765,2.52747417378745,"KBTBD8"
"ENSG00000188283",43.0321315867223,0.0407459905584009,0.295515772277348,0.137880933543405,0.890334519298677,0.977929865450586,28.0455164174613,50.6626397448228,44.5694000882736,46.1821352151771,39.9324996729969,57.919553579997,36.6668611904688,46.978565138138,44.8219977781261,34.5421470417618,"ZNF383"
"ENSG00000131398",16.9820169317854,0.091666868253907,0.664974209776893,0.137850260816374,0.890358761114662,0.977929865450586,5.80252063809543,27.27988293952,6.60287408715164,26.260429828238,5.50793098937888,16.4105401809991,44.5240457312835,16.2986858642519,13.550836537573,7.58242252136235,"KCNC3"
"ENSG00000161203",5636.12409711886,0.0379109367269609,0.275145090395113,0.137785256035353,0.890410137189873,0.977929865450586,5737.72582430337,6897.91325756433,6901.65413959525,2653.20894471508,5558.87935103063,6308.40471075467,5517.48958866102,4141.78370197461,6880.69784496303,5763.48360762665,"AP2M1"
"ENSG00000080822",208.97671023711,0.046831660550216,0.339953333343055,0.137759086194801,0.890430820470723,0.977929865450586,152.799710136513,126.007078339687,187.356552222928,353.157504586649,140.452240229161,254.846035751987,233.969495215372,307.757538966169,183.457479277911,149.963467644722,"CLDND1"
"ENSG00000184517",68.405294080009,0.0352397851023234,0.255839991351704,0.137741503648971,0.890444716842339,0.977929865450586,88.0048963444474,68.8492283711694,66.0287408715164,47.0876672782198,63.3412063778571,73.3647678679962,68.9686198582627,54.6485349566095,81.305019225438,72.4542596485736,"ZFP1"
"ENSG00000174282",1368.59535982073,0.0374237824592296,0.271850892636722,0.137662900777153,0.890506841062696,0.977929865450586,1108.28144187623,2177.19446698264,1139.82113929455,965.297179203507,1867.18860539944,1305.12060733593,1277.22899813466,1278.96746723012,1022.56697256609,1544.28672018413,"ZBTB4"
"ENSG00000107581",1466.32767005957,-0.0263216047478626,0.191215423652205,-0.13765419256,0.890513723692307,0.977929865450586,1385.83534573179,1173.03496639936,1623.48166617841,1745.8658175463,1536.71274603671,1391.99993770593,1682.31051223889,1066.12580476754,1544.79536528332,1513.11453870742,"EIF3A"
"ENSG00000189042",33.0746245809543,-0.0462430767090344,0.335963279073931,-0.137643247311139,0.890522374394797,0.977929865450586,32.8809502825408,24.6817988500419,45.3947593491675,31.6936222064941,23.4087067048602,28.9597767899985,37.5398816950038,23.0099094554145,42.7372536954226,40.4395867805992,"ZNF567"
"ENSG00000100591",576.004409662208,0.0453871359084512,0.329754820804602,0.137639036778012,0.890525702241233,0.977929865450586,763.998550682565,589.765088311527,700.730012498968,206.461310373733,497.090771791444,502.934790252974,660.876521932973,444.858249471347,750.507869773274,642.820931533275,"AHSA1"
"ENSG00000171863",7337.42574479459,-0.038055832631102,0.276560616313171,-0.137603947873794,0.890553435261511,0.977929865450586,7364.36577651612,5797.62464567036,6829.84788389748,9822.30628782405,9784.83940263158,5206.96786684173,9915.7668905082,7076.50590376727,7276.7992206767,4299.23356961245,"RPS7"
"ENSG00000165572",50.9720111972893,0.0394753858697734,0.286877182266107,0.137603784162785,0.890553564653176,0.977929865450586,58.9922931539702,46.7655136106057,47.0454778709554,47.9931993412625,39.9324996729969,40.5436875059979,38.4129021995387,56.5660274112273,67.754182687865,65.7143285184737,"KBTBD6"
"ENSG00000168090",898.118621649899,-0.0378555695166798,0.275294104068817,-0.137509554171988,0.890628041346335,0.977929865450586,1216.59516045401,901.535179048898,1072.96703916214,458.199223899601,885.399906542655,923.816879600952,891.353935130206,626.061286432737,927.711116803075,1077.54648942472,"COPS6"
"ENSG00000131759",349.507314578578,0.0354529962729366,0.25793022624441,0.137451886849981,0.890673620426503,0.977929865450586,361.690453107949,465.057052016578,333.445141401158,218.233227193288,386.932152003866,316.626892903984,467.06596992621,386.374729605502,304.372636074717,255.274891552532,"RARA"
"ENSG00000065559",430.96140641389,0.023021523999252,0.167892541136455,0.137120588225186,0.890935479126613,0.978077417838201,426.485266900014,418.291538405973,439.091126795584,422.883473440936,453.027323876413,458.529799174976,326.509668696079,401.714669242445,479.491139021814,483.590058584665,"MAP2K4"
"ENSG00000247708",11.9093251752389,-0.0630745200710818,0.460459498281836,-0.136981689608834,0.891045268245796,0.978077417838201,13.5392148222227,11.6913784026514,10.7296703916214,12.6774488825976,16.5237929681366,16.4105401809991,10.4762460544197,6.71122359116257,9.38134837216593,10.9523880864123,"STX18-AS1"
"ENSG00000128928",455.736010964649,0.0286670132866573,0.209362402897224,0.136925316532262,0.891089827604109,0.978077417838201,411.978965304776,474.150346329752,481.184449101176,434.655390260491,421.356720687484,346.551995586982,404.208493599692,463.074427790217,459.68607023613,660.513250749787,"IVD"
"ENSG00000197894",1278.11954642869,0.0375463762122048,0.274420820486614,0.136820435656544,0.891172730230571,0.978077417838201,1313.3038377556,1313.33150723118,1569.00795495941,837.617158314487,1115.35602534922,887.134495666954,975.163903565563,1287.5961832759,1488.50727505033,1994.1771231183,"ADH5"
"ENSG00000185432",18.8870221028596,0.0861511793516056,0.630173968384205,0.136710152551209,0.891259904308775,0.978077417838201,17.4075619142863,25.9808408947809,17.3325444787731,12.6774488825976,13.7698274734472,6.75728125099965,42.7780047222136,15.339939636943,3.12711612405531,33.6996556504993,"METTL7A"
"ENSG00000152990",84.9918679707933,-0.0530791901697704,0.388732743206896,-0.136544171020654,0.891391108087324,0.978077417838201,67.6960741111134,55.858807923779,46.2201186100615,177.484284356367,63.3412063778571,98.4632410859949,79.4448659126824,67.1122359116257,112.576180465991,81.7216649524609,"ADGRA3"
"ENSG00000234465",9.2471429675659,0.130096374145144,0.953436775330438,0.136449922544738,0.891465610207271,0.978077417838201,6.76960741111134,5.19616817895618,18.983263000561,3.62212825217076,27.5396549468944,0,17.4604100906994,2.87623868192681,8.33897633081416,1.68498278252497,"PINLYP"
"ENSG00000233954",180.301827684707,-0.0280961028450813,0.205928498441553,-0.136436205079481,0.891476453754198,0.978077417838201,182.779400100006,155.885045368685,195.610144831867,193.783861491135,206.547412101708,172.793334846991,138.81026022106,223.387870962983,183.457479277911,149.963467644722,"UQCRHL"
"ENSG00000173638",23.4514528163186,-0.0508000396861968,0.372559700084318,-0.136354092175562,0.891541363774388,0.978077417838201,29.9796899634931,16.8875465816076,19.8086222614549,28.977026017366,17.9007757154814,24.1331473249987,28.809676649654,29.7211330465771,23.9745569510907,14.3223536514622,"SLC19A1"
"ENSG00000249348",29.241326412338,0.0511549308652572,0.375913966927418,0.136081485036001,0.891756864162577,0.978207764497053,21.2759090063499,33.7750931632152,31.3636519139703,28.0714939543234,34.424568683618,51.1622723289973,27.9366561451191,22.0511632281056,18.7626967443319,23.5897589553495,"UGDH-AS1"
"ENSG00000257365",46.2660407232642,0.044144316087424,0.324547053750862,0.136018230876658,0.891806868750069,0.978207764497053,30.946776736509,41.5693454316495,48.6961963927434,60.6706482238602,26.1626721995497,51.1622723289973,39.2859227040737,46.019818910829,62.5423224811062,55.6044318233239,"FNTB"
"ENSG00000171962",20.2781479163176,-0.0633469412553343,0.467442436797074,-0.135518164951794,0.892202203183979,0.978243820156686,17.4075619142863,18.1865886263466,10.7296703916214,37.1268145847502,16.5237929681366,26.0637991109986,28.809676649654,19.1749245461788,9.38134837216593,19.3773019990371,"DRC3"
"ENSG00000134108",837.723898297077,0.033381661529987,0.246403149729497,0.135475790657034,0.892235704035415,0.978243820156686,1038.65119421908,785.920437067123,993.732550116322,486.270717853924,722.915942355978,800.255165296958,702.781506150652,804.388084712199,1050.71101768258,991.612367515943,"ARL8B"
"ENSG00000078018",33.8769582959538,0.108480878000907,0.800825076336598,0.135461390016852,0.892247089134932,0.978243820156686,21.2759090063499,50.6626397448228,46.2201186100615,11.771916819555,9.63887923141304,20.2718437529989,20.9524921088393,21.0924170007966,2.08474408270354,134.798622601997,"MAP2"
"ENSG00000204228",10.6881677370003,-0.0756937819906055,0.558901480419074,-0.135433139189127,0.892269424212411,0.978243820156686,16.4404751412704,14.2894624921295,8.25359260893955,5.43319237825613,11.0158619787578,3.8613035719998,14.8413485770945,15.339939636943,7.29660428946239,10.1098966951498,"HSD17B8"
"ENSG00000116035",26.7939344502871,0.0738494932508994,0.545556590123996,0.135365413208765,0.892322968655911,0.978243820156686,22.2429957793658,48.0645556553447,26.4114963486066,8.1497885673842,6.8849137367236,25.0984732179987,41.9049842176786,44.1023264562111,19.8050687856836,25.2747417378745,"VAX2"
"ENSG00000160949",70.3655898061327,0.0364927898188379,0.269845956908795,0.135235636793966,0.89242557180388,0.978243820156686,58.9922931539702,83.1386908632989,66.0287408715164,69.725968854287,59.2102581358229,76.260745546996,63.7304968310529,107.379577458601,63.5846945224579,55.6044318233239,"TONSL"
"ENSG00000139567",264.530261092469,0.05558863452757,0.411053855808059,0.135234431552266,0.892426524694189,0.978243820156686,318.171548322233,144.193666966034,136.184278047503,434.655390260491,330.475859362733,212.371696459989,358.811427363873,411.302131515534,158.440550285469,140.696062340835,"ACVRL1"
"ENSG00000258701",12.4607418363984,-0.0629167427017891,0.466020823471604,-0.135008436389372,0.892605204130229,0.978301676916004,11.6050412761909,19.4856306710857,13.2057481743033,7.24425650434151,13.7698274734472,13.5145625019993,16.5873895861645,10.5462085003983,9.38134837216593,9.26740530388731,"LINC00638"
"ENSG00000141510",300.351590541861,-0.0396919254575446,0.294053207569053,-0.134982120364131,0.892626010826337,0.978301676916004,369.427147292076,463.758009971839,190.657989266504,198.311521806349,392.440082993245,233.608866105988,263.652192369561,271.325182328429,322.092960777697,298.241952506919,"TP53"
"ENSG00000090273",551.723767080494,-0.0375196995830435,0.278457474004014,-0.13474121934505,0.892816482016406,0.978396355666427,766.899811001613,594.961256490483,605.813697496163,274.376215101935,470.928099591894,544.443803651972,624.209660742504,409.384639060917,595.19443561186,631.0260520556,"NUDC"
"ENSG00000175110",196.850514346359,0.0311168988850997,0.231120719874268,0.134634830239485,0.892900601767782,0.978396355666427,199.219875241277,175.370676039771,212.94268931064,189.256201175922,221.6942223225,220.094303603989,209.524921088393,121.760770868235,170.94901478169,247.69246903117,"MRPS22"
"ENSG00000143179",633.757939018938,0.0262821813334952,0.195350595620966,0.134538526744448,0.892976748066372,0.978396355666427,786.241546461931,614.446887161569,613.241930844209,494.420506421308,519.122495748959,752.954196539961,635.558927301459,557.990304293802,630.635085017821,732.96751039836,"UCK2"
"ENSG00000170485",434.293864872397,-0.0360288022210171,0.267869512732696,-0.134501316904137,0.893006169813331,0.978396355666427,428.419440446046,362.432730482194,347.476248836355,624.817123499455,407.586893214037,560.854343832971,591.034881570175,358.571089013543,309.584496281476,352.161401547718,"NPAS2"
"ENSG00000135766",1607.4299425361,-0.0256648821140921,0.190946212562672,-0.134408961401464,0.893079195762396,0.978396355666427,1790.07761685244,2030.40271592713,1516.1849622622,1162.70316894681,1820.37119198972,1598.57967880792,1376.75333565165,1510.02530801158,1622.97326838471,1646.22817852689,"EGLN1"
"ENSG00000156968",9.40939106687046,-0.11060092488672,0.825027401536646,-0.13405727455927,0.893357284567105,0.978480531883874,6.76960741111134,24.6817988500419,4.95215556536373,3.62212825217076,2.75396549468944,1.9306517859999,5.23812302720983,23.9686556827235,4.16948816540708,16.0073364339872,"MPV17L"
"ENSG00000139180",56.7339008655486,0.0382631737974362,0.285765095928181,0.133897296565052,0.893483788065037,0.978480531883874,59.9593799269861,41.5693454316495,61.9019445670466,59.7651161608175,44.063447915031,67.5728125099965,71.5876813718676,36.4323566377396,60.4575783984026,64.0293457359487,"NDUFA9"
"ENSG00000125741",243.689790414705,-0.0349234707464191,0.260896769833845,-0.133859345091396,0.893513798803895,0.978480531883874,242.738780026992,322.162427095283,253.385293094444,171.145559915068,272.642583974255,325.314825940983,192.937531502229,159.151873733284,252.254034007128,245.164994857383,"OPA3"
"ENSG00000172349",11.2725000701565,-0.110846743672399,0.82920758799091,-0.133677917662295,0.893657267570432,0.978480531883874,4.83543386507953,11.6913784026514,0.825359260893955,29.8825580804087,11.0158619787578,13.5145625019993,19.2064510997694,16.2986858642519,2.08474408270354,3.36996556504993,"IL16"
"ENSG00000244038",664.339521976592,-0.0351761877148744,0.263246155259197,-0.13362469693143,0.893699353998273,0.978480531883874,568.647022533352,510.523523582445,582.703638191132,1033.21208393171,794.519045217903,513.553375075973,625.955701751574,876.294051760369,613.957132356192,524.029645365265,"DDOST"
"ENSG00000173418",447.211360458141,0.0379666502604864,0.284270248423927,0.133558296976148,0.893751862846138,0.978480531883874,547.371113527003,392.310697511192,544.73711219001,276.18727922802,384.178186509177,491.350879536975,380.636939977247,280.912644601519,593.109691529157,581.319059971113,"NAA20"
"ENSG00000132635",174.622120814304,0.0454814127981866,0.34092955043789,0.133404138009657,0.89387377300231,0.978480531883874,142.161755633338,128.605162429166,127.105326177669,287.053663984532,199.662498364984,124.527040196994,233.969495215372,244.480287963779,101.110088011122,157.545890166084,"PCED1A"
"ENSG00000138193",132.80658648502,0.0409589567048098,0.307088344816872,0.133378415026578,0.893894115189301,0.978480531883874,140.227582087306,193.557264666118,117.201015046942,72.4425650434151,136.321291987127,121.631062517994,94.2862144897769,135.18321805056,120.915156796805,196.300494164159,"PLCE1"
"ENSG00000136111",94.6148181357302,0.0483519615768135,0.362950981677722,0.133218985531625,0.894020196391485,0.978480531883874,109.280805350797,98.7271954001675,102.34454835085,60.6706482238602,70.2261201145807,94.6019375139951,42.7780047222136,87.2459066851134,169.906642740338,110.366372255385,"TBC1D4"
"ENSG00000126368",204.933362417566,-0.047386382074657,0.355717967406953,-0.13321334994711,0.894024653214774,0.978480531883874,146.030102725402,258.50936690307,319.414033965961,112.285975817293,185.892670891537,248.088754500987,249.683864297002,92.039637821658,211.601524394409,225.787692858345,"NR1D1"
"ENSG00000167995",86.3917936644613,-0.0496503673266601,0.372755768737883,-0.133198119226355,0.894036698234261,0.978480531883874,73.4985947492088,64.9521022369523,53.6483519581071,160.279175158556,89.5038785774068,72.3994419749963,114.365686094081,116.96703973169,67.754182687865,50.549483475749,"BEST1"
"ENSG00000177352",161.336110770091,0.0387396841617628,0.291391111883975,0.132947377534247,0.894234997584869,0.978480531883874,175.042705915879,185.763012397684,189.83263000561,84.2144818629701,212.055343091087,132.249647340993,193.810552006764,110.255816140528,175.118502947097,155.018415992297,"CCDC71"
"ENSG00000139200",20.3528180940504,-0.103134296663381,0.776390667258249,-0.132838145810781,0.894321385684698,0.978480531883874,10.637954503175,48.0645556553447,4.95215556536373,21.7327695130245,22.0317239575155,2.89597767899985,31.428738163259,46.019818910829,3.12711612405531,12.6373708689372,"PIANP"
"ENSG00000187446",1480.49739656274,-0.0210770283699848,0.15877381973255,-0.13274876428298,0.894392075791629,0.978480531883874,1506.72119235878,1534.16865483681,1625.95774396109,1305.77723490756,1779.06170956938,1573.48120558992,1229.21287038524,1355.66716541484,1459.32085789248,1435.60533071127,"CHP1"
"ENSG00000176692",11.9494643853229,0.0982131952613958,0.740479684895958,0.13263455738856,0.89448240101728,0.978480531883874,5.80252063809543,32.4760511184761,7.4282333480456,0.905532063042689,6.8849137367236,24.1331473249987,7.85718454081474,10.5462085003983,12.5084644962212,10.9523880864123,"FOXC2"
"ENSG00000106560",4.9743757894133,-0.152206879422139,1.14804213668312,-0.132579523484991,0.894525927334882,0.978480531883874,13.5392148222227,1.29904204473905,2.47607778268187,3.62212825217076,13.7698274734472,0,10.4762460544197,2.87623868192681,0,1.68498278252497,"GIMAP2"
"ENSG00000143321",4257.88395578614,0.0272998903830395,0.205943290364595,0.132560232162498,0.894541184918168,0.978480531883874,4995.97026940017,4502.47972706553,4395.03806426031,2944.79026901482,4995.69340736664,4951.15650519674,4523.11923399569,3494.62999854108,4273.72536954226,3502.23671347814,"HDGF"
"ENSG00000240429",10.3565279477766,0.0776676587484893,0.585953839837872,0.132549107912629,0.89454998314914,0.978480531883874,5.80252063809543,10.3923363579124,5.77751482625769,18.1106412608538,11.0158619787578,11.5839107159994,15.7143690816295,3.83498490923575,14.5932085789248,6.73993113009986,"LRRFIP1P1"
"ENSG00000181610",228.783788329219,-0.042021303681333,0.317328184677972,-0.132422223144082,0.894650337934541,0.97851005060136,289.158945131756,259.808408947809,285.574304269308,96.8919307455677,207.924394849053,222.024955389988,220.874187647348,154.358142596739,304.372636074717,246.849977639908,"MRPS23"
"ENSG00000128789",517.891296026335,0.0245156226515616,0.185353593559403,0.132264080672947,0.894775417196769,0.978529113524177,574.449543171448,510.523523582445,596.73474562633,368.551549658374,531.515340475062,532.859892935972,590.161861065641,488.960575927558,524.31313679994,460.842791020578,"PSMG2"
"ENSG00000112078",2335.37306102983,-0.0374669222729267,0.283722235497454,-0.132054938194165,0.894940837795541,0.978529113524177,2211.72744988738,2186.28776129581,2344.02030093883,2744.66768308239,2346.3786014754,1882.3854913499,1596.75450279446,1758.34058088459,4243.49658034305,2039.67165824647,"KCTD20"
"ENSG00000138587",39.3485135223947,0.061240929377829,0.46379044002776,0.132044397840894,0.894949174776451,0.978529113524177,68.6631608841293,20.7846727158247,50.3469149145313,13.5829809456403,17.9007757154814,47.3009687569975,47.1431072448884,43.1435802289022,45.8643698194779,38.7546039980742,"MNS1"
"ENSG00000248527",242.006609441352,0.0826590034567958,0.626374561383271,0.131964176952291,0.89501262654193,0.978529113524177,92.8403302095269,88.3348590422551,61.9019445670466,691.826496164614,107.404654292888,144.798883949993,361.430488877478,493.754307064103,151.143945996007,226.630184249608,"MTATP6P1"
"ENSG00000172273",111.858575165498,0.0346066553539828,0.262298055225735,0.131936377965899,0.895034614672073,0.978529113524177,80.2682021603202,111.717615847558,96.5670335245927,152.129386591172,132.190343745093,97.4979151929949,135.318178202921,132.306979368633,93.8134837216593,86.7766133000358,"HINFP"
"ENSG00000169180",1296.39107078899,-0.0291476197123665,0.221726390019498,-0.131457602813104,0.89541332350801,0.978565835074483,1322.00761871274,1606.9150093422,1151.37616894707,1168.13636132507,1722.60541692824,1295.46734840593,1398.57884826502,881.087782896914,1369.67686233623,1048.05929073053,"XPO6"
"ENSG00000166477",100.615607243301,-0.039084758765371,0.297589136323574,-0.131337989176035,0.895507941042576,0.978565835074483,92.8403302095269,129.904204473905,122.978529873199,64.2927764760309,77.1110338513043,81.0873750119958,122.222870634896,69.0297283662435,117.78804067275,128.90118286316,"LEO1"
"ENSG00000106211",2797.93049805506,0.0539599530929902,0.410868423736659,0.13133146763202,0.895513099798249,0.978565835074483,2772.6377782366,4286.83874763885,3187.53746557245,695.448624416785,2459.29118675767,1624.64347791892,2717.71283061737,3229.0572935765,2495.43866699614,4510.69890881933,"HSPB1"
"ENSG00000144848",458.281981102255,0.036451832363281,0.277991443575363,0.1311257350027,0.895675843337443,0.978565835074483,568.647022533352,432.581000898102,567.021812234147,237.249400517185,370.40835903573,600.432705445969,464.446908412605,374.869774877795,553.49955395779,413.663273109879,"ATG3"
"ENSG00000137054",285.24899083929,0.034745329491729,0.265070522322584,0.131079567759122,0.89571236425674,0.978565835074483,290.126031904772,198.753432845074,326.016908053112,307.880901434514,375.916290025108,226.851584854988,333.493832732359,287.623868192681,335.64379731527,170.183261035022,"POLR1E"
"ENSG00000071553",123.612245147123,-0.0591345408798957,0.451401652021301,-0.131002047987865,0.895773687308299,0.978565835074483,88.9719831174633,62.3540181474742,70.9808964368801,284.337067795404,67.4721546198913,90.7406339419953,178.969203429669,168.739336006373,93.8134837216593,129.743674254422,"ATP6AP1"
"ENSG00000105865",44.8312322694798,0.0433249312259717,0.331240612150692,0.130795952056331,0.895936725278379,0.978565835074483,55.1239460619066,23.3827568053028,42.9186815664857,54.3319237825613,30.2936204415838,51.1622723289973,38.4129021995387,39.3085953196665,55.2457181916438,58.1319059971113,"DUS4L"
"ENSG00000214389",45.7528878355329,0.0515674576555782,0.394285696814572,0.130787036081174,0.895943778609955,0.978565835074483,33.8480370555567,24.6817988500419,45.3947593491675,74.2536291695005,55.0793098937888,27.0291250039986,45.3970662358185,67.1122359116257,55.2457181916438,29.4871986941869,"RPS3AP26"
"ENSG00000171566",202.721337671117,-0.0307007072267333,0.23490143179303,-0.130696126423714,0.896015696726721,0.978565835074483,176.009792688895,205.248643068769,246.782419007293,193.783861491135,147.337153965885,207.545066994989,193.810552006764,150.523157687503,240.787941552259,265.384788247682,"PLRG1"
"ENSG00000136938",1771.13955786145,0.0287498718884464,0.220004989580962,0.130678272084673,0.896029821293945,0.978565835074483,1889.68755447308,1388.67594582604,2110.44363010584,1610.0360080899,1688.18084824463,2112.13305388389,1970.40727873543,1728.61944783802,2069.10850208326,1144.10330933445,"ANP32B"
"ENSG00000232818",15.5046914430504,0.0641975374349451,0.491310157779211,0.130666008871314,0.896039522740856,0.978565835074483,8.70378095714315,22.0837147605638,16.5071852178791,13.5829809456403,12.3928447261025,5.7919553579997,26.1906151360491,14.3811934096341,17.7203247029801,17.6923192165121,"RPS2P32"
"ENSG00000174032",187.856438903057,-0.0395371501312177,0.302596335880091,-0.130659712108626,0.896044504125523,0.978565835074483,210.824916517467,172.772591950293,255.861370877126,124.057892636848,188.646636386227,202.71843752999,130.953075680246,112.173308595146,212.643896435761,267.91226242147,"SLC25A30"
"ENSG00000170892",305.849281898155,0.0488953777319426,0.374478369170691,0.130569297874868,0.896116031503176,0.978565835074483,381.032188568267,427.384832719146,297.129333921824,94.1753345564397,239.594998037981,228.782236640988,323.017586677939,307.757538966169,275.186218916867,484.432549975928,"TSEN34"
"ENSG00000093072",60.1496358476673,0.0837583413786016,0.641813518792782,0.130502613182949,0.896168786803609,0.978565835074483,156.668057228577,46.7655136106057,12.3803889134093,16.2995771347684,104.650688798199,40.5436875059979,86.4290299489622,57.5247736385363,62.5423224811062,17.6923192165121,"ADA2"
"ENSG00000204388",42.7275059153024,0.0583903607220751,0.448494657395747,0.130191875776465,0.89641462206555,0.978645968931242,35.7822106015885,71.4473124606475,48.6961963927434,11.771916819555,33.0475859362733,27.0291250039986,51.5082097675633,61.359758547772,34.3982773646084,52.234466258274,"HSPA1B"
"ENSG00000119509",159.791103252175,-0.0330724980504347,0.254146553060413,-0.130131601834368,0.896462308047761,0.978645968931242,146.030102725402,190.95918057664,144.437870656442,165.712367536812,242.348963532671,180.515941990991,119.603809121291,141.894441641723,145.932085789248,120.476268950535,"INVS"
"ENSG00000067900",967.184775226537,0.0365797482706979,0.281781257861441,0.12981611533825,0.89671191261158,0.978838335120367,1209.8255530429,1004.15950058328,1115.06036146773,481.743057538711,669.213615209534,980.771107287949,1110.48208176848,795.759368666419,1207.06682388535,1097.76628281502,"ROCK1"
"ENSG00000224080",15.0478417284176,0.0647003699238367,0.498965590990273,0.129669001414364,0.896828308750015,0.978885273246497,9.67086773015905,12.9904204473905,10.7296703916214,25.3548977651953,11.0158619787578,18.341191966999,10.4762460544197,10.5462085003983,13.550836537573,27.8022159116619,"UBE2FP1"
"ENSG00000149633",15.9154199282187,0.0711129386769271,0.549436919837006,0.129428758988426,0.897018392679814,0.978958622266163,9.67086773015905,16.8875465816076,30.5382926530763,4.52766031521344,20.6547412101708,10.6185848229995,22.6985331179092,9.58746227308938,14.5932085789248,19.3773019990371,"KIAA1755"
"ENSG00000139597",30.7930318465604,0.0628188175040668,0.485467791580774,0.12939852775715,0.897042312567652,0.978958622266163,35.7822106015885,20.7846727158247,30.5382926530763,32.5991542695368,42.6864651676863,32.8210803619983,41.0319637131436,28.7623868192681,4.16948816540708,38.7546039980742,"N4BP2L1"
"ENSG00000137124",342.471475375392,-0.0378809653488579,0.293512721531573,-0.129060727423302,0.89730959702832,0.979076939368035,405.209357893664,277.994997574156,276.495352399475,431.03326200832,349.753617825559,306.973633973984,240.953659251652,256.943988918795,592.067319487805,287.289564420507,"ALDH1B1"
"ENSG00000090447",36.3287488276313,-0.0460434217182525,0.356802306789204,-0.129044630155529,0.897322334280016,0.979076939368035,34.8151238285726,58.4568920132571,28.8875741312884,27.1659618912807,31.6706031889286,25.0984732179987,55.8733122902382,37.3911028650486,30.2287891992013,33.6996556504993,"TFAP4"
"ENSG00000086061",466.551104626755,0.0344037910696134,0.266730840873594,0.128983176287131,0.89737096099834,0.979076939368035,561.877415122241,475.449388374491,487.787323188327,315.125157938856,366.277410793695,443.084584886977,393.732247545272,339.396164467364,604.575783984026,678.205569966299,"DNAJA1"
"ENSG00000206417",11.7878624126819,0.0590580535800763,0.458961896900892,0.128677465338325,0.897612867201681,0.979152282558877,7.73669418412724,14.2894624921295,12.3803889134093,11.771916819555,11.0158619787578,9.6532589299995,14.8413485770945,16.2986858642519,11.4660924548695,8.42491391262483,"H1FX-AS1"
"ENSG00000123892",9.81041950365545,0.107316479424649,0.834702165966047,0.128568588653948,0.897699022598988,0.979152282558877,19.3417354603181,7.79425226843427,5.77751482625769,4.52766031521344,20.6547412101708,3.8613035719998,6.1111435317448,2.87623868192681,1.04237204135177,26.117233129137,"RAB38"
"ENSG00000148229",502.173134876664,-0.0324804459286111,0.252910988253023,-0.12842639283081,0.897811545637534,0.979152282558877,501.918035195255,561.186163327268,600.036182669905,373.079209973588,411.717841456071,731.717026893962,492.383564557724,378.704759787031,591.024947446453,379.96361745938,"POLE3"
"ENSG00000254858",73.0925207304457,0.043949250831185,0.342281244304017,0.128400990596344,0.897831647264402,0.979152282558877,80.2682021603202,92.2319851764723,82.5359260893955,32.5991542695368,57.8332753884782,89.7753080489953,79.4448659126824,49.8548038200648,103.194832093825,63.1868543446862,"MPV17L2"
"ENSG00000172915",42.8537763799493,-0.0651397102369128,0.507798947309033,-0.128278545243361,0.897928543234626,0.979152282558877,59.9593799269861,66.2511442816913,22.2847000441368,28.0714939543234,52.3253443990994,24.1331473249987,13.9683280725595,34.5148641831218,38.5677655300155,88.4615960825607,"NBEA"
"ENSG00000154917",56.5963491418599,-0.0536874319269919,0.418633357951205,-0.12824451493722,0.897955473065375,0.979152282558877,80.2682021603202,76.6434806396037,28.8875741312884,46.1821352151771,68.849137367236,38.613035719998,46.2700867403535,81.4934293212597,22.9321849097389,75.8242252136235,"RAB6B"
"ENSG00000206053",907.058682562031,-0.0439281907773629,0.343009803334826,-0.128066866749236,0.898096056594857,0.979152282558877,1082.1700990048,1128.86753687823,1084.52206881466,399.339639801826,850.975337859037,1420.95971449593,620.717578724365,647.153703433533,1155.99059385911,679.890552748824,"JPT2"
"ENSG00000121297",528.545641622523,-0.0257546112488792,0.201255613556437,-0.127969654082006,0.898172988088565,0.979152282558877,534.798985477796,501.430229269272,548.86390849448,550.563494329955,623.773184547158,565.680973297971,441.748375294695,354.736104104307,617.084248480248,546.776912929352,"TSHZ3"
"ENSG00000188070",317.002521986698,0.0268810423049441,0.210327074758465,0.127805905805583,0.89830257623965,0.979152282558877,256.277994849215,398.805907734887,284.748945008415,314.219625875813,406.209910466692,287.667116113985,243.572720765257,346.107388058527,314.796356488234,317.619254505956,"C11orf95"
"ENSG00000164105",108.77254337861,0.0491149876413249,0.384296459471057,0.127804944414337,0.898303337079573,0.979152282558877,135.392148222227,148.090793100251,115.550296525154,28.0714939543234,79.8649993459938,97.4979151929949,120.476829625826,135.18321805056,110.491436383288,117.106303385485,"SAP30"
"ENSG00000137075",383.211516267262,0.026953422074087,0.211061265988975,0.127704256618526,0.898383021383487,0.979152282558877,301.731073180962,432.581000898102,445.694000882736,335.046863325795,464.043185855171,431.500674170978,282.858643469331,391.168460742047,409.652212251245,337.839047896256,"RNF38"
"ENSG00000182492",4692.07309259606,-0.0516350027791907,0.404500998112013,-0.127651113396986,0.898425079332837,0.979152282558877,3582.08940725091,2156.40979426682,4581.56925722235,8851.57591624229,6404.34675790029,3602.59623267581,6136.46112637631,6077.49233491136,3518.00563956222,2010.18445955228,"BGN"
"ENSG00000168003",569.947693494633,-0.0386155746559587,0.302711744282538,-0.127565498813011,0.89849283596518,0.979152282558877,399.406837255569,483.243640642925,491.914119492797,941.753345564397,481.943961570652,659.317584918966,793.575638622289,594.422660931542,507.635184138312,346.263961808881,"SLC3A2"
"ENSG00000182087",432.131365426838,-0.0411528081286909,0.322756205698659,-0.127504312549495,0.898541260121324,0.979152282558877,436.156134630173,329.956679363718,274.844633877687,717.18139392981,352.507583320248,331.106781298983,534.288548775402,662.493643070476,353.36412201825,329.414133983631,"TMEM259"
"ENSG00000034053",29.475473167946,-0.0794890368880991,0.626146179013501,-0.126949647785657,0.898980251241126,0.979276602487754,36.7492973746044,22.0837147605638,2.47607778268187,60.6706482238602,19.2777584628261,10.6185848229995,30.555717658724,34.5148641831218,32.3135332819049,45.4945351281741,"APBA2"
"ENSG00000186364",18.7861110597553,0.0541302807425976,0.426727644642002,0.12684971649308,0.899059345457793,0.979276602487754,23.2100825523817,15.5885045368685,15.6818259569851,19.0161733238965,13.7698274734472,21.2371696459989,7.85718454081474,22.0511632281056,25.0169289924425,24.432250346612,"NUDT17"
"ENSG00000132740",71.3309654194958,-0.0325861080518889,0.256951169210081,-0.12681829061944,0.899084218803335,0.979276602487754,60.926466700002,76.6434806396037,53.6483519581071,97.7974628086104,85.3729303353726,71.4341160819963,71.5876813718676,74.7822057300972,60.4575783984026,60.6593801708988,"IGHMBP2"
"ENSG00000167601",4120.11609159986,-0.034684159646428,0.274354591461451,-0.126420919225992,0.899398743852941,0.979276602487754,4500.82184161602,4538.85290431823,3477.23856614623,4201.66877251808,4622.53108283622,6169.39778216268,3883.19520417155,4129.3200010196,3662.89535331012,2015.23940789986,"AXL"
"ENSG00000178033",89.8472245788458,0.0622792599487154,0.492936460839228,0.126343382761106,0.899460116899855,0.979276602487754,52.2226857428589,38.9712613421714,48.6961963927434,210.083438625904,55.0793098937888,65.6421607239966,87.3020504534971,161.069366187902,65.6694386051615,113.736337820435,"FAM26E"
"ENSG00000172731",59.6035595510346,0.0624141212853252,0.494116568803403,0.126314568719023,0.899482924458098,0.979276602487754,96.7086773015905,92.2319851764723,32.1890111748642,11.771916819555,56.4562926411335,40.5436875059979,42.7780047222136,67.1122359116257,85.4745073908451,70.7692768660486,"LRRC20"
"ENSG00000272975",15.0084900347652,0.0689403148960774,0.54614830287084,0.126230026777876,0.899549843533304,0.979276602487754,20.308822233334,7.79425226843427,9.90431113072746,19.9217053869392,15.1468102207919,13.5145625019993,15.7143690816295,14.3811934096341,29.1864171578495,4.21245695631242,"MYHAS"
"ENSG00000196693",76.2869557752985,-0.0398359440607487,0.315619777318227,-0.126214980566898,0.899561753418981,0.979276602487754,96.7086773015905,42.8683874763885,113.074218742472,56.1429879086467,89.5038785774068,85.9140044769955,65.4765378401228,63.2772510023899,87.5592514735486,62.3443629534237,"ZNF33B"
"ENSG00000131848",29.3442496365964,0.0458801628906058,0.363550409000667,0.126200278571332,0.899573390861483,0.979276602487754,29.0126031904772,33.7750931632152,20.6339815223489,31.6936222064941,45.4404306623758,21.2371696459989,34.9208201813988,29.7211330465771,16.6779526616283,30.3296900854494,"ZSCAN5A"
"ENSG00000204622",6.57687165417706,-0.118871671469322,0.943224202694224,-0.126026952160237,0.899710589927834,0.979276602487754,0.967086773015906,5.19616817895618,2.47607778268187,19.0161733238965,4.13094824203416,0.96532589299995,12.2222870634896,15.339939636943,2.08474408270354,3.36996556504993,"HLA-J"
"ENSG00000112473",624.99735972032,-0.0440849165429354,0.349901510638544,-0.125992358428187,0.899737973463419,0.979276602487754,518.358510336525,339.049973676891,427.536097143069,1260.50063175542,514.991547506925,600.432705445969,761.273879954495,772.749459211004,585.813087239694,469.267704933203,"SLC39A7"
"ENSG00000173598",379.057665622315,-0.0433866243838942,0.344661247397375,-0.125881933961296,0.899825383516,0.979276602487754,420.682746261919,492.336934956098,430.012174925751,201.028117995477,363.523445299006,483.628272392975,192.064510997694,229.140348326836,487.830115352628,490.329989714765,"NUDT4"
"ENSG00000266402",5.77627638812095,0.10172548377411,0.808220985523912,0.12586345268945,0.899840013082249,0.979276602487754,3.86834709206362,1.29904204473905,6.60287408715164,9.96085269346958,8.26189648406832,2.89597767899985,8.73020504534971,3.83498490923575,11.4660924548695,0.842491391262483,"SNHG25"
"ENSG00000135749",160.480194096612,0.0343500592499884,0.272978705952014,0.125834207947438,0.899863162959554,0.979276602487754,175.042705915879,170.174507860815,111.423500220684,175.673220230282,216.186291333121,219.128977710989,130.953075680246,149.564411460194,152.186318037358,104.468932516548,"PCNX2"
"ENSG00000107554",209.286265410334,0.0327337713629891,0.260288681140527,0.125759488347926,0.899922310715875,0.979276602487754,131.523801130163,277.994997574156,193.134067049185,224.571951634587,174.876808912779,232.643540212988,172.858059897924,206.130438871422,187.626967443319,291.502021376819,"DNMBP"
"ENSG00000268001",15.4449905701924,-0.0620664203676542,0.493987638985989,-0.1256436709531,0.900013992432005,0.979276602487754,8.70378095714315,10.3923363579124,23.1100593050307,20.8272374499818,9.63887923141304,16.4105401809991,17.4604100906994,13.4224471823251,26.0593010337942,8.42491391262483,"CARD8-AS1"
"ENSG00000079150",49.9596776573305,-0.0548117585796183,0.43714956146975,-0.125384452852554,0.900219195804665,0.979276602487754,38.6834709206362,16.8875465816076,39.6172445229098,108.663847565123,48.1943961570652,44.4049910779977,63.7304968310529,49.8548038200648,36.4830214473119,53.0769576495364,"FKBP7"
"ENSG00000108852",69.9113769431856,-0.0360902497317364,0.287968931546329,-0.125326886959436,0.900264767275638,0.979276602487754,58.0252063809543,94.8300692659503,77.5837705240318,54.3319237825613,72.9800856092701,61.7808571519968,76.8258043990775,69.0297283662435,42.7372536954226,90.9890702563482,"MPP2"
"ENSG00000169621",51.8855841699218,0.040046185121004,0.319757731059936,0.125239145862896,0.90033422728091,0.979276602487754,58.0252063809543,53.2607238343009,60.2512260452587,32.5991542695368,53.7023271464441,31.8557544689983,40.1589432086087,54.6485349566095,63.5846945224579,70.7692768660486,"APLF"
"ENSG00000184616",10.9316827078896,0.0638639965348584,0.510029911672103,0.125216178646237,0.900352409342846,0.979276602487754,4.83543386507953,15.5885045368685,10.7296703916214,11.771916819555,8.26189648406832,7.7226071439996,14.8413485770945,11.5049547277073,15.6355806202765,8.42491391262483,"SPDYE12P"
"ENSG00000133657",1620.40456699757,-0.027215679438357,0.217355251181072,-0.12521289129419,0.900355011788656,0.979276602487754,1262.04823878576,1431.54433330243,1785.25208131363,2074.5739564308,1858.92670891537,1583.13446451992,1387.22958170607,1428.53187869032,2096.21017515841,1296.59425115296,"ATP13A3"
"ENSG00000116793",189.255023689482,0.0223655128434621,0.178649570041518,0.125192088837742,0.900371480163964,0.979276602487754,187.614833965086,214.341937381943,187.356552222928,162.090239284641,183.138705396848,202.71843752999,206.032839070253,183.120529416007,156.355806202765,209.780356424358,"PHTF1"
"ENSG00000158122",340.494863351932,0.0269928125371358,0.215711457431449,0.125133884210642,0.900417558394491,0.979276602487754,415.847312396839,298.779670289981,394.521726707311,236.343868454142,419.97973794014,296.355049150985,301.192074064565,335.561179558128,353.36412201825,353.00389293898,"AAED1"
"ENSG00000171960",159.171409973722,0.0321105814414828,0.257506736433782,0.124698024937845,0.900762621068437,0.979472619630798,189.549007511117,158.483129458164,191.483348527398,88.7421421781835,150.091119460574,188.23854913499,172.858059897924,128.471994459398,177.203247029801,146.593502079672,"PPIH"
"ENSG00000053770",251.856243921047,-0.0335384015140595,0.269104931973262,-0.124629456874436,0.900816906994313,0.979472619630798,309.46776736509,224.734273739855,307.859004313445,178.38981641941,305.690169910528,297.320375043985,164.127854852575,183.120529416007,304.372636074717,243.480012074858,"AP5M1"
"ENSG00000149476",114.207394552862,0.0287650970752686,0.23094477488804,0.124554006858192,0.900876641957548,0.979472619630798,126.688367265084,120.810910160731,114.72493726426,89.6476742412262,111.535602534922,116.804433052994,111.746624580476,155.316888824048,84.4321353494933,110.366372255385,"TKFC"
"ENSG00000156603",72.3704288124098,0.031638856613756,0.254055584458256,0.124535174777686,0.900891551699108,0.979472619630798,57.0581196079384,75.3444385948647,74.282333480456,79.6868215477566,59.2102581358229,58.8848794729969,100.397358021522,65.1947434570078,71.9236708532721,81.7216649524609,"MED19"
"ENSG00000172725",449.680659314994,0.0347746786402365,0.279740645706322,0.124310425295664,0.901069493137321,0.979515266988593,524.161030974621,557.289037193051,463.851904622403,228.194079886758,523.253443990994,350.413299158982,515.955118180168,417.054608879388,347.109889770139,569.524180493439,"CORO1B"
"ENSG00000197008",39.53472102184,-0.0367303354199002,0.295497220395864,-0.12430010465308,0.901077664443507,0.979515266988593,52.2226857428589,37.6722192974323,35.4904482184401,35.3157504586649,34.424568683618,49.2316205429974,46.2700867403535,38.3498490923575,38.5677655300155,27.8022159116619,"ZNF138"
"ENSG00000177426",438.207109028229,-0.026586729823965,0.214472014663912,-0.123963631645031,0.901344070644237,0.9797250097948,332.677849917471,478.047472463969,519.976334363192,441.899646764832,370.40835903573,449.841866137977,494.129605566794,546.485349566095,424.24542083017,324.359185636056,"TGIF1"
"ENSG00000154277",805.828114884899,-0.048489252184017,0.391474565583596,-0.123863097240381,0.901423672021081,0.979731685579428,1090.87387996194,915.824641541027,984.653598246488,297.920048741045,360.769479804317,546.374455437972,695.797342114372,1058.45583494907,969.405998457146,1138.20586959561,"UCHL1"
"ENSG00000226752",103.059510947017,-0.0450155663592499,0.364556804064267,-0.123480252891712,0.901726810523867,0.979981296606651,75.4327682952406,79.2415647290818,123.803889134093,140.357469771617,158.353015944643,50.1969464359974,98.6513170124517,58.4835198658452,136.550737417082,109.523880864123,"PSMD5-AS1"
"ENSG00000134697",224.847301705564,0.035408040995902,0.287437660756352,0.123185113957338,0.901960513126431,0.980076496447548,211.792003290483,153.286961279207,192.308707788292,328.708138884496,145.96017121854,299.251026829984,250.556884801537,165.863097324446,256.423522172535,244.32250346612,"GNL2"
"ENSG00000107104",244.670558296696,-0.0430194738193362,0.349229338668244,-0.123184019943419,0.901961379425449,0.980076496447548,176.009792688895,302.676796424198,239.354185659247,278.903875417148,228.579136059223,157.348120558992,176.350141916064,292.417599329226,137.593109458434,457.472825455528,"KANK1"
"ENSG00000103264",216.927590104983,-0.0247095068310033,0.200965037063096,-0.122954257079282,0.90214332059495,0.980192921553247,189.549007511117,263.705535082026,189.007270744716,235.438336391099,235.464049795947,172.793334846991,227.858351683627,213.800408689893,185.542223360615,256.117382943795,"FBXO31"
"ENSG00000169439",490.541976303397,-0.0520712117799353,0.424134920573759,-0.122770395112703,0.902288918153122,0.980192921553247,506.753469060334,222.136189650377,226.973796745838,1048.60612900343,330.475859362733,406.402200952979,433.018170249346,743.987072391736,604.575783984026,382.491091633167,"SDC2"
"ENSG00000113790",28.2170008182788,0.0586031895393661,0.477340189081995,0.122770281823682,0.902289007866028,0.980192921553247,33.8480370555567,18.1865886263466,37.9665260011219,19.9217053869392,27.5396549468944,25.0984732179987,12.2222870634896,16.2986858642519,31.2711612405531,59.8168887796363,"EHHADH"
"ENSG00000153767",47.191658783624,0.0443334556473354,0.361419735356441,0.122664733854704,0.902372591220022,0.980203880852047,39.6505576936521,55.858807923779,47.0454778709554,43.4655390260491,30.2936204415838,41.5090133989979,31.428738163259,35.4736104104307,64.6270665638097,82.5641563437233,"GTF2E1"
"ENSG00000092820",224.705498869225,-0.0413280505322657,0.338177928580081,-0.122208006612942,0.902734285626378,0.980516912403209,164.404751412704,287.088291887329,237.703467137459,225.47748369763,198.28551561764,343.656017907982,95.1592349943119,158.193127505975,265.804870544701,271.28222798652,"EZR"
"ENSG00000120051",8.14511319780425,0.0813502705097492,0.667295126168026,0.121910482063472,0.902969914065766,0.980657809118915,6.76960741111134,1.29904204473905,13.2057481743033,9.96085269346958,4.13094824203416,4.82662946499975,10.4762460544197,4.79373113654469,12.5084644962212,13.4798622601997,"CFAP58"
"ENSG00000165637",1045.99338063664,-0.0208319109195057,0.171029665292119,-0.121802909945037,0.903055109309835,0.980657809118915,1037.68410744607,979.477701733241,1240.51496912361,960.769518888293,1148.4036112855,1118.81270998694,871.274463525901,1022.02347831133,1203.93970776129,877.033538304245,"VDAC2"
"ENSG00000121864",376.602605290286,-0.0229727662256717,0.188714878198563,-0.121732671239096,0.903110737743952,0.980657809118915,432.28778753811,337.750931632152,323.54083027043,426.505601693107,392.440082993245,460.460450960976,367.541632409223,378.704759787031,350.237005894195,296.556969724394,"ZNF639"
"ENSG00000213261",12.2400758514045,0.0960534184164684,0.789440077294231,0.121672842789648,0.903158121722099,0.980657809118915,2.90126031904772,2.59808408947809,4.12679630446978,37.1268145847502,9.63887923141304,15.4452142879992,14.8413485770945,11.5049547277073,20.8474408270354,3.36996556504993,"EEF1B2P6"
"ENSG00000115425",32.7463711010291,0.0497193675392979,0.40944206920862,0.121431995582175,0.90334887557873,0.980785082513311,49.3214254238112,41.5693454316495,22.2847000441368,15.3940450717257,45.4404306623758,33.7864062549982,20.9524921088393,27.8036405919592,27.101673075146,43.8095523456491,"PECR"
"ENSG00000025772",305.791653254563,-0.0477068186661525,0.394342170873944,-0.120978232078056,0.903708276826218,0.981026282748978,507.72055583335,303.975838468937,330.969063618476,105.041719312952,263.003704742841,308.904285759984,278.493540946656,146.688172778268,417.99118858206,395.128462502105,"TOMM34"
"ENSG00000155252",309.292379320226,0.0279701930436948,0.231224027202578,0.120965772381388,0.903718145748965,0.981026282748978,367.492973746044,315.667216871588,339.222656227416,201.028117995477,283.658445953012,329.176129512983,277.620520442121,260.778973828031,301.245519950661,417.033238674929,"PI4K2A"
"ENSG00000164002",38.3902131111954,-0.0459915637847758,0.381558910969353,-0.120535944680034,0.904058607466361,0.981156289997466,35.7822106015885,35.0741352079542,32.1890111748642,53.4263917195186,27.5396549468944,66.6074866169966,20.0794716043043,32.5973717285039,46.9067418608296,33.6996556504993,"EXO5"
"ENSG00000108448",207.255102408016,-0.0372852930587386,0.310512070147492,-0.120076791349941,0.904422317170872,0.981417224261875,148.931363044449,316.966258916327,212.117330049746,164.806835473769,243.725946280015,220.094303603989,254.048966819677,203.254200189495,97.9829718870663,210.622847815621,"TRIM16L"
"ENSG00000203705",117.524316668162,-0.0290382520234533,0.241891439630374,-0.12004662946248,0.90444621004744,0.981417224261875,159.569317547624,118.212826071253,122.153170612305,76.0646932955859,108.781637040233,136.110950912993,115.238706598616,104.503338776674,125.084644962212,109.523880864123,"TATDN3"
"ENSG00000125414",17.5197978824015,0.125394971495538,1.04888970811347,0.119550197247214,0.904839473502481,0.98176407892146,54.1568592888907,2.59808408947809,4.12679630446978,5.43319237825613,15.1468102207919,0,3.49208201813988,13.4224471823251,66.7118106465133,10.1098966951498,"MYH2"
"ENSG00000198060",449.987596966201,-0.0229783015684311,0.19273776439212,-0.119220546325744,0.905100629126502,0.98185380817488,525.128117747637,435.17908498758,501.818430623525,354.968568712734,411.717841456071,526.102611684973,347.462160804919,437.188279652876,482.618255145869,477.692618845828,"MARCH5"
"ENSG00000150593",235.780045873251,0.0423224715205538,0.355152531097367,0.119167027726886,0.905143028530415,0.98185380817488,230.166651977786,265.004577126765,230.275233789413,201.93365005852,194.154567375605,141.902906270993,186.826387970484,180.24429073408,203.262548063595,524.029645365265,"PDCD4"
"ENSG00000130304",276.712841936411,-0.0454456635608677,0.383881275674596,-0.118384684121427,0.905762860737358,0.982265341072055,176.009792688895,262.406493037287,249.258496789974,440.088582638747,265.757670237531,170.862683060991,419.049842176786,453.486965517128,188.66933948467,141.538553732097,"SLC27A1"
"ENSG00000112406",678.261079587184,0.0217103895829801,0.183709501807197,0.11817782623876,0.905926758923405,0.982265341072055,583.153324128591,714.473124606475,756.029082978863,633.872444129882,833.074562143555,725.925071535962,515.955118180168,609.762600568485,711.940104243259,698.425363356598,"HECA"
"ENSG00000197757",321.417807042353,0.0613723594577643,0.519618259381446,0.118110475045319,0.905980123664549,0.982265341072055,121.852933400004,437.777169077058,463.026545361509,230.910676075886,139.075257481817,322.418848261983,501.986790107608,648.112449660842,80.2626471840863,268.754753812732,"HOXC6"
"ENSG00000138613",78.6530363770049,-0.0472244030261203,0.400113893275933,-0.118027401246856,0.906045946568416,0.982265341072055,72.5315079761929,38.9712613421714,56.9497890016829,152.129386591172,59.2102581358229,47.3009687569975,80.3178864172174,108.33832368591,64.6270665638097,106.153915299073,"APH1B"
"ENSG00000090612",102.511678120436,0.0326436966780017,0.276712409906865,0.117969760333441,0.90609161829502,0.982265341072055,123.787106946036,107.820489713341,113.899578003366,59.7651161608175,77.1110338513043,97.4979151929949,105.635481048732,85.3284142304955,117.78804067275,136.483605384522,"ZNF268"
"ENSG00000184254",564.528277414388,-0.0682130183631651,0.578348278007975,-0.117944534386985,0.906111606149021,0.982265341072055,334.612023463503,917.123683585766,940.084198158215,131.30214914119,344.24568683618,418.951437561978,699.289424132512,494.713053291412,110.491436383288,1254.46968158984,"ALDH1A3"
"ENSG00000131981",1628.35812465531,-0.0324929579753401,0.276332234141258,-0.117586564145571,0.906395251342449,0.982482639192964,2458.33457700643,1693.95082633972,1617.70415135215,832.183965936231,1544.97464252078,1877.5588618849,1707.6281068704,1312.52358518594,1371.76160641893,1866.96092303766,"LGALS3"
"ENSG00000087008",85.1393438499284,-0.0295460846812504,0.251444009359318,-0.117505621854082,0.906459389313145,0.982482639192964,70.5973344301611,109.11953175808,95.7416742636988,69.725968854287,95.0118095667857,59.8502053659969,75.0797633900075,96.8333689582027,83.3897633081416,96.0440186039231,"ACOX3"
"ENSG00000231290",81.2601497041567,0.0725320372172274,0.618973352039911,0.117181195245624,0.906716468266124,0.982631686781639,89.9390698904792,77.9425226843427,105.645985394426,41.6544748999637,63.3412063778571,248.088754500987,14.8413485770945,39.3085953196665,103.194832093825,28.6447073029244,"APCDD1L-AS1"
"ENSG00000126821",132.364131426738,0.0362740627031454,0.30964979555694,0.117145443735567,0.906744798725622,0.982631686781639,125.721280492068,102.624321534385,113.074218742472,180.200880545495,74.3570683566149,133.214973233993,106.508501553266,216.67664737182,144.889713747896,126.373708689372,"SGPP1"
"ENSG00000160410",330.825904729265,-0.0309934056416952,0.264784155307805,-0.117051587190579,0.906819173744319,0.982631686781639,355.887932469853,422.18866454019,384.617415576583,178.38981641941,362.146462551661,284.771138434985,423.414944699461,297.211330465771,266.847242586053,332.784099548681,"SHKBP1"
"ENSG00000172175",760.382885953083,0.0326070030967615,0.279165264529152,0.116801791769321,0.90701712384602,0.982631686781639,714.677125258754,813.200320006643,926.053090723018,546.941366077784,643.050943009984,771.29538850696,531.669487261797,539.774125974932,900.609443727929,1216.55756898303,"MALT1"
"ENSG00000203965",17.9529731086851,-0.0514484471440082,0.440702854020267,-0.116741806127814,0.907064660260885,0.982631686781639,20.308822233334,14.2894624921295,18.983263000561,19.9217053869392,11.0158619787578,24.1331473249987,14.8413485770945,8.62871604578044,18.7626967443319,28.6447073029244,"EFCAB7"
"ENSG00000139117",13.7106940401136,0.0725589242432199,0.621588835853241,0.116731382640777,0.907072920524981,0.982631686781639,16.4404751412704,10.3923363579124,14.8564666960912,11.771916819555,0,22.2024955389988,8.73020504534971,17.2574320915609,13.550836537573,21.9047761728246,"CPNE8"
"ENSG00000165861",202.392442956316,0.030135893879471,0.258522473395509,0.116569725964855,0.907201029308255,0.982631686781639,153.766796909529,280.593081663634,225.32307822405,140.357469771617,261.626721995497,167.966705381991,202.540757052113,209.006677553348,159.482922326821,223.260218684558,"ZFYVE1"
"ENSG00000186469",134.43080378171,0.06312497857755,0.541674126612588,0.116536817020056,0.907227109101621,0.982631686781639,139.26049531429,124.708036294948,226.148437484944,33.5046863325795,92.2578440720962,367.789165232981,61.111435317448,116.96703973169,86.5168794321969,96.0440186039231,"GNG2"
"ENSG00000127824",36.843495552719,0.0661791820904183,0.568084487488317,0.116495316362215,0.90725999782778,0.982631686781639,42.5518180126998,42.8683874763885,54.473711219001,3.62212825217076,37.1785341783074,42.4743392919978,27.9366561451191,18.2161783188698,29.1864171578495,69.9267854747861,"TUBA4A"
"ENSG00000196591",386.431828880422,0.0256980552625773,0.220798718855106,0.116386795158178,0.90734600020775,0.982645034898153,397.472663709537,332.554763453196,469.62941944866,329.613670947539,278.150514963633,404.471549166979,372.779755436433,326.932463512348,504.508068014256,448.205420151641,"HDAC2"
"ENSG00000151348",262.426139511793,0.0438836399744027,0.3775940936714,0.116219084752402,0.907478911798519,0.982709178845148,190.516094284133,155.885045368685,154.34218178717,529.736256879973,183.138705396848,265.464620574986,245.318761774327,379.663506014339,208.474408270354,311.721814767119,"EXT2"
"ENSG00000156471",478.593933798661,-0.0274842038450037,0.237336611035986,-0.11580263038658,0.907808965796209,0.982962176092762,447.761175906364,331.255721408457,473.75621575313,681.865643471145,520.499478496304,543.478477758972,422.541924194926,536.897887293005,477.40639493911,350.476418765193,"PTDSS1"
"ENSG00000133026",409.397780084925,-0.040501752353789,0.349942495894255,-0.11573830794768,0.907859944898451,0.982962176092762,387.801795979378,376.722192974323,318.588674705067,582.257116536449,337.360773099456,200.78778574399,268.890315396771,348.983626740453,612.91476031484,659.670759358524,"MYH10"
"ENSG00000229994",32.5867502837056,0.0611819657859993,0.530661569285533,0.11529375656197,0.908212286905226,0.983202582217393,24.1771693253976,11.6913784026514,19.8086222614549,70.6315009173297,46.8174134097205,14.4798883949993,32.3017586677939,37.3911028650486,50.0338579848849,18.5348106077746,"RPL5P4"
"ENSG00000196776",250.87807931932,-0.0454027461042863,0.394117858654309,-0.115200935728493,0.908285857011971,0.983202582217393,313.336114457153,149.38983514499,99.8684705681686,460.010288025686,173.499826165435,222.990281282988,272.382397414911,335.561179558128,179.287991112504,302.454409463231,"CD47"
"ENSG00000119541",227.466859252202,-0.0300202076927059,0.260657478718831,-0.115171096721489,0.908309507677034,0.983202582217393,212.759090063499,198.753432845074,259.162807920702,250.832381462825,161.106981439332,233.608866105988,154.52462930269,219.552886053747,235.5760813455,348.791435982668,"VPS4B"
"ENSG00000170379",89.3722679164335,-0.0310599780077752,0.269884660677285,-0.115086118380456,0.908376862718956,0.983202582217393,77.3669418412724,85.736774952777,92.440237220123,105.947251375995,118.420516271646,74.3300937609961,110.873604075941,92.039637821658,53.1609741089403,83.4066477349858,"TCAF2"
"ENSG00000164347",89.921154680873,0.0379643587037163,0.33030890957622,0.114935920900298,0.908495912989055,0.98325164258176,71.564421203177,94.8300692659503,118.85173356873,68.8204367912444,85.3729303353726,108.116500015994,44.5240457312835,72.8647132754793,96.9405998457146,137.326096775785,"GFM2"
"ENSG00000143252",752.137403387714,-0.0371742252730829,0.32402469211321,-0.114726519854526,0.908661892911768,0.983351482129523,945.810864009556,910.628473362071,931.830605549275,267.131958597593,812.419820933385,683.450732243965,605.87623014727,627.020032660045,839.109493288174,898.095823085807,"SDHC"
"ENSG00000196387",99.2485733502467,0.0308941610449723,0.269897554974396,0.114466250158891,0.908868198985962,0.983435154798178,97.6757640746064,59.7559340579961,119.677092829623,113.191507880336,119.797499018991,76.260745546996,117.857768112221,80.5346830939508,116.745668631398,90.9890702563482,"ZNF140"
"ENSG00000253719",795.598834707549,0.0261452808905076,0.228757716400415,0.11429245448815,0.909005963751219,0.983435154798178,768.833984547645,992.468122180631,899.641594374411,487.176249916967,983.16568160413,840.798852802956,723.733998259491,652.906180797387,776.567170807068,830.696511784808,"ATXN7L3B"
"ENSG00000111801",46.7944653596925,-0.0471360464185259,0.412460623364963,-0.114280112448014,0.909015747173037,0.983435154798178,41.5847312396839,32.4760511184761,34.6650889575461,81.497885673842,66.0951718725465,20.2718437529989,41.9049842176786,68.0709821389346,33.3559053232566,48.0220093019615,"BTN3A3"
"ENSG00000204147",29.4268051164008,-0.0506067403230797,0.442920708993553,-0.114256884574382,0.909034159732469,0.983435154798178,33.8480370555567,25.9808408947809,31.3636519139703,28.977026017366,15.1468102207919,34.7517321479982,10.4762460544197,42.1848340015933,47.9491139021814,23.5897589553495,"ASAH2B"
"ENSG00000197579",103.997191196333,-0.0241630970945134,0.21203891646778,-0.113955954392858,0.909272709221247,0.983580958778177,94.7745037555587,109.11953175808,123.803889134093,93.269802493397,78.488016598649,119.700410731994,105.635481048732,104.503338776674,96.9405998457146,113.736337820435,"TOPORS"
"ENSG00000105983",268.591519801974,-0.0239835761373196,0.210717203126766,-0.113818785469031,0.909381446715392,0.983580958778177,274.652643536517,235.126610097767,232.751311572095,342.291119830136,261.626721995497,297.320375043985,202.540757052113,280.912644601519,233.491337262796,325.201677027318,"LMBR1"
"ENSG00000165322",342.169602330089,0.0263688469342826,0.231799232676827,0.11375726584499,0.909430215527081,0.983580958778177,412.946052077792,367.62889866115,269.067119051429,304.258773182344,437.880513655621,250.019406286987,357.938406859338,296.252584238462,296.033659743903,429.670609543866,"ARHGAP12"
"ENSG00000122557",296.736330840999,-0.0211257471754005,0.186127368297049,-0.113501562766874,0.909632924180435,0.983580958778177,283.35642449366,309.172006647893,341.698734010097,262.60429828238,324.967928373354,347.517321479982,261.033130855956,331.726194648893,244.957429717666,260.329839900107,"HERPUD2"
"ENSG00000171723",39.0865644754418,-0.0373339539860993,0.328943416098932,-0.11349658378592,0.909636871326765,0.983580958778177,36.7492973746044,48.0645556553447,33.0143704357582,40.748942836921,49.5713789044099,35.7170580409981,39.2859227040737,29.7211330465771,55.2457181916438,22.747267564087,"GPHN"
"ENSG00000108588",152.73487559395,-0.0411239413193867,0.36240167611035,-0.113476134439468,0.909653082812615,0.983580958778177,138.293408541274,89.6339010869942,108.122063177108,285.242599858447,86.7499130827173,126.457691982993,140.55630123013,221.470378508365,169.906642740338,160.915855731134,"CCDC47"
"ENSG00000083750",117.633690093867,0.030065115017066,0.265249103736722,0.113346716703358,0.909755681281332,0.983580958778177,137.326321768259,76.6434806396037,127.930685438563,121.34129644772,159.729998691988,123.561714303994,117.857768112221,93.9571302762759,82.3473912667898,135.64111399326,"RRAGB"
"ENSG00000134184",72.4229670770484,0.333275649199652,2.94701593269867,0.113089191511246,0.909959843943732,0.98359530469899,0,250.715114634636,0,0,0,124.527040196994,214.763044115603,134.224471823251,0,0,"GSTM1"
"ENSG00000106683",936.974612670845,-0.0290839848843321,0.257245924367308,-0.113059069665977,0.909983724544184,0.98359530469899,671.158220473038,1388.67594582604,1011.0650945951,723.520118371109,1057.52274996074,1110.12477694994,838.972704858107,874.376559305751,646.270665638097,1048.05929073053,"LIMK1"
"ENSG00000081181",21.188808822898,-0.0645327272752892,0.570849561918475,-0.113046819302816,0.909993436655983,0.98359530469899,19.3417354603181,12.9904204473905,37.141166740228,17.2051091978111,13.7698274734472,37.647709826998,12.2222870634896,5.75247736385363,40.652509612719,15.1648450427247,"ARG2"
"ENSG00000124383",134.423476321373,0.0306910889895592,0.272305994331061,0.112708091736849,0.91026198585312,0.983671571113247,173.108532369847,66.2511442816913,151.040744743594,139.451937708574,114.289568029612,144.798883949993,160.635772834435,124.637009550162,142.804969665192,127.216200080635,"MPHOSPH10"
"ENSG00000013503",41.334684215508,-0.0326559092082399,0.290409281465185,-0.112447884046553,0.910468290070715,0.983671571113247,36.7492973746044,40.2703033869104,44.5694000882736,46.1821352151771,27.5396549468944,47.3009687569975,30.555717658724,46.978565138138,51.0762300262367,42.1245695631242,"POLR3B"
"ENSG00000020129",178.662832568783,0.0329195304270768,0.292848051994117,0.112411642156794,0.910497024730352,0.983671571113247,205.989482652388,218.23906351616,178.277600353094,103.230655186867,192.777584628261,117.769758945994,218.255126133743,171.6155746883,134.465993334378,246.007486248645,"NCDN"
"ENSG00000118655",128.516401378078,0.0472601857945663,0.421765841370355,0.112053137449476,0.910781274231585,0.983671571113247,95.7415905285746,179.267802173988,174.150804048625,55.237455845604,103.273706050854,250.984732179987,111.746624580476,62.318504775081,152.186318037358,100.256475560235,"DCLRE1B"
"ENSG00000048740",1124.7684794699,-0.0513291368362003,0.458379817072926,-0.111979487151011,0.9108396711438,0.983671571113247,1564.74639873974,962.590155151633,1048.20626133532,1019.62910298607,1626.21662461411,702.757250103964,1237.94307543059,1830.24654793276,180.330363153856,1075.01901525093,"CELF2"
"ENSG00000185442",17.6484665890679,0.0746965758640644,0.667061861867311,0.111978483757062,0.91084046673261,0.983671571113247,24.1771693253976,11.6913784026514,8.25359260893955,24.4493657021526,6.8849137367236,6.75728125099965,12.2222870634896,53.6897887293005,7.29660428946239,21.0622847815621,"FAM174B"
"ENSG00000114209",281.09353217095,0.031203474435554,0.278862160601759,0.111895692008624,0.910906112432044,0.983671571113247,325.90824250636,280.593081663634,364.808793315128,138.546405645531,260.249739248152,309.869611652984,276.747499937586,207.089185098731,338.770913439325,308.351849202069,"PDCD10"
"ENSG00000157538",653.782221618133,-0.0229464253104935,0.205073595240254,-0.11189361206454,0.910907761630609,0.983671571113247,745.623901995263,731.360671188083,719.713275499529,443.710710890918,689.868356419705,656.421607239966,530.796466757262,575.247736385363,695.26215158163,749.81733822361,"DSCR3"
"ENSG00000138279",554.760055661706,-0.0341375704667951,0.305304311138731,-0.111814898189508,0.910970174556687,0.983671571113247,728.216340080977,649.521022369523,596.73474562633,277.092811291063,429.618617171553,511.622723289973,436.510252267486,490.878068382176,550.372437833734,877.033538304245,"ANXA7"
"ENSG00000135446",678.806089945001,-0.0320998237205765,0.287190182392834,-0.111772009241837,0.911004181812967,0.983671571113247,830.727538020663,792.415647290818,751.076927413499,377.606870288801,714.65404587191,957.60328585595,802.305843667639,486.084337245632,578.516482950232,497.069920844865,"CDK4"
"ENSG00000205808",27.4108486695444,-0.0415606828616991,0.371854658246728,-0.111765933113909,0.911008999674359,0.983671571113247,31.9138635095249,19.4856306710857,16.5071852178791,43.4655390260491,23.4087067048602,22.2024955389988,24.4445741269792,30.679879273886,33.3559053232566,28.6447073029244,"PLPP6"
"ENSG00000114021",197.149806728446,-0.0254004142179962,0.227299795625148,-0.111748513227373,0.911022812205955,0.983671571113247,250.47547421112,164.978339681859,159.294337352533,222.760887508501,141.829222976506,186.30789734899,209.524921088393,241.604049281852,182.41510723656,212.307830598146,"NIT2"
"ENSG00000139324",126.695950799573,0.0424409833597275,0.380503280622578,0.111539073435282,0.911188882770679,0.98377124014511,97.6757640746064,103.923363579124,99.0431113072746,197.405989743306,55.0793098937888,103.289870550995,87.3020504534971,190.790499234479,195.965943774133,136.483605384522,"TMTC3"
"ENSG00000167085",568.624550058361,0.0326106302405792,0.292665221055029,0.11142639403145,0.911278230970961,0.983788065926801,618.935534730179,658.614316682696,714.761119934165,251.737913525868,563.18594366399,649.664325988966,634.685906796924,387.333475832811,650.440153803504,556.886809624501,"PHB"
"ENSG00000185838",36.8331518525784,-0.0439733713609078,0.395807599591479,-0.111097845029488,0.911538757581804,0.983989672996238,35.7822106015885,51.9616817895618,47.8708371318494,14.488513008683,45.4404306623758,28.9597767899985,41.0319637131436,26.8448943646503,48.9914859435332,26.9597245203995,"GNB1L"
"ENSG00000162409",79.3334071635801,0.0349624740877064,0.315315890520899,0.110880786978255,0.911710881412942,0.983994423699452,63.8277270190498,77.9425226843427,62.7273038279406,108.663847565123,61.9642236305124,110.047151801994,64.6035173355879,105.462085003983,47.9491139021814,90.1465788650857,"PRKAA2"
"ENSG00000105202",1220.53274807802,0.0322236163487761,0.290904963900616,0.110770252651257,0.911798535095357,0.983994423699452,1238.83815623338,950.898776748982,1164.58191712137,1461.5287497509,1591.7920559305,1034.82935729595,1808.89848539646,1277.04997477551,1069.47371442692,607.43629310025,"FBL"
"ENSG00000253910",7.8324919915325,-0.0719307707613084,0.649504983154342,-0.110747065268036,0.911816922818311,0.983994423699452,10.637954503175,6.49521022369523,5.77751482625769,9.05532063042689,13.7698274734472,0.96532589299995,10.4762460544197,6.71122359116257,9.38134837216593,5.0549483475749,"PCDHGB2"
"ENSG00000166479",445.711855544066,-0.0343872405028091,0.310582015736567,-0.110718711195358,0.91183940781871,0.983994423699452,404.242271120648,267.602661216243,413.504989707872,722.614586308066,272.642583974255,431.500674170978,377.144857959108,606.886361886558,560.796158247252,400.183410849679,"TMX3"
"ENSG00000159259",63.5698823647103,-0.0427836447488524,0.386737462170276,-0.110627102191655,0.91191205495428,0.983994423699452,66.7289873380975,81.8396488185599,72.6316149586681,38.0323466477929,45.4404306623758,111.012477694994,51.5082097675633,31.638625501195,85.4745073908451,51.3919748670115,"CHAF1B"
"ENSG00000023734",1994.11999252752,-0.0263103632945608,0.238393101616135,-0.110365455695636,0.912119548092763,0.984138695325069,2405.14480449056,1656.27860704228,2196.28099323881,1805.63093370712,1653.75627956101,2565.83622359387,1640.40552802121,1536.87020237623,2780.00623428517,1700.99011895895,"STRAP"
"ENSG00000155438",243.815920936543,-0.0227246889627401,0.206205035613393,-0.110204335675613,0.912247323848652,0.98414573283885,283.35642449366,175.370676039771,241.830263441929,283.431535732362,201.039481112329,233.608866105988,281.112602460261,214.759154917202,261.635382379294,262.014822682632,"NIFK"
"ENSG00000117751",409.771371603348,-0.0275722080036454,0.250365532953665,-0.110127810638968,0.912308012597791,0.98414573283885,485.477560053985,383.217403198019,503.469149145313,285.242599858447,389.686117498556,457.564473281976,344.843099291314,292.417599329226,573.304622743473,382.491091633167,"PPP1R8"
"ENSG00000121310",180.684105982776,-0.0627121987075593,0.569938849112728,-0.110033205852152,0.912383040334144,0.98414573283885,157.635144001593,68.8492283711694,60.2512260452587,454.57709564743,207.924394849053,112.943129480994,288.969787001075,301.046315375007,77.1355310600309,77.5092079961484,"ECHDC2"
"ENSG00000152977",144.597352211667,0.0299571301265244,0.272374570410633,0.109985047728064,0.912421233152311,0.98414573283885,171.174358823815,150.688877189729,157.643618830745,92.3642704303543,111.535602534922,121.631062517994,153.651608798155,109.297069913219,191.796455608726,186.190597469009,"ZIC1"
"ENSG00000181135",73.5926138148792,0.0285198774262616,0.260000131816304,0.109691780642679,0.912653819176526,0.984221574591939,61.893553473018,70.1482704159085,72.6316149586681,86.0255459890555,81.2419820933385,58.8848794729969,107.381522057801,70.9472208208614,63.5846945224579,63.1868543446862,"ZNF707"
"ENSG00000115363",412.004603208992,0.0338947307471108,0.309243043034926,0.109605475403638,0.912722268080517,0.984221574591939,376.196754703187,396.207823645409,453.947593491675,398.434107738783,296.051290679115,720.133116177963,251.429905306072,397.879684333209,539.948717420217,289.817038594294,"EVA1A"
"ENSG00000130751",158.024957876725,0.0626655658828531,0.572394369257524,0.10947970358992,0.912822019184192,0.984221574591939,56.0910328349225,219.538105560899,309.509722835233,30.7880901434514,55.0793098937888,173.758660739991,136.191198707455,206.130438871422,292.906543619847,100.256475560235,"NPAS1"
"ENSG00000164086",495.650157896029,0.0213761765084409,0.195318745827668,0.109442523900401,0.912851507096028,0.984221574591939,504.819295514303,576.774667864136,439.091126795584,444.61624295396,587.971633116195,641.941718844967,443.494416303765,443.899503244038,427.372536954226,446.520437369116,"DUSP7"
"ENSG00000163479",1479.67975183171,0.0362519997893604,0.331276791788712,0.109431148477439,0.912860529182147,0.984221574591939,1103.44600801115,928.815061988418,1292.51260255993,2503.79615431304,1962.20041496623,1137.15390195394,1872.62898222751,1880.10135175283,1224.78714858833,891.355891955707,"SSR2"
"ENSG00000068028",504.598520436685,-0.0200006585576833,0.183182882778527,-0.109184101998573,0.913056469685504,0.98425093912505,493.214254238112,604.054550803656,561.244297407889,377.606870288801,503.975685528167,558.923692046971,505.478872125748,541.69161842955,448.219977781261,451.575385716691,"RASSF1"
"ENSG00000161653",24.6447446043672,0.0555194238871012,0.508679446285384,0.109144224899453,0.913088097990337,0.98425093912505,21.2759090063499,48.0645556553447,22.2847000441368,5.43319237825613,22.0317239575155,26.0637991109986,20.9524921088393,16.2986858642519,39.6101375713672,24.432250346612,"NAGS"
"ENSG00000140368",6.98319114892372,-0.0833704174481326,0.764415150171331,-0.109064318557065,0.913151475686545,0.98425093912505,10.637954503175,6.49521022369523,6.60287408715164,5.43319237825613,1.37698274734472,3.8613035719998,7.85718454081474,17.2574320915609,1.04237204135177,9.26740530388731,"PSTPIP1"
"ENSG00000100342",38.2002491719085,0.0758862567891999,0.696424866304155,0.108965461259187,0.91322988509285,0.98425093912505,29.0126031904772,18.1865886263466,6.60287408715164,94.1753345564397,33.0475859362733,11.5839107159994,74.2067428854726,71.9059670481704,10.4237204135177,32.8571642592368,"APOL1"
"ENSG00000119508",81.7632758236469,0.0462325108652188,0.424417879792225,0.108931581506067,0.913256757267188,0.98425093912505,73.4985947492088,120.810910160731,31.3636519139703,95.986398682525,70.2261201145807,28.9597767899985,80.3178864172174,113.132054822455,93.8134837216593,109.523880864123,"NR4A3"
"ENSG00000196262",8731.27388588248,0.0214140537661996,0.19697591720695,0.108714070582046,0.913429281294636,0.984357330690575,8350.79428499234,8452.86658511697,10927.756614236,6882.94921118748,9056.41552928622,6697.43104563365,9648.6226161205,9137.81029248149,7635.37520290171,10522.7174768684,"PPIA"
"ENSG00000066248",20.0955291136567,-0.11146837074367,1.02710201106672,-0.10852706892074,0.913577609427365,0.984424631988066,1.93417354603181,72.7463545053866,8.25359260893955,1.81106412608538,0,46.3356428639976,6.1111435317448,23.0099094554145,10.4237204135177,30.3296900854494,"NGEF"
"ENSG00000213626",1246.94563694342,0.0514385234904016,0.474673789508955,0.108366049753061,0.913705330878545,0.984424631988066,621.836795049227,2413.62011912515,1500.50313630521,345.913248082307,2116.42248266883,1307.05125912193,698.416403627977,846.572918713792,917.287396389557,1701.83261035022,"LBH"
"ENSG00000164023",253.071504836261,0.0343037727009791,0.316666347592307,0.108327812417705,0.913735661309249,0.984424631988066,341.381630874615,240.322778276723,166.722570700579,249.926849399782,201.039481112329,294.424397364985,136.191198707455,388.29222206012,207.432036229002,304.981883637019,"SGMS2"
"ENSG00000188522",181.685377062542,-0.0267870757843999,0.247425685249757,-0.108263116488333,0.91378697938159,0.984424631988066,146.030102725402,192.258222621379,200.562300397231,195.594925617221,180.384739902158,250.019406286987,134.445157698386,144.77068032365,226.194732973334,146.593502079672,"FAM83G"
"ENSG00000106080",145.231390339449,-0.0416953908662772,0.38603124607713,-0.108010404054045,0.913987439253011,0.984539093862803,102.511197939686,92.2319851764723,89.9641594374411,306.069837308429,96.3887923141304,145.764209842992,111.746624580476,192.707991689097,179.287991112504,135.64111399326,"FKBP14"
"ENSG00000030110",225.625132908724,0.0275472535749903,0.255201736275614,0.107943049201043,0.914040868276916,0.984539093862803,276.586817082549,218.23906351616,211.291970788852,185.634072923751,251.987842764084,279.944508969985,230.477413197232,143.811934096341,289.779427495792,168.498278252497,"BAK1"
"ENSG00000181649",113.104007294985,-0.0517269881446342,0.480085026219652,-0.107745472821657,0.91419759735447,0.984628390205651,188.581920738102,146.791751055512,107.296703916214,19.9217053869392,93.6348268194409,156.382794665992,56.7463327947731,89.1633991397312,125.084644962212,147.435993470935,"PHLDA2"
"ENSG00000104375",141.067411947643,0.031938394875345,0.296687949983076,0.107649787856793,0.914273501434352,0.984630627311851,126.688367265084,157.184087413425,187.356552222928,86.0255459890555,128.059395503059,150.590839307992,116.984747607686,102.585846322056,134.465993334378,220.732744510771,"STK3"
"ENSG00000173226",126.386548446001,-0.0306084541248195,0.285362822243986,-0.107261534225538,0.914581499682913,0.984882798649254,148.931363044449,88.3348590422551,106.47134465532,168.42896372594,78.488016598649,160.244098237992,157.143690816295,99.7096076401295,122.999900879509,133.113639819472,"IQCB1"
"ENSG00000066455",774.868457846988,-0.0203802013283513,0.191040867924785,-0.106679798672058,0.915043009460697,0.985300227448516,914.864087273047,733.958755277561,849.29467945988,626.628187625541,855.106286101071,874.585259057955,739.448367341121,612.638839250411,880.804374942245,661.355742141049,"GOLGA5"
"ENSG00000132170",33.3370871189129,-0.0557822695129747,0.523835212628392,-0.106488201190374,0.915195016266242,0.98536906353424,42.5518180126998,59.7559340579961,28.0622148703945,6.33872444129882,46.8174134097205,17.3758660739991,23.5715536224442,35.4736104104307,48.9914859435332,24.432250346612,"PPARG"
"ENSG00000108828",3676.55241132525,-0.0307095962314726,0.288776167711762,-0.106343942697256,0.915309468004904,0.98536906353424,4455.36876328428,4781.77376668443,3969.15268563903,1688.81729757461,3803.22634816612,3056.22177723784,2716.83981011283,3695.00796004865,3922.44599160671,4676.66971289804,"VAT1"
"ENSG00000180979",128.894720954394,0.0304553783704098,0.286603598172228,0.106263070542849,0.915373631086768,0.98536906353424,117.98458630794,166.277381726598,161.770415135215,63.3872444129882,136.321291987127,150.590839307992,104.762460544197,120.802024640926,144.889713747896,122.16125173306,"LRRC57"
"ENSG00000116957",168.078188359655,0.0177610469692662,0.167300645098334,0.106162453580659,0.915453460252673,0.98536906353424,174.075619142863,162.380255592381,170.024007744155,161.184707221599,145.96017121854,191.13452681399,165.873895861645,178.326798279462,175.118502947097,156.703398774822,"TBCE"
"ENSG00000152457",108.548157045446,0.0264313788495971,0.249257432169643,0.106040484408136,0.915550231335105,0.98536906353424,71.564421203177,116.913784026514,139.485715091078,101.419591060781,95.0118095667857,125.492366089993,105.635481048732,104.503338776674,134.465993334378,90.9890702563482,"DCLRE1C"
"ENSG00000197162",76.3118964109532,0.0261877746071758,0.247748478680193,0.10570306928496,0.915817945059733,0.985577659425616,62.8606402460339,67.5501863264304,66.8541001324104,104.136187249909,83.9959475880279,73.3647678679962,83.8099684353572,89.1633991397312,65.6694386051615,65.7143285184737,"ZNF785"
"ENSG00000177875",11.1533321495547,-0.0743525478931517,0.705280663016203,-0.105422637812266,0.916040453776447,0.985671279620277,6.76960741111134,24.6817988500419,13.2057481743033,1.81106412608538,9.63887923141304,3.8613035719998,23.5715536224442,9.58746227308938,12.5084644962212,5.89743973883738,"CCDC184"
"ENSG00000267796",18.4364053299208,-0.0575119740751106,0.545755054095056,-0.10538056156067,0.916073839800975,0.985671279620277,16.4404751412704,7.79425226843427,8.25359260893955,42.5600069630064,23.4087067048602,22.2024955389988,20.9524921088393,20.1336707734877,12.5084644962212,10.1098966951498,"LIN37"
"ENSG00000117543",156.506847028336,-0.0333053563719158,0.316248135694018,-0.105314000662252,0.916126653833168,0.985671279620277,182.779400100006,89.6339010869942,135.358918786609,225.47748369763,228.579136059223,99.4285669789949,183.334305952344,145.729426550959,154.271062120062,120.476268950535,"DPH5"
"ENSG00000186312",135.176641786615,0.0337358641524588,0.321178790183694,0.10503764626912,0.91634593652823,0.985806208231196,114.116239215877,205.248643068769,137.83499656929,76.9702253586286,106.027671545543,139.006928591993,135.318178202921,127.513248232089,213.686268477113,96.0440186039231,"CA5BP1"
"ENSG00000159593",369.988852317534,0.0265402110633368,0.252837000828359,0.104969648336218,0.916399892753271,0.985806208231196,477.740865869857,335.152847542674,430.837534186645,220.044291319373,308.444135405217,398.679593808979,326.509668696079,312.551270102714,445.092861657206,444.835454586591,"NAE1"
"ENSG00000114388",87.8758628744743,0.0279472631720843,0.26694348405632,0.104693558154759,0.916618973719097,0.985900428481871,94.7745037555587,55.858807923779,79.2344890458197,116.813636132507,83.9959475880279,91.7059598349952,103.016419535127,108.33832368591,70.8812988119203,74.1392424310985,"NPRL2"
"ENSG00000126803",35.0726615536761,-0.0700842230917513,0.671172434592402,-0.104420592204912,0.91683558179416,0.985900428481871,10.637954503175,75.3444385948647,54.473711219001,4.52766031521344,19.2777584628261,19.306517859999,17.4604100906994,57.5247736385363,28.1440451164978,64.0293457359487,"HSPA2"
"ENSG00000122085",143.085079072673,0.0287795767201338,0.276275855835501,0.104169713394245,0.91703466839334,0.985900428481871,128.622540811115,113.016657892297,108.122063177108,215.51663100416,130.813360997748,172.793334846991,110.873604075941,179.285544506771,112.576180465991,159.230872948609,"MTERF4"
"ENSG00000197548",120.627954286152,-0.0251881963110452,0.241843046189179,-0.104151004992478,0.917049514782365,0.985900428481871,110.247892123813,131.203246518644,131.232122482139,115.002572006422,129.436378250404,117.769758945994,130.080055175711,69.0297283662435,128.211761086268,144.066027905885,"ATG7"
"ENSG00000203666",91.532503949604,-0.0262548739526807,0.252541942196323,-0.103962429861533,0.917199163586891,0.985900428481871,77.3669418412724,94.8300692659503,124.629248394987,73.3480971064578,83.9959475880279,103.289870550995,99.5243375169867,107.379577458601,66.7118106465133,84.2491391262483,"EFCAB2"
"ENSG00000180537",71.107346998094,0.0498542666011501,0.480052175919901,0.103851766749347,0.917286984605619,0.985900428481871,76.3998550682565,63.6530601922132,91.614877959229,46.1821352151771,121.174481766335,125.492366089993,23.5715536224442,27.8036405919592,85.4745073908451,49.7069920844865,"RNF182"
"ENSG00000117643",28.7872192730693,0.0666087141355236,0.641615164638283,0.103814120685684,0.917316860334427,0.985900428481871,29.0126031904772,31.1770090737371,13.2057481743033,38.9378787108356,26.1626721995497,8.68793303699955,34.9208201813988,33.5561179558128,3.12711612405531,69.0842940835236,"MAN1C1"
"ENSG00000118276",74.6271236942446,0.0396706032590023,0.382850530064634,0.103619037049015,0.917471679607123,0.985900428481871,114.116239215877,59.7559340579961,72.6316149586681,47.0876672782198,72.9800856092701,81.0873750119958,40.1589432086087,113.132054822455,41.6948816540708,103.626441125285,"B4GALT6"
"ENSG00000067646",111.281275422458,-0.142886784275803,1.38256895246466,-0.103348758136861,0.917686179367148,0.985900428481871,174.075619142863,0,170.849367005049,126.774488825976,162.483964186677,116.804433052994,93.4131939852419,108.33832368591,0,160.073364339872,"ZFY"
"ENSG00000182749",209.744970326124,0.0361835908717996,0.350448532284508,0.103249371986025,0.917765056083015,0.985900428481871,133.457974676195,163.67929763712,141.136433612866,387.567722982271,253.364825511428,177.619964311991,289.84280750561,235.851571917999,179.287991112504,135.64111399326,"PAQR7"
"ENSG00000166582",55.0103275921151,-0.0405789621914718,0.393195782687313,-0.103202943617892,0.917801903719656,0.985900428481871,72.5315079761929,38.9712613421714,23.1100593050307,88.7421421781835,59.2102581358229,60.8155312589968,33.1747791723289,66.1534896843167,63.5846945224579,43.8095523456491,"CENPV"
"ENSG00000171617",228.72412912968,0.0451064728739311,0.437324977051377,0.103141771544944,0.91785045289168,0.985900428481871,156.668057228577,100.026237444907,265.765682007854,374.890274099673,107.404654292888,401.575571487979,131.826096184781,172.574320915609,343.982773646084,232.527623988445,"ENC1"
"ENSG00000140612",1451.39314166895,0.0297344464246978,0.288370063593964,0.103112112450636,0.917873991920978,0.985900428481871,1270.7520197429,902.834221093637,1423.74472504207,2135.24460465466,1719.85145143355,1240.44377250494,1737.31080402459,1868.59639702512,1345.70230538513,869.451115782883,"SEC11A"
"ENSG00000140153",159.413408717862,-0.0267055890194208,0.259351858944576,-0.102970493938614,0.917986388870631,0.985900428481871,165.37183818572,171.473549905554,178.277600353094,129.491085015105,174.876808912779,219.128977710989,110.000583571406,107.379577458601,155.313434161414,182.820631903959,"WDR20"
"ENSG00000157551",25.7543503545732,-0.0633682636029167,0.615575810099213,-0.102941445331816,0.918009443790843,0.985900428481871,15.4733883682545,11.6913784026514,29.7129333921824,48.8987314043052,8.26189648406832,26.0637991109986,56.7463327947731,37.3911028650486,7.29660428946239,16.0073364339872,"KCNJ15"
"ENSG00000255112",331.724554494078,0.0287324658754676,0.279126288643826,0.102937154415187,0.918012849355556,0.985900428481871,370.394234065092,326.059553229501,399.473882272674,215.51663100416,240.971980785326,329.176129512983,241.826679756187,278.995152146901,460.728442277482,454.102859890478,"CHMP1B"
"ENSG00000159761",17.2534800979411,0.0497294554977302,0.484071016871369,0.102731735147334,0.918175885885158,0.985900428481871,25.1442560984135,11.6913784026514,14.8564666960912,15.3940450717257,30.2936204415838,10.6185848229995,27.9366561451191,14.3811934096341,10.4237204135177,11.7948794776748,"C16orf86"
"ENSG00000196418",14.428621423967,0.0455287132357329,0.44339696473581,0.102681607806811,0.918215671320349,0.985900428481871,16.4404751412704,9.09329431317332,9.07895186983351,21.7327695130245,15.1468102207919,19.306517859999,11.3492665589546,13.4224471823251,13.550836537573,15.1648450427247,"ZNF124"
"ENSG00000114026",183.676012184185,-0.0241705621724712,0.235419662061157,-0.102670108184049,0.918224798454147,0.985900428481871,202.121135560324,203.94960102403,189.007270744716,146.696194212916,203.793446607019,206.579741101989,175.477121411529,152.440650142121,234.533709304148,122.16125173306,"OGG1"
"ENSG00000157077",413.394537204073,0.0214992548837286,0.209414310837024,0.10266373295023,0.918229858417126,0.985900428481871,456.464956863507,476.74843041923,410.203552664296,295.203452551917,521.876461243649,428.604696491978,363.176529886548,336.519925785437,457.601326153427,387.546039980742,"ZFYVE9"
"ENSG00000092295",6.24315779227105,-0.085749778011458,0.835358905610052,-0.102650223078469,0.918240581085922,0.985900428481871,9.67086773015905,0,2.47607778268187,13.5829809456403,4.13094824203416,8.68793303699955,5.23812302720983,11.5049547277073,2.08474408270354,5.0549483475749,"TGM1"
"ENSG00000130520",797.550381257199,-0.0305111441574108,0.297704486004017,-0.102488022827439,0.918369319187857,0.985900428481871,958.382992058762,874.255296109378,1056.45985394426,342.291119830136,548.039133443198,869.758629592955,871.274463525901,877.252797987678,816.177308378436,761.612217701285,"LSM4"
"ENSG00000049449",2531.14831846188,0.0357170214804242,0.348689816525071,0.102432075121575,0.918413725296721,0.985900428481871,2492.18261406199,1210.70718569679,1683.73289222367,4587.42543137426,1999.37894914453,3041.74188884284,2928.98379271483,3348.90057199012,2191.06603092142,1827.36382764833,"RCN1"
"ENSG00000115946",156.90114829211,0.0297158330590165,0.29023988642237,0.102383698620157,0.918452122289656,0.985900428481871,176.976879461911,128.605162429166,203.038378179913,111.380443754251,93.6348268194409,207.545066994989,120.476829625826,150.523157687503,181.372735195208,195.458002772896,"PNO1"
"ENSG00000142875",366.581608537138,-0.0269539284219274,0.263352800107681,-0.102349124106166,0.918479564600864,0.985900428481871,426.485266900014,380.61931910854,453.947593491675,221.855355445459,312.575083647251,377.44242416298,246.191782278862,351.85986542238,479.491139021814,415.348255892404,"PRKACB"
"ENSG00000099999",112.221605345223,-0.0373725010539476,0.365164393967423,-0.102344318535289,0.918483378862357,0.985900428481871,88.0048963444474,72.7463545053866,80.0598483067136,214.611098941117,110.158619787578,90.7406339419953,112.619645085011,177.368052052154,78.1779031013827,97.729001386448,"RNF215"
"ENSG00000105793",119.1142212752,0.0220084442907657,0.215731689061614,0.102017670127637,0.918742649526581,0.985949498322084,133.457974676195,101.325279489646,94.0909557419109,143.074065960745,111.535602534922,121.631062517994,101.270378526057,115.049547277073,132.381249251675,137.326096775785,"GTPBP10"
"ENSG00000104714",113.008789444389,0.0244973519050741,0.240157962426425,0.102005162175621,0.91875257763617,0.985949498322084,96.7086773015905,77.9425226843427,132.882841003927,138.546405645531,123.928447261025,119.700410731994,131.826096184781,116.96703973169,89.6439955562522,101.94145834276,"ERICH1"
"ENSG00000106351",42.9246258642334,-0.0515662312797465,0.506151188030429,-0.101879107466693,0.918852633488945,0.985949498322084,46.4201651047635,67.5501863264304,52.8229926972131,9.05532063042689,34.424568683618,29.9251026829984,22.6985331179092,31.638625501195,69.8389267705686,64.8718371272112,"AGFG2"
"ENSG00000137492",712.282725645637,-0.0220226011261946,0.216286706056515,-0.101821334874092,0.918898490880631,0.985949498322084,816.221236425424,489.73885086662,653.684534628012,913.681851610073,827.566631154177,821.492334942957,618.971537715295,662.493643070476,709.855360160555,609.121275882775,"THAP12"
"ENSG00000133030",3832.92015577387,-0.02453979882634,0.241129887972387,-0.10177004199973,0.918939205177588,0.985949498322084,3614.97035753345,4972.73294726107,4602.20323874469,2299.14590806539,3870.69850278601,4433.74182654877,3255.49346141091,3007.58691506814,4394.64052633906,3877.98787398121,"MPRIP"
"ENSG00000143942",17.939937216784,0.0545704689451285,0.536895517574839,0.10164076092798,0.919041824427612,0.985949498322084,17.4075619142863,22.0837147605638,26.4114963486066,4.52766031521344,8.26189648406832,18.341191966999,14.8413485770945,12.4637009550162,32.3135332819049,22.747267564087,"CHAC2"
"ENSG00000170153",143.632401571997,-0.0400297497755815,0.39418154793342,-0.101551556599861,0.919112632804917,0.985949498322084,141.194668860322,224.734273739855,55.299070479895,163.901303410727,141.829222976506,142.868232163993,174.604100906994,193.666737916405,58.3728343156991,139.853570949572,"RNF150"
"ENSG00000144161",51.2892959859454,-0.0349412028437541,0.344215604236288,-0.101509642252501,0.919145903687028,0.985949498322084,61.893553473018,24.6817988500419,55.299070479895,66.1038406021163,28.9166376942391,55.9889017939971,62.8574763265179,57.5247736385363,40.652509612719,58.9743973883738,"ZC3H8"
"ENSG00000047634",131.710766177948,0.0273025963486724,0.269262150121264,0.101397824894351,0.919234663059332,0.985949498322084,108.313718577781,110.418573802819,120.502452090517,181.106412608538,118.420516271646,170.862683060991,137.937239716525,120.802024640926,163.652410492228,85.0916305175108,"SCML1"
"ENSG00000197223",226.266331219375,0.0284430085453105,0.280756264800036,0.101308544497016,0.919305533566001,0.985949498322084,314.303201230169,192.258222621379,278.146070921263,109.569379628165,202.416463859674,256.776687537987,231.350433701767,217.635393599129,225.152360931982,235.055098162233,"C1D"
"ENSG00000178053",69.1338578147416,-0.0277947850157102,0.274483171490417,-0.101262255404538,0.919342277958569,0.985949498322084,75.4327682952406,76.6434806396037,75.9330520022439,51.6153275934333,71.6031028619254,85.9140044769955,66.3495583446578,48.8960575927558,87.5592514735486,51.3919748670115,"MLF1"
"ENSG00000109079",602.285996164868,0.0239353923245342,0.237173554921787,0.100919313421884,0.919614511486152,0.986100501240465,609.26466700002,737.855881411778,609.115134539739,429.222197882235,695.376287409083,714.341160819963,396.351309058877,498.548038200648,698.389267705686,634.39601762065,"TNFAIP1"
"ENSG00000109680",63.4905387043932,0.031200120840589,0.30926576146746,0.100884497179853,0.91964214977402,0.986100501240465,81.2352889333361,67.5501863264304,58.6005075234708,43.4655390260491,70.2261201145807,60.8155312589968,39.2859227040737,50.8135500473737,71.9236708532721,90.9890702563482,"TBC1D19"
"ENSG00000141040",30.8109398155167,-0.0352894766230016,0.350456402442959,-0.100695768081296,0.919791970881617,0.986100501240465,33.8480370555567,33.7750931632152,28.0622148703945,29.8825580804087,24.785689452205,21.2371696459989,25.3175946315142,23.9686556827235,37.5253934886637,49.7069920844865,"ZNF287"
"ENSG00000158480",133.868905647938,0.0273110559744119,0.271419035263254,0.100623215125359,0.919849567231895,0.986100501240465,117.017499534925,187.062054442423,141.136433612866,85.1200139260128,147.337153965885,143.833558056993,165.873895861645,145.729426550959,101.110088011122,104.468932516548,"SPATA2"
"ENSG00000117450",1718.48141766444,0.0350362737392872,0.34820668991718,0.100619186115064,0.919852765684384,0.986100501240465,1851.00408355244,2055.08451477717,2266.4365304148,602.178821923388,1298.49473074607,1761.71975472491,1607.23074884888,1222.4014398189,1912.7526958805,2607.51085595739,"PRDX1"
"ENSG00000181722",69.0165922878535,-0.0464105860865155,0.462480454097443,-0.100351454154075,0.920065309111224,0.9861703761862,39.6505576936521,133.801330608122,43.7440408273796,65.1983085390736,72.9800856092701,35.7170580409981,113.492665589546,91.0808915943491,27.101673075146,67.3993113009986,"ZBTB20"
"ENSG00000163795",150.020359520368,0.0289587852253415,0.288595720077238,0.100343779241047,0.920071402051608,0.9861703761862,127.6554540381,107.820489713341,130.406763221245,226.383015760672,144.583188471196,161.209424130992,170.238998384319,209.006677553348,116.745668631398,106.153915299073,"ZNF513"
"ENSG00000127415",40.6554377684489,-0.058349911777728,0.582424463668953,-0.100184513902723,0.920197840270744,0.9861703761862,26.1113428714294,14.2894624921295,17.3325444787731,108.663847565123,34.424568683618,27.9944508969985,66.3495583446578,58.4835198658452,16.6779526616283,36.2271298242868,"IDUA"
"ENSG00000128829",1236.71581597057,-0.0216622137140589,0.2162663435055,-0.100164516414955,0.920213716100867,0.9861703761862,1486.41237012545,1167.8387982204,1087.82350585823,1247.82318287283,1831.38705396848,1162.25237517194,1055.48178998278,978.879898082426,1126.80417670126,1222.45500872186,"EIF2AK4"
"ENSG00000153823",275.968289551359,0.0379771173705445,0.379778950950499,0.0999979521653227,0.920345951232493,0.986232842004479,181.81231332699,311.770090737371,456.423671274357,136.735341519446,195.53155012295,393.85296434398,269.763335901306,418.013355106697,161.567666409524,234.21260677097,"PID1"
"ENSG00000133065",815.14098466663,-0.0196391037860549,0.197845733411382,-0.0992647324125972,0.920928079537649,0.986777359748825,623.770968595259,918.422725630505,824.533901633061,920.020576051372,979.034733362096,838.868201016957,833.734581830897,891.633991397312,700.474011788389,620.91615536045,"SLC41A1"
"ENSG00000145332",133.605720253879,-0.019452408421777,0.19622076194558,-0.0991353220163926,0.921030827296803,0.986808173494333,132.490887903179,124.708036294948,138.660355830184,142.168533897702,133.567326492438,165.070727702991,115.238706598616,113.132054822455,148.016829871951,123.003743124323,"KLHL8"
"ENSG00000110931",845.627166969414,-0.0183951925425961,0.186175328748955,-0.098805747604726,0.921292504898982,0.986885754134436,822.990843836536,989.870038091153,880.65833137385,714.464797740682,1074.04654292888,946.984701032951,804.051884676708,763.161996937915,755.719729980033,704.322803095436,"CAMKK2"
"ENSG00000156711",51.8506469600111,0.0401759230154424,0.406702847648301,0.0987844644997048,0.921309403688231,0.986885754134436,45.4530783317476,31.1770090737371,80.0598483067136,47.0876672782198,22.0317239575155,68.5381384029965,74.2067428854726,69.9884745935525,47.9491139021814,32.0146728679744,"MAPK13"
"ENSG00000149923",916.778267196843,-0.0231030201719138,0.234102431467792,-0.0986876557712828,0.921386270284402,0.986885754134436,1120.85356992543,1102.88669598345,960.718179680564,518.869872123461,879.891975553276,884.238517987954,1084.29146663243,933.818825398906,881.846746983597,800.366821699359,"PPP4C"
"ENSG00000127837",470.830493951815,0.0278451673988117,0.282329839507908,0.098626370656906,0.921434931339743,0.986885754134436,487.411733600016,554.690953103573,572.799327060405,247.210253210654,499.844737286133,375.511772376981,495.002626071329,353.777357876998,443.008117574502,679.048061357561,"AAMP"
"ENSG00000138413",201.382247672212,0.0310615366773127,0.315294727228733,0.0985158773517288,0.921522664983242,0.986885754134436,244.672953573024,213.042895337204,178.277600353094,159.373643095513,225.825170564534,139.006928591993,119.603809121291,157.234381278666,235.5760813455,341.209013461306,"IDH1"
"ENSG00000138080",182.806537747736,-0.0346136554306366,0.351461329994141,-0.0984849611512414,0.921547213165649,0.986885754134436,200.186962014292,153.286961279207,129.581403960351,258.982170030209,169.368877923401,116.804433052994,323.017586677939,185.038021870625,93.8134837216593,197.985476946684,"EMILIN1"
"ENSG00000138621",63.9488872261849,-0.0293282680217921,0.298308950190178,-0.0983150790584553,0.921682104832533,0.986950962035447,72.5315079761929,53.2607238343009,91.614877959229,40.748942836921,68.849137367236,67.5728125099965,74.2067428854726,65.1947434570078,62.5423224811062,42.9670609543866,"PPCDC"
"ENSG00000116106",72.8082298429766,0.0520702694327594,0.530789990244395,0.0980995693019463,0.921853229525348,0.987054955216728,49.3214254238112,41.5693454316495,61.9019445670466,132.207681204233,23.4087067048602,46.3356428639976,61.984455821983,191.749245461788,43.7796257367743,75.8242252136235,"EPHA4"
"ENSG00000144031",10.3051692629584,0.0570910492286621,0.583708583867298,0.097807451880203,0.92208519001395,0.987224065121301,2.90126031904772,16.8875465816076,10.7296703916214,9.96085269346958,13.7698274734472,6.75728125099965,16.5873895861645,12.4637009550162,6.25423224811062,6.73993113009986,"ANKRD53"
"ENSG00000173406",493.010383872602,-0.0556328914883422,0.571358083485795,-0.097369571020912,0.922432908687425,0.987437812277405,389.73596952541,509.224481537706,521.62705288498,596.745629545132,987.296629846164,177.619964311991,508.970954143888,1008.601031129,115.703296590046,114.578829211698,"DAB1"
"ENSG00000116161",542.810818238138,-0.0358618049791798,0.368736602608388,-0.0972558859779548,0.922523187753493,0.987455197035982,752.393509406375,614.446887161569,666.064923541422,171.145559915068,392.440082993245,699.861272424964,490.637523548654,398.838430560518,753.634985897329,488.64500693224,"CACYBP"
"ENSG00000120254",1114.65618831484,0.0234461046062878,0.241856584847563,0.0969421800984471,0.922772311660117,0.98749821671434,728.216340080977,1608.21405138694,1109.28284664148,970.730371581763,1108.4711116125,1320.56582162393,880.004668571251,1287.5961832759,1157.03296590046,976.447522473218,"MTHFD1L"
"ENSG00000226174",8.51286046885842,-0.0706444165265865,0.728876762746308,-0.0969223058510028,0.922788094693284,0.98749821671434,3.86834709206362,12.9904204473905,6.60287408715164,11.771916819555,9.63887923141304,3.8613035719998,14.8413485770945,16.2986858642519,1.04237204135177,4.21245695631242,"TEX22"
"ENSG00000214223",7.44774231087908,-0.0563728990803312,0.581690528300391,-0.0969121832618524,0.922796133507987,0.98749821671434,7.73669418412724,5.19616817895618,6.60287408715164,10.8663847565123,4.13094824203416,7.7226071439996,5.23812302720983,11.5049547277073,10.4237204135177,5.0549483475749,"HNRNPA1P10"
"ENSG00000180329",250.956542650004,-0.0236909752097036,0.245074658581644,-0.0966684003430373,0.922989735142379,0.987521189683079,323.974068960328,249.416072589897,285.574304269308,154.8459827803,221.6942223225,267.395272360986,217.382105629208,213.800408689893,321.050588736345,254.43240016127,"CCDC43"
"ENSG00000109775",191.500154474833,0.0198512378123917,0.205459309267346,0.0966188287266217,0.92302910329079,0.987521189683079,205.989482652388,164.978339681859,203.863737440807,184.728540860709,174.876808912779,233.608866105988,242.699700260722,160.110619960593,164.69478253358,179.450666338909,"UFSP2"
"ENSG00000183955",735.304115578548,-0.0158021940347479,0.164487610705978,-0.0960692052545788,0.923465608800458,0.987767095694872,648.915224693673,809.303193872426,791.519531197303,709.937137425468,870.253096321863,815.700379584958,643.416111842274,665.369881752403,747.380753649219,651.245845445899,"KMT5A"
"ENSG00000076641",22.0121764174551,0.0501512944993324,0.52257778483599,0.0959690517940258,0.9235451521719,0.987767095694872,37.7163841476203,15.5885045368685,21.4593407832428,11.771916819555,9.63887923141304,22.2024955389988,31.428738163259,8.62871604578044,22.9321849097389,38.7546039980742,"PAG1"
"ENSG00000088205",268.299859846443,-0.0242517845618445,0.252822889585155,-0.09592400672913,0.923580927883271,0.987767095694872,205.989482652388,232.528526008289,252.55993383355,393.000915360527,209.301377596397,296.355049150985,214.763044115603,239.686556827235,286.652311371737,352.161401547718,"DDX18"
"ENSG00000153815",535.390193117977,-0.027727157905691,0.289314123200168,-0.0958375540018398,0.923649590839575,0.987767095694872,422.616919807951,893.740926780463,479.533730579388,372.173677910545,414.471806950761,505.830767931974,631.193824778784,569.495259021509,680.668943002706,384.176074415692,"CMIP"
"ENSG00000186352",46.4972929441332,0.0408843244003261,0.427156352380922,0.0957127856637071,0.923748686032022,0.987767095694872,50.2885121968271,54.5597658790399,60.2512260452587,18.1106412608538,44.063447915031,29.9251026829984,87.3020504534971,52.7310425019916,28.1440451164978,39.5970953893367,"ANKRD37"
"ENSG00000042286",228.487091145863,-0.0276841000751779,0.289372413694718,-0.0956694514231897,0.923783103814,0.987767095694872,244.672953573024,331.255721408457,249.258496789974,100.514058997738,201.039481112329,218.163651817989,233.969495215372,235.851571917999,241.830313593611,228.315167032133,"AIFM2"
"ENSG00000169629",8.84341832777573,-0.0621790007510047,0.650680320222214,-0.0955599836333915,0.923870048133555,0.987767095694872,6.76960741111134,2.59808408947809,7.4282333480456,19.0161733238965,12.3928447261025,5.7919553579997,3.49208201813988,14.3811934096341,7.29660428946239,9.26740530388731,"RGPD8"
"ENSG00000176871",2342.93534979433,0.0258901374231667,0.271324574792988,0.0954212770550551,0.923980216540915,0.987767095694872,2005.73796723499,2299.30441918811,2686.54439420982,2279.22420267845,1927.77584628261,3777.3202193088,1623.81813843505,1948.17233389176,3080.20938219448,1801.24659451919,"WSB2"
"ENSG00000169750",39.078275843346,-0.0366877230044647,0.385153481616652,-0.0952548133551093,0.924112433108552,0.987767095694872,43.5189047857157,32.4760511184761,60.2512260452587,21.7327695130245,53.7023271464441,22.2024955389988,27.0636356405841,37.3911028650486,42.7372536954226,49.7069920844865,"RAC3"
"ENSG00000159314",24.6519155883853,0.0489200795991378,0.514042207587073,0.0951674373759499,0.924181833775297,0.987767095694872,16.4404751412704,16.8875465816076,9.07895186983351,54.3319237825613,12.3928447261025,29.9251026829984,23.5715536224442,33.5561179558128,20.8474408270354,29.4871986941869,"ARHGAP27"
"ENSG00000198522",216.094894569408,-0.0209591008219113,0.220865283845916,-0.0948954061813225,0.924397905390497,0.987767095694872,243.705866800008,213.042895337204,244.306341224611,170.240027852026,236.841032543292,198.85713395799,178.969203429669,163.945604869828,279.355707082274,231.685132597183,"GPN1"
"ENSG00000196437",51.0563224085659,-0.0321495049421821,0.338797634417369,-0.0948929439766298,0.924399861120174,0.987767095694872,67.6960741111134,51.9616817895618,60.2512260452587,27.1659618912807,42.6864651676863,68.5381384029965,39.2859227040737,35.4736104104307,63.5846945224579,53.9194490407989,"ZNF569"
"ENSG00000172687",39.2433527071007,0.0327543867149817,0.345307739152905,0.0948556403494848,0.924429491454535,0.987767095694872,30.946776736509,49.3635977000837,37.141166740228,38.0323466477929,28.9166376942391,69.5034642959964,28.809676649654,32.5973717285039,37.5253934886637,39.5970953893367,"ZNF738"
"ENSG00000197763",92.9706778253307,-0.0313936966603776,0.33198078634688,-0.0945647999868731,0.924660510040386,0.987767095694872,135.392148222227,96.1291113106894,99.0431113072746,46.1821352151771,111.535602534922,79.1567232259959,63.7304968310529,87.2459066851134,78.1779031013827,133.113639819472,"TXNRD3"
"ENSG00000128513",125.158682674143,-0.0254868251715567,0.269924305584892,-0.0944221199951964,0.924773845086509,0.987767095694872,130.556714357147,137.698456742339,156.818259569851,80.5923536107993,141.829222976506,133.214973233993,100.397358021522,82.4521755485687,153.22869007871,134.798622601997,"POT1"
"ENSG00000081913",73.3768896029229,-0.034401914227043,0.364863414971231,-0.0942871025579685,0.924881094939278,0.987767095694872,127.6554540381,79.2415647290818,46.2201186100615,45.2766031521344,60.5872408831677,61.7808571519968,51.5082097675633,81.4934293212597,68.7965547292168,111.208863646648,"PHLPP1"
"ENSG00000182796",146.670964270061,0.0329565605111329,0.349756594939802,0.0942271310618323,0.924928733180709,0.987767095694872,81.2352889333361,177.968760129249,130.406763221245,189.256201175922,184.515688144192,123.561714303994,197.302634024903,184.079275643316,63.5846945224579,134.798622601997,"TMEM198B"
"ENSG00000184014",2200.7317130991,-0.0182591589453645,0.193920876458931,-0.094157778568165,0.924983823534952,0.987767095694872,1940.94315344292,2882.57429727594,2108.79291158406,1937.83861491135,2762.22739117351,2333.19268338088,1966.91519671729,1918.45120084518,2273.41342218821,1882.96825947165,"DENND5A"
"ENSG00000149182",297.083908356597,-0.0135909570832176,0.144552241092737,-0.0940210748756113,0.925092415562314,0.987767095694872,295.928552542867,288.387333932068,298.780052443612,312.408561749728,267.134652984876,282.840486648985,312.54134062352,329.808702194275,285.609939330385,297.399461115657,"ARFGAP2"
"ENSG00000015479",1046.35561451937,0.0150710169559708,0.160315309564873,0.0940085946680733,0.925102329417032,0.987767095694872,1047.35497517623,870.358169975161,1086.17278733645,1154.55338037943,917.070509731583,1029.03740193795,986.513170124517,982.714882991661,1241.46510124996,1148.31576629076,"MATR3"
"ENSG00000125257",124.494238215719,-0.0378246940543101,0.402809327002617,-0.0939022299601923,0.92518682241496,0.987767095694872,114.116239215877,107.820489713341,89.1388001765472,194.689393554178,111.535602534922,147.694861628992,39.2859227040737,88.2046529124223,155.313434161414,197.142985555421,"ABCC4"
"ENSG00000005436",138.311027862343,-0.0212983574037602,0.226854046677504,-0.0938857283601293,0.925199930876718,0.987767095694872,179.878139780958,141.595582876556,119.677092829623,117.71916819555,137.698274734472,126.457691982993,137.937239716525,138.059456732487,106.321948217881,177.765683556384,"GCFC2"
"ENSG00000260442",5.96582884673815,-0.0720445642621163,0.768312073280932,-0.0937699234042536,0.925291924032207,0.987767095694872,6.76960741111134,5.19616817895618,9.07895186983351,3.62212825217076,2.75396549468944,15.4452142879992,4.36510252267486,1.91749245461788,2.08474408270354,8.42491391262483,"ATP2A1-AS1"
"ENSG00000131437",78.3931210838786,-0.0266067617619666,0.284032636749561,-0.0936750158941292,0.925367317416979,0.987767095694872,78.3340286142883,63.6530601922132,87.4880816547592,87.8366101151408,49.5713789044099,55.9889017939971,74.2067428854726,98.7508614128206,80.2626471840863,107.838898081598,"KIF3A"
"ENSG00000138073",397.897862896514,-0.0161445698140087,0.172438647852845,-0.0936250081697815,0.925407043221534,0.987767095694872,427.45235367303,437.777169077058,425.060019360387,312.408561749728,389.686117498556,363.927861660981,400.716411581552,431.435802289022,445.092861657206,345.421470417618,"PREB"
"ENSG00000135976",50.4220280633024,-0.045706472741515,0.488630223533408,-0.0935400033403582,0.925474570920988,0.987767095694872,35.7822106015885,22.0837147605638,39.6172445229098,107.75831550208,33.0475859362733,67.5728125099965,73.3337223809376,65.1947434570078,39.6101375713672,20.2197933902996,"ANKRD36"
"ENSG00000076555",28.2218970834434,0.0351136160762203,0.375726071689291,0.0934553620895856,0.925541810327648,0.987767095694872,25.1442560984135,41.5693454316495,22.2847000441368,22.6383015760672,38.5555169256522,22.2024955389988,24.4445741269792,42.1848340015933,18.7626967443319,24.432250346612,"ACACB"
"ENSG00000038219",325.975896450233,0.0245492341928925,0.262837103226176,0.0934009464096375,0.925585038679977,0.987767095694872,333.644936690487,274.097871439939,278.971430182157,404.772832180082,196.908532870295,322.418848261983,419.922862681321,287.623868192681,285.609939330385,455.787842673003,"BOD1L1"
"ENSG00000100596",173.60786153869,0.0295731321349508,0.316813060679956,0.0933456849016256,0.925628939191311,0.987767095694872,146.030102725402,174.071633995032,133.708200264821,232.721740201971,86.7499130827173,227.816910747988,122.222870634896,170.656828460991,244.957429717666,197.142985555421,"SPTLC2"
"ENSG00000086598",2712.22632317026,-0.0312501444627961,0.335446052989148,-0.0931599706847857,0.9257764748093,0.987845495202147,3163.34083453503,1400.36732422869,2151.71159315054,4274.11133756149,1985.60912167109,3794.6960853828,1955.56593015834,3232.89227848574,3318.91257966403,1845.05614686484,"TMED2"
"ENSG00000198176",2203.02780120381,-0.0173588232719765,0.186884759391046,-0.0928851733471434,0.925994784775617,0.987879550225765,2052.15813233975,2546.12240768853,2462.04667524667,1815.59178640059,2356.01748070682,2777.24259416086,1737.31080402459,2046.92319530458,2148.328777226,2088.5361589397,"TFDP1"
"ENSG00000106688",156.602615679062,0.0378129762862886,0.407898297801074,0.09270197127601,0.926140330905455,0.987879550225765,147.964276271434,87.0358169975161,111.423500220684,269.848554786721,115.666550776956,92.6712857279952,138.81026022106,325.973717285039,155.313434161414,121.318760341798,"SLC1A1"
"ENSG00000163689",35.7385202836896,-0.0362453697649151,0.391483556227867,-0.0925846544211377,0.926233535376276,0.987879550225765,42.5518180126998,28.578924984259,54.473711219001,19.0161733238965,34.424568683618,52.1275982219973,28.809676649654,22.0511632281056,45.8643698194779,29.4871986941869,"C3orf67"
"ENSG00000112414",25.4064274809238,-0.0685726085844077,0.740997062408023,-0.0925409992336094,0.926268218278276,0.987879550225765,25.1442560984135,9.09329431317332,3.30143704357582,67.009372665159,5.50793098937888,34.7517321479982,7.85718454081474,47.9373113654469,23.9745569510907,29.4871986941869,"ADGRG6"
"ENSG00000172590",279.216122013723,-0.023155046289273,0.250854785362441,-0.0923045827322691,0.926456047422936,0.987879550225765,333.644936690487,265.004577126765,318.588674705067,210.083438625904,250.610860016739,280.909834862985,306.430197091775,225.3053634176,404.440352044487,197.142985555421,"MRPL52"
"ENSG00000101997",106.2356945802,0.0282169531719473,0.306494312104295,0.0920635459047131,0.926647551562968,0.987879550225765,69.6302476571452,142.894624921295,121.327811351411,86.0255459890555,162.483964186677,76.260745546996,130.953075680246,95.8746227308938,83.3897633081416,93.5165444301356,"CCDC22"
"ENSG00000131931",132.759692237752,0.0247860655691423,0.269569758163553,0.0919467589317051,0.926740340526425,0.987879550225765,146.030102725402,113.016657892297,181.57903739667,84.2144818629701,125.305430008369,159.278772344992,108.254542562336,136.141964277869,166.779526616283,106.996406690335,"THAP1"
"ENSG00000010270",375.894817295999,-0.0178778478334108,0.194497288227461,-0.0919182369910624,0.926763001778149,0.987879550225765,331.710763144456,306.573922558415,430.837534186645,444.61624295396,326.344911120699,457.564473281976,322.144566173404,389.250968287429,400.27086387908,349.63392737393,"STARD3NL"
"ENSG00000128699",409.846137690966,0.0332822944345356,0.362254196878453,0.0918755247594905,0.926796937610641,0.987879550225765,388.768882752394,162.380255592381,307.859004313445,757.024804703688,349.753617825559,380.33840184198,525.558343730053,519.640455201444,401.313235920431,305.824375028281,"ORMDL1"
"ENSG00000157637",185.131098296942,-0.0372935713360169,0.405919655718308,-0.0918742682465644,0.926797935940552,0.987879550225765,147.964276271434,132.502288563383,102.34454835085,369.457081721417,118.420516271646,136.110950912993,292.461869019215,240.645303054543,112.576180465991,198.827968337946,"SLC38A10"
"ENSG00000254901",86.8941898545242,-0.0284133304223405,0.309627518980574,-0.0917661663791686,0.926883825920122,0.987879550225765,74.4656815222247,80.5406067738208,88.3134409156532,108.663847565123,49.5713789044099,95.567263406995,117.857768112221,103.544592549365,99.0253439284181,51.3919748670115,"BORCS8"
"ENSG00000106993",225.774692807647,0.0232933417513152,0.254520534033879,0.0915185167268848,0.927080593756931,0.987879550225765,273.685556763501,203.94960102403,293.002537617354,123.152360573806,247.85689452205,197.89180806499,246.191782278862,217.635393599129,238.703197469555,215.677796163196,"CDC37L1"
"ENSG00000123815",139.476772326626,0.0250265856077919,0.273663819236039,0.0914501072069232,0.927134948721464,0.987879550225765,144.09592917937,128.605162429166,111.423500220684,167.523431662897,183.138705396848,137.076276805993,194.683572511299,133.265725595942,89.6439955562522,105.31142390781,"COQ8B"
"ENSG00000160051",11.7386941144425,0.0495260265739013,0.541776429346585,0.0914141403929896,0.927163526384753,0.987879550225765,10.637954503175,9.09329431317332,8.25359260893955,18.1106412608538,4.13094824203416,21.2371696459989,11.3492665589546,8.62871604578044,16.6779526616283,9.26740530388731,"IQCC"
"ENSG00000113448",68.7951950383118,0.0515898768230876,0.564452079382557,0.0913981517784835,0.927176230271391,0.987879550225765,29.9796899634931,63.6530601922132,37.9665260011219,137.640873582489,34.424568683618,71.4341160819963,24.4445741269792,66.1534896843167,179.287991112504,42.9670609543866,"PDE4D"
"ENSG00000172531",954.722244607424,-0.0288447236489217,0.315730611415055,-0.0913586538842217,0.927207613731365,0.987879550225765,1192.41799112861,1205.51101751783,1087.82350585823,379.417934414887,954.249043909891,1220.17192875194,973.417862556493,727.688386527484,1081.98217892314,724.542596485735,"PPP1CA"
"ENSG00000141837",78.176129499058,-0.0224532505863616,0.246047417612768,-0.091255786401704,0.927289348683825,0.987879550225765,96.7086773015905,76.6434806396037,70.9808964368801,70.6315009173297,95.0118095667857,68.5381384029965,58.4923738038431,70.9472208208614,97.9829718870663,75.8242252136235,"CACNA1A"
"ENSG00000060971",202.65886993478,-0.0254714007565085,0.27915316566721,-0.0912452513143772,0.92729771954406,0.987879550225765,229.19956520477,229.930441918811,181.57903739667,179.295348482452,213.432325838432,148.660187521992,185.953367465949,176.409305824845,141.762597623841,340.366522070043,"ACAA1"
"ENSG00000108010",616.679817999649,-0.0232091323191275,0.254995094418329,-0.0910179561378228,0.927478323342056,0.987879550225765,743.689728449231,640.42772805635,725.490790325787,381.228998540972,506.729651022857,684.416058136964,619.84455821983,443.899503244038,838.067121246823,583.004042753638,"GLRX3"
"ENSG00000223482",311.091449173587,0.0181065761665468,0.198936184064335,0.0910170075479643,0.927479077078738,0.987879550225765,248.541300665088,262.406493037287,340.873374749203,382.134530604015,286.412411447702,337.864062549982,309.922279109915,302.963807829624,375.253934886637,264.54229685642,"NUTM2A-AS1"
"ENSG00000175895",142.960809241112,-0.019667688511356,0.216281793226895,-0.0909354792093999,0.927543858637828,0.987879550225765,158.602230774609,142.894624921295,168.373289222367,105.947251375995,165.237929681366,149.625513414992,110.873604075941,129.430740686707,146.9744578306,151.648450427247,"PLEKHF2"
"ENSG00000139190",34.6636993454134,-0.0417124208664258,0.459536513144186,-0.0907706344834844,0.927674843987585,0.987879550225765,31.9138635095249,11.6913784026514,27.2368556095005,69.725968854287,30.2936204415838,20.2718437529989,28.809676649654,50.8135500473737,35.4406494059602,40.4395867805992,"VAMP1"
"ENSG00000128891",55.8791292728489,0.0255556382778984,0.281647420954518,0.0907362765520415,0.92770214499069,0.987879550225765,58.9922931539702,44.1674295211276,60.2512260452587,57.0485199716894,68.849137367236,37.647709826998,56.7463327947731,45.0610726835201,54.203346150292,75.8242252136235,"CCDC32"
"ENSG00000135482",40.7507150556692,0.0274222587970903,0.302338855175045,0.0907004122285691,0.927730643072057,0.987879550225765,36.7492973746044,58.4568920132571,39.6172445229098,27.1659618912807,46.8174134097205,39.5783616129979,36.6668611904688,38.3498490923575,34.3982773646084,49.7069920844865,"ZC3H10"
"ENSG00000240857",110.385296701868,-0.0225370407284774,0.248916460910883,-0.0905405799439922,0.927857648224139,0.987879550225765,141.194668860322,97.4281533554284,99.0431113072746,108.663847565123,75.7340511039596,86.8793303699955,119.603809121291,142.853187869032,109.449064341936,123.003743124323,"RDH14"
"ENSG00000072133",14.3520703913915,-0.0562558964492269,0.623298907741656,-0.0902550858833588,0.92808451069653,0.987879550225765,12.5721280492068,15.5885045368685,21.4593407832428,9.05532063042689,11.0158619787578,21.2371696459989,0.873020504534971,13.4224471823251,23.9745569510907,14.3223536514622,"RPS6KA6"
"ENSG00000138107",853.237719210966,0.0229077204815066,0.253864113752749,0.0902361509189821,0.928099557215873,0.987879550225765,962.251339150826,970.384407420067,941.734916680003,507.097955303906,684.360425430326,809.908424226958,739.448367341121,714.265939345159,1040.28729726907,1162.63811994223,"ACTR1A"
"ENSG00000172728",44.4052020301515,-0.0331361555092759,0.367948388242295,-0.0900565312096316,0.928242291871956,0.987879550225765,53.1897725158748,33.7750931632152,29.7129333921824,62.4817123499455,71.6031028619254,47.3009687569975,41.9049842176786,47.9373113654469,29.1864171578495,26.9597245203995,"FUT10"
"ENSG00000115514",175.816042366047,0.0278307383882214,0.309476011619012,0.0899285803853616,0.928343969298921,0.987879550225765,199.219875241277,157.184087413425,222.021641180474,116.813636132507,126.682412755714,194.03050449299,126.587973157571,119.843278413617,248.084545841721,247.69246903117,"TXNDC9"
"ENSG00000214274",8.50513292156686,-0.0658646872608247,0.733848348017983,-0.0897524501332128,0.928483934912806,0.987879550225765,7.73669418412724,5.19616817895618,5.77751482625769,16.2995771347684,5.50793098937888,3.8613035719998,20.9524921088393,13.4224471823251,2.08474408270354,4.21245695631242,"ANG"
"ENSG00000055130",432.038081301795,-0.0182551751627225,0.203519683425621,-0.0896973445293025,0.92852772619601,0.987879550225765,517.391423563509,467.655136106056,451.471515708993,305.164305245386,457.158272118447,389.99166077198,384.129021995387,381.580998468957,436.753885326391,529.084593712839,"CUL1"
"ENSG00000129038",1095.96624355975,-0.0310085152166697,0.345774559855647,-0.0896784171444394,0.928542767447071,0.987879550225765,1630.50829930482,1173.03496639936,706.507527325226,930.886960807884,1122.24093908595,550.235759009972,1541.75421100876,1686.43461383642,771.35531060031,846.703848218796,"LOXL1"
"ENSG00000151917",467.628401356079,0.0230592106766528,0.257381837947598,0.0895914446043689,0.928611883282688,0.987879550225765,595.725452177798,368.927940705889,527.404567711237,359.496229027948,539.77723695913,555.062388474971,408.573596122366,281.871390828828,570.177506619418,469.267704933203,"BEND6"
"ENSG00000182718",12962.9711367151,0.0233763009758184,0.261069784368944,0.089540430855771,0.928652423430836,0.987879550225765,12565.3584417957,14121.8860683582,15083.440492837,9578.71816286556,9991.38681473329,13961.5083904583,10297.27685099,8911.54618283658,15760.6652652388,19357.9246970381,"ANXA2"
"ENSG00000125967",102.462095296296,-0.0203885061808111,0.227907512170571,-0.08945956184872,0.928716689652625,0.987879550225765,96.7086773015905,87.0358169975161,98.2177520463807,130.396617078147,112.912585282267,80.1220491189958,114.365686094081,114.090801049764,107.364320259232,83.4066477349858,"NECAB3"
"ENSG00000243811",8.02804292568343,-0.0532395945628217,0.595301519010961,-0.0894329896071395,0.928737806590271,0.987879550225765,9.67086773015905,6.49521022369523,7.4282333480456,9.05532063042689,12.3928447261025,2.89597767899985,10.4762460544197,8.62871604578044,3.12711612405531,10.1098966951498,"APOBEC3D"
"ENSG00000242110",13.7957116375224,0.0612634406282116,0.685525581575059,0.0893671108340745,0.928790160611257,0.987879550225765,19.3417354603181,20.7846727158247,13.2057481743033,0.905532063042689,11.0158619787578,8.68793303699955,12.2222870634896,7.6699698184715,10.4237204135177,33.6996556504993,"AMACR"
"ENSG00000135124",71.1510254304115,0.0354006499291467,0.396297235956619,0.0893285310044957,0.928820820238661,0.987879550225765,61.893553473018,40.2703033869104,45.3947593491675,132.207681204233,82.6189648406832,60.8155312589968,75.0797633900075,113.132054822455,56.2880902329956,43.8095523456491,"P2RX4"
"ENSG00000115758",2243.28411287326,0.0226686122352406,0.254385902164531,0.0891111183534812,0.928993601381302,0.987879550225765,2227.20083825563,2030.40271592713,2574.29553472825,2056.46331516995,1714.34352044418,3131.51719689184,1883.10522828193,2263.5998426764,3092.7178466907,1459.19508966662,"ODC1"
"ENSG00000185000",94.362735306428,0.0303502317677648,0.34106262810491,0.0889872688086752,0.929092027996569,0.987879550225765,96.7086773015905,68.8492283711694,58.6005075234708,148.507258339001,88.1268958300621,74.3300937609961,142.3023422392,117.925785958999,61.4999504397544,86.7766133000358,"DGAT1"
"ENSG00000149679",120.888470575008,-0.0276733778370122,0.311055931814987,-0.0889659222235055,0.929108992820363,0.987879550225765,89.9390698904792,216.940021471421,106.47134465532,76.9702253586286,141.829222976506,137.076276805993,94.2862144897769,114.090801049764,120.915156796805,110.366372255385,"CABLES2"
"ENSG00000117523",643.485760992151,-0.0220850888560791,0.248327535285048,-0.0889353201638643,0.929133313326199,0.987879550225765,483.543386507953,819.695530230338,486.13660466654,809.545664360164,587.971633116195,446.945888458977,815.401151235663,724.812147845557,591.024947446453,669.780656053674,"PRRC2C"
"ENSG00000196411",406.242609715511,-0.0216621734518529,0.243984194043745,-0.0887851507625489,0.929252659056157,0.987879550225765,340.414544101599,609.250718982613,355.729841445295,335.046863325795,548.039133443198,387.09568309298,387.621104013527,414.178370197461,316.881100570938,368.168737981705,"EPHB4"
"ENSG00000155792",176.999445656747,0.0559401307414837,0.630809374382853,0.0886799293308097,0.929336283755102,0.987879550225765,47.3872518777794,401.403991824365,92.440237220123,151.223854528129,117.043533524301,69.5034642959964,135.318178202921,489.919322154867,45.8643698194779,219.890253119508,"DEPTOR"
"ENSG00000117174",144.665149944622,-0.0269528273581862,0.303936247979475,-0.0886792132803006,0.929336852838687,0.987879550225765,164.404751412704,120.810910160731,151.866104004488,148.507258339001,89.5038785774068,123.561714303994,123.968911643966,103.544592549365,176.160874988449,244.32250346612,"ZNHIT6"
"ENSG00000169727",502.086685445663,0.0144879019506786,0.163376411896027,0.0886780520060553,0.929337775765433,0.987879550225765,470.00417168573,510.523523582445,504.294508406207,512.531147682162,410.340858708727,499.073486680974,579.685615011221,587.711437340379,495.126719642091,451.575385716691,"GPS1"
"ENSG00000131737",134.575030930854,0.0457704519319439,0.518987281369099,0.0881918566697829,0.929724189534774,0.988183895108805,39.6505576936521,320.863385050544,126.279966916775,42.5600069630064,75.7340511039596,104.255196443995,174.604100906994,193.666737916405,141.762597623841,126.373708689372,"KRT34"
"ENSG00000164048",42.973361489021,-0.043313248682243,0.493194695359847,-0.0878218056474443,0.93001830632522,0.988294398035482,42.5518180126998,22.0837147605638,23.9354185659247,86.0255459890555,52.3253443990994,17.3758660739991,45.3970662358185,74.7822057300972,23.9745569510907,41.2820781718617,"ZNF589"
"ENSG00000197694",1022.24117031094,-0.0233630625119712,0.266043785760335,-0.0878166067484012,0.930022438481703,0.988294398035482,684.697435295261,1061.3173505518,742.82333480456,1639.91856617031,1111.22507710719,809.908424226958,990.878272647192,922.313870671198,1044.45678543447,1214.8725862005,"SPTAN1"
"ENSG00000187994",31.6214812802078,0.0372204456541614,0.424205160947136,0.0877416143902119,0.930082043649513,0.988294398035482,46.4201651047635,19.4856306710857,28.8875741312884,28.977026017366,48.1943961570652,11.5839107159994,35.7938406859338,34.5148641831218,39.6101375713672,22.747267564087,"RINL"
"ENSG00000169016",113.692959886871,0.021064210564684,0.240217381174489,0.0876881200756384,0.930124562056038,0.988294398035482,112.182065669845,100.026237444907,103.995266872638,134.018745330318,111.535602534922,161.209424130992,85.5560094444272,113.132054822455,120.915156796805,94.3590358213981,"E2F6"
"ENSG00000179431",171.140326519357,0.027774488330867,0.317105693477533,0.0875874791974835,0.930204554083548,0.988300656242515,193.417354603181,184.463970352945,156.818259569851,143.074065960745,114.289568029612,172.793334846991,223.493249160953,215.717901144511,78.1779031013827,229.157658423395,"FJX1"
"ENSG00000114738",516.875063503706,0.0274684344912506,0.313946196859441,0.0874940826359131,0.930278788767775,0.988300797020537,684.697435295261,656.016232593218,508.421304710676,195.594925617221,491.582840802065,579.19553579997,605.87623014727,398.838430560518,547.245321709679,501.282377801177,"MAPKAPK3"
"ENSG00000148688",179.863787791707,-0.0202414162526355,0.231828931935606,-0.0873118643287275,0.930423623666527,0.988354400524744,196.318614922229,205.248643068769,203.038378179913,121.34129644772,174.876808912779,219.128977710989,192.064510997694,133.265725595942,190.754083567374,162.600838513659,"RPP30"
"ENSG00000126067",757.895483382784,0.027109747802258,0.310763187978147,0.0872360332593976,0.930483898120816,0.988354400524744,904.226132769872,805.406067738208,988.780394550958,298.825580804087,923.955423468307,709.514531354963,825.004376785548,531.145409929152,838.067121246823,754.029795179922,"PSMB2"
"ENSG00000171953",107.775523480807,0.0219647959218067,0.252624369479778,0.0869464650898018,0.930714065537762,0.988354400524744,126.688367265084,131.203246518644,94.0909557419109,76.0646932955859,122.55146451368,87.8446562629954,109.127563066871,95.8746227308938,92.7711116803075,141.538553732097,"ATPAF2"
"ENSG00000160685",356.594232343361,0.0196999834858873,0.226690902444577,0.0869024000233255,0.930749091796994,0.988354400524744,328.809502825408,407.89920204806,432.488252708432,245.399189084569,437.880513655621,382.26905362798,398.970370572482,344.189895603909,267.889614627405,320.146728679744,"ZBTB7B"
"ENSG00000206262",39.1288326862427,-0.0644931617889869,0.742357032366797,-0.0868762050833796,0.930769913586945,0.988354400524744,13.5392148222227,45.4664715658666,73.456974219562,28.0714939543234,68.849137367236,54.0582500079972,20.9524921088393,28.7623868192681,0,58.1319059971113,"FOXL2NB"
"ENSG00000114739",27.9698815904744,0.0308467822361923,0.355086357399675,0.086871212011877,0.930773882476627,0.988354400524744,18.3746486873022,20.7846727158247,28.0622148703945,42.5600069630064,34.424568683618,31.8557544689983,31.428738163259,25.8861481373413,21.8898128683872,24.432250346612,"ACVR2B"
"ENSG00000182957",53.024459638589,0.0324949160726439,0.374638105139055,0.0867368151474682,0.930880712422122,0.988389145893944,51.255598969843,35.0741352079542,46.2201186100615,76.0646932955859,74.3570683566149,60.8155312589968,61.984455821983,26.8448943646503,30.2287891992013,67.3993113009986,"SPATA13"
"ENSG00000185324",306.655598044287,0.0234091638002963,0.270640039900803,0.0864955673553566,0.931072479605746,0.988514063087234,254.343821303183,254.612240768853,215.418767093322,489.892846106095,312.575083647251,359.101232195981,364.049550391083,303.922554056933,287.694683413088,224.945201467083,"CDK10"
"ENSG00000147457",360.149604836528,0.0233826507317503,0.271244365541353,0.0862051113396694,0.931303367574504,0.988601799852051,470.971258458746,378.021235019062,401.124600794462,176.578752293324,363.523445299006,424.743392919978,303.81113557817,307.757538966169,421.118304706115,353.846384330243,"CHMP7"
"ENSG00000260260",125.819923850232,0.0490394716155863,0.571264965161917,0.0858436533066345,0.931590704214043,0.988828111587958,144.09592917937,40.2703033869104,61.9019445670466,246.304721147611,190.023619133571,33.7864062549982,227.858351683627,181.203036961389,55.2457181916438,77.5092079961484,"SNHG19"
"ENSG00000171246",8.19520619422122,0.0856219625426144,0.999079917923675,0.085700814325802,0.931704254773572,0.988869938398466,0.967086773015906,11.6913784026514,18.983263000561,0,4.13094824203416,14.4798883949993,5.23812302720983,0.958746227308938,18.7626967443319,6.73993113009986,"NPTX1"
"ENSG00000162650",34.0202101280503,-0.0378334527957527,0.44366362346835,-0.0852750840828213,0.932042699388004,0.989119348566579,29.9796899634931,25.9808408947809,23.1100593050307,58.8595840977748,39.9324996729969,26.0637991109986,26.1906151360491,63.2772510023899,15.6355806202765,31.1721814767119,"ATXN7L2"
"ENSG00000171222",315.033248031693,-0.0431815274838828,0.507106029458748,-0.0851528575394223,0.93213986862526,0.989119348566579,415.847312396839,480.645556553447,340.873374749203,46.1821352151771,247.85689452205,157.348120558992,502.859810612143,365.282312604705,173.033758864394,420.403204239979,"SCAND1"
"ENSG00000111725",123.637588965806,0.0190300087062854,0.223552781983722,0.0851253495367868,0.932161737432206,0.989119348566579,99.6099376206383,124.708036294948,106.47134465532,160.279175158556,107.404654292888,124.527040196994,109.127563066871,115.049547277073,141.762597623841,147.435993470935,"PRKAB1"
"ENSG00000170903",159.054857130437,0.020266853938345,0.238880380163661,0.0848410150907321,0.932387785744046,0.989223235315551,186.64774719207,166.277381726598,158.468978091639,119.530232321635,183.138705396848,133.214973233993,144.04838324827,116.008293504381,175.118502947097,208.095373641833,"MSANTD4"
"ENSG00000075089",101.955261184671,0.0240957231048772,0.284220947317772,0.0847781394449336,0.932437773156085,0.989223235315551,109.280805350797,84.437732908038,141.136433612866,68.8204367912444,70.2261201145807,97.4979151929949,89.921111967102,97.7921151855117,132.381249251675,128.058691471897,"ACTR6"
"ENSG00000134686",1495.68493685496,0.018277682746532,0.215970128190807,0.0846306056288668,0.932555066574145,0.989223235315551,1399.37456055402,1227.5947322784,1403.11074351972,1906.14499270486,1630.34757285615,1890.1080984939,1742.5489270518,1325.94603236826,1345.70230538513,1085.97140333734,"PHC2"
"ENSG00000187866",203.537005695961,-0.0227111828913747,0.268617004014237,-0.0845485674844729,0.932620289776022,0.989223235315551,250.47547421112,233.827568053028,224.497718963156,113.191507880336,229.956118806568,210.441044673989,153.651608798155,158.193127505975,216.813384601168,244.32250346612,"FAM122A"
"ENSG00000168569",66.9940176023765,-0.0274183275848302,0.324340118072388,-0.0845357267173184,0.932630498677194,0.989223235315551,78.3340286142883,58.4568920132571,65.2033816106225,69.725968854287,33.0475859362733,57.919553579997,103.016419535127,87.2459066851134,52.1186020675885,64.8718371272112,"TMEM223"
"ENSG00000151062",8.25275042101721,-0.067652162756039,0.801692857760939,-0.0843866352320835,0.932749032923038,0.989266848837864,7.73669418412724,5.19616817895618,7.4282333480456,13.5829809456403,6.8849137367236,4.82662946499975,20.0794716043043,13.4224471823251,0,3.36996556504993,"CACNA2D4"
"ENSG00000182810",23.8707121575408,-0.0288422652590383,0.343232254459146,-0.0840313370446115,0.933031516514921,0.989266848837864,27.0784296444454,25.9808408947809,23.9354185659247,19.9217053869392,20.6547412101708,23.1678214319988,28.809676649654,15.339939636943,30.2287891992013,23.5897589553495,"DDX28"
"ENSG00000163659",631.365506614786,-0.0247461973327454,0.294658422180457,-0.0839826574432349,0.933070220405971,0.989266848837864,675.026567565102,778.126184798688,552.165345538056,546.941366077784,623.773184547158,970.15252246495,411.192657635971,465.950666472144,424.24542083017,866.081150217833,"TIPARP"
"ENSG00000196787",10.5462949923068,0.0503384824511963,0.600755102383348,0.0837920181642916,0.933221794284572,0.989266848837864,10.637954503175,16.8875465816076,9.90431113072746,4.52766031521344,6.8849137367236,7.7226071439996,10.4762460544197,11.5049547277073,4.16948816540708,22.747267564087,"HIST1H2AG"
"ENSG00000157429",16.8864296583569,0.0325784542776855,0.389685113841238,0.0836019984354813,0.933372877979434,0.989266848837864,14.5063015952386,14.2894624921295,14.8564666960912,22.6383015760672,19.2777584628261,13.5145625019993,19.2064510997694,19.1749245461788,18.7626967443319,12.6373708689372,"ZNF19"
"ENSG00000188581",14.3960336725326,0.0635325076631303,0.761334946435696,0.0834488262499538,0.933494666132289,0.989266848837864,39.6505576936521,6.49521022369523,8.25359260893955,1.81106412608538,2.75396549468944,22.2024955389988,10.4762460544197,25.8861481373413,10.4237204135177,16.0073364339872,"KRTAP1-1"
"ENSG00000116194",9.32938517414234,0.0721242856092159,0.864915571862692,0.0833888161521802,0.933542380957069,0.989266848837864,8.70378095714315,7.79425226843427,1.65071852178791,18.1106412608538,9.63887923141304,2.89597767899985,12.2222870634896,23.0099094554145,0,9.26740530388731,"ANGPTL1"
"ENSG00000171475",716.284292429419,0.0160281244797149,0.192306563757538,0.0833467364115729,0.933575839259445,0.989266848837864,570.581196079384,948.300692659504,663.58884575874,664.660534273334,846.844389617003,751.023544753961,635.558927301459,722.894655390939,630.635085017821,728.755053442048,"WIPF2"
"ENSG00000187187",18.047816843653,0.0383741030619771,0.460817059734595,0.0832740504096755,0.933633633386137,0.989266848837864,19.3417354603181,14.2894624921295,7.4282333480456,29.8825580804087,22.0317239575155,22.2024955389988,20.9524921088393,12.4637009550162,12.5084644962212,19.3773019990371,"ZNF546"
"ENSG00000138029",594.737672700282,0.0167233546154027,0.200929547509619,0.0832299421497582,0.933668704936276,0.989266848837864,623.770968595259,500.131187224533,625.622319757618,612.139674616858,673.344563451568,464.321754532976,610.241332669945,598.257645840777,466.982674525593,772.564605787697,"HADHB"
"ENSG00000233901",107.511885058157,0.0399047622156808,0.480157353604254,0.0831076769232827,0.933765921664123,0.989266848837864,61.893553473018,37.6722192974323,79.2344890458197,243.588124958483,112.912585282267,59.8502053659969,120.476829625826,179.285544506771,69.8389267705686,110.366372255385,"LINC01503"
"ENSG00000114650",188.903488876215,-0.0252619093240108,0.304443507564909,-0.0829773297715169,0.933869565659703,0.989266848837864,193.417354603181,162.380255592381,124.629248394987,283.431535732362,158.353015944643,181.481267883991,280.239581955726,222.429124735674,120.915156796805,161.758347122397,"SCAP"
"ENSG00000196663",241.953200378535,0.0252883566859058,0.30494013447747,0.0829289221939862,0.933908056657817,0.989266848837864,220.495784247626,346.844225945325,264.114963486066,126.774488825976,330.475859362733,193.06517859999,268.017294892236,195.584230371023,179.287991112504,294.871986941869,"TECPR2"
"ENSG00000174791",250.009752938753,0.0174624824982389,0.210972852114354,0.0827712301522742,0.93403344562041,0.989266848837864,277.553903855565,281.892123708373,216.244126354216,217.327695130245,300.182238921149,281.875160755985,298.57301255096,209.965423780657,216.813384601168,199.670459729208,"RIN1"
"ENSG00000267858",15.8414297523654,-0.0379304663784656,0.459031251269802,-0.0826315556370941,0.934144509298204,0.989266848837864,16.4404751412704,15.5885045368685,9.90431113072746,22.6383015760672,16.5237929681366,12.5492366089993,20.0794716043043,18.2161783188698,6.25423224811062,20.2197933902996,"MZF1-AS1"
"ENSG00000177150",222.506660672543,0.0178467513248097,0.216236493047194,0.0825334848587035,0.934222492087874,0.989266848837864,263.047602260326,252.014156679375,212.117330049746,156.657046906385,228.579136059223,258.707339323987,193.810552006764,196.542976598332,264.762498503349,198.827968337946,"FAM210A"
"ENSG00000198912",211.270423392276,-0.0177441478414297,0.215018807182057,-0.0825237014100151,0.934230271612323,0.989266848837864,200.186962014292,220.837147605638,259.162807920702,171.145559915068,177.630774407469,237.470169677988,201.667736547578,206.130438871422,269.974358710108,168.498278252497,"C1orf174"
"ENSG00000135365",590.643374714356,0.0195233476591514,0.237171683481292,0.0823173634077248,0.934394347276031,0.989266848837864,448.72826267938,659.913358727435,492.739478753691,741.630759631962,786.257148733835,547.339781330972,634.685906796924,679.751075162037,468.025046566945,447.362928760379,"PHF21A"
"ENSG00000105669",833.396809706503,0.0262863079666184,0.319403001173446,0.0822982497661131,0.934409546185205,0.989266848837864,977.72472751908,963.889197196372,1069.66560211857,286.14813192149,890.907837532034,833.076245658957,976.036924070098,666.328627979712,863.084050239265,807.106752829459,"COPE"
"ENSG00000203485",522.967747900954,-0.0186946618457304,0.227286192081874,-0.0822516391096744,0.934446610448725,0.989266848837864,554.140720938114,646.922938280045,557.942860364314,349.535376334478,623.773184547158,599.467379552969,548.256876847962,384.457237150884,459.68607023613,505.49483475749,"INF2"
"ENSG00000235173",14.142536756324,0.042105312588687,0.51259668161043,0.0821412117932646,0.934534421560915,0.989266848837864,15.4733883682545,19.4856306710857,16.5071852178791,4.52766031521344,9.63887923141304,15.4452142879992,13.0953075680246,7.6699698184715,21.8898128683872,17.6923192165121,"HGH1"
"ENSG00000223396",10.0253091910553,0.0470591918494651,0.572923742455024,0.0821386658681882,0.934536446074029,0.989266848837864,10.637954503175,2.59808408947809,9.07895186983351,16.2995771347684,15.1468102207919,6.75728125099965,8.73020504534971,8.62871604578044,15.6355806202765,6.73993113009986,"RPS10P7"
"ENSG00000106299",607.889412351338,-0.0197978730906709,0.241179044794738,-0.0820878659152184,0.934576842155292,0.989266848837864,705.006257528595,675.501863264304,658.636690193376,412.922620747466,598.987495094953,549.270433116972,428.653067726671,534.980394838387,681.711315044057,833.223985958596,"WASL"
"ENSG00000160256",166.689989241412,-0.0271356019574417,0.331704035649858,-0.081806668116892,0.934800453459868,0.989266848837864,161.503491093656,242.920862366202,196.435504092761,74.2536291695005,155.599050449953,126.457691982993,224.366269665488,207.089185098731,159.482922326821,118.79128616801,"FAM207A"
"ENSG00000145354",297.128695775468,0.0184919000060581,0.226085599833818,0.0817915869902832,0.934812446268234,0.989266848837864,327.842416052392,203.94960102403,350.777685879931,296.108984614959,221.6942223225,367.789165232981,294.207910028285,348.983626740453,297.076031785254,262.857314073895,"CISD2"
"ENSG00000164346",833.268339835869,-0.0290388728057012,0.355056410831822,-0.0817866455013987,0.93481637584056,0.989266848837864,610.231753773036,453.365673613927,1092.7756614236,1216.12956066633,918.447492478928,538.651848293972,1420.4043608784,895.468976306548,620.211364604303,566.996706319651,"NSA2"
"ENSG00000177951",837.379055388843,-0.0176288673751876,0.215832233462857,-0.0816785662287161,0.934902323070419,0.989266848837864,884.884397309553,948.300692659504,742.82333480456,797.773747540609,1091.94731864436,1013.59218764995,885.242791598461,741.110833709809,637.931689307283,630.183560664337,"BET1L"
"ENSG00000079974",202.410746335795,0.0146453152909531,0.179389979097467,0.0816395395363526,0.934933358218722,0.989266848837864,197.285701695245,214.341937381943,202.213018919019,191.067265302007,216.186291333121,220.094303603989,209.524921088393,232.975333236072,158.440550285469,181.978140512696,"RABL2B"
"ENSG00000105854",184.606533212347,0.0332047406411985,0.40695990529434,0.0815921672116145,0.934971030186794,0.989266848837864,177.943966234927,85.736774952777,132.057481743033,332.330267136667,106.027671545543,134.180299126993,166.74691636618,345.148641831218,159.482922326821,206.410390859308,"PON2"
"ENSG00000141699",315.063965491408,0.0269488954997409,0.331564514574477,0.0812779845705944,0.935220881822266,0.989338556677638,230.166651977786,297.480628245242,184.880474440246,533.358385132144,358.015514309627,300.216352722984,334.366853236894,448.693234380583,277.270962999571,186.190597469009,"RETREG3"
"ENSG00000121067",448.486469598243,-0.0185214261081652,0.227968155448928,-0.081245672544447,0.935246578106328,0.989338556677638,490.312993919064,501.430229269272,543.086393668223,272.565150975849,550.793098937888,452.737843816977,459.208785385395,386.374729605502,431.542025119633,396.81344528463,"SPOP"
"ENSG00000083896",329.102485516156,-0.0203470423947287,0.250735674713162,-0.0811493714167535,0.935323162411094,0.989338556677638,237.903346161913,279.294039618895,344.174811792779,466.349012466985,260.249739248152,308.904285759984,369.287673418293,346.107388058527,253.29640604848,425.458152587554,"YTHDC1"
"ENSG00000102935",8.77353417957987,-0.073090174789019,0.900859422596917,-0.0811338294917548,0.935335522317488,0.989338556677638,9.67086773015905,19.4856306710857,7.4282333480456,0,2.75396549468944,2.89597767899985,17.4604100906994,18.2161783188698,7.29660428946239,2.52747417378745,"ZNF423"
"ENSG00000177565",906.059282406668,0.017472773624175,0.216700817323675,0.0806308616643415,0.935735522045293,0.989672726565668,825.892104155583,1222.39856409944,628.0983975403,923.642704303543,833.074562143555,720.133116177963,936.751001366024,1054.62085003983,945.431441506055,970.550082734381,"TBL1XR1"
"ENSG00000221886",15.9283546092562,-0.0349826190076612,0.434297152866614,-0.0805499616489667,0.935799861642021,0.989672726565668,20.308822233334,14.2894624921295,13.2057481743033,17.2051091978111,9.63887923141304,20.2718437529989,20.0794716043043,8.62871604578044,14.5932085789248,21.0622847815621,"ZBED8"
"ENSG00000092931",125.687988396833,-0.0206398215776969,0.257468381451435,-0.0801644903399141,0.936106431841284,0.989682499090945,87.0378095714315,131.203246518644,107.296703916214,181.106412608538,159.729998691988,117.769758945994,127.460993662106,121.760770868235,97.9829718870663,125.53121729811,"MFSD11"
"ENSG00000213866",141.4363977634,-0.0218560100143388,0.27266676198082,-0.0801564879252729,0.936112796363225,0.989682499090945,114.116239215877,153.286961279207,190.657989266504,113.191507880336,112.912585282267,160.244098237992,134.445157698386,204.212946416804,99.0253439284181,132.27114842821,"YBX1P10"
"ENSG00000166189",118.465604772508,0.0335314823708263,0.418518049849161,0.0801195608717747,0.936142165431922,0.989682499090945,167.306011731752,158.483129458164,113.899578003366,28.0714939543234,139.075257481817,72.3994419749963,137.06421921199,97.7921151855117,110.491436383288,160.073364339872,"HPS6"
"ENSG00000138760",834.205302372525,0.022042422573979,0.27539132991225,0.0800403650361925,0.936205152281218,0.989682499090945,894.555265039713,494.935019045576,803.074560849818,1112.89890547946,702.261201145807,534.790544721972,779.607310549729,1005.72479244708,1101.78724770882,912.418176737269,"SCARB2"
"ENSG00000205356",177.636381616158,0.0192005630879581,0.240475044742061,0.0798443061256234,0.936361085594275,0.989682499090945,136.359234995243,193.557264666118,150.2153854827,224.571951634587,231.333101553913,160.244098237992,202.540757052113,174.491813370227,126.127017003564,176.923192165121,"TECPR1"
"ENSG00000241058",28.1361773213724,-0.0276447432101053,0.34649545101459,-0.0797838561203544,0.936409164338318,0.989682499090945,19.3417354603181,23.3827568053028,28.0622148703945,42.5600069630064,34.424568683618,25.0984732179987,31.428738163259,25.8861481373413,20.8474408270354,30.3296900854494,"NSUN6"
"ENSG00000099910",145.21700147325,-0.0206524807296362,0.259272463224578,-0.0796555117068001,0.936511243480273,0.989682499090945,132.490887903179,128.605162429166,109.772781698896,214.611098941117,165.237929681366,126.457691982993,179.842223934204,155.316888824048,108.406692300584,131.428657036947,"KLHL22"
"ENSG00000101079",266.301749925422,0.0231265071713613,0.290450020537066,0.0796230178555282,0.936537087734972,0.989682499090945,344.282891193662,287.088291887329,252.55993383355,171.145559915068,342.868704088835,198.85713395799,199.921695538508,232.975333236072,227.237105014686,406.080850588517,"NDRG3"
"ENSG00000236204",8.21484880685833,-0.0425439777340848,0.53456458918843,-0.0795862251157987,0.936566351227056,0.989682499090945,12.5721280492068,5.19616817895618,7.4282333480456,8.1497885673842,6.8849137367236,8.68793303699955,8.73020504534971,11.5049547277073,6.25423224811062,6.73993113009986,"LINC01376"
"ENSG00000139131",88.9089853441048,-0.0183687631982613,0.230832222749485,-0.0795762523077049,0.936574283219509,0.989682499090945,94.7745037555587,103.923363579124,100.693829829063,59.7651161608175,81.2419820933385,83.9833526909956,83.8099684353572,92.039637821658,88.6016235149004,100.256475560235,"YARS2"
"ENSG00000184719",42.4464455160514,0.031205090761217,0.392457493078652,0.0795120269367953,0.936625365788851,0.989682499090945,62.8606402460339,44.1674295211276,42.9186815664857,18.1106412608538,33.0475859362733,35.7170580409981,28.809676649654,48.8960575927558,41.6948816540708,68.2418026922611,"RNLS"
"ENSG00000161682",19.9282029000396,-0.0439757420508477,0.554059605854805,-0.0793700561927841,0.936738285180426,0.989723402475746,14.5063015952386,48.0645556553447,11.5550296525154,8.1497885673842,15.1468102207919,19.306517859999,26.1906151360491,27.8036405919592,8.33897633081416,20.2197933902996,"FAM171A2"
"ENSG00000164970",339.929838325263,0.016394433766262,0.208381131647132,0.078675231469728,0.937290946822234,0.990168663765473,269.817209671438,457.262799748144,338.397296966522,286.14813192149,346.999652330869,399.644919701979,307.30321759631,317.345001239258,381.508167134748,294.871986941869,"FAM219A"
"ENSG00000239213",13.1278781777994,-0.0410572399791194,0.522001113420358,-0.0786535486679255,0.937308193749651,0.990168663765473,12.5721280492068,14.2894624921295,13.2057481743033,13.5829809456403,12.3928447261025,6.75728125099965,23.5715536224442,17.2574320915609,4.16948816540708,13.4798622601997,"NCK1-AS1"
"ENSG00000113384",1400.33820970057,0.0177665167347282,0.226331315948316,0.0784978281078225,0.937432057812454,0.990221079918002,1639.21208026196,1480.90793100251,1568.18259569851,872.027376710109,1330.165333935,1748.20519222291,1135.7996764,1197.47403790886,1520.82080833223,1510.58706453363,"GOLPH3"
"ENSG00000089234",198.071245347445,0.0147344540428542,0.188059681190506,0.0783498831306006,0.93754973838305,0.990266956586263,213.726176836515,216.940021471421,193.134067049185,164.806835473769,174.876808912779,207.545066994989,165.873895861645,194.625484143714,211.601524394409,237.58257233602,"BRAP"
"ENSG00000149269",278.289020126501,-0.0190468719620705,0.244001662690933,-0.0780604187365575,0.937779992353554,0.990431719830484,324.941155733344,265.004577126765,324.366189531324,207.366842436776,253.364825511428,358.135906302981,221.747208151883,206.130438871422,360.660726307712,261.17233129137,"PAK1"
"ENSG00000101986",130.538333026288,-0.0265377613544874,0.341163828476697,-0.0777859759429334,0.937998302222132,0.990462630780252,140.227582087306,205.248643068769,120.502452090517,62.4817123499455,184.515688144192,93.6366116209951,131.826096184781,159.151873733284,90.6863675976039,117.106303385485,"ABCD1"
"ENSG00000182010",12.1086248841565,0.04930680717864,0.634245823602103,0.0777408464412259,0.938034201645949,0.990462630780252,13.5392148222227,10.3923363579124,14.8564666960912,9.05532063042689,1.37698274734472,10.6185848229995,13.9683280725595,13.4224471823251,5.21186020675885,28.6447073029244,"RTKN2"
"ENSG00000241258",519.398425582626,-0.0176443352114864,0.227312772132266,-0.0776213982433848,0.938129220397313,0.990462630780252,499.983861649223,689.791325756433,569.497890016829,335.046863325795,466.79715134986,545.409129544972,489.764503044119,422.807086243242,569.135134578066,605.751310317725,"CRCP"
"ENSG00000170631",67.290294943621,0.0243104593126333,0.314461900056759,0.077308123204259,0.938378428866704,0.990462630780252,52.2226857428589,53.2607238343009,80.0598483067136,79.6868215477566,93.6348268194409,84.9486785839956,75.0797633900075,57.5247736385363,59.4152063570509,37.0696212155493,"ZNF16"
"ENSG00000148337",1730.9757461926,0.0183893553107142,0.238216866358319,0.0771958576730391,0.938467736913332,0.990462630780252,1563.77931196672,2047.29026250874,1857.0583370114,1402.66916565313,2310.57705004444,1608.23293773792,2256.7580042229,1682.59962892719,1407.20225582489,1173.59050802864,"CIZ1"
"ENSG00000153132",9.76435930281502,0.0453305178396026,0.587395311295071,0.0771720798037344,0.93848665248067,0.990462630780252,11.6050412761909,7.79425226843427,12.3803889134093,6.33872444129882,13.7698274734472,1.9306517859999,7.85718454081474,12.4637009550162,8.33897633081416,15.1648450427247,"CLGN"
"ENSG00000144355",30.3837142422702,0.0478122148883792,0.623750904355057,0.0766527383841085,0.938899803167271,0.990462630780252,38.6834709206362,53.2607238343009,5.77751482625769,21.7327695130245,35.8015514309627,65.6421607239966,11.3492665589546,17.2574320915609,41.6948816540708,12.6373708689372,"DLX1"
"ENSG00000141441",36.2801038148516,-0.029646429069798,0.387086668536436,-0.0765886078740205,0.938950821932489,0.990462630780252,40.617644466668,48.0645556553447,42.9186815664857,15.3940450717257,41.3094824203416,26.0637991109986,29.682697154189,28.7623868192681,56.2880902329956,33.6996556504993,"GAREM1"
"ENSG00000079337",26.02451007315,0.0347855206421496,0.454387105144057,0.0765548147127136,0.938977706044691,0.990462630780252,30.946776736509,18.1865886263466,32.1890111748642,20.8272374499818,34.424568683618,45.3703169709976,17.4604100906994,11.5049547277073,15.6355806202765,33.6996556504993,"RAPGEF3"
"ENSG00000139675",46.1585757981891,-0.0254994937042617,0.333202239682127,-0.076528578345056,0.938998578406002,0.990462630780252,61.893553473018,29.8779670289981,38.7918852620159,55.237455845604,46.8174134097205,48.2662946499975,36.6668611904688,53.6897887293005,62.5423224811062,27.8022159116619,"HNRNPA1L2"
"ENSG00000264247",94.1604713319805,0.0197500686067875,0.258561063460531,0.076384542755419,0.939113166769958,0.990462630780252,101.54411116667,68.8492283711694,119.677092829623,82.4034177368847,101.896723303509,102.324544657995,112.619645085011,62.318504775081,103.194832093825,86.7766133000358,"LINC00909"
"ENSG00000115468",11.582939677112,-0.15332865359095,2.01031280745344,-0.0762710425076477,0.939203463450624,0.990462630780252,1.93417354603181,46.7655136106057,0.825359260893955,0,0,1.9306517859999,0.873020504534971,0,10.4237204135177,53.0769576495364,"EFHD1"
"ENSG00000031698",2378.83540975497,0.0166210313314762,0.218010263171648,0.0762396737184333,0.939228419459552,0.990462630780252,1815.22187295085,2521.44060883849,2712.13053129754,2399.65996706313,3138.14368119862,2471.23428607987,2512.55301205165,2312.49590026916,2340.12523283472,1565.34900496569,"SARS"
"ENSG00000241685",2848.26888033381,-0.0130822491320259,0.171619265971295,-0.076228324704605,0.939237448387948,0.990462630780252,2635.31145646834,3064.44018353941,3331.9753362289,2423.20380070224,2815.92971831995,3392.15518800182,2316.99641903581,2858.02250360794,3048.93822095393,2595.71597647971,"ARPC1A"
"ENSG00000058600",166.430750003626,-0.0136240796639369,0.179248701594245,-0.0760065737869438,0.939413868203748,0.990462630780252,180.845226553974,151.987919234468,147.739307700018,188.350669112879,163.860946934022,163.140075916992,158.889731825365,159.151873733284,197.008315815484,153.333433209772,"POLR3E"
"ENSG00000176728",45.5821668722419,0.0955935232925335,1.26052071370538,0.075836535055049,0.939549149035199,0.990462630780252,50.2885121968271,0,48.6961963927434,76.0646932955859,35.8015514309627,33.7864062549982,71.5876813718676,88.2046529124223,0,51.3919748670115,"TTTY14"
"ENSG00000198768",133.097761956855,0.0376297530374761,0.496252444214091,0.075827844227689,0.939556063402953,0.990462630780252,163.437664639688,106.521447668602,174.150804048625,79.6868215477566,97.7657750614751,285.736464327985,48.0161277494234,76.699698184715,236.618453386852,62.3443629534237,"APCDD1L"
"ENSG00000221869",504.529243956099,-0.0417070100423851,0.550222354081377,-0.0758002828002454,0.939577991131948,0.990462630780252,553.173634165098,924.917935854201,457.249030535251,118.624700258592,419.97973794014,129.353669661993,615.479455697155,1037.36341794827,209.516780311706,579.634077188588,"CEBPD"
"ENSG00000167193",1767.80125396652,0.0165242654800056,0.218046626459216,0.0757831742152467,0.939591602656651,0.990462630780252,1993.16583918578,1871.91958646897,2034.5105781036,1122.85975817293,1915.38300155651,1918.1025493909,1421.27738138293,1500.43784573849,2080.57459453813,1819.78140512696,"CRK"
"ENSG00000179397",5.92501959741986,0.0589199394592835,0.782974825599798,0.0752513842499953,0.940014701496262,0.990754941956475,5.80252063809543,1.29904204473905,4.12679630446978,11.771916819555,5.50793098937888,2.89597767899985,10.4762460544197,9.58746227308938,1.04237204135177,6.73993113009986,"CATSPERE"
"ENSG00000198952",873.821657782017,0.0182842412021906,0.242986727280735,0.0752479010142225,0.940017472858757,0.990754941956475,809.451629014313,1240.58515272579,870.754020243123,548.752430203869,1072.66956018154,924.782205493952,913.17944774358,709.472208208614,917.287396389557,731.282527615835,"SMG5"
"ENSG00000136114",35.7424921444317,0.0278159123505466,0.371294393274675,0.0749160581317181,0.940281499919945,0.990776473333925,34.8151238285726,23.3827568053028,47.8708371318494,34.4102183956222,41.3094824203416,62.7461830449967,24.4445741269792,26.8448943646503,31.2711612405531,30.3296900854494,"THSD1"
"ENSG00000170113",154.497381845543,-0.0188392571012055,0.252100725907359,-0.074729087087708,0.940430264223361,0.990776473333925,114.116239215877,128.605162429166,164.246492917897,215.51663100416,117.043533524301,180.515941990991,125.714952653036,153.39939636943,186.584595401967,159.230872948609,"NIPA1"
"ENSG00000174444",22913.4700676832,0.0246882517582638,0.330422615412943,0.074717197330485,0.940439724429423,0.990776473333925,19301.1178158514,16547.197565886,19598.155649927,35266.8517272606,33456.5498122347,16254.1573863332,29137.0593388547,28350.1259415253,19731.0603707476,11492.4250682115,"RPL4"
"ENSG00000103187",5841.91260302299,-0.0234410338420209,0.315423359371205,-0.0743160997611291,0.940758866698537,0.990776473333925,5894.39388153194,6338.0261362818,7618.06597805121,3745.28061274456,4472.43996337565,7309.44766179562,4676.77084279384,4834.95722431897,9956.7377389921,3573.00599034419,"COTL1"
"ENSG00000141522",2130.92356893874,0.0259609415368838,0.349511383209151,0.0742778140686437,0.940789330065862,0.990776473333925,2128.55798740801,3198.24151414753,2426.55622702823,679.149047282017,2300.93817081303,2758.90140219386,1993.97883235787,1518.65402405736,2332.82862854526,1971.42985555421,"ARHGDIA"
"ENSG00000168938",162.089101541422,0.0282086073105071,0.379838847504078,0.0742646717045029,0.940799787273375,0.990776473333925,148.931363044449,77.9425226843427,113.899578003366,299.73111286713,99.1427578088198,165.070727702991,178.096182925134,257.902735146104,138.635481499785,141.538553732097,"PPIC"
"ENSG00000136826",695.386010354794,0.0283424391237216,0.382267042173692,0.0741430361418487,0.940896571586203,0.990776473333925,525.128117747637,1426.34816512347,482.00980836207,316.936222064941,702.261201145807,629.392482235967,754.289715918215,1023.94097076595,470.109790649648,623.443629534238,"KLF4"
"ENSG00000087510",87.4437790320936,-0.0256050363911667,0.345929331798464,-0.0740181130580856,0.940995972658267,0.990776473333925,88.0048963444474,111.717615847558,75.1076927413499,79.6868215477566,61.9642236305124,94.6019375139951,76.8258043990775,40.2673415469754,97.9829718870663,148.278484862197,"TFAP2C"
"ENSG00000125352",77.4038155314272,-0.021586841425848,0.291951090029044,-0.0739399240595418,0.94105818797092,0.990776473333925,74.4656815222247,96.1291113106894,91.614877959229,50.7097955303906,81.2419820933385,78.1913973329959,113.492665589546,56.5660274112273,62.5423224811062,69.0842940835236,"RNF113A"
"ENSG00000221949",11.8214474622326,0.0369788725540659,0.50015063343667,0.073935470800015,0.941061731458952,0.990776473333925,11.6050412761909,19.4856306710857,11.5550296525154,4.52766031521344,11.0158619787578,13.5145625019993,15.7143690816295,11.5049547277073,8.33897633081416,10.9523880864123,"LINC01465"
"ENSG00000188215",442.045883072679,0.0171939713362744,0.232841810651806,0.073844002879648,0.941134513345576,0.990776473333925,350.085411831758,604.054550803656,334.270500662052,468.16007659307,520.499478496304,505.830767931974,370.160693922828,495.671799518721,347.109889770139,424.615661196292,"DCUN1D3"
"ENSG00000049130",1140.96624051339,0.036298430311233,0.491861026025063,0.07379814295224,0.94117100470726,0.990776473333925,1109.24852864924,1234.08994250209,1833.94827770637,317.841754127984,806.911889944006,947.950026925951,453.09764185365,676.87483648011,2548.59964110508,1481.09986583945,"KITLG"
"ENSG00000143891",66.2348418291093,0.0363556233472945,0.493160170211267,0.0737197071931416,0.941233417383018,0.990776473333925,97.6757640746064,76.6434806396037,75.1076927413499,11.771916819555,53.7023271464441,65.6421607239966,38.4129021995387,41.2260877742843,105.279576176529,96.8865099951856,"GALM"
"ENSG00000246174",10.4650648463552,-0.0405798022070847,0.550972356589379,-0.073651248963344,0.94128789106293,0.990776473333925,5.80252063809543,10.3923363579124,10.7296703916214,15.3940450717257,15.1468102207919,2.89597767899985,13.9683280725595,9.58746227308938,11.4660924548695,9.26740530388731,"KCTD21-AS1"
"ENSG00000180855",8.35674206744489,-0.0485137662714495,0.658840828036026,-0.0736350332387063,0.94130079430263,0.990776473333925,5.80252063809543,9.09329431317332,5.77751482625769,13.5829809456403,4.13094824203416,5.7919553579997,1.74604100906994,14.3811934096341,11.4660924548695,11.7948794776748,"ZNF443"
"ENSG00000100911",365.283624723831,0.0179385834840001,0.24397807637652,0.073525391094224,0.941388039581879,0.990790110787841,422.616919807951,328.657637318979,434.964330491114,263.509830345422,346.999652330869,300.216352722984,395.478288554342,298.17007669308,537.863973337513,324.359185636056,"PSME2"
"ENSG00000125746",97.5647811437628,-0.0245493576569365,0.33525233838967,-0.0732265068600426,0.941625873581676,0.990962224884307,74.4656815222247,62.3540181474742,78.4091297849257,178.38981641941,89.5038785774068,92.6712857279952,64.6035173355879,108.33832368591,115.703296590046,111.208863646648,"EML2"
"ENSG00000115947",128.787909406098,0.0172416186377468,0.236126326597484,0.0730186205248427,0.941791300026828,0.991058116495014,157.635144001593,119.511868115992,146.08858917823,88.7421421781835,93.6348268194409,139.972254484993,124.841932148501,133.265725595942,137.593109458434,146.593502079672,"ORC4"
"ENSG00000163932",149.419651879249,-0.0149204988339413,0.204759772112792,-0.0728683113874649,0.941910910733835,0.991067939908135,146.030102725402,177.968760129249,157.643618830745,120.435764384678,159.729998691988,161.209424130992,137.937239716525,117.925785958999,141.762597623841,173.553226600072,"PRKCD"
"ENSG00000100221",1144.97783653605,0.0154145227051209,0.211679426206274,0.0728201270259492,0.941949254425696,0.991067939908135,999.00063652543,1189.92251298097,1208.32595794875,1152.74231625334,1272.33205854652,1629.47010738392,1045.8785644329,967.374943354718,1141.39738528019,843.333882653746,"JOSD1"
"ENSG00000141664",85.5486902142301,0.0162291990099635,0.223470963254932,0.0726233009138172,0.942105884229162,0.991104083648878,83.1694624793679,88.3348590422551,79.2344890458197,89.6476742412262,88.1268958300621,66.6074866169966,101.270378526057,79.5759368666419,75.0507869773274,104.468932516548,"ZCCHC2"
"ENSG00000102977",118.618709173052,-0.0229388606916103,0.316004958490131,-0.0725901922590455,0.942132231573853,0.991104083648878,114.116239215877,167.576423771337,142.787152134654,55.237455845604,111.535602534922,118.735084838994,150.159526780015,121.760770868235,125.084644962212,79.1941907786734,"ACD"
"ENSG00000128591",2628.86408417315,-0.0156131551486467,0.215944394560551,-0.0723017385119891,0.942361781187106,0.991229564701468,1954.48236826514,3259.29649025027,2953.96079473947,2416.86507626094,2464.79911774705,1883.3508172429,2548.34685273758,2670.10824305539,3342.88713661513,2794.54394481766,"FLNC"
"ENSG00000153879",1058.46175713669,-0.0212717124258687,0.294403833852877,-0.072253517039791,0.9424001559882,0.991229564701468,990.296855568287,963.889197196372,1146.4240133817,1169.94742545115,1141.51869754877,1540.66012522792,939.370062879629,1059.41458117638,1192.47361530642,440.622997630279,"CEBPG"
"ENSG00000245556",36.2826031183527,0.0252130919406689,0.34955398287807,0.0721293224384848,0.942498991062717,0.991249162626397,39.6505576936521,31.1770090737371,31.3636519139703,41.6544748999637,35.8015514309627,27.0291250039986,45.3970662358185,27.8036405919592,23.9745569510907,58.9743973883738,"SCAMP1-AS1"
"ENSG00000079691",58.8829055929287,0.0220522326022673,0.306227812134187,0.0720125074485532,0.942591954190493,0.991249162626397,59.9593799269861,66.2511442816913,56.1244297407889,50.7097955303906,82.6189648406832,30.8904285759984,52.3812302720983,50.8135500473737,75.0507869773274,64.0293457359487,"CARMIL1"
"ENSG00000129968",699.085402192626,0.0279697817185515,0.38924246212033,0.0718569643357794,0.942715738955209,0.991249162626397,733.051773946056,1143.15699937036,562.895015929677,325.991542695368,659.574735978121,427.639370598978,881.750709580321,1091.05320667757,332.516681191215,833.223985958596,"ABHD17A"
"ENSG00000213462",28.1840185814695,0.0409094946951771,0.569321848103183,0.071856533929755,0.942716081484083,0.991249162626397,12.5721280492068,9.09329431317332,21.4593407832428,67.009372665159,44.063447915031,31.8557544689983,10.4762460544197,29.7211330465771,21.8898128683872,33.6996556504993,"ERV3-1"
"ENSG00000069998",530.211143278571,-0.0181160283452741,0.253775421940404,-0.071386063341975,0.943090501152861,0.991443102583964,565.745762214305,528.710112208792,466.327982405085,575.91839209515,623.773184547158,497.142834894974,738.575346836586,601.133884522704,323.135332819049,381.648600241905,"HDHD5"
"ENSG00000198380",698.926308736845,-0.0225587493587484,0.316408894282601,-0.0712961922574782,0.943162025657825,0.991443102583964,472.905432004778,706.678872338041,754.378364457075,888.326953844878,385.555169256522,1046.41326801195,419.049842176786,673.039851570874,914.160280265502,728.755053442048,"GFPT1"
"ENSG00000214226",21.4843876401474,-0.0322191402845156,0.454050695683344,-0.0709593457092406,0.943430111314276,0.991443102583964,18.3746486873022,41.5693454316495,18.157903739667,9.96085269346958,17.9007757154814,21.2371696459989,15.7143690816295,15.339939636943,27.101673075146,29.4871986941869,"C17orf67"
"ENSG00000185920",48.0522513873754,0.0267030716018614,0.376650956518823,0.0708960674059166,0.943480473257158,0.991443102583964,41.5847312396839,61.0549761027352,25.5861370877126,62.4817123499455,48.1943961570652,27.0291250039986,56.7463327947731,74.7822057300972,33.3559053232566,49.7069920844865,"PTCH1"
"ENSG00000225953",7.9780221543599,-0.0441494860720796,0.623183641442172,-0.0708450657817475,0.943521064599754,0.991443102583964,3.86834709206362,15.5885045368685,10.7296703916214,2.71659618912807,8.26189648406832,9.6532589299995,8.73020504534971,5.75247736385363,5.21186020675885,9.26740530388731,"SATB2-AS1"
"ENSG00000198876",439.071492566375,-0.0173074481827096,0.244357982716035,-0.0708282495637655,0.943534448379515,0.991443102583964,445.827002360332,446.870463390232,558.768219625208,316.936222064941,466.79715134986,620.704549198968,363.176529886548,325.973717285039,469.067418608296,376.59365189433,"DCAF12"
"ENSG00000113504",33.378866225462,-0.036031284321835,0.50926294477991,-0.0707518280903135,0.943595271303377,0.991443102583964,28.0455164174613,31.1770090737371,7.4282333480456,68.8204367912444,41.3094824203416,17.3758660739991,43.6510252267486,38.3498490923575,28.1440451164978,29.4871986941869,"SLC12A7"
"ENSG00000129474",851.966318735517,-0.0132595746899238,0.187787880899027,-0.0706093206145369,0.943708692153129,0.991443102583964,838.46423220479,796.312773425035,959.067461158776,831.278433873189,1038.24499149792,1029.03740193795,885.242791598461,697.008507253598,743.211265483812,701.795328921648,"AJUBA"
"ENSG00000125458",243.024275191464,0.0187607737844545,0.267277011450498,0.0701922461742625,0.944040645761293,0.991443102583964,256.277994849215,285.78924984259,249.258496789974,173.862156104196,227.202153311879,194.99583038599,340.477996768639,314.468762557332,230.364221138741,157.545890166084,"NT5C"
"ENSG00000145675",453.654803398518,-0.0277500514952883,0.395518173552646,-0.0701612551606168,0.944065312199416,0.991443102583964,530.930638385732,672.903779174826,441.567204578266,191.067265302007,462.666203107826,411.228830417979,278.493540946656,325.973717285039,316.881100570938,904.835754215907,"PIK3R1"
"ENSG00000215883",20.58107337326,-0.0320404180648983,0.456984882445667,-0.0701126433185845,0.944104003555415,0.991443102583964,18.3746486873022,33.7750931632152,12.3803889134093,19.0161733238965,35.8015514309627,19.306517859999,17.4604100906994,8.62871604578044,20.8474408270354,20.2197933902996,"CYB5RL"
"ENSG00000164114",65.0837813117728,0.0232293995884956,0.331367965933015,0.0701015245184905,0.944112853299339,0.991443102583964,103.478284712702,63.6530601922132,40.4426037838038,50.7097955303906,50.9483616517546,56.954227686997,53.2542507766332,61.359758547772,95.8982278043628,74.1392424310985,"MAP9"
"ENSG00000163541",352.165941957888,0.0129804594293512,0.18516702448321,0.0701013556035632,0.944112987743203,0.991443102583964,426.485266900014,281.892123708373,375.53846370675,316.030690001898,359.392497056972,287.667116113985,366.668611904688,342.272403149291,399.228491837728,366.48375519918,"SUCLG1"
"ENSG00000137824",173.492527394872,-0.0198051380921951,0.282551950925298,-0.0700937934682011,0.944119006648618,0.991443102583964,172.141445596831,102.624321534385,148.564666960912,275.281747164977,174.876808912779,141.902906270993,191.191490493159,199.419215280259,190.754083567374,138.168588167047,"RMDN3"
"ENSG00000239305",130.72137458223,-0.0235272644415058,0.336404712068576,-0.0699373807722104,0.944243500403909,0.991443102583964,100.577024393654,76.6434806396037,114.72493726426,235.438336391099,119.797499018991,104.255196443995,131.826096184781,194.625484143714,106.321948217881,123.003743124323,"RNF103"
"ENSG00000061656",129.333550961008,0.0341061432113043,0.487892520271991,0.0699050339863597,0.944269246392195,0.991443102583964,60.926466700002,84.437732908038,90.7895186983351,273.470683038892,151.468102207919,125.492366089993,183.334305952344,210.924170007966,59.4152063570509,53.0769576495364,"SPAG4"
"ENSG00000118242",37.7037153239923,-0.025723639233677,0.368947346166762,-0.0697217082625391,0.944415163130701,0.991443102583964,30.946776736509,44.1674295211276,53.6483519581071,23.5438336391099,42.6864651676863,45.3703169709976,18.3334305952344,44.1023264562111,31.2711612405531,42.9670609543866,"MREG"
"ENSG00000106443",146.358617882424,0.0161580167965248,0.231963201994162,0.0696576726722863,0.944466132219511,0.991443102583964,154.733883682545,126.007078339687,142.787152134654,158.468111032471,107.404654292888,108.116500015994,192.064510997694,162.986858642519,150.101573954655,160.915855731134,"PHF14"
"ENSG00000143147",126.28074088671,-0.0195280307463968,0.28053646026227,-0.0696095998649881,0.944504395890429,0.991443102583964,96.7086773015905,141.595582876556,85.8373631329713,184.728540860709,170.745860670745,142.868232163993,103.889440039662,114.090801049764,109.449064341936,112.893846429173,"GPR161"
"ENSG00000184967",70.2206566629953,0.0230975518383936,0.331826037604072,0.0696074123814029,0.944506137026493,0.991443102583964,67.6960741111134,93.5310272212113,81.7105668285016,36.2212825217076,56.4562926411335,55.9889017939971,103.016419535127,50.8135500473737,75.0507869773274,81.7216649524609,"NOC4L"
"ENSG00000162695",196.635465271832,-0.030215501148897,0.434318296101174,-0.0695699477091757,0.944535957219154,0.991443102583964,143.128842406354,131.203246518644,97.3923927854867,424.694537567021,111.535602534922,160.244098237992,165.873895861645,362.406073922779,202.220176022243,167.655786861234,"SLC30A7"
"ENSG00000080815",234.285822731981,-0.0260345017430844,0.376360245485486,-0.0691744201343614,0.944850784098099,0.991446544621485,153.766796909529,140.296540831817,158.468978091639,494.420506421308,174.876808912779,248.088754500987,243.572720765257,327.891209739657,222.025244807927,179.450666338909,"PSEN1"
"ENSG00000163166",181.769055144686,-0.0186613407777915,0.269844643902581,-0.0691558687543511,0.944865550595404,0.991446544621485,177.943966234927,155.885045368685,235.227389354777,163.901303410727,129.436378250404,153.486816986992,208.651900583858,125.595755777471,206.38966418765,261.17233129137,"IWS1"
"ENSG00000156642",370.817605574185,0.024901784265939,0.360522817606257,0.0690713126877184,0.944932855635755,0.991446544621485,279.488077401597,222.136189650377,272.368556095005,693.6375602907,221.6942223225,430.535348277978,293.33488952375,529.227917474534,456.558954112075,309.194340593331,"NPTN"
"ENSG00000109919",962.962826920808,-0.0132103752562176,0.191515285128864,-0.0689781771064841,0.945006990263455,0.991446544621485,1167.2737350302,975.580575599023,1063.88808729231,666.471598399419,907.43163050017,1095.64488855494,911.43340673451,881.087782896914,1029.86357685555,930.952987345044,"MTCH2"
"ENSG00000114859",19.6582123835535,-0.0309507832282585,0.44978789479898,-0.0688119524472553,0.945139303964139,0.991446544621485,22.2429957793658,12.9904204473905,12.3803889134093,31.6936222064941,22.0317239575155,12.5492366089993,22.6985331179092,30.679879273886,16.6779526616283,12.6373708689372,"CLCN2"
"ENSG00000110628",36.4350404217291,-0.0376730555528421,0.548441341850011,-0.0686911300773986,0.945235478700638,0.991446544621485,33.8480370555567,12.9904204473905,14.0311074351972,86.9310780520981,34.424568683618,18.341191966999,54.1272712811682,49.8548038200648,21.8898128683872,37.9121126068117,"SLC22A18"
"ENSG00000203721",28.8714471775686,0.0368922503419023,0.53853609592927,0.0685046937814687,0.945383883758548,0.991446544621485,31.9138635095249,6.49521022369523,34.6650889575461,39.8434107738783,30.2936204415838,28.9597767899985,17.4604100906994,20.1336707734877,64.6270665638097,14.3223536514622,"LINC00862"
"ENSG00000157191",615.42437593491,-0.0184245008200282,0.269309334621217,-0.0684138960349897,0.945456160311636,0.991446544621485,707.907517847643,761.238638217081,694.127138411816,317.841754127984,626.527150041847,528.998589363973,531.669487261797,490.878068382176,771.35531060031,723.700105094473,"NECAP2"
"ENSG00000106780",203.679516706308,0.0169603386255459,0.247951008591268,0.0684019747364848,0.945465649901701,0.991446544621485,154.733883682545,254.612240768853,189.007270744716,210.988970688947,231.333101553913,190.16920092099,126.587973157571,260.778973828031,197.008315815484,221.575235902033,"MEGF9"
"ENSG00000170242",327.678814097555,-0.0136751889633245,0.200049456971941,-0.0683590406608433,0.945499826341606,0.991446544621485,302.698159953978,350.741352079542,320.239393226855,345.913248082307,242.348963532671,334.002758977983,334.366853236894,264.613958737267,364.830214473119,417.033238674929,"USP47"
"ENSG00000103994",799.376218305994,-0.0173313006124999,0.253544970581301,-0.0683559234985595,0.945502307673173,0.991446544621485,855.871794119076,1136.66178914667,622.320882714042,606.706482238602,974.903785120062,610.085964375968,589.288840561106,775.625697892931,839.109493288174,983.187453603318,"ZNF106"
"ENSG00000134809",275.062869932808,-0.0220370076202341,0.322906058944741,-0.0682458783593321,0.945589906427563,0.991446544621485,298.829812861915,301.377754379459,403.600678577144,106.852783439037,205.170429354363,305.042982187984,316.906443146195,289.541360647299,294.991287702551,228.315167032133,"TIMM10"
"ENSG00000170265",183.622979365615,0.0158190575399961,0.231896387262999,0.0682160585885079,0.945613643843596,0.991446544621485,144.09592917937,228.631399874072,220.370922658686,137.640873582489,176.253791660124,185.34257145599,215.636064620138,159.151873733284,154.271062120062,214.835304771933,"ZNF282"
"ENSG00000049541",153.815273393075,0.0293544923258131,0.431079415246018,0.0680953237098097,0.945709752857062,0.991446544621485,142.161755633338,220.837147605638,196.435504092761,48.8987314043052,95.0118095667857,263.533968788986,123.095891139431,92.039637821658,227.237105014686,128.90118286316,"RFC2"
"ENSG00000170315",1323.973107488,-0.0224931459066302,0.330433675121628,-0.068071590761295,0.945728645173167,0.991446544621485,1410.97960183021,1723.82879336871,1616.87879209126,594.934565419047,1007.95137105633,1223.06790643094,1411.67415583305,980.797390537044,1071.55845850962,2198.06003980382,"UBB"
"ENSG00000104863",35.4671638456917,0.0224820461483483,0.331276526822206,0.0678648933083457,0.945893185378355,0.991541099849966,29.0126031904772,36.3731772526933,43.7440408273796,31.6936222064941,27.5396549468944,30.8904285759984,54.1272712811682,44.1023264562111,30.2287891992013,26.9597245203995,"LIN7B"
"ENSG00000168067",95.5812156962484,0.0173165144667265,0.255617824560299,0.0677437674642349,0.945989607916478,0.991564240866242,104.445371485718,109.11953175808,75.9330520022439,90.5532063042689,104.650688798199,113.908455373994,101.270378526057,55.6072811839184,100.06771596977,100.256475560235,"MAP4K2"
"ENSG00000105819",362.825095436086,-0.0165803812292178,0.245839557278171,-0.0674439110320104,0.946228312797367,0.99164692256049,321.072808641281,290.985418021546,367.28487109781,480.837525475668,446.142410139689,228.782236640988,349.208201813988,420.889593788624,308.542124240124,414.505764501142,"PMPCB"
"ENSG00000117620",220.350921641515,0.0235868459433271,0.349911652993212,0.0674080035390666,0.946256897780317,0.99164692256049,223.397044566674,118.212826071253,157.643618830745,373.079209973588,152.845084955264,204.649089315989,171.985039393389,350.901119195071,259.550638296591,191.245545816584,"SLC35A3"
"ENSG00000057252",141.778528728311,0.0200614860143128,0.297805120156289,0.0673644764864504,0.946291548581192,0.99164692256049,123.787106946036,133.801330608122,118.85173356873,186.539604986794,82.6189648406832,110.047151801994,130.080055175711,228.181602099527,148.016829871951,155.860907383559,"SOAT1"
"ENSG00000005194",169.80785861578,0.0183984919289456,0.273988342651779,0.0671506376909214,0.946461781786887,0.991676725533409,203.08822233334,136.3994146976,155.992900308958,179.295348482452,95.0118095667857,158.313446451992,174.604100906994,166.821843551755,169.906642740338,258.644857117582,"CIAPIN1"
"ENSG00000141452",114.781303575186,0.0131713148579229,0.196171173609383,0.0671419486134575,0.946468699056367,0.991676725533409,119.918759853972,114.315699937036,125.454607655881,96.8919307455677,115.666550776956,127.423017875993,102.143399030592,99.7096076401295,115.703296590046,130.586165645685,"C18orf8"
"ENSG00000160124",159.342578917871,0.0156361753259117,0.233460598532143,0.0669756499564481,0.94660108818305,0.9917375265591,174.075619142863,128.605162429166,182.404396657564,147.601726275958,130.813360997748,167.001379488991,185.953367465949,175.450559597536,192.838827650077,108.68138947286,"CCDC58"
"ENSG00000125351",49.6426469020056,0.0236432962337165,0.354559893621368,0.066683504420737,0.946833666644266,0.991836552807377,65.7619005650816,27.27988293952,43.7440408273796,59.7651161608175,31.6706031889286,39.5783616129979,76.8258043990775,39.3085953196665,59.4152063570509,53.0769576495364,"UPF3B"
"ENSG00000188554",1134.00395646785,-0.0178115450533434,0.2675438653481,-0.0665742981255388,0.94692060746377,0.991836552807377,1336.51392030798,1328.92001176804,1219.88098760127,684.582239660273,1341.18119591376,1059.92783051395,843.337807380782,815.893039439906,1130.97366486667,1578.82886722589,"NBR1"
"ENSG00000143013",1225.06328142044,0.0183491144111665,0.276779406058242,0.0662950855791103,0.947142895759084,0.991836552807377,1258.17989169369,788.518521156601,1797.63247022703,1017.81803885998,908.808613247515,1276.16083054593,1562.7067031176,1525.36524764852,1251.88882166348,863.553676044045,"LMO4"
"ENSG00000125912",335.744320883347,0.0131092233490822,0.197952336862245,0.0662241404010547,0.947199377697767,0.991836552807377,333.644936690487,327.35859527424,303.732208008975,371.268145847502,285.035428700357,407.367526845979,391.986206536202,337.478672012746,354.406494059602,245.164994857383,"NCLN"
"ENSG00000143319",363.481392966904,-0.0133750077727269,0.202442830522685,-0.0660680733330694,0.947323629085086,0.991836552807377,380.065101795251,333.853805497935,396.997804489992,350.440908397521,353.884566067593,467.217732211976,398.970370572482,302.963807829624,386.720027341507,263.699805465157,"ISG20L2"
"ENSG00000174137",21.6687440225644,0.0237550859512214,0.359658069396389,0.0660490837619448,0.947338747548201,0.991836552807377,28.0455164174613,19.4856306710857,18.157903739667,19.9217053869392,28.9166376942391,16.4105401809991,26.1906151360491,20.1336707734877,16.6779526616283,22.747267564087,"FAM53A"
"ENSG00000114742",258.551846582676,0.0155158447038019,0.234928221311572,0.0660450439592959,0.947341963821669,0.991836552807377,228.232478431754,265.004577126765,306.208285791657,228.194079886758,246.479911774705,290.563093792985,168.492957375249,233.934079463381,263.720126461998,354.688875721505,"WDR48"
"ENSG00000110330",734.773959028106,0.0121458092919561,0.18483010414789,0.0657133714659262,0.947606026534641,0.991836552807377,712.742951712722,653.41814850374,958.242101897882,598.556693671217,760.094476534285,757.780826004961,658.257460419368,647.153703433533,825.558656750601,775.934571352747,"BIRC2"
"ENSG00000141642",75.1901695370769,0.0166817482558591,0.254118818215523,0.0656454660579722,0.947660090475248,0.991836552807377,85.1036360253997,61.0549761027352,94.9163150028048,57.0485199716894,68.849137367236,87.8446562629954,88.1750709580321,69.0297283662435,79.2202751427345,60.6593801708988,"ELAC1"
"ENSG00000111237",533.910299355486,-0.0136634899877019,0.208168374156216,-0.0656367233643683,0.947667051123471,0.991836552807377,676.960741111134,472.851304285013,581.878278930238,415.639216936594,494.336806296754,566.646299190971,438.256293276556,463.074427790217,669.202850547836,560.256775189551,"VPS29"
"ENSG00000154229",782.374587408893,0.0238366063318907,0.363221930166584,0.0656254602274663,0.947676018472539,0.991836552807377,731.117600400025,1126.26945278875,632.22519384477,609.42307842773,808.288872691351,1238.51312071894,348.335181309454,422.807086243242,1103.87199179152,802.894295873146,"PRKCA"
"ENSG00000204843",883.647678656453,0.0193042117926986,0.295265922558566,0.0653790712637002,0.947872187135043,0.991836552807377,799.780761284154,1248.37940499422,929.354527766593,529.736256879973,1039.62197424526,690.208013494964,859.052176462412,743.987072391736,626.465596852414,1369.8910021928,"DCTN1"
"ENSG00000218891",99.6253750957102,0.0241925193707024,0.370283583874707,0.065335111855481,0.9479071868368,0.991836552807377,97.6757640746064,157.184087413425,75.1076927413499,66.1038406021163,64.7181891252018,78.1913973329959,119.603809121291,143.811934096341,53.1609741089403,140.696062340835,"ZNF579"
"ENSG00000166401",238.946981951556,0.0231562821402194,0.354450831623748,0.0653300262666614,0.947911235898978,0.991836552807377,267.883036125406,271.499787350461,249.258496789974,158.468111032471,156.976033197298,351.378625051982,170.238998384319,113.132054822455,365.872586514471,284.762090246719,"SERPINB8"
"ENSG00000130429",1553.66368879011,-0.0201453327084234,0.30925023488705,-0.0651424976792053,0.948060544014644,0.991836552807377,2225.2666647096,1314.63054927591,1852.93154070693,873.838440836195,1443.07791921727,1429.64764753293,1199.53017323105,998.054822628604,1936.72725283159,2262.93187693103,"ARPC1B"
"ENSG00000079246",787.866517218584,-0.0145441698068387,0.223279342541683,-0.0651388957047093,0.948063411883394,0.991836552807377,724.347992988913,865.162001796205,923.577012940336,658.321809832035,586.594650368851,916.094272456952,629.447783769714,649.071195888151,949.600929671462,976.447522473218,"XRCC5"
"ENSG00000040633",325.446447783155,0.0124812763743492,0.191620585742636,0.0651353628107198,0.948066224751347,0.991836552807377,357.822106015885,328.657637318979,357.380559967083,251.737913525868,280.904480458323,302.147004508984,357.065386354803,279.95389837421,395.059003672321,343.736487635093,"PHF23"
"ENSG00000106804",29.5956423756196,-0.0342761088219561,0.526942998890148,-0.0650470902813943,0.948136506993516,0.991836552807377,28.0455164174613,40.2703033869104,37.141166740228,14.488513008683,41.3094824203416,42.4743392919978,8.73020504534971,9.58746227308938,42.7372536954226,31.1721814767119,"C5"
"ENSG00000173786",733.152514813824,-0.0176643926591105,0.271832733294866,-0.0649825811814554,0.948187869141516,0.991836552807377,870.378095714315,1011.95375285172,717.237197716847,355.874100775777,732.554821587391,621.669875091968,817.147192244733,773.708205438313,630.635085017821,800.366821699359,"CNP"
"ENSG00000115306",1305.09412448178,0.0213403317308147,0.328842216871901,0.0648953529562408,0.94825732060035,0.991836552807377,1209.8255530429,2000.52474889813,702.380731020756,1262.31169588151,1659.26421055039,1027.10675015195,818.020212749268,1779.43299788539,925.626372720371,1666.44797191719,"SPTBN1"
"ENSG00000115806",757.829156289945,0.0105806254834598,0.163948494678721,0.06453627710455,0.948543222351932,0.992030758860063,817.18832319844,808.004151827687,803.899920110712,589.501373040791,738.06275257677,882.307866201954,690.559219087162,703.719730844761,764.058706310847,780.989519700322,"GORASP2"
"ENSG00000086619",36.8461838198728,-0.0341449898400304,0.529582317781394,-0.0644753208208984,0.948591757347408,0.992030758860063,31.9138635095249,19.4856306710857,15.6818259569851,82.4034177368847,20.6547412101708,30.8904285759984,41.9049842176786,72.8647132754793,19.8050687856836,32.8571642592368,"ERO1B"
"ENSG00000131470",57.0104269551639,-0.0338649859446913,0.526610929133813,-0.064307411926284,0.948725451809187,0.99209278271751,35.7822106015885,71.4473124606475,72.6316149586681,51.6153275934333,26.1626721995497,144.798883949993,37.5398816950038,20.1336707734877,77.1355310600309,32.8571642592368,"PSMC3IP"
"ENSG00000168255",16.6702146155902,-0.0430836314295033,0.673470274410173,-0.0639725806268673,0.948992059563774,0.99229377486492,9.67086773015905,10.3923363579124,5.77751482625769,41.6544748999637,31.6706031889286,7.7226071439996,5.23812302720983,13.4224471823251,12.5084644962212,28.6447073029244,"POLR2J3"
"ENSG00000076662",132.138197613094,0.0151529581062369,0.23754728714071,0.0637892281937999,0.949138055447183,0.992351397222886,131.523801130163,155.885045368685,138.660355830184,99.6085269346958,132.190343745093,133.214973233993,151.905567789085,158.193127505975,133.423621293027,86.7766133000358,"ICAM3"
"ENSG00000185129",283.065574389796,-0.0129804757411292,0.203854081574168,-0.0636753291417738,0.949228749364645,0.992351397222886,315.270288003185,309.172006647893,283.098226486627,231.816208138928,257.495773753463,214.302348245989,313.414361128055,360.488581468161,257.465894213887,288.132055811769,"PURA"
"ENSG00000110321",12005.849197947,0.0195177931973721,0.306969480253762,0.0635821944945058,0.94930290978604,0.992351397222886,13254.891310956,14902.6103372463,13540.8440342262,5935.76267324483,14129.2199705042,14976.0659040012,7394.48367341121,9277.78724166859,16157.8090129938,10489.0178212179,"EIF4G2"
"ENSG00000095002",65.1935089980907,0.0259066712928003,0.407845915692679,0.0635207324530905,0.949351850469562,0.992351397222886,70.5973344301611,75.3444385948647,72.6316149586681,39.8434107738783,35.8015514309627,128.388343768993,41.0319637131436,38.3498490923575,83.3897633081416,66.5568199097362,"MSH2"
"ENSG00000167625",93.8704879106408,0.0142095027290605,0.224699023414086,0.0632379371888704,0.949577035711692,0.992438596135635,69.6302476571452,110.418573802819,88.3134409156532,105.041719312952,107.404654292888,89.7753080489953,102.143399030592,79.5759368666419,102.152460052473,84.2491391262483,"ZNF526"
"ENSG00000180921",80.944559335421,-0.0313267668952237,0.496852235382454,-0.06305046986678,0.949726315093915,0.992466850229847,58.0252063809543,87.0358169975161,118.85173356873,64.2927764760309,64.7181891252018,75.2954196539961,95.1592349943119,143.811934096341,10.4237204135177,91.8315616476107,"FAM83H"
"ENSG00000138794",86.5955399487626,0.0183282168567213,0.291493855704186,0.0628768548566634,0.949864565516492,0.992466850229847,105.412458258734,87.0358169975161,103.995266872638,47.0876672782198,89.5038785774068,85.9140044769955,63.7304968310529,75.7409519574061,115.703296590046,91.8315616476107,"CASP6"
"ENSG00000124209",966.323174977317,0.0120705034683531,0.192233862694677,0.0627907242727812,0.949933152252703,0.992466850229847,915.831174046063,1134.06370505719,1082.04599103198,714.464797740682,1007.95137105633,1081.16500015994,757.781797936355,898.345214988475,1031.94832093825,1039.6343768179,"RAB22A"
"ENSG00000203999",10.481893153446,0.042883945385492,0.684257701171691,0.0626722144479479,0.950027523542678,0.992466850229847,4.83543386507953,19.4856306710857,10.7296703916214,6.33872444129882,16.5237929681366,1.9306517859999,9.60322554988468,21.0924170007966,4.16948816540708,10.1098966951498,"LINC01270"
"ENSG00000116991",68.749130985632,0.0630614399433695,1.00765181766886,0.0625825695320616,0.95009890970458,0.992466850229847,43.5189047857157,201.351516934552,11.5550296525154,11.771916819555,117.043533524301,111.012477694994,89.0480914625671,16.2986858642519,4.16948816540708,81.7216649524609,"SIPA1L2"
"ENSG00000224032",414.867652763374,0.0186303000203976,0.297984946514089,0.0625209435521492,0.950147984021429,0.992466850229847,405.209357893664,301.377754379459,424.234660099493,515.24774387129,413.094824203416,269.325924146986,577.939574002151,628.937525114663,329.389565067159,283.919598855457,"EPB41L4A-AS1"
"ENSG00000166503",586.243518557883,0.0163459925325191,0.261464757477081,0.0625170011065522,0.950151123496393,0.992466850229847,559.943241576209,449.46854747971,604.988338235269,713.559265677639,565.93990915868,763.57278136296,459.208785385395,445.816995698656,860.999306156562,438.938014847754,"HDGFL3"
"ENSG00000180257",22.916604168816,0.0224255400311077,0.359389074208902,0.0623990589599073,0.95024504434257,0.992466850229847,24.1771693253976,27.27988293952,23.9354185659247,15.3940450717257,27.5396549468944,24.1331473249987,15.7143690816295,18.2161783188698,29.1864171578495,23.5897589553495,"ZNF816"
"ENSG00000185305",125.938975697518,0.0181325537777643,0.29148278214292,0.0622079755258872,0.950397211242104,0.992466850229847,192.450267830165,122.10995220547,105.645985394426,79.6868215477566,159.729998691988,112.943129480994,102.143399030592,118.884532186308,103.194832093825,162.600838513659,"ARL15"
"ENSG00000117586",30.8096005569937,-0.0450623148474784,0.725131936363464,-0.0621436080631972,0.950448469872424,0.992466850229847,21.2759090063499,15.5885045368685,3.30143704357582,85.1200139260128,38.5555169256522,73.3647678679962,8.73020504534971,21.0924170007966,20.8474408270354,20.2197933902996,"TNFSF4"
"ENSG00000137547",319.275978160884,0.019204443657577,0.30954932297136,0.0620400118250422,0.950530968525628,0.992466850229847,391.670143071442,322.162427095283,401.949960055356,151.223854528129,276.773532216289,443.084584886977,266.271253883166,217.635393599129,390.889515506914,331.099116766156,"MRPL15"
"ENSG00000178078",10.8799481211491,-0.0415822998306431,0.670745896351344,-0.0619941173801261,0.950567516642871,0.992466850229847,25.1442560984135,3.89712613421714,5.77751482625769,9.05532063042689,19.2777584628261,2.89597767899985,8.73020504534971,17.2574320915609,8.33897633081416,8.42491391262483,"STAP2"
"ENSG00000080189",378.074641798898,0.0188274510931276,0.303721632912381,0.0619891672272124,0.950571458711559,0.992466850229847,340.414544101599,244.219904410941,316.937956183279,597.651161608175,503.975685528167,382.26905362798,492.383564557724,357.612342786234,308.542124240124,236.740080944758,"SLC35C2"
"ENSG00000184349",54.6253085736874,0.0480496188647975,0.777464603990732,0.0618029664863949,0.950719741091403,0.99248767151874,32.8809502825408,140.296540831817,17.3325444787731,24.4493657021526,27.5396549468944,28.9597767899985,82.9369479308223,100.668353867438,1.04237204135177,90.1465788650857,"EFNA5"
"ENSG00000054598",147.572211594126,-0.0201097981054706,0.325613763049544,-0.0617596686243594,0.950754221918728,0.99248767151874,121.852933400004,222.136189650377,89.9641594374411,162.090239284641,147.337153965885,88.8099821559954,112.619645085011,185.996768097934,212.643896435761,132.27114842821,"FOXC1"
"ENSG00000117519",1525.8512215088,-0.0183748578284164,0.298589510043639,-0.0615388592376568,0.950930067838401,0.99248767151874,2230.10209857468,1206.81005956257,1230.61065799289,1482.35598720088,1427.93110899647,1135.22325016794,1010.08472374696,1171.58788977152,2256.73546952658,2107.07096954747,"CNN3"
"ENSG00000179588",56.305730747478,-0.0302483339300785,0.49186760579898,-0.061496901957883,0.950963481617904,0.99248767151874,59.9593799269861,103.923363579124,47.0454778709554,18.1106412608538,44.063447915031,22.2024955389988,71.5876813718676,92.039637821658,33.3559053232566,70.7692768660486,"ZFPM1"
"ENSG00000111845",98.2928522366978,0.0190922935746207,0.311254790937727,0.0613397580711956,0.951088628036685,0.992540612842353,140.227582087306,88.3348590422551,103.995266872638,57.9540520347321,61.9642236305124,120.665736624994,119.603809121291,73.8234595027882,117.78804067275,98.5714927777105,"PAK1IP1"
"ENSG00000168439",429.118785096652,-0.0150699472581066,0.246614917600894,-0.0611072006702159,0.951273834564392,0.992591563210194,403.275184347633,505.327355403489,508.421304710676,311.503029686685,296.051290679115,473.009687569975,365.795591400153,371.034789968559,462.813186360186,593.956430840051,"STIP1"
"ENSG00000117305",243.450027294424,-0.0146771552318585,0.240366956472077,-0.0610614514044633,0.951310269159644,0.992591563210194,268.850122898422,285.78924984259,248.43313752908,177.484284356367,258.872756500807,197.89180806499,277.620520442121,172.574320915609,225.152360931982,321.831711462269,"HMGCL"
"ENSG00000126814",95.8876427776014,0.0127569403586738,0.209136683994039,0.0609980999748348,0.951360722240078,0.992591563210194,105.412458258734,97.4281533554284,97.3923927854867,81.497885673842,85.3729303353726,113.908455373994,88.1750709580321,96.8333689582027,109.449064341936,83.4066477349858,"TRMT5"
"ENSG00000147955",420.318557122637,0.0151545718261764,0.248865971571087,0.0608945117345931,0.951443220337623,0.992599986674192,447.761175906364,319.564343005805,422.583941577705,480.837525475668,240.971980785326,490.385553643975,431.272129240276,511.011739155664,502.423323931553,356.37385850403,"SIGMAR1"
"ENSG00000078399",193.776970060448,-0.0135375067078756,0.223588222588533,-0.0605466001346079,0.951720302360506,0.992727144018445,233.067912296833,167.576423771337,221.19628191958,157.562578969428,176.253791660124,135.145625019993,222.620228656418,208.04793132604,193.881199691429,222.417727293296,"HOXA9"
"ENSG00000047346",137.946589266681,0.0145462972580556,0.240602794589855,0.0604577236222548,0.951791085886919,0.992727144018445,153.766796909529,126.007078339687,139.485715091078,129.491085015105,129.436378250404,136.110950912993,111.746624580476,132.306979368633,110.491436383288,210.622847815621,"FAM214A"
"ENSG00000118454",442.365648948826,-0.0143524848299977,0.237620670705355,-0.0604008261882001,0.951836400657603,0.992727144018445,509.654729379382,526.112028119314,480.359089840282,264.415362408465,436.503530908276,513.553375075973,364.049550391083,367.199805059323,521.186020675885,440.622997630279,"ANKRD13C"
"ENSG00000196456",78.8977138906149,0.0166897378628592,0.27666837089575,0.0603239821336426,0.951897601743938,0.992727144018445,70.5973344301611,97.4281533554284,75.1076927413499,70.6315009173297,96.3887923141304,48.2662946499975,89.921111967102,101.627100094747,61.4999504397544,77.5092079961484,"ZNF775"
"ENSG00000168591",251.42874213107,0.0176273308920158,0.292452497077544,0.0602741678329451,0.951937275613099,0.992727144018445,187.614833965086,218.23906351616,200.562300397231,391.189851234442,327.721893868043,227.816910747988,270.636356405841,324.056224830421,166.779526616283,199.670459729208,"TMUB2"
"ENSG00000167107",52.4072620093504,0.0280712679881231,0.467961033339276,0.0599863364430415,0.952166517031546,0.99285661094575,38.6834709206362,27.27988293952,24.7607778268187,115.908104069464,77.1110338513043,35.7170580409981,61.984455821983,49.8548038200648,31.2711612405531,61.5018715621613,"ACSF2"
"ENSG00000105939",302.108733122491,0.013907515799249,0.232057439395782,0.0599313507701396,0.952210310460155,0.99285661094575,278.520990628581,289.686375976807,241.830263441929,392.095383297484,225.825170564534,269.325924146986,250.556884801537,329.808702194275,353.36412201825,390.07351415453,"ZC3HAV1"
"ENSG00000115053",1960.17601896341,-0.0108827981350023,0.183543923171121,-0.0592926093491863,0.95271904764491,0.9931554465016,1819.09022004292,1927.77839439274,2207.83602289133,1921.53903777659,1948.43058749278,2134.33554942289,2272.47237330453,1373.88334373371,1794.96465520775,2201.43000536887,"NCL"
"ENSG00000198055",488.180805994017,-0.0149268432585555,0.251858594579014,-0.0592667615076071,0.952739635033961,0.9931554465016,389.73596952541,610.549761027352,592.60794932186,372.173677910545,494.336806296754,545.409129544972,549.129897352497,415.13711642477,603.533411942675,309.194340593331,"GRK6"
"ENSG00000258777",11.2080541190999,-0.0311435330435227,0.525525627930125,-0.0592616827578647,0.952743680179949,0.9931554465016,4.83543386507953,10.3923363579124,17.3325444787731,12.6774488825976,8.26189648406832,8.68793303699955,11.3492665589546,8.62871604578044,19.8050687856836,10.1098966951498,"HIF1A-AS1"
"ENSG00000113387",1378.87602643877,-0.0170637536404043,0.289921934459698,-0.0588563734310223,0.953066506736281,0.9931554465016,1967.05449631435,1234.08994250209,1650.71852178791,702.692880921127,1273.70904129387,1421.92504038893,1362.78500757909,920.396378216581,1757.43926171908,1497.94969366469,"SUB1"
"ENSG00000082482",3068.07928635517,0.0143724435052708,0.244224458675902,0.0588493207567868,0.953072124219218,0.9931554465016,3236.83942928424,2748.77296666782,3024.11633191545,3187.47286191027,4880.02685658969,2347.67257177588,2309.139234495,2399.74180695427,3330.3786721189,3216.63213184016,"KCNK2"
"ENSG00000113163",186.389190681406,0.0182011485919224,0.309956550848985,0.0587216128908024,0.953173844442909,0.9931554465016,206.956569425404,185.763012397684,174.150804048625,173.862156104196,125.305430008369,126.457691982993,133.572137193851,233.934079463381,176.160874988449,327.729151201106,"COL4A3BP"
"ENSG00000116791",212.479225040813,-0.0181571114181042,0.30949652632792,-0.058666608099072,0.953217656385922,0.9931554465016,201.154048787308,270.200745305722,262.464244964278,123.152360573806,203.793446607019,148.660187521992,142.3023422392,233.934079463381,210.559152353057,328.571642592368,"CRYZ"
"ENSG00000177614",4.8106791242653,0.06021899477551,1.02810266955477,0.0585729388306991,0.9532922653502,0.9931554465016,10.637954503175,0,0.825359260893955,7.24425650434151,5.50793098937888,0.96532589299995,8.73020504534971,0.958746227308938,3.12711612405531,10.1098966951498,"PGBD5"
"ENSG00000115963",1939.49138720191,0.0226214363107055,0.386406595621418,0.0585430905347923,0.953316040047498,0.9931554465016,1968.98866986038,2313.59388168024,2476.07778268187,927.264832555713,1072.66956018154,1790.67953151491,1311.27679781153,1364.29588146062,2199.40500725223,3970.66192702008,"RND3"
"ENSG00000108953",4182.34540816853,0.0165087170480342,0.283987184344218,0.0581319086146655,0.953643557961564,0.993271466935568,4599.46469246365,5292.29729026687,4932.34694310228,1791.14242069844,4158.48789698105,4486.83475066377,4028.98962842889,3282.7470823058,4950.22482437955,4300.91855239498,"YWHAE"
"ENSG00000155096",1476.44564360486,-0.0126296638389995,0.217461708033743,-0.0580776448101832,0.953686781187373,0.993271466935568,1482.54402303338,1538.06578097103,1682.08217370188,1234.24020192719,1302.6256789881,1890.1080984939,1017.94190828778,1252.12257286547,1796.0070272491,1568.71897053074,"AZIN1"
"ENSG00000010803",665.006031681056,0.0132610420131367,0.228697872972836,0.0579849818485711,0.953760591146643,0.993271466935568,533.83189870478,632.633475787915,666.064923541422,811.356728486249,879.891975553276,806.047120654958,552.621979370637,671.122359116257,634.804573183228,461.685282411841,"SCMH1"
"ENSG00000260231",61.9564550735529,-0.0190954121104653,0.330187779266641,-0.0578319771642575,0.953882466702202,0.993271466935568,81.2352889333361,64.9521022369523,75.9330520022439,28.0714939543234,52.3253443990994,68.5381384029965,83.8099684353572,54.6485349566095,51.0762300262367,58.9743973883738,"JHDM1D-AS1"
"ENSG00000120658",68.5328765420203,-0.0266439929460175,0.460973879734858,-0.0577993550553072,0.953908451913211,0.993271466935568,47.3872518777794,124.708036294948,83.3612853502895,22.6383015760672,60.5872408831677,41.5090133989979,109.127563066871,39.3085953196665,61.4999504397544,95.2015272126606,"ENOX1"
"ENSG00000107404",908.820822870413,0.0147007371510685,0.254639818077388,0.0577314940847182,0.953962506872148,0.993271466935568,814.287062879392,1145.75508345984,1163.75655786048,489.892846106095,886.77688929,899.683732275953,1018.81492879231,1030.65219435711,904.778931893336,733.810001789623,"DVL1"
"ENSG00000070882",311.598736366958,-0.0179197350594188,0.310744065208413,-0.0576671835949632,0.95401373387518,0.993271466935568,340.414544101599,322.162427095283,265.765682007854,327.802606821453,283.658445953012,286.701790220985,148.413485770945,285.706375738064,304.372636074717,550.989369885664,"OSBPL3"
"ENSG00000160323",45.9623507272066,0.0284044536922594,0.493739682259795,0.0575292096479973,0.954123638698386,0.993271466935568,31.9138635095249,33.7750931632152,23.9354185659247,91.4587383673116,83.9959475880279,31.8557544689983,50.6351892630283,62.318504775081,17.7203247029801,32.0146728679744,"ADAMTS13"
"ENSG00000130748",54.9491846261005,0.037325201511579,0.649465867025608,0.0574706130169999,0.954170314820527,0.993271466935568,79.3011153873043,84.437732908038,47.8708371318494,5.43319237825613,23.4087067048602,31.8557544689983,32.3017586677939,90.1221453670402,25.0169289924425,129.743674254422,"TMEM160"
"ENSG00000251247",15.8455982543649,-0.0257184108544091,0.447981095664888,-0.0574095896083252,0.95421892419992,0.993271466935568,14.5063015952386,6.49521022369523,17.3325444787731,25.3548977651953,11.0158619787578,18.341191966999,20.0794716043043,17.2574320915609,14.5932085789248,13.4798622601997,"ZNF345"
"ENSG00000169019",298.052778746651,0.0167501644727726,0.292780880987173,0.0572105815663094,0.954377449096754,0.993271466935568,381.999275341283,268.901703260983,396.997804489992,135.829809456403,276.773532216289,276.083205397986,284.604684478401,255.026496464178,368.999702638526,335.311573722468,"COMMD8"
"ENSG00000137996",563.944746246388,0.0124790707996189,0.218299694985132,0.0571648567830974,0.954413872586267,0.993271466935568,617.001361184148,471.552262240274,675.143875411255,479.026461349582,586.594650368851,630.357808128967,531.669487261797,473.620636290615,751.550241814626,422.930678413767,"RTCA"
"ENSG00000163818",171.755085298405,0.0143124368007027,0.251171904186298,0.0569826344513715,0.954559028362438,0.993271466935568,214.693263609531,184.463970352945,177.4522410922,106.852783439037,172.12284341809,158.313446451992,136.191198707455,175.450559597536,159.482922326821,232.527623988445,"LZTFL1"
"ENSG00000196155",118.573326733335,-0.0258879348498751,0.456450711247332,-0.0567157290195293,0.954771644238204,0.993271466935568,122.82002017302,74.0453965501256,84.1866446111834,198.311521806349,70.2261201145807,49.2316205429974,178.096182925134,222.429124735674,124.042272920861,62.3443629534237,"PLEKHG4"
"ENSG00000132801",12.1295175642735,-0.0282297043281124,0.498247121464895,-0.0566580379734344,0.954817601134814,0.993271466935568,10.637954503175,11.6913784026514,14.0311074351972,12.6774488825976,15.1468102207919,5.7919553579997,20.0794716043043,11.5049547277073,6.25423224811062,13.4798622601997,"ZSWIM3"
"ENSG00000182400",398.2372485141,0.0129629572714634,0.228861929901132,0.0566409506249614,0.954831213007439,0.993271466935568,436.156134630173,324.760511184761,492.739478753691,329.613670947539,380.047238267143,484.593598285975,346.589140300384,327.891209739657,530.567369048051,329.414133983631,"TRAPPC6B"
"ENSG00000136026",1031.72339358238,0.013151159973634,0.232192244642178,0.0566391009049452,0.954832686505027,0.993271466935568,1033.815760354,763.836722306559,831.136775720213,1475.11173069654,842.713441374969,1154.52976802794,977.782965079168,1296.22489932168,1028.8212048142,913.260668128532,"CKAP4"
"ENSG00000204390",9.84410866632979,-0.0349211916612009,0.618318179556021,-0.0564777048707768,0.954961256106563,0.993271466935568,6.76960741111134,15.5885045368685,13.2057481743033,4.52766031521344,15.1468102207919,8.68793303699955,6.98416403627977,6.71122359116257,3.12711612405531,17.6923192165121,"HSPA1L"
"ENSG00000229638",74.9835653129234,-0.0243822861553985,0.434085234013342,-0.0561693516500703,0.955206896443183,0.993271466935568,43.5189047857157,38.9712613421714,61.0765853061527,158.468111032471,97.7657750614751,61.7808571519968,69.8416403627977,86.2871604578044,95.8982278043628,36.2271298242868,"RPL4P4"
"ENSG00000124228",149.60802738259,-0.0159947624872726,0.285022130169196,-0.0561176161225718,0.95524811041551,0.993271466935568,94.7745037555587,135.100372652861,160.119696613427,212.800034815032,100.519740556165,145.764209842992,203.413777556648,128.471994459398,140.720225582489,174.395717991334,"DDX27"
"ENSG00000104960",302.802272395185,-0.0143524233901528,0.256061679713734,-0.0560506492271636,0.955301458300404,0.993271466935568,246.607127119056,367.62889866115,232.751311572095,372.173677910545,345.622669583525,207.545066994989,385.875063004457,300.087569147698,225.152360931982,344.578979026356,"PTOV1"
"ENSG00000180884",13.7619532022084,0.0240248898156928,0.429671991417644,0.0559144889487116,0.955409928375831,0.993271466935568,14.5063015952386,14.2894624921295,15.6818259569851,9.96085269346958,15.1468102207919,9.6532589299995,12.2222870634896,10.5462085003983,18.7626967443319,16.8498278252497,"ZNF792"
"ENSG00000198093",37.7652465611835,-0.0194722964395418,0.349026947638733,-0.055790237892167,0.955508911866151,0.993271466935568,45.4530783317476,31.1770090737371,55.299070479895,19.9217053869392,38.5555169256522,48.2662946499975,37.5398816950038,26.8448943646503,37.5253934886637,37.0696212155493,"ZNF649"
"ENSG00000140367",1417.69140918472,-0.0118746028133874,0.213098304305612,-0.0557235912884488,0.955562005568361,0.993271466935568,1362.62526317941,1186.02538684675,1540.12038082812,1608.22494396382,1648.24834857163,1778.13029490591,1046.75158493743,1149.53672654342,1640.69359308769,1216.55756898303,"UBE2Q2"
"ENSG00000136279",1072.7307576562,0.014735236878879,0.264469030651327,0.0557163038809855,0.955567811059075,0.993271466935568,1283.32414779211,1357.4989367523,1115.88572072863,508.909019429991,1067.16162919216,1025.17609836595,1067.70407704627,916.561393307345,1124.71943261856,1260.36712132867,"DBNL"
"ENSG00000205581",2369.24469772635,-0.0103423387183688,0.185633747527025,-0.0557136773681905,0.955569903462983,0.993271466935568,2602.4305061858,1643.28818659489,2538.80508650981,2731.99023419979,2003.50989738657,2617.96382181586,2411.28263352559,2406.45303054543,2470.42173800369,2266.30184249608,"HMGN1"
"ENSG00000198888",1559.11126307127,0.031765571976555,0.570320360140186,0.0556977695285978,0.95558257640445,0.993271466935568,822.02375706352,737.855881411778,488.612682449221,4105.68237383555,1006.57438830899,834.041571551957,2244.53571715941,3366.15800408168,768.228194476254,1217.40006037429,"MT-ND1"
"ENSG00000064545",53.3023278606197,-0.0259782442735463,0.467122096901217,-0.0556133919715641,0.95564979576635,0.993271466935568,35.7822106015885,23.3827568053028,33.8397296966522,122.246828510763,37.1785341783074,61.7808571519968,78.5718454081474,62.318504775081,41.6948816540708,36.2271298242868,"TMEM161A"
"ENSG00000133835",185.516615437964,-0.0152967944653604,0.275129583802703,-0.0555985083608086,0.955661652824264,0.993271466935568,167.306011731752,166.277381726598,218.720204136898,193.783861491135,229.956118806568,114.873781266994,152.77858829362,141.894441641723,194.923571732781,274.652193551569,"HSD17B4"
"ENSG00000177683",147.625557802274,-0.0130765912636795,0.235936802029474,-0.0554241269322873,0.95580057486404,0.99333844517741,171.174358823815,161.081213547642,136.184278047503,125.868956762934,129.436378250404,141.902906270993,102.143399030592,138.059456732487,191.796455608726,178.608174947646,"THAP5"
"ENSG00000104218",129.104463103731,0.0165050929465123,0.298381822209782,0.0553153433552937,0.955887238651428,0.993351106583614,109.280805350797,89.6339010869942,110.59814095979,202.839182121562,119.797499018991,127.423017875993,185.953367465949,136.141964277869,120.915156796805,88.4615960825607,"CSPP1"
"ENSG00000085760",262.081739876941,-0.0151059747287409,0.274266745700026,-0.0550776751668714,0.956076581777763,0.99347046132996,345.249977966678,210.444811247725,292.17717835646,205.55577831069,378.670255519798,251.950058072987,264.525212874096,163.945604869828,300.20314790931,208.095373641833,"MTIF2"
"ENSG00000177575",7.98749663894041,0.051535136507415,0.939597231280677,0.0548481144811084,0.956259468252881,0.993583088819622,2.90126031904772,1.29904204473905,1.65071852178791,25.3548977651953,6.8849137367236,7.7226071439996,13.9683280725595,0.958746227308938,3.12711612405531,16.0073364339872,"CD163"
"ENSG00000174939",85.278227444019,0.0228639846839301,0.419524330807479,0.0544997822651256,0.956536982060745,0.993779863130699,168.273098504768,27.27988293952,79.2344890458197,62.4817123499455,96.3887923141304,80.1220491189958,125.714952653036,79.5759368666419,64.6270665638097,69.0842940835236,"ASPHD1"
"ENSG00000177694",48.3569101983933,0.0167077843872418,0.306996624944485,0.0544233487591697,0.956597876799274,0.993779863130699,41.5847312396839,51.9616817895618,32.1890111748642,66.1038406021163,68.849137367236,48.2662946499975,45.3970662358185,42.1848340015933,36.4830214473119,50.549483475749,"NAALADL2"
"ENSG00000237441",328.728457359546,0.0115881143351756,0.214556339418171,0.0540096571679027,0.956927470166205,0.99393000321573,356.855019242869,301.377754379459,249.258496789974,400.245171864869,402.078962224658,401.575571487979,314.28738163259,306.79879273886,283.525195247681,271.28222798652,"RGL2"
"ENSG00000167984",5.35534766223068,0.0461653062487126,0.85492603631164,0.0539991815524545,0.956935816318476,0.99393000321573,6.76960741111134,0,4.12679630446978,9.96085269346958,2.75396549468944,2.89597767899985,9.60322554988468,10.5462085003983,5.21186020675885,1.68498278252497,"NLRC3"
"ENSG00000046647",83.0672114985611,0.0189700090840592,0.353412215021101,0.0536767216235765,0.957192729511498,0.99393000321573,53.1897725158748,72.7463545053866,64.3780223497285,138.546405645531,126.682412755714,45.3703169709976,71.5876813718676,88.2046529124223,82.3473912667898,87.6191046912982,"GEMIN8"
"ENSG00000169239",139.629910637048,-0.0129585197709583,0.242204238620225,-0.0535024483666332,0.957331579930839,0.99393000321573,100.577024393654,175.370676039771,132.882841003927,153.034918654214,154.222067702609,124.527040196994,114.365686094081,109.297069913219,176.160874988449,155.860907383559,"CA5B"
"ENSG00000124831",1570.32435611396,0.0152380894107126,0.284850504712383,0.053495040937697,0.957337481752128,0.99393000321573,1845.20156291435,1443.23571170508,1483.99595108733,1468.77300625524,1330.165333935,1725.03737079091,1234.45099341245,1202.26776904541,2852.97227717979,1117.14358481405,"LRRFIP1"
"ENSG00000197927",52.8199383490752,-0.0195898363394722,0.366377412794083,-0.0534690067001547,0.957358224381741,0.99393000321573,58.0252063809543,28.578924984259,52.8229926972131,73.3480971064578,37.1785341783074,70.4687901889964,77.6988249036124,57.5247736385363,31.2711612405531,41.2820781718617,"C2orf27A"
"ENSG00000152556",185.012932105506,0.0130170795740522,0.243622441003363,0.0534313650271345,0.957388215220124,0.99393000321573,176.009792688895,175.370676039771,179.102959613988,205.55577831069,205.170429354363,119.700410731994,187.699408475019,176.409305824845,156.355806202765,268.754753812732,"PFKM"
"ENSG00000180881",9.27531087475821,-0.0301291240429254,0.565338906243573,-0.0532939157559845,0.95749772783783,0.99393000321573,6.76960741111134,3.89712613421714,16.5071852178791,9.96085269346958,9.63887923141304,5.7919553579997,8.73020504534971,6.71122359116257,10.4237204135177,14.3223536514622,"CAPS2"
"ENSG00000015171",1398.78619708323,-0.00889400747395611,0.16731599863109,-0.0531569458194265,0.957606859344029,0.99393000321573,1419.68338278735,1219.80048000996,1485.64666960912,1488.69471164218,1598.67696966722,1563.82794665992,1069.45011805534,1293.34866063976,1424.92258052787,1423.8104512336,"ZMYND11"
"ENSG00000168291",433.529649314577,0.0141439495569421,0.266237874600303,0.0531252346352902,0.957632125507543,0.99393000321573,486.444646827,420.889622495451,568.672530755935,248.115785273697,364.900428046351,383.23437952098,396.351309058877,358.571089013543,528.482624965347,579.634077188588,"PDHB"
"ENSG00000065029",273.708788101647,-0.0101168051345108,0.190524237100962,-0.0530998328005362,0.95765236467242,0.99393000321573,218.561610701595,285.78924984259,265.765682007854,328.708138884496,324.967928373354,275.117879504986,299.446033055495,265.572704964576,235.5760813455,237.58257233602,"ZNF76"
"ENSG00000234449",11.5596387205164,0.125484077105418,2.36628249796936,0.0530300491226652,0.957707965653376,0.99393000321573,17.4075619142863,0,26.4114963486066,0,0,25.0984732179987,0,0,28.1440451164978,18.5348106077746,"FAM239A"
"ENSG00000214960",12.4607217275297,-0.0249082769908001,0.47062103687547,-0.0529263994575556,0.957790550144879,0.99393000321573,13.5392148222227,15.5885045368685,12.3803889134093,9.05532063042689,11.0158619787578,16.4105401809991,5.23812302720983,12.4637009550162,14.5932085789248,14.3223536514622,"ISPD"
"ENSG00000175866",161.946184684238,0.0195275524099025,0.369079174453168,0.0529088438512814,0.957804537893594,0.99393000321573,163.437664639688,254.612240768853,163.421133657003,61.5761802869029,223.071205069845,83.9833526909956,174.604100906994,178.326798279462,156.355806202765,160.073364339872,"BAIAP2"
"ENSG00000079785",492.693612254721,0.0120417532653221,0.227895587981901,0.0528389047456173,0.957860263277482,0.99393000321573,492.247167465096,431.281958853363,610.765853061527,426.505601693107,418.602755192795,671.866821527965,505.478872125748,344.189895603909,464.897930442889,561.099266580814,"DDX1"
"ENSG00000025796",679.093696740843,-0.0152448893775696,0.289519757463042,-0.0526557824970396,0.958006170573267,0.994004068533971,645.046877601609,368.927940705889,650.383097584437,1068.52783439037,472.305082339239,742.335611716961,722.860977754956,730.564625209411,829.728144916009,560.256775189551,"SEC63"
"ENSG00000152291",768.915987371796,-0.0179442023942841,0.341785476725458,-0.0525013601110323,0.958129211619321,0.994054398706097,677.92782788415,488.439808821881,451.471515708993,1480.5449230748,604.495426084332,661.248236704966,762.14690045903,1128.44430954262,705.685871995148,728.755053442048,"TGOLN2"
"ENSG00000183260",30.501466361549,-0.0198975004430983,0.380428564213408,-0.0523028560808499,0.958287377610456,0.99414116017351,35.7822106015885,48.0645556553447,24.7607778268187,15.3940450717257,31.6706031889286,25.0984732179987,34.9208201813988,29.7211330465771,20.8474408270354,38.7546039980742,"ABHD16B"
"ENSG00000108788",438.66343935914,-0.0115334530774324,0.222547679772144,-0.0518246386088634,0.958668423156841,0.994307300766579,480.642126188905,446.870463390232,477.8830120576,356.779632838819,521.876461243649,557.958366153971,386.748083508992,349.942372967762,491.999603518035,315.934271723431,"MLX"
"ENSG00000255153",7.15631679310989,-0.0379703953311898,0.735543774560694,-0.0516222101857469,0.958829721763566,0.994307300766579,13.5392148222227,11.6913784026514,2.47607778268187,1.81106412608538,5.50793098937888,2.89597767899985,7.85718454081474,11.5049547277073,4.16948816540708,10.1098966951498,"TOLLIP-AS1"
"ENSG00000134152",373.706541901198,-0.011036405533296,0.214032838522328,-0.0515640759123266,0.958876044509573,0.994307300766579,381.032188568267,272.7988293952,372.237026663174,474.498801034369,345.622669583525,461.425776853976,375.398816950038,295.293838011153,420.075932664763,338.681539287518,"KATNBL1"
"ENSG00000155463",711.111010352561,-0.0155166619334272,0.301292754248253,-0.0515002824151627,0.958926876816942,0.994307300766579,573.482456398432,555.989995148312,625.622319757618,1106.56018103817,1010.70533655102,478.801642927975,833.734581830897,872.459066851134,530.567369048051,523.187153974002,"OXA1L"
"ENSG00000230795",9.34154958004192,0.0366559120414408,0.712049330695583,0.0514794557922448,0.958943472044546,0.994307300766579,6.76960741111134,11.6913784026514,17.3325444787731,0.905532063042689,11.0158619787578,15.4452142879992,4.36510252267486,14.3811934096341,7.29660428946239,4.21245695631242,"HLA-K"
"ENSG00000253954",14.9415604960121,-0.0233966252853503,0.454881598910755,-0.051434538880832,0.958979263139064,0.994307300766579,15.4733883682545,9.09329431317332,18.983263000561,16.2995771347684,13.7698274734472,18.341191966999,7.85718454081474,23.0099094554145,15.6355806202765,10.9523880864123,"HMGN1P38"
"ENSG00000146729",559.435156762123,-0.00828556969928,0.161268148294492,-0.0513775955568715,0.959024637345891,0.994307300766579,685.664522068277,498.832145179794,551.339986277162,508.909019429991,565.93990915868,597.536727766969,487.145441530514,527.310425019916,574.346994784825,597.3263964051,"NIPSNAP2"
"ENSG00000149313",249.264427849215,0.0181495279272226,0.35342433078178,0.0513533629308305,0.959043946694254,0.994307300766579,327.842416052392,284.490207797851,278.146070921263,99.6085269346958,184.515688144192,243.262125035987,148.413485770945,240.645303054543,333.559053232566,352.161401547718,"AASDHPPT"
"ENSG00000116809",197.744842880327,-0.0115927483910334,0.226289324220039,-0.0512297627428539,0.959142435736956,0.9943321154624,189.549007511117,227.332357829333,172.500085526837,205.55577831069,235.464049795947,186.30789734899,261.906151360491,188.873006779861,170.94901478169,139.01107955831,"ZBTB17"
"ENSG00000064601",400.210872508111,-0.0185398713892902,0.362965666679081,-0.0510788570139952,0.959262683654889,0.994338537910025,299.796899634931,290.985418021546,261.638885703384,760.646932955859,355.261548814938,316.626892903984,507.224913134818,611.680093023102,237.660825428203,360.586315460343,"CTSA"
"ENSG00000219891",9.54928729023836,-0.0345779249447523,0.677535382963161,-0.0510348622584517,0.959297740667938,0.994338537910025,12.5721280492068,9.09329431317332,12.3803889134093,4.52766031521344,9.63887923141304,4.82662946499975,3.49208201813988,3.83498490923575,25.0169289924425,10.1098966951498,"ZSCAN12P1"
"ENSG00000162433",2089.55614755085,-0.0108154766501452,0.214685578309154,-0.0503782169968146,0.959820994659079,0.994734532091053,2059.89482652388,2765.66051324943,2145.10871906339,1426.21299929224,2272.02153311879,2099.58381727489,1560.08764160399,2160.05525012704,2077.44747841408,2329.48869684077,"AK4"
"ENSG00000106799",1609.81963024409,-0.0205792463412514,0.410496091756667,-0.0501326242917078,0.960016701990196,0.994734532091053,1286.22540811115,1078.20489713341,850.945397981668,3278.93160027758,1166.30438700098,1215.34529928694,1272.86389561199,3209.88236903032,1479.12592667816,1260.36712132867,"TGFBR1"
"ENSG00000103047",71.3579033508473,-0.0152873494240681,0.305169961221339,-0.0500945419492983,0.960047049172786,0.994734532091053,68.6631608841293,96.1291113106894,60.2512260452587,62.4817123499455,89.5038785774068,54.0582500079972,49.7621687584934,49.8548038200648,96.9405998457146,85.9341219087733,"TANGO6"
"ENSG00000169564",1292.27679263278,0.0100293694042715,0.201348246612577,0.049811059063104,0.960272953766417,0.994734532091053,1131.49152442861,1660.1757331765,1420.4432879985,937.225685249183,1189.71309370584,1280.98746001093,1581.91315421737,1294.30740686707,1151.82110569371,1274.68947498014,"PCBP1"
"ENSG00000100228",65.5755410666395,-0.0233942625277616,0.470034678647193,-0.0497713543075007,0.960304594332502,0.994734532091053,77.3669418412724,124.708036294948,42.9186815664857,20.8272374499818,74.3570683566149,66.6074866169966,69.8416403627977,30.679879273886,44.8219977781261,103.626441125285,"RAB36"
"ENSG00000197043",1380.57862891045,-0.0108059758580635,0.218122081456083,-0.0495409533318579,0.960488201210935,0.994734532091053,1163.40538793813,1557.55141164212,1584.68978091639,1241.48445843153,1357.70498888189,1355.31755377193,1117.46624580476,1047.90962644867,1964.87129794809,1415.38553732097,"ANXA6"
"ENSG00000117114",136.729867231706,-0.0277673742928999,0.560661355223325,-0.0495261070416374,0.960500032313557,0.994734532091053,58.9922931539702,155.885045368685,137.009637308397,201.93365005852,9.63887923141304,167.001379488991,203.413777556648,95.8746227308938,130.296505168971,207.252882250571,"ADGRL2"
"ENSG00000127914",228.902491441166,0.0191181539867419,0.386460862170571,0.049469832156778,0.960544878204363,0.994734532091053,190.516094284133,129.904204473905,155.167541048064,432.844326134405,119.797499018991,183.41191966999,357.065386354803,281.871390828828,190.754083567374,247.69246903117,"AKAP9"
"ENSG00000131080",143.661014954544,0.0113175656683346,0.229221263054942,0.0493739783015763,0.960621265169979,0.994734532091053,128.622540811115,168.875465816076,112.248859481578,162.995771347684,152.845084955264,166.036053595991,114.365686094081,134.224471823251,117.78804067275,178.608174947646,"EDA2R"
"ENSG00000106665",698.576058490338,0.0156107209985322,0.316483153059811,0.049325598685444,0.960659819542458,0.994734532091053,815.254149652408,966.48728128585,693.301779150922,301.542176993215,963.887923141304,573.40358044197,715.876813718676,477.455621199851,676.499454837298,802.051804481884,"CLIP2"
"ENSG00000164187",58.1446916025549,-0.0181036315997171,0.367916567775201,-0.0492058069284297,0.960755283614633,0.994734532091053,54.1568592888907,42.8683874763885,38.7918852620159,98.7029948716531,27.5396549468944,56.954227686997,54.1272712811682,80.5346830939508,68.7965547292168,58.9743973883738,"LMBRD2"
"ENSG00000189001",29.7846965233933,-0.0247124467951181,0.505356292593219,-0.0489010370649725,0.960998162394392,0.994734532091053,19.3417354603181,35.0741352079542,56.1244297407889,9.96085269346958,22.0317239575155,22.2024955389988,57.6193532993081,25.8861481373413,30.2287891992013,19.3773019990371,"SBSN"
"ENSG00000078902",465.173705255529,0.0151376128251499,0.309694699600482,0.048879147252691,0.961015607076688,0.994734532091053,496.115514557159,653.41814850374,510.072023232464,190.161733238965,543.908185201164,399.644919701979,461.827846899,390.209714514738,406.52509612719,599.853870578888,"TOLLIP"
"ENSG00000129675",169.676434419865,-0.015107100495007,0.310433392792979,-0.0486645471967043,0.961186629621699,0.994734532091053,237.903346161913,172.772591950293,143.612511395548,127.680020889019,294.67430793177,136.110950912993,110.873604075941,178.326798279462,149.059201913303,145.75101068841,"ARHGEF6"
"ENSG00000136813",866.608581599998,0.00875900910685793,0.180063993889741,0.0486438677586,0.96120310990821,0.994734532091053,821.056670290504,871.6572120199,759.330520022439,1000.61292966217,1130.50283557001,730.751701000962,924.528714302534,798.635607348345,832.855261040064,796.154364743047,"KIAA0368"
"ENSG00000111052",38.4119587855966,0.0209754680631436,0.433749599849737,0.0483584724237443,0.96143055476497,0.994734532091053,27.0784296444454,63.6530601922132,40.4426037838038,21.7327695130245,35.8015514309627,58.8848794729969,25.3175946315142,61.359758547772,27.101673075146,22.747267564087,"LIN7A"
"ENSG00000111361",467.766272817367,-0.0116851447758427,0.2417304460501,-0.0483395656888869,0.961445622535094,0.994734532091053,575.416629944464,528.710112208792,498.516993579949,277.998343354106,454.404306623758,556.027714367971,423.414944699461,350.901119195071,529.524997006699,482.747567193403,"EIF2B1"
"ENSG00000179388",43.0693218546013,-0.0370326315927173,0.767384144849763,-0.0482582704389435,0.961510411146817,0.994734532091053,69.6302476571452,9.09329431317332,17.3325444787731,78.7812894847139,15.1468102207919,162.174750023992,23.5715536224442,14.3811934096341,27.101673075146,13.4798622601997,"EGR3"
"ENSG00000151413",105.418683588193,-0.0120811483541151,0.250893962545667,-0.0481524076208732,0.961594779372379,0.994734532091053,133.457974676195,79.2415647290818,107.296703916214,103.230655186867,100.519740556165,80.1220491189958,82.0639274262873,110.255816140528,124.042272920861,133.956131210735,"NUBPL"
"ENSG00000097021",278.856440758873,0.0196151493980357,0.407546052653976,0.0481298966590405,0.961612719720214,0.994734532091053,323.006982187312,370.226982750628,335.92121918384,77.8757574216713,167.991895176056,325.314825940983,223.493249160953,186.955514325243,413.821700416653,363.956281025393,"ACOT7"
"ENSG00000083937",443.872617175296,-0.0148946206584438,0.310530778837278,-0.0479650381653433,0.961744106022819,0.994734532091053,481.609212961921,549.494784924616,537.308878841965,219.138759256331,346.999652330869,413.159482203979,419.922862681321,366.241058832014,375.253934886637,729.59754483331,"CHMP2B"
"ENSG00000102174",19.7953092813483,-0.0313744784479955,0.657093585206881,-0.0477473516015492,0.961917595992334,0.994734532091053,36.7492973746044,7.79425226843427,23.1100593050307,11.771916819555,55.0793098937888,9.6532589299995,20.0794716043043,14.3811934096341,4.16948816540708,15.1648450427247,"PHEX"
"ENSG00000113070",14.5676454361058,-0.04092640921363,0.857611856147406,-0.0477213659305983,0.961938305950007,0.994734532091053,18.3746486873022,1.29904204473905,4.95215556536373,34.4102183956222,6.8849137367236,27.0291250039986,6.1111435317448,3.83498490923575,38.5677655300155,4.21245695631242,"HBEGF"
"ENSG00000074319",441.600577005903,0.0135680735826754,0.284868371619589,0.0476292734975652,0.962011701621214,0.994734532091053,494.181341011128,472.851304285013,577.751482625769,211.894502751989,388.309134751211,468.183058104976,412.065678140506,327.891209739657,564.965646412659,497.912412236128,"TSG101"
"ENSG00000233864",116.908337054493,-0.0590371246988074,1.24160321105468,-0.0475491076159978,0.962075592351765,0.994734532091053,145.063015952386,0,179.102959613988,154.8459827803,147.337153965885,209.475718780989,107.381522057801,110.255816140528,1.04237204135177,114.578829211698,"TTTY15"
"ENSG00000134490",78.9522581263974,0.0119782028949041,0.252261668322883,0.0474832461647426,0.962128082897167,0.994734532091053,75.4327682952406,102.624321534385,79.2344890458197,57.9540520347321,68.849137367236,88.8099821559954,65.4765378401228,99.7096076401295,82.3473912667898,69.0842940835236,"TMEM241"
"ENSG00000144909",143.982999902894,0.0118836978383403,0.250588263704736,0.0474232019594607,0.962175937331666,0.994734532091053,164.404751412704,137.698456742339,145.263229917336,124.963424699891,174.876808912779,180.515941990991,96.0322554988468,103.544592549365,166.779526616283,145.75101068841,"OSBPL11"
"ENSG00000140950",255.275607053265,0.0158129650285429,0.333586065386686,0.047402954347667,0.962192074440202,0.994734532091053,205.022395879372,328.657637318979,278.146070921263,202.839182121562,286.412411447702,263.533968788986,109.127563066871,180.24429073408,313.753984446883,385.018565806955,"TLDC1"
"ENSG00000221817",44.440488074647,0.0154465689104202,0.325965137944648,0.0473871807513451,0.962204645821744,0.994734532091053,41.5847312396839,38.9712613421714,29.7129333921824,66.1038406021163,53.7023271464441,45.3703169709976,49.7621687584934,50.8135500473737,27.101673075146,41.2820781718617,"PPP3CB-AS1"
"ENSG00000117868",1008.2019235732,-0.0131840197132872,0.279545918862378,-0.0471622686066749,0.962383899330381,0.994734532091053,914.864087273047,754.743427993386,720.538634760423,1664.36793187246,974.903785120062,943.123397460951,830.242499812758,1369.08961259716,796.372239592752,1113.773619249,"ESYT2"
"ENSG00000178467",73.729666405202,0.0203681774495891,0.435747102229101,0.0467431162373632,0.962717966094681,0.994734532091053,58.0252063809543,46.7655136106057,37.141166740228,150.318322465086,72.9800856092701,55.9889017939971,103.889440039662,106.420831231292,37.5253934886637,68.2418026922611,"P4HTM"
"ENSG00000167074",342.205352070815,-0.0172486081810588,0.369100271700789,-0.0467314968411656,0.962727226911435,0.994734532091053,336.546197009535,539.102448566704,396.997804489992,106.852783439037,326.344911120699,483.628272392975,267.144274387701,275.160167237665,300.20314790931,390.07351415453,"TEF"
"ENSG00000167986",1004.4153274061,0.00944571653684623,0.202395924319039,0.0466694997373409,0.9627766395311,0.994734532091053,878.114789898442,1196.41772320466,1011.0650945951,917.303979862244,1087.81637040233,844.660156374956,907.068304211835,1034.48717926634,805.753587964918,1361.46608828017,"DDB1"
"ENSG00000163512",512.059222702417,-0.0102249050363306,0.219738406099097,-0.0465321707654483,0.962886093285934,0.994734532091053,494.181341011128,549.494784924616,544.73711219001,467.254544530028,689.868356419705,528.033263470973,430.399108735741,407.467146606299,627.507968893765,381.648600241905,"AZI2"
"ENSG00000131748",209.556525073878,0.0125969611332496,0.271398574819264,0.0464149863043254,0.962979492042683,0.994734532091053,194.384441376197,137.698456742339,207.990533745277,292.486856362789,240.971980785326,182.446593776991,268.017294892236,241.604049281852,191.796455608726,138.168588167047,"STARD3"
"ENSG00000167004",994.021077657126,-0.0164822009373339,0.360460151806491,-0.0457254452530503,0.96352908263773,0.994734532091053,852.003447027013,484.542682687664,656.160612410694,2010.28117995477,702.261201145807,1138.11922784694,990.005252142657,1267.46251250242,857.872190032506,981.502470820793,"PDIA3"
"ENSG00000127191",90.4712749962254,-0.0123872166323959,0.271992992205076,-0.0455424109715895,0.96367497088281,0.994734532091053,97.6757640746064,111.717615847558,92.440237220123,62.4817123499455,86.7499130827173,132.249647340993,89.921111967102,71.9059670481704,89.6439955562522,69.9267854747861,"TRAF2"
"ENSG00000117595",8.40053362410712,0.0660079855044308,1.45182256179935,0.0454656011287097,0.963736192854171,0.994734532091053,19.3417354603181,0,13.2057481743033,0,4.13094824203416,0,1.74604100906994,0.958746227308938,43.7796257367743,0.842491391262483,"IRF6"
"ENSG00000181524",42.1299815551089,0.0208987676868487,0.459865935860823,0.0454453484312298,0.963752335483236,0.994734532091053,26.1113428714294,25.9808408947809,43.7440408273796,70.6315009173297,48.1943961570652,14.4798883949993,60.238414812913,44.1023264562111,62.5423224811062,25.2747417378745,"RPL24P4"
"ENSG00000103254",86.6193588722752,0.0204708416666524,0.451051116983071,0.0453847488585662,0.963800637109259,0.994734532091053,104.445371485718,124.708036294948,89.1388001765472,26.260429828238,39.9324996729969,55.9889017939971,115.238706598616,130.389486914016,60.4575783984026,119.633777559273,"FAM173A"
"ENSG00000164332",151.242360503267,-0.0122869438395475,0.271428664460337,-0.0452676723144802,0.963893954767964,0.994734532091053,158.602230774609,167.576423771337,167.547929961473,115.002572006422,130.813360997748,103.289870550995,147.54046526641,114.090801049764,185.542223360615,222.417727293296,"UBLCP1"
"ENSG00000135297",134.499731300199,0.00947428073209501,0.209709766000768,0.0451780616266593,0.963965380678041,0.994734532091053,115.083325988893,133.801330608122,132.882841003927,153.940450717257,125.305430008369,153.486816986992,121.349850130361,109.297069913219,170.94901478169,128.90118286316,"MTO1"
"ENSG00000109971",4098.10663703865,0.0113609558326938,0.251705981023635,0.0451358199216849,0.963999050336024,0.994734532091053,3001.83734344137,4794.76418713182,4370.27728643349,4147.33684873552,5865.94650368851,2641.13164324786,3719.06734931898,4393.93395975686,4789.69953001138,3257.07171862076,"HSPA8"
"ENSG00000151611",50.2731537691824,0.0136972102410057,0.303860618808512,0.0450772801513888,0.964045710823043,0.994734532091053,56.0910328349225,42.8683874763885,55.299070479895,46.1821352151771,28.9166376942391,52.1275982219973,44.5240457312835,47.9373113654469,52.1186020675885,76.666716604886,"MMAA"
"ENSG00000180185",325.104666237481,-0.0123202425744143,0.273689948723654,-0.0450153271315567,0.964095092054186,0.994734532091053,361.690453107949,401.403991824365,384.617415576583,160.279175158556,280.904480458323,327.245477726983,332.620812227824,252.150257782251,357.533610183657,392.600988328317,"FAHD1"
"ENSG00000159251",113.831501698757,-0.0476346139396699,1.05875873890655,-0.0449909995443015,0.964114483014405,0.994734532091053,14.5063015952386,118.212826071253,323.54083027043,8.1497885673842,34.424568683618,53.0929241149972,18.3334305952344,70.9472208208614,180.330363153856,316.776763114694,"ACTC1"
"ENSG00000243317",1223.55573866522,-0.00941184600978814,0.209837987614121,-0.0448529178000695,0.964224545198352,0.994734532091053,1315.23801130163,1023.64513125437,1239.68960986272,1333.84872886188,1357.70498888189,932.504812637952,1355.80084354281,1625.07485528865,965.236510291739,1086.8138947286,"C7orf73"
"ENSG00000144369",131.063587042927,0.0127596640475012,0.285033618697921,0.0447654704935838,0.96429424804201,0.994734532091053,142.161755633338,120.810910160731,71.8062556977741,186.539604986794,147.337153965885,106.185848229994,104.762460544197,126.55450200478,151.143945996007,153.333433209772,"FAM171B"
"ENSG00000255248",3491.09099637762,-0.00985620353467729,0.220357694798301,-0.0447282022245646,0.964323954063697,0.994734532091053,3054.06002918423,2544.82336564379,3405.43231044846,5015.74209719345,3686.18281464181,3062.97905848884,3573.27292506164,3925.10705460279,3836.97148421586,2806.33882429533,"MIR100HG"
"ENSG00000115239",14.0658771666709,0.0193730779363022,0.433718421811221,0.0446674085352419,0.964372411978724,0.994734532091053,12.5721280492068,9.09329431317332,15.6818259569851,18.1106412608538,15.1468102207919,10.6185848229995,15.7143690816295,19.1749245461788,9.38134837216593,15.1648450427247,"ASB3"
"ENSG00000197951",126.905936219986,0.0121323504416356,0.271655284495656,0.0446608298607555,0.964377655768543,0.994734532091053,112.182065669845,171.473549905554,146.913948439124,75.1591612325432,140.452240229161,161.209424130992,132.699116689316,116.008293504381,100.06771596977,112.893846429173,"ZNF71"
"ENSG00000149930",313.346604151687,0.00778716638338881,0.174407820755915,0.0446491811527593,0.96438694083066,0.994734532091053,276.586817082549,329.956679363718,297.954693182718,345.913248082307,285.035428700357,336.898736656983,336.112894245964,347.066134285836,245.999801759018,331.941608157418,"TAOK2"
"ENSG00000162852",490.289549538004,0.0119475646484174,0.267964846380214,0.0445863135027237,0.964437052053864,0.994734532091053,508.687642606366,418.291538405973,446.51936014363,576.823924158193,578.332753884782,635.184437593967,292.461869019215,372.952282423177,665.033362382429,408.608324762304,"CNST"
"ENSG00000125843",176.228806234194,0.0136663459134942,0.306727837492475,0.044555284010795,0.964461785427081,0.994734532091053,178.911053007943,262.406493037287,187.356552222928,73.3480971064578,173.499826165435,182.446593776991,210.397941592928,175.450559597536,162.610038450876,155.860907383559,"AP5S1"
"ENSG00000133247",28.1526609751955,-0.0186034438355129,0.418034225404539,-0.0445022027024461,0.964504096215569,0.994734532091053,24.1771693253976,29.8779670289981,19.8086222614549,39.8434107738783,24.785689452205,10.6185848229995,38.4129021995387,41.2260877742843,29.1864171578495,23.5897589553495,"KMT5C"
"ENSG00000158604",207.544774000913,0.0176900447534904,0.397540277328781,0.0444987483340213,0.964506849675125,0.994734532091053,167.306011731752,119.511868115992,118.85173356873,418.355813125722,133.567326492438,161.209424130992,231.350433701767,332.684940876201,162.610038450876,230.000149814658,"TMED4"
"ENSG00000234797",128.499922201897,-0.0175325966968506,0.395090501223047,-0.0443761534194734,0.964604569733701,0.994734532091053,92.8403302095269,87.0358169975161,99.0431113072746,238.154932580227,148.71413671323,86.8793303699955,158.889731825365,180.24429073408,137.593109458434,55.6044318233239,"RPS3AP6"
"ENSG00000135535",998.054473188537,-0.0144683615407198,0.327045600862391,-0.0442395846406983,0.964713428945718,0.994734532091053,1095.70931382702,517.01873380614,747.775490369923,1655.31261124204,680.229477188292,892.926451024954,874.766545544041,1483.18041364693,1097.61775954341,936.007935692619,"CD164"
"ENSG00000136143",252.664279066985,-0.0155378365010805,0.351814287907519,-0.0441648819708108,0.964772974852724,0.994734532091053,338.480370555567,272.7988293952,299.605411704506,106.852783439037,188.646636386227,248.088754500987,238.334597738047,145.729426550959,306.45738015742,381.648600241905,"SUCLA2"
"ENSG00000166016",137.778973004645,-0.0163206501302415,0.369713601352206,-0.0441440349247353,0.96478959218232,0.994734532091053,134.425061449211,98.7271954001675,143.612511395548,178.38981641941,71.6031028619254,183.41191966999,147.54046526641,65.1947434570078,124.042272920861,230.84264120592,"ABTB2"
"ENSG00000169594",111.84388540714,-0.0271841124844318,0.616238073559991,-0.0441130038061263,0.964814327337325,0.994734532091053,170.207272050799,124.708036294948,76.7584112631378,80.5923536107993,121.174481766335,116.804433052994,11.3492665589546,91.0808915943491,292.906543619847,32.8571642592368,"BNC1"
"ENSG00000104228",128.927080436487,0.0134570951366001,0.305496830290814,0.0440498682876342,0.964864653272999,0.994734532091053,139.26049531429,167.576423771337,137.009637308397,69.725968854287,121.174481766335,147.694861628992,94.2862144897769,87.2459066851134,154.271062120062,171.025752426284,"TRIM35"
"ENSG00000184207",115.94193416886,-0.0150875132693966,0.342545523333265,-0.0440452793619428,0.964868311155746,0.994734532091053,104.445371485718,190.95918057664,110.59814095979,62.4817123499455,59.2102581358229,118.735084838994,151.905567789085,129.430740686707,105.279576176529,126.373708689372,"PGP"
"ENSG00000144711",394.814621991583,-0.0120232604115858,0.273514364818065,-0.0439584239737585,0.964937544672841,0.994734532091053,403.275184347633,578.073709908875,326.842267314006,279.809407480191,524.630426738338,367.789165232981,290.715828010145,340.354910694673,321.050588736345,515.60473145264,"IQSEC1"
"ENSG00000111328",2654.59673209248,0.00855768601667289,0.195166234325673,0.0438481894485534,0.965025414373266,0.994734532091053,2451.56496959532,2643.55056104396,3138.01590991882,2347.13910740665,2347.75558422275,3138.27447814284,2104.85243643382,2920.34100838303,3252.20076901752,2202.27249676013,"CDK2AP1"
"ENSG00000213160",9.18048636869,-0.0251008103409363,0.576100924362646,-0.0435701615454027,0.965247036738921,0.994734532091053,10.637954503175,11.6913784026514,12.3803889134093,2.71659618912807,6.8849137367236,11.5839107159994,11.3492665589546,6.71122359116257,5.21186020675885,12.6373708689372,"KLHL23"
"ENSG00000144591",347.186339855967,-0.00914486199813625,0.210000297266429,-0.0435469002528797,0.965265578966236,0.994734532091053,315.270288003185,320.863385050544,396.172445229098,360.40176109099,414.471806950761,328.210803619983,414.684739654111,251.191511554942,390.889515506914,279.707141899144,"GMPPA"
"ENSG00000101343",107.386165095519,-0.0126406400992284,0.290559123663574,-0.0435045368386519,0.965299348077643,0.994734532091053,78.3340286142883,128.605162429166,140.311074351972,85.1200139260128,97.7657750614751,75.2954196539961,97.7782965079168,95.8746227308938,110.491436383288,164.285821296184,"CRNKL1"
"ENSG00000132661",118.094805176628,0.011593585380146,0.266789272566173,0.0434559653341024,0.965338065915251,0.994734532091053,126.688367265084,127.306120384426,137.009637308397,79.6868215477566,89.5038785774068,164.105401809991,138.81026022106,118.884532186308,110.491436383288,88.4615960825607,"NXT1"
"ENSG00000204611",57.2169950413018,-0.0117190102297017,0.269798426707858,-0.0434361696348629,0.965353845698364,0.994734532091053,49.3214254238112,76.6434806396037,58.6005075234708,46.1821352151771,61.9642236305124,42.4743392919978,51.5082097675633,54.6485349566095,58.3728343156991,72.4542596485736,"ZNF616"
"ENSG00000095380",268.041050423465,-0.012839482155882,0.296054110126243,-0.0433687009121644,0.965407627270575,0.994734532091053,266.91594935239,242.920862366202,409.378193403402,158.468111032471,203.793446607019,365.858513446981,231.350433701767,202.295453962186,327.304820984456,272.124719377782,"NANS"
"ENSG00000026508",4878.94039886033,-0.00891368685179899,0.205596479069746,-0.0433552504990862,0.965418349062883,0.994734532091053,4054.02775248268,5593.67504464633,5201.41406215371,4737.74375383935,6989.5644255218,4445.32573726477,4095.33918677355,4547.33335612629,5052.37728443203,4072.60338536284,"CD44"
"ENSG00000122550",194.345312987906,0.0109870462921118,0.254123493816539,0.0432350670420255,0.965514151755914,0.994751814752308,227.265391658738,190.95918057664,184.055115179352,172.051091978111,170.745860670745,176.654638418991,136.191198707455,165.863097324446,218.898128683872,300.769426680706,"KLHL7"
"ENSG00000105538",39.9529546630518,-0.0602754283671359,1.40606781886822,-0.0428680804427008,0.965806693466278,0.994899503418533,147.964276271434,0,14.0311074351972,1.81106412608538,16.5237929681366,10.6185848229995,23.5715536224442,138.059456732487,42.7372536954226,4.21245695631242,"RASIP1"
"ENSG00000049883",56.0527726182976,0.0123809678630674,0.28989527094909,0.0427084161205296,0.965933970598707,0.994953766286295,57.0581196079384,71.4473124606475,60.2512260452587,34.4102183956222,72.9800856092701,49.2316205429974,43.6510252267486,48.8960575927558,59.4152063570509,63.1868543446862,"PTCD2"
"ENSG00000120265",285.564143093327,-0.0114595396298545,0.270245638874928,-0.0424041611829972,0.966176511190432,0.995077287267101,372.328407611124,241.621820321463,310.335082096127,223.666419571544,174.876808912779,313.730915224984,273.255417919446,227.222855872218,412.779328375301,305.824375028281,"PCMT1"
"ENSG00000144524",278.307322329707,-0.006735944957828,0.158976127522117,-0.0423707953063009,0.966203109403086,0.995077287267101,300.763986407947,280.593081663634,232.751311572095,303.353241119301,245.10292902736,281.875160755985,277.620520442121,296.252584238462,278.313335040922,286.447073029244,"COPS7B"
"ENSG00000120686",1430.23277240018,0.00925896597479095,0.219633248384835,0.0421564860642942,0.966373950790287,0.995141552421629,1472.87315530322,1335.41522199174,1773.69705166111,1116.52103373164,1404.52240229161,1896.8653797449,1231.83193189884,1023.94097076595,1450.98188156166,1595.67869505114,"UFM1"
"ENSG00000141429",686.085145401893,0.00939087016919751,0.22360560495097,0.0419974721620088,0.966500713263342,0.995141552421629,760.130203590502,433.880042942841,698.253934716286,839.428222440573,728.423873345357,642.907044737967,629.447783769714,746.863311073663,833.897633081416,547.619404320614,"GALNT1"
"ENSG00000086102",325.27151512993,0.00961604276438832,0.22975111212475,0.0418541728719338,0.966614949109801,0.995141552421629,253.376734530167,267.602661216243,319.414033965961,454.57709564743,338.737755846801,409.298178631979,271.509376910376,272.283928555738,313.753984446883,352.161401547718,"NFX1"
"ENSG00000205578",8.44647255586592,-0.0287143870344714,0.686466192822286,-0.0418292806473355,0.966634792853367,0.995141552421629,9.67086773015905,0,11.5550296525154,12.6774488825976,6.8849137367236,5.7919553579997,8.73020504534971,11.5049547277073,4.16948816540708,13.4798622601997,"POM121B"
"ENSG00000231889",36.8050228177967,-0.0139316702551444,0.333098123284316,-0.0418245234100375,0.966638585260719,0.995141552421629,33.8480370555567,57.157849968518,28.8875741312884,28.977026017366,46.8174134097205,32.8210803619983,33.1747791723289,40.2673415469754,23.9745569510907,42.1245695631242,"TRAF3IP2-AS1"
"ENSG00000153786",939.781549032203,0.00713587814381595,0.171130945159675,0.0416983505651638,0.966739168877517,0.995168284603229,781.406112596852,997.664290359587,951.63922781073,1016.91250679694,981.788698856785,1060.89315640695,924.528714302534,1006.68353867438,965.236510291739,711.062734225536,"ZDHHC7"
"ENSG00000130702",12.4637964266136,-0.0239843036743577,0.579203715881005,-0.0414090984169121,0.966969759532191,0.995252020595835,4.83543386507953,24.6817988500419,8.25359260893955,12.6774488825976,26.1626721995497,9.6532589299995,12.2222870634896,9.58746227308938,7.29660428946239,9.26740530388731,"LAMA5"
"ENSG00000156976",1821.91764805636,0.0113713622721888,0.276209279930209,0.0411693708301983,0.967160871498596,0.995307529562427,1553.14135746354,1227.5947322784,1559.92900308958,2911.28558268225,2298.18420531834,1339.87233948393,2047.23308313451,2159.09650389973,1518.73606424953,1604.10360896377,"EIF4A2"
"ENSG00000003400",17.1292743685614,-0.0211477389872021,0.515310050123377,-0.0410388638493251,0.967264913074861,0.995307529562427,24.1771693253976,12.9904204473905,13.2057481743033,19.0161733238965,9.63887923141304,13.5145625019993,10.4762460544197,28.7623868192681,8.33897633081416,31.1721814767119,"CASP10"
"ENSG00000004766",58.5468536733786,0.0129382371376695,0.315587267580347,0.0409973356557407,0.967298019916765,0.995307529562427,49.3214254238112,49.3635977000837,62.7273038279406,71.5370329803724,49.5713789044099,53.0929241149972,37.5398816950038,65.1947434570078,51.0762300262367,96.0440186039231,"VPS50"
"ENSG00000235194",74.8319308344057,-0.0126568846788567,0.309474740135053,-0.0408979572075358,0.96737724599881,0.995307529562427,60.926466700002,66.2511442816913,56.9497890016829,116.813636132507,74.3570683566149,88.8099821559954,93.4131939852419,59.4422660931542,47.9491139021814,83.4066477349858,"PPP1R3E"
"ENSG00000178188",286.707701778461,-0.0104938260702638,0.256739781739245,-0.0408733932823927,0.96739682880091,0.995307529562427,278.520990628581,314.368174826849,207.990533745277,350.440908397521,424.110686182174,265.464620574986,333.493832732359,248.315272873015,208.474408270354,235.897589553495,"SH2B1"
"ENSG00000004399",1002.67530538386,0.0096203121117352,0.237908294999403,0.0404370604722266,0.967744684415798,0.995499994229725,840.398405750822,1140.55891528088,866.627223938653,1146.40359181204,1414.16128152303,812.804401905958,1045.8785644329,1155.28920390727,929.795860885778,674.835604401249,"PLXND1"
"ENSG00000247400",7.88178046533764,-0.0248773136771703,0.619259865897473,-0.0401726561774134,0.967955477235744,0.995499994229725,8.70378095714315,1.29904204473905,9.90431113072746,11.771916819555,4.13094824203416,6.75728125099965,8.73020504534971,8.62871604578044,6.25423224811062,12.6373708689372,"DNAJC3-AS1"
"ENSG00000105220",2184.440343956,0.00942918688359987,0.234836042001549,0.0401522134474472,0.967971775024723,0.995499994229725,1828.76108777308,2816.32315299425,2003.97228545052,2055.5577831069,2283.03739509755,2514.67395126487,2599.85506250514,2591.49105241606,1387.39718703921,1763.33448191238,"GPI"
"ENSG00000121775",106.235256003146,-0.0111443340958091,0.278762437573267,-0.039977890108957,0.968110753335567,0.995499994229725,114.116239215877,89.6339010869942,79.2344890458197,143.979598023788,90.8808613247515,119.700410731994,140.55630123013,124.637009550162,85.4745073908451,74.1392424310985,"TMEM39B"
"ENSG00000149218",88.2169300183963,-0.0187096646124098,0.468224780810276,-0.0399587236284936,0.968126033764558,0.995499994229725,160.53640432064,36.3731772526933,77.5837705240318,80.5923536107993,72.9800856092701,73.3647678679962,34.0477996768639,76.699698184715,186.584595401967,83.4066477349858,"ENDOD1"
"ENSG00000159200",1103.4303017995,0.0179044282503896,0.448351451043831,0.0399339139166504,0.968145813263143,0.995499994229725,899.390698904792,444.272379300754,1946.19713718795,1090.2606039034,677.475511693602,1295.46734840593,852.941032930667,573.330243930745,2431.85397247368,823.114089263446,"RCAN1"
"ENSG00000162909",3206.40501063013,-0.01101130708068,0.277756730198788,-0.0396437093452221,0.968377179792937,0.995499994229725,4314.17409442395,3103.41144488158,3232.93222492162,2233.04206746327,4205.30531039077,3150.82371475184,2126.67794904719,2171.56020485474,4420.69982737285,3105.42326819351,"CAPN2"
"ENSG00000204356",582.959699746785,-0.0125384615921882,0.316691891721742,-0.0395919880487657,0.968418415043251,0.995499994229725,646.981051147641,678.099947353782,798.122405284455,220.949823382416,621.019219052469,611.051290268968,722.860977754956,438.147025880185,564.965646412659,527.399610930314,"NELFE"
"ENSG00000183401",65.9847816061925,-0.0144809524422646,0.366754091241133,-0.0394840924425946,0.968504436018838,0.995499994229725,58.9922931539702,41.5693454316495,52.8229926972131,111.380443754251,93.6348268194409,45.3703169709976,82.9369479308223,62.318504775081,37.5253934886637,73.296751039836,"CCDC159"
"ENSG00000182809",633.323183915248,-0.0161598213116685,0.41018314896869,-0.0393965996708996,0.968574190876162,0.995499994229725,967.086773015905,839.181160901424,605.813697496163,138.546405645531,761.47145928163,846.590808160956,536.034589784472,632.772510023899,469.067418608296,536.667016234202,"CRIP2"
"ENSG00000123268",252.759246751186,0.00952707045763646,0.24277204881673,0.0392428638472648,0.96869675953143,0.995499994229725,321.072808641281,244.219904410941,293.002537617354,148.507258339001,260.249739248152,307.938959866984,210.397941592928,259.820227600722,239.745569510907,242.637520683595,"ATF1"
"ENSG00000147862",254.686302468576,0.0219950393128317,0.560794428586401,0.0392212158174872,0.968714018872665,0.995499994229725,498.049688103191,237.724694187245,133.708200264821,140.357469771617,44.063447915031,146.729535735992,196.429613520369,575.247736385363,390.889515506914,183.663123295221,"NFIB"
"ENSG00000120278",6.5702049829091,-0.0312525965346501,0.798515430100723,-0.0391383752355392,0.968780065381974,0.995499994229725,14.5063015952386,2.59808408947809,3.30143704357582,6.33872444129882,2.75396549468944,12.5492366089993,7.85718454081474,1.91749245461788,2.08474408270354,11.7948794776748,"PLEKHG1"
"ENSG00000185418",93.527029514194,-0.0104906352796223,0.26875084062643,-0.039034799873257,0.968862643460486,0.995499994229725,100.577024393654,90.9329431317332,103.169907611744,81.497885673842,82.6189648406832,111.012477694994,89.0480914625671,64.2359972296989,74.0084149359756,138.168588167047,"TARSL2"
"ENSG00000130958",200.74501637673,-0.00814354006782553,0.209304383390157,-0.0389076422381725,0.968964023559181,0.995499994229725,175.042705915879,149.38983514499,232.751311572095,246.304721147611,239.594998037981,187.27322324199,192.937531502229,204.212946416804,206.38966418765,173.553226600072,"SLC35D2"
"ENSG00000204859",48.3213916474786,-0.0190725353193815,0.491598003467475,-0.0387970154167711,0.96905222439708,0.995499994229725,24.1771693253976,28.578924984259,24.7607778268187,116.813636132507,61.9642236305124,32.8210803619983,60.238414812913,63.2772510023899,38.5677655300155,32.0146728679744,"ZBTB48"
"ENSG00000247240",18.6686955233624,-0.0167035305554875,0.431561609029477,-0.0387048574433011,0.969125700633279,0.995499994229725,19.3417354603181,19.4856306710857,21.4593407832428,14.488513008683,28.9166376942391,27.0291250039986,10.4762460544197,18.2161783188698,10.4237204135177,16.8498278252497,"UBL7-AS1"
"ENSG00000142444",109.256963717876,-0.00840798235558053,0.217414166151625,-0.0386726518534068,0.969151377752024,0.995499994229725,107.346631804766,148.090793100251,93.2655964810169,91.4587383673116,112.912585282267,109.081825908994,107.381522057801,96.8333689582027,103.194832093825,123.003743124323,"TIMM29"
"ENSG00000107745",302.774445425004,-0.0121733468003482,0.3174646217774,-0.0383455225095409,0.969412195742011,0.995637492754614,342.348717647631,392.310697511192,355.729841445295,127.680020889019,278.150514963633,270.291250039986,285.477704982936,225.3053634176,306.45738015742,443.992963195329,"MICU1"
"ENSG00000134070",13.2519296315172,-0.0202784764793751,0.530204723712999,-0.0382465028552857,0.969491144081885,0.995637492754614,11.6050412761909,24.6817988500419,9.90431113072746,8.1497885673842,5.50793098937888,16.4105401809991,7.85718454081474,11.5049547277073,16.6779526616283,20.2197933902996,"IRAK2"
"ENSG00000198890",156.37635676935,-0.0141941532945521,0.372164315944426,-0.0381394794891397,0.969576474114981,0.995637492754614,208.890742971436,131.203246518644,216.244126354216,72.4425650434151,161.106981439332,157.348120558992,94.2862144897769,90.1221453670402,232.448965221445,199.670459729208,"PRMT6"
"ENSG00000170681",12.763063769083,0.019014128590443,0.498662791671527,0.0381302333119888,0.969583846134583,0.995637492754614,10.637954503175,15.5885045368685,8.25359260893955,16.2995771347684,11.0158619787578,17.3758660739991,5.23812302720983,12.4637009550162,19.8050687856836,10.9523880864123,"CAVIN4"
"ENSG00000164053",43.2843614749649,0.01093808712791,0.289093476033941,0.0378358144845366,0.969818588976545,0.995696464135719,34.8151238285726,49.3635977000837,55.299070479895,33.5046863325795,31.6706031889286,39.5783616129979,43.6510252267486,46.019818910829,45.8643698194779,53.0769576495364,"ATRIP"
"ENSG00000162878",298.539100718245,0.0227003918326635,0.601737630064041,0.0377247336688044,0.969907155414201,0.995696464135719,155.700970455561,114.315699937036,160.945055874321,751.591612325432,311.198100899907,83.9833526909956,430.399108735741,672.081105343566,185.542223360615,119.633777559273,"PKDCC"
"ENSG00000106077",64.7382877085938,0.0121814602520964,0.323053107631402,0.0377072994016676,0.969921056056444,0.995696464135719,49.3214254238112,96.1291113106894,80.0598483067136,32.5991542695368,72.9800856092701,66.6074866169966,51.5082097675633,65.1947434570078,74.0084149359756,58.9743973883738,"ABHD11"
"ENSG00000025434",36.0870102856215,0.0139139855171941,0.369976149928497,0.0376077904477983,0.970000396438488,0.995696464135719,42.5518180126998,27.27988293952,35.4904482184401,37.1268145847502,57.8332753884782,32.8210803619983,27.0636356405841,49.8548038200648,32.3135332819049,18.5348106077746,"NR1H3"
"ENSG00000163902",693.114314106083,-0.0108854559588014,0.290157594540753,-0.0375156679115375,0.970073847753941,0.995696464135719,584.120410901607,492.336934956098,651.208456845331,1056.75591757082,571.447840148059,1110.12477694994,676.590891014603,636.607494933135,669.202850547836,482.747567193403,"RPN1"
"ENSG00000141424",326.991307331501,-0.0110294477345516,0.295026710974648,-0.0373845734107085,0.970178372707651,0.995696464135719,291.093118677788,206.547685113508,253.385293094444,562.33541114951,285.035428700357,266.429946467986,333.493832732359,439.105772107494,328.347193025807,304.139392245756,"SLC39A6"
"ENSG00000000457",53.6957333966526,-0.0117639647307612,0.315037102123734,-0.0373415215270128,0.970212699172772,0.995696464135719,34.8151238285726,44.1674295211276,50.3469149145313,86.0255459890555,60.5872408831677,50.1969464359974,52.3812302720983,57.5247736385363,38.5677655300155,62.3443629534237,"SCYL3"
"ENSG00000232815",6.87905028074733,0.0281084103537387,0.753392329423577,0.0373091273377373,0.970238527997886,0.995696464135719,11.6050412761909,3.89712613421714,3.30143704357582,8.1497885673842,13.7698274734472,6.75728125099965,13.0953075680246,1.91749245461788,2.08474408270354,4.21245695631242,"DUX4L50"
"ENSG00000105982",13.8492538905308,-0.017802704567332,0.482073995299928,-0.0369294024172698,0.970541295992696,0.995808919084262,25.1442560984135,9.09329431317332,11.5550296525154,9.96085269346958,13.7698274734472,15.4452142879992,13.9683280725595,7.6699698184715,12.5084644962212,19.3773019990371,"RNF32"
"ENSG00000101457",214.744600218843,0.0119808639791642,0.325647698762157,0.0367908756140624,0.970651749329842,0.995808919084262,307.533593819058,240.322778276723,208.815893006171,97.7974628086104,308.444135405217,159.278772344992,227.858351683627,151.481903914812,242.872685634962,203.040425294258,"DNTTIP1"
"ENSG00000109790",740.324662164658,-0.00955341742905864,0.260670468026385,-0.0366494045197772,0.970764550857013,0.995808919084262,744.656815222247,656.016232593218,798.947764545348,772.418849775414,794.519045217903,972.08317425095,478.415236485164,542.650364656859,1058.00762197205,585.531516927426,"KLHL5"
"ENSG00000144895",874.441349226331,0.00828688716304009,0.227156401044151,0.0364809757724125,0.970898847745605,0.995808919084262,867.476835395267,635.231559877393,842.691805372728,1138.25380324466,1164.92740425363,787.705928687959,983.894108610913,832.191725304158,839.109493288174,652.930828228424,"EIF2A"
"ENSG00000139624",288.556712484437,0.0136303066132547,0.376845644557175,0.0361694683489615,0.971147230780869,0.995808919084262,185.680660419054,154.586003323946,222.847000441368,584.068180662534,229.956118806568,278.979183076986,309.922279109915,443.899503244038,261.635382379294,213.992813380671,"CERS5"
"ENSG00000167291",862.766231792758,-0.010626094591213,0.294240667205681,-0.0361136164219784,0.971191765075999,0.995808919084262,917.765347592094,1309.43438109696,756.854442239757,482.648589601753,1310.88757547217,835.972223337957,762.14690045903,650.02994211546,783.863775096531,818.059140915871,"TBC1D16"
"ENSG00000130038",77.4188993444479,0.0118619996597776,0.3285039740879,0.036109151168453,0.971195325510629,0.995808919084262,58.0252063809543,67.5501863264304,85.8373631329713,95.986398682525,88.1268958300621,91.7059598349952,45.3970662358185,46.019818910829,114.660924548695,80.8791735611984,"CRACR2A"
"ENSG00000172244",9.83898709529239,0.0205023845241418,0.56790355915331,0.0361018771474313,0.97120112555797,0.995808919084262,6.76960741111134,12.9904204473905,12.3803889134093,7.24425650434151,5.50793098937888,12.5492366089993,13.9683280725595,2.87623868192681,11.4660924548695,12.6373708689372,"C5orf34"
"ENSG00000213380",76.419241519595,-0.00890822518251799,0.246893800632446,-0.0360812023619004,0.971217610909743,0.995808919084262,73.4985947492088,102.624321534385,56.9497890016829,75.1591612325432,75.7340511039596,69.5034642959964,68.9686198582627,83.4109217758776,65.6694386051615,92.6740530388731,"COG8"
"ENSG00000100811",1335.35276841386,0.00607455642985087,0.168385748929268,0.0360752407402514,0.971222364500879,0.995808919084262,1455.46559338894,1505.58972985255,1292.51260255993,1074.86655883167,1533.95878054202,1219.20660285894,1237.07005492605,1445.78931078188,1155.99059385911,1433.07785653748,"YY1"
"ENSG00000148481",280.178915819273,-0.00774455304360263,0.215173350379178,-0.0359921571605182,0.971288612583257,0.995808919084262,281.422250947628,318.265300961066,316.937956183279,208.272374499818,282.281463205668,280.909834862985,263.652192369561,202.295453962186,298.118403826606,349.63392737393,"MINDY3"
"ENSG00000120896",1573.52976912369,-0.0107439573951913,0.298822138758818,-0.0359543554564504,0.971318754470058,0.995808919084262,1748.49288561276,1992.7304966297,1671.35250331026,910.965255420945,1052.01481897137,1682.56303149891,2277.71049633174,2034.45949434957,1151.82110569371,1213.18760341798,"SORBS3"
"ENSG00000121691",268.233651822474,0.0135880158037304,0.385321820096122,0.035264070434269,0.971869173140388,0.996296630451449,235.969172615881,419.590580450712,283.098226486627,129.491085015105,184.515688144192,160.244098237992,215.636064620138,257.902735146104,271.01673075146,524.872136756527,"CAT"
"ENSG00000101773",432.998607717269,0.0105588571568691,0.30114290090466,0.0350626135470881,0.972029813136845,0.996335110200291,430.353613992078,415.693454316495,602.512260452587,275.281747164977,399.324996729969,530.929241149972,344.843099291314,381.580998468957,676.499454837298,272.967210769045,"RBBP8"
"ENSG00000108468",1272.28962896068,-0.00975683888678636,0.278531074483602,-0.035029624270382,0.972056118611846,0.996335110200291,1544.4375765064,1378.28360946813,1589.64193648176,597.651161608175,1127.74887007533,1396.82656717093,1072.94220007348,1113.10436990568,1646.9478253358,1255.3121729811,"CBX1"
"ENSG00000196235",445.643807789629,0.0091942680071509,0.264371364132509,0.034777851365712,0.972256881995431,0.996387738986712,297.862726088899,433.880042942841,345.000171053673,699.070752668956,461.289220360481,476.870991141975,486.272421025979,456.363204199055,317.92347261229,481.90507580214,"SUPT5H"
"ENSG00000069849",279.877927094772,-0.010974540763104,0.320019476516838,-0.0342933526501364,0.97264322557033,0.996601194753854,283.35642449366,183.164928308205,245.957059746399,412.017088684423,145.96017121854,380.33840184198,207.778880079323,364.323566377396,323.135332819049,252.747417378745,"ATP1B3"
"ENSG00000114948",31.4764594854473,-0.0168624398780242,0.494102220067938,-0.0341274319222967,0.972775533711102,0.996601194753854,39.6505576936521,38.9712613421714,18.983263000561,29.8825580804087,4.13094824203416,35.7170580409981,33.1747791723289,29.7211330465771,54.203346150292,30.3296900854494,"ADAM23"
"ENSG00000260001",16.6700699487528,-0.0266049790966219,0.781561154158143,-0.0340408155588022,0.972844603438471,0.996601194753854,29.0126031904772,27.27988293952,11.5550296525154,0,9.63887923141304,4.82662946499975,15.7143690816295,28.7623868192681,10.4237204135177,29.4871986941869,"TGFBR3L"
"ENSG00000166140",167.564306273205,0.00816264904290587,0.240398856693953,0.0339546084168678,0.97291334704609,0.996601194753854,143.128842406354,158.483129458164,134.533559525715,230.910676075886,220.317239575155,158.313446451992,188.572428979554,153.39939636943,157.398178244117,130.586165645685,"ZFYVE19"
"ENSG00000160789",2251.54678661579,-0.0122686929237918,0.362024145855113,-0.0338891564672094,0.972965540108423,0.996601194753854,2023.14552914927,3445.05950264795,2636.19747929529,948.997602068738,1879.58145012554,1561.89729487392,2488.10843792467,1706.56828460991,1872.10018626778,3953.81209919483,"LMNA"
"ENSG00000152439",122.309662508091,-0.00849887081814147,0.251695787834689,-0.0337664403971807,0.973063397359977,0.996601194753854,89.9390698904792,100.026237444907,153.516822526276,146.696194212916,108.781637040233,157.348120558992,130.080055175711,122.719517095544,122.999900879509,90.9890702563482,"ZNF773"
"ENSG00000230409",19.6303962378388,0.0186486583424073,0.552878526083265,0.0337301187559575,0.973092361337824,0.996601194753854,19.3417354603181,5.19616817895618,25.5861370877126,27.1659618912807,20.6547412101708,34.7517321479982,7.85718454081474,8.62871604578044,26.0593010337942,21.0622847815621,"TCEA1P2"
"ENSG00000092871",105.589239407501,-0.00908094461177784,0.269594974960198,-0.0336836568007935,0.973129411561146,0.996601194753854,106.37954503175,118.212826071253,88.3134409156532,110.474911691208,158.353015944643,124.527040196994,75.0797633900075,95.8746227308938,75.0507869773274,103.626441125285,"RFFL"
"ENSG00000134308",4611.19318982407,0.010022072865603,0.298303646631095,0.0335968835070831,0.973198607467998,0.996601194753854,5964.02412918909,5040.2831335875,5066.88050262799,2297.3348439393,3715.09945233605,5303.50045614173,3157.71516490299,3710.34789968559,5687.18185761525,6169.56445821516,"YWHAQ"
"ENSG00000122691",644.364229804748,0.012427887627907,0.370655706094374,0.0335294652788717,0.97325236914196,0.996601194753854,693.401216252404,1044.42980397019,587.655793756496,239.965996706313,559.054995421956,413.159482203979,946.354226915909,820.686770576451,460.728442277482,678.205569966299,"TWIST1"
"ENSG00000115539",111.231653667315,0.00958625570862913,0.286973461181515,0.0334046767570807,0.973351880232749,0.996601194753854,120.885846626988,120.810910160731,130.406763221245,71.5370329803724,78.488016598649,135.145625019993,77.6988249036124,100.668353867438,151.143945996007,125.53121729811,"PDCL3"
"ENSG00000116604",586.419952550702,-0.00589510056331387,0.177545900822335,-0.0332032479263654,0.973512508081397,0.996601194753854,531.897725158748,630.035391698437,663.58884575874,525.20859656476,663.705684220155,668.005517955965,470.558051944349,504.300515564501,630.635085017821,576.264111623538,"MEF2D"
"ENSG00000158773",237.880309748172,0.00666746925067002,0.201491144168963,0.0330906317405142,0.973602313448323,0.996601194753854,225.331218112706,245.51894645568,230.275233789413,248.115785273697,235.464049795947,219.128977710989,330.001750714219,242.562795509161,213.686268477113,188.718071642796,"USF1"
"ENSG00000154144",525.532701928926,-0.00757088453990915,0.229501657131635,-0.0329883654633776,0.973683865608242,0.996601194753854,415.847312396839,527.411070164053,632.22519384477,532.452853069101,567.316891906025,721.098442070963,357.938406859338,464.033174017526,561.838530288604,475.16514467204,"TBRG1"
"ENSG00000069943",43.5448726950073,-0.0108165404007074,0.329101656273885,-0.0328668671047516,0.973780754733507,0.996601194753854,35.7822106015885,27.27988293952,40.4426037838038,70.6315009173297,46.8174134097205,52.1275982219973,33.1747791723289,37.3911028650486,43.7796257367743,48.0220093019615,"PIGB"
"ENSG00000126767",1006.05903426334,0.00650856786893757,0.198271083280953,0.0328266117339704,0.97381285655021,0.996601194753854,901.324872450824,1115.87711643084,1284.25900995099,711.748201551554,1098.83223238109,1129.43129480994,1007.46566223336,976.962405627808,903.736559851984,930.952987345044,"ELK1"
"ENSG00000110958",2285.41158655079,-0.00863001518919781,0.263324546734564,-0.0327733031204912,0.973855367796116,0.996601194753854,2785.20990628581,2648.74672922291,2661.78361638301,1079.39421914689,2072.3590347538,2375.66702267288,2312.63131651314,1915.57496216326,2530.8793164021,2471.86974196413,"PTGES3"
"ENSG00000130204",410.072916438197,0.00841980846072904,0.257643534713874,0.0326800688791965,0.973929718131152,0.996601194753854,460.333303955571,472.851304285013,425.885378621281,276.18727922802,346.999652330869,537.686522400972,512.463036162028,339.396164467364,453.43183798802,275.494684942832,"TOMM40"
"ENSG00000163577",308.604526541177,-0.0103797150447456,0.318379584327471,-0.0326016979595948,0.973992215775685,0.996601194753854,294.961465769851,391.011655466453,425.060019360387,129.491085015105,221.6942223225,366.823839339981,250.556884801537,348.983626740453,296.033659743903,361.428806851605,"EIF5A2"
"ENSG00000178460",9.19615742016776,-0.0172192262464815,0.533704113693144,-0.0322636191190796,0.97426182182804,0.996601194753854,6.76960741111134,12.9904204473905,4.12679630446978,13.5829809456403,6.8849137367236,9.6532589299995,10.4762460544197,8.62871604578044,10.4237204135177,8.42491391262483,"MCMDC2"
"ENSG00000132669",439.161927986105,-0.00738591719475116,0.230152338099345,-0.0320914280330407,0.974399139329733,0.996601194753854,461.300390728587,457.262799748144,493.564838014585,349.535376334478,524.630426738338,506.796093824974,328.255709705149,309.675031420787,413.821700416653,546.776912929352,"RIN2"
"ENSG00000259091",14.0948643632011,0.0214471785389413,0.668597911483542,0.0320778425576479,0.974409973392943,0.996601194753854,21.2759090063499,12.9904204473905,16.5071852178791,5.43319237825613,4.13094824203416,24.1331473249987,17.4604100906994,2.87623868192681,8.33897633081416,27.8022159116619,"LINC00517"
"ENSG00000198721",461.679843577574,-0.00716137736643543,0.223938615879869,-0.0319791981311394,0.974488639898404,0.996601194753854,555.10780771113,426.085790674407,520.801693624086,349.535376334478,534.269305969751,301.181678615984,531.669487261797,453.486965517128,488.87248739398,455.787842673003,"ECI2"
"ENSG00000131015",18.8616785033436,-0.0151230317086116,0.473069875848034,-0.0319678603113372,0.974497681546928,0.996601194753854,11.6050412761909,12.9904204473905,18.157903739667,32.5991542695368,22.0317239575155,20.2718437529989,13.9683280725595,28.7623868192681,19.8050687856836,8.42491391262483,"ULBP2"
"ENSG00000101911",162.117602850474,-0.0102658553216937,0.323985762979523,-0.0316861309808313,0.974722355208047,0.996601194753854,163.437664639688,122.10995220547,211.291970788852,153.940450717257,122.55146451368,276.083205397986,103.889440039662,106.420831231292,202.220176022243,159.230872948609,"PRPS2"
"ENSG00000135469",47.9454459718784,0.0114205221953331,0.362678080721008,0.0314894194119175,0.974879230048155,0.996601194753854,54.1568592888907,25.9808408947809,43.7440408273796,66.1038406021163,59.2102581358229,33.7864062549982,35.7938406859338,77.658444412024,37.5253934886637,45.4945351281741,"COQ10A"
"ENSG00000222005",6.94833845442782,0.023003926865932,0.732015036432816,0.0314254840693334,0.974930217836617,0.996601194753854,3.86834709206362,9.09329431317332,5.77751482625769,9.05532063042689,4.13094824203416,4.82662946499975,13.0953075680246,14.3811934096341,1.04237204135177,4.21245695631242,"LINC01118"
"ENSG00000013392",71.2541014422815,0.00998231803177826,0.31956167792908,0.0312375316604566,0.975080108572423,0.996601194753854,56.0910328349225,63.6530601922132,43.7440408273796,120.435764384678,70.2261201145807,74.3300937609961,81.1909069217523,69.0297283662435,52.1186020675885,81.7216649524609,"RWDD2A"
"ENSG00000175984",43.2270268707821,-0.0103369055178359,0.332779753322291,-0.0310623029635605,0.975219853029422,0.996601194753854,35.7822106015885,70.1482704159085,27.2368556095005,41.6544748999637,48.1943961570652,42.4743392919978,38.4129021995387,45.0610726835201,30.2287891992013,53.0769576495364,"DENND2C"
"ENSG00000138604",51.1142340347835,-0.0121183675787522,0.390664459372165,-0.0310198874968753,0.97525367937482,0.996601194753854,59.9593799269861,28.578924984259,29.7129333921824,86.9310780520981,35.8015514309627,55.0235759009971,35.7938406859338,50.8135500473737,77.1355310600309,51.3919748670115,"GLCE"
"ENSG00000162736",201.681946492736,0.0125331393933385,0.404528966944553,0.0309820567066001,0.975283849477175,0.996601194753854,151.832623363497,119.511868115992,116.375655786048,414.733684873552,155.599050449953,154.452142879992,243.572720765257,293.376345556535,118.830412714102,248.534960422433,"NCSTN"
"ENSG00000147996",56.5282802916032,-0.0117472076345046,0.38036040669631,-0.0308844123302348,0.975361721152241,0.996601194753854,52.2226857428589,42.8683874763885,95.7416742636988,36.2212825217076,35.8015514309627,77.226071439996,81.1909069217523,62.318504775081,43.7796257367743,37.9121126068117,"CBWD5"
"ENSG00000083635",38.1383839651293,-0.0116277614691343,0.376987410961706,-0.0308438985786596,0.975394031056311,0.996601194753854,37.7163841476203,32.4760511184761,40.4426037838038,42.5600069630064,34.424568683618,37.647709826998,45.3970662358185,12.4637009550162,51.0762300262367,47.1795179106991,"NUFIP1"
"ENSG00000006744",212.731386394282,0.00609033170090887,0.200064878440735,0.0304417834273345,0.975714721927958,0.996601194753854,186.64774719207,239.023736231984,187.356552222928,237.249400517185,177.630774407469,228.782236640988,207.778880079323,181.203036961389,209.516780311706,272.124719377782,"ELAC2"
"ENSG00000197586",407.924751626512,-0.00774823121165019,0.255117242502477,-0.0303712565079758,0.975770968260558,0.996601194753854,436.156134630173,381.918361153279,332.619782140264,485.365185790881,476.436030581273,482.662946499975,343.097058282244,401.714669242445,511.804672303719,227.47267564087,"ENTPD6"
"ENSG00000198597",13.9692926278723,-0.0272964103387548,0.89895864142472,-0.0303644784986926,0.975776373836412,0.996601194753854,0.967086773015906,35.0741352079542,19.8086222614549,0.905532063042689,22.0317239575155,23.1678214319988,6.1111435317448,5.75247736385363,3.12711612405531,22.747267564087,"ZNF536"
"ENSG00000100749",32.1909304645659,0.0136802630461205,0.453434877553076,0.0301702928542791,0.975931240609668,0.996601194753854,29.0126031904772,49.3635977000837,32.1890111748642,18.1106412608538,20.6547412101708,44.4049910779977,15.7143690816295,18.2161783188698,52.1186020675885,42.1245695631242,"VRK1"
"ENSG00000124164",622.000585406579,0.00568628252250856,0.188743585383774,0.0301270239777769,0.975965748491801,0.996601194753854,624.738055368275,706.678872338041,673.493156889467,478.12092928654,563.18594366399,661.248236704966,483.653359512374,626.061286432737,707.770616077852,695.055397791549,"VAPB"
"ENSG00000115827",172.950312259599,-0.00683841947275464,0.227149482678736,-0.0301053711067721,0.975983017150286,0.996601194753854,189.549007511117,187.062054442423,164.246492917897,153.940450717257,129.436378250404,206.579741101989,127.460993662106,161.069366187902,197.008315815484,213.150321989408,"DCAF17"
"ENSG00000085365",266.749379638971,0.00745987156442782,0.248882240484455,0.0299734989122045,0.976088188475947,0.996601194753854,341.381630874615,179.267802173988,240.179544920141,302.447709056258,210.678360343742,205.614415208989,253.175946315142,348.983626740453,304.372636074717,281.392124681669,"SCAMP1"
"ENSG00000165434",64.8331731760822,-0.0144285427983635,0.483848236577426,-0.0298203893444481,0.9762102976516,0.996601194753854,34.8151238285726,44.1674295211276,88.3134409156532,93.269802493397,39.9324996729969,56.954227686997,18.3334305952344,59.4422660931542,127.169389044916,85.9341219087733,"PGM2L1"
"ENSG00000142173",6589.63393992388,0.0107057109555203,0.36141850346666,0.029621369279196,0.976369022569915,0.996601194753854,4524.99901094142,5316.97908911692,4048.38717468485,12350.5518078392,7365.48071554691,6806.51287154265,9189.41383073511,8132.08550003441,4529.10651967344,3632.82287912383,"COL6A2"
"ENSG00000115307",448.549417833511,0.0101263587316169,0.342463963044108,0.029569122081066,0.976410691550164,0.996601194753854,288.19185835874,296.181586200502,408.552834142508,793.246087225396,374.539307277764,381.30372773498,630.320804274249,596.340153386159,443.008117574502,273.809702160307,"AUP1"
"ENSG00000252645",19.8311903862816,-0.0142114686072901,0.481406168650207,-0.0295207447115541,0.976449274263226,0.996601194753854,25.1442560984135,29.8779670289981,16.5071852178791,9.05532063042689,9.63887923141304,19.306517859999,10.4762460544197,25.8861481373413,22.9321849097389,29.4871986941869,"RNU7-111P"
"ENSG00000112210",455.785850982436,0.0126255741714781,0.42903672497329,0.0294277236342976,0.976523462112949,0.996601194753854,420.682746261919,666.408568951131,580.22756040845,146.696194212916,388.309134751211,638.080415272967,225.239290170023,243.52154173647,703.601127912444,545.091930146827,"RAB23"
"ENSG00000120805",927.150552069592,0.00746402850922113,0.254817001884459,0.0292917209370728,0.976631929805921,0.996601194753854,1194.35216467464,892.441884735724,1068.01488359678,542.413705762571,816.550769175419,1082.13032605294,687.940157573557,816.851785667215,1070.51608646827,1100.2937569888,"ARL1"
"ENSG00000213742",14.3808824597054,0.0118500134198756,0.405299925315901,0.0292376402750121,0.976675061457819,0.996601194753854,12.5721280492068,16.8875465816076,14.0311074351972,13.5829809456403,20.6547412101708,14.4798883949993,12.2222870634896,11.5049547277073,13.550836537573,14.3223536514622,"ZNF337-AS1"
"ENSG00000164743",17.7294327551818,0.0142201228800414,0.487340004765088,0.0291790592625284,0.976721782409509,0.996601194753854,21.2759090063499,18.1865886263466,26.4114963486066,4.52766031521344,19.2777584628261,22.2024955389988,14.8413485770945,10.5462085003983,19.8050687856836,20.2197933902996,"C8orf48"
"ENSG00000147592",45.3544742883831,0.0119985949722399,0.417936711820199,0.0287091194262012,0.977096583116509,0.996601194753854,60.926466700002,48.0645556553447,51.9976334363192,19.9217053869392,37.1785341783074,37.647709826998,48.8891482539584,20.1336707734877,52.1186020675885,76.666716604886,"LACTB2"
"ENSG00000197062",99.0140738369122,-0.0061633541677639,0.214703653204584,-0.0287063311488745,0.977098806923394,0.996601194753854,94.7745037555587,83.1386908632989,94.0909557419109,124.057892636848,110.158619787578,79.1567232259959,106.508501553266,102.585846322056,102.152460052473,93.5165444301356,"ZSCAN26"
"ENSG00000138439",34.1138922795177,-0.0108456147296919,0.377836386248382,-0.0287045269445336,0.97710024587721,0.996601194753854,29.9796899634931,42.8683874763885,31.3636519139703,33.5046863325795,22.0317239575155,20.2718437529989,31.428738163259,63.2772510023899,34.3982773646084,32.0146728679744,"FAM117B"
"ENSG00000075975",409.10298010067,0.0052935935332473,0.185931364067464,0.0284706862653175,0.977286747519496,0.996601194753854,418.748572715887,401.403991824365,470.454778709554,342.291119830136,363.523445299006,441.153933100977,316.906443146195,406.50840037899,456.558954112075,473.480161889516,"MKRN2"
"ENSG00000127947",1033.45630673659,-0.00503100491467607,0.176844129499379,-0.028448809292783,0.977304195750527,0.996601194753854,1117.95230960639,850.872539304075,1058.11057246605,1114.70996960555,910.18559599486,1233.68649125394,907.068304211835,1214.73147000042,1017.35511235933,909.890702563482,"PTPN12"
"ENSG00000165055",259.548133803757,-0.00528599629412285,0.186679524332458,-0.0283158868816754,0.977410209781247,0.996601194753854,305.599420273026,196.155348755596,271.543196834111,266.226426534551,250.610860016739,237.470169677988,308.176238100845,268.448943646503,237.660825428203,253.589908770007,"METTL2B"
"ENSG00000114942",6778.57925205501,0.00775821818847943,0.274029071784538,0.0283116610144909,0.977413580184184,0.996601194753854,5416.65301566209,5233.84039825362,6826.5464468539,9548.83560478516,7466.00045610307,6218.62940270568,8739.8082708996,8137.83797739827,6507.5286541591,3690.11229372968,"EEF1B2"
"ENSG00000125398",52.8921752628143,-0.017653967402356,0.625889041601904,-0.0282062254312239,0.977497672024968,0.996601194753854,34.8151238285726,71.4473124606475,30.5382926530763,76.9702253586286,11.0158619787578,82.0527009049957,17.4604100906994,39.3085953196665,22.9321849097389,142.38104512336,"SOX9"
"ENSG00000137814",315.998715746589,-0.00752200934893007,0.266736123674549,-0.0282001899304342,0.977502485743018,0.996601194753854,298.829812861915,404.002075913843,366.459511836916,199.217053869392,290.543359689736,460.460450960976,261.033130855956,280.912644601519,353.36412201825,245.164994857383,"HAUS2"
"ENSG00000173992",168.042836421433,-0.00853562454442194,0.303186840816863,-0.0281530178599598,0.977540108671965,0.996601194753854,173.108532369847,123.408994250209,148.564666960912,229.0996119498,188.646636386227,97.4979151929949,236.588556728977,168.739336006373,112.576180465991,202.197933902996,"CCS"
"ENSG00000111670",287.326465100608,0.00587453580776155,0.209521679497359,0.028037842298012,0.977631969212214,0.996601194753854,278.520990628581,257.210324858331,245.957059746399,364.929421406204,250.610860016739,288.632442006985,222.620228656418,337.478672012746,279.355707082274,347.948944591406,"GNPTAB"
"ENSG00000171877",13.8568433342276,-0.0152474539325766,0.544728398163244,-0.0279909290280974,0.977669385900674,0.996601194753854,23.2100825523817,6.49521022369523,17.3325444787731,8.1497885673842,22.0317239575155,16.4105401809991,6.98416403627977,6.71122359116257,13.550836537573,17.6923192165121,"FRMD5"
"ENSG00000126561",125.281029630914,-0.00673383275996502,0.240676365657242,-0.0279787869555708,0.977679070080043,0.996601194753854,143.128842406354,120.810910160731,120.502452090517,117.71916819555,150.091119460574,75.2954196539961,137.06421921199,148.605665232885,111.533808424639,128.058691471897,"STAT5A"
"ENSG00000198886",5318.38754692087,-0.0160252232003772,0.572809725298745,-0.0279765208106747,0.977680877494553,0.996601194753854,2877.08314972232,1908.29276372166,1687.85968852814,14942.1845722674,2759.47342567882,3442.35213443782,7093.29159934664,10599.8982891276,3174.02286591614,4699.41698046213,"MT-ND4"
"ENSG00000104983",24.6351633724116,-0.00942939091781605,0.337414416357149,-0.027946022637738,0.977705202005163,0.996601194753854,18.3746486873022,22.0837147605638,23.9354185659247,34.4102183956222,24.785689452205,23.1678214319988,28.809676649654,21.0924170007966,21.8898128683872,27.8022159116619,"CCDC61"
"ENSG00000236778",8.92276049689985,-0.0183768443751496,0.659061662441794,-0.0278833460090277,0.977755191239186,0.996601194753854,6.76960741111134,7.79425226843427,4.12679630446978,17.2051091978111,12.3928447261025,2.89597767899985,16.5873895861645,10.5462085003983,4.16948816540708,6.73993113009986,"INTS6-AS1"
"ENSG00000184203",413.267649354367,0.00604116777136921,0.216895725460064,0.027852866895164,0.97777950061202,0.996601194753854,498.049688103191,432.581000898102,456.423671274357,262.60429828238,342.868704088835,446.945888458977,378.890898968178,398.838430560518,459.68607023613,455.787842673003,"PPP1R2"
"ENSG00000111981",75.2023824067712,0.011282870149824,0.407371351436675,0.0276967688327437,0.977904000814358,0.996601194753854,88.0048963444474,42.8683874763885,61.9019445670466,105.947251375995,79.8649993459938,121.631062517994,71.5876813718676,80.5346830939508,76.0931590186792,23.5897589553495,"ULBP1"
"ENSG00000165501",82.7435361888128,-0.00875574167573743,0.318253420185683,-0.027511854140103,0.978051485190365,0.996601194753854,98.6428508476224,76.6434806396037,99.0431113072746,57.9540520347321,55.0793098937888,129.353669661993,59.365394308378,65.1947434570078,105.279576176529,80.8791735611984,"LRR1"
"ENSG00000075785",1836.41975180581,-0.0104611127479948,0.381556937041506,-0.0274169114290192,0.978127209948983,0.996601194753854,2133.39342127309,2442.19904410941,2310.18057124218,492.609442295223,1491.27231537433,1620.78217434692,1565.3257646312,1494.68536837463,1945.0662291624,2868.68318724876,"RAB7A"
"ENSG00000056736",19.5579812834451,-0.0155180968192666,0.576159985666806,-0.0269336594093862,0.978512646922538,0.996601194753854,39.6505576936521,14.2894624921295,10.7296703916214,14.488513008683,8.26189648406832,8.68793303699955,32.3017586677939,13.4224471823251,16.6779526616283,37.0696212155493,"IL17RB"
"ENSG00000141098",193.875299167731,-0.00645140360617912,0.239611307942489,-0.0269244538647883,0.978519989221742,0.996601194753854,196.318614922229,249.416072589897,204.689096701701,127.680020889019,223.071205069845,200.78778574399,213.017003106533,139.018202959796,209.516780311706,175.238209382596,"GFOD2"
"ENSG00000100600",89.5164657488568,0.0134169860577781,0.500417756716164,0.0268115706881044,0.978610024461905,0.996601194753854,43.5189047857157,29.8779670289981,57.7751482625769,224.571951634587,61.9642236305124,79.1567232259959,125.714952653036,124.637009550162,72.9660428946239,74.981733822361,"LGMN"
"ENSG00000119139",32.9494357866604,0.0122768095476526,0.46174332352664,0.0265879524881626,0.978788382385795,0.996601194753854,50.2885121968271,45.4664715658666,23.9354185659247,11.771916819555,42.6864651676863,27.0291250039986,21.8255126133743,18.2161783188698,38.5677655300155,49.7069920844865,"TJP2"
"ENSG00000166780",753.828718888808,-0.0105558424640091,0.398472348352694,-0.0264907778611175,0.978865889220079,0.996601194753854,626.672228914307,1528.97248665786,562.895015929677,311.503029686685,731.177838840046,769.36473672096,657.384439914833,1061.33207363099,390.889515506914,898.095823085807,"C16orf45"
"ENSG00000163607",112.387212667243,-0.00738155995416061,0.279277026680634,-0.0264309601183263,0.978913600167514,0.996601194753854,145.063015952386,122.10995220547,117.201015046942,66.1038406021163,151.468102207919,119.700410731994,103.889440039662,80.5346830939508,120.915156796805,96.8865099951856,"GTPBP8"
"ENSG00000102393",55.1854998528075,-0.00753143345657182,0.28694356843172,-0.026247089271715,0.979060256997013,0.996601194753854,65.7619005650816,37.6722192974323,60.2512260452587,57.0485199716894,48.1943961570652,78.1913973329959,41.9049842176786,48.8960575927558,62.5423224811062,51.3919748670115,"GLA"
"ENSG00000196196",20.033712448057,0.0168190175880279,0.642369822537468,0.0261827641927356,0.979111563351927,0.996601194753854,12.5721280492068,28.578924984259,9.90431113072746,28.977026017366,4.13094824203416,11.5839107159994,20.9524921088393,55.6072811839184,18.7626967443319,9.26740530388731,"HRCT1"
"ENSG00000225190",348.768585254885,0.00596311799884538,0.228528851789796,0.0260935017707538,0.979182760135216,0.996601194753854,299.796899634931,488.439808821881,355.729841445295,249.021317336739,391.0631002459,358.135906302981,346.589140300384,323.097478603112,273.101474834164,402.710885023467,"PLEKHM1"
"ENSG00000088280",306.261395244699,-0.0085544038517987,0.329562008600234,-0.0259568871064122,0.979291725958478,0.996601194753854,260.146341941279,368.927940705889,196.435504092761,403.867300117039,433.749565413587,170.862683060991,350.954242823058,427.600817379786,207.432036229002,242.637520683595,"ASAP3"
"ENSG00000137040",81.0482687924607,-0.00721879988615301,0.280286441225236,-0.0257550806046734,0.979452690436274,0.996601194753854,89.9390698904792,74.0453965501256,83.3612853502895,77.8757574216713,68.849137367236,87.8446562629954,47.1431072448884,70.9472208208614,95.8982278043628,114.578829211698,"RANBP6"
"ENSG00000102119",943.742788815513,-0.00469969145478181,0.183040844475513,-0.0256756434240039,0.979516051183211,0.996601194753854,989.329768795271,1014.55183694119,1007.76365755152,770.607785649328,987.296629846164,984.632410859949,1023.18003131499,1027.77595567518,964.194138250387,668.095673271149,"EMD"
"ENSG00000204406",182.396213093473,-0.00712684043943543,0.277607812798361,-0.0256723338136451,0.979518691000053,0.996601194753854,145.063015952386,268.901703260983,147.739307700018,170.240027852026,276.773532216289,196.92648217199,141.429321734665,142.853187869032,164.69478253358,169.340769643759,"MBD5"
"ENSG00000182013",28.4101313332689,0.0410723535649408,1.6071910154647,0.0255553653360022,0.979611987732831,0.996601194753854,3.86834709206362,50.6626397448228,15.6818259569851,41.6544748999637,0,0,1.74604100906994,49.8548038200648,5.21186020675885,115.42132060296,"PNMA8A"
"ENSG00000198746",79.2909725203177,0.00621779924999152,0.244463895853299,0.0254344275594903,0.979708450762384,0.996601194753854,57.0581196079384,71.4473124606475,88.3134409156532,98.7029948716531,88.1268958300621,73.3647678679962,92.5401734807069,67.1122359116257,85.4745073908451,70.7692768660486,"GPATCH3"
"ENSG00000116120",378.229675584479,0.0074760333598647,0.295686013816149,0.0252836894900045,0.97982868367462,0.996601194753854,446.794089133348,329.956679363718,458.899749057039,272.565150975849,235.464049795947,540.582500079972,347.462160804919,313.510016330023,547.245321709679,289.817038594294,"FARSB"
"ENSG00000163935",50.8804170699114,-0.00805177796760967,0.319727896873186,-0.0251832200016105,0.97990882121127,0.996601194753854,56.0910328349225,54.5597658790399,53.6483519581071,39.8434107738783,66.0951718725465,63.7115089379967,53.2542507766332,32.5973717285039,29.1864171578495,59.8168887796363,"SFMBT1"
"ENSG00000120526",107.510311915283,0.0084709155632008,0.338077156318342,0.0250561607162372,0.98001016787345,0.996601194753854,112.182065669845,106.521447668602,141.136433612866,68.8204367912444,83.9959475880279,144.798883949993,103.016419535127,47.9373113654469,138.635481499785,128.058691471897,"NUDCD1"
"ENSG00000174370",15.4158501685858,-0.0141542659939942,0.565480251039195,-0.0250305222295255,0.980030618012308,0.996601194753854,23.2100825523817,16.8875465816076,14.8564666960912,7.24425650434151,19.2777584628261,3.8613035719998,19.2064510997694,10.5462085003983,10.4237204135177,28.6447073029244,"C11orf45"
"ENSG00000181744",118.420282101023,0.00679842779403611,0.271727677483927,0.0250192687656495,0.980039594166312,0.996601194753854,127.6554540381,80.5406067738208,101.519189089956,162.090239284641,106.027671545543,86.8793303699955,117.857768112221,167.780589779064,116.745668631398,117.106303385485,"C3orf58"
"ENSG00000079950",729.892068603208,-0.00656200857794946,0.263170214166172,-0.0249344653183511,0.980107236425198,0.996601194753854,836.530058658758,731.360671188083,854.246835025244,505.28689117782,724.292925103323,755.850174218961,452.224621349115,557.031558066493,922.499256596316,959.597694647968,"STX7"
"ENSG00000250988",12.0416511159164,0.0148436885024631,0.599375686083731,0.0247652496541034,0.980242209310633,0.996601194753854,11.6050412761909,3.89712613421714,16.5071852178791,15.3940450717257,16.5237929681366,11.5839107159994,15.7143690816295,1.91749245461788,10.4237204135177,16.8498278252497,"SNHG21"
"ENSG00000135932",702.970548963621,-0.00670513907092229,0.270862176394964,-0.0247548002462515,0.980250544176555,0.996601194753854,868.443922168283,711.875040516997,846.818601677198,393.000915360527,543.908185201164,649.664325988966,593.65394308378,606.886361886558,930.83823292713,884.615960825607,"CAB39"
"ENSG00000102572",1596.22498360502,-0.00514905728874168,0.208085085116741,-0.0247449608695064,0.980258392459221,0.996601194753854,1521.22749395402,1939.4697727954,1596.24481056891,1341.99851742927,1729.49033066497,2163.29532621289,1436.99175046456,1325.94603236826,1661.54103391472,1246.04476767721,"STK24"
"ENSG00000119402",1117.04377318406,0.00421305547376305,0.172108535648226,0.0244790617612026,0.980470485004468,0.996601194753854,993.198115887335,1382.18073560234,1172.01015046942,913.681851610073,1244.79240359963,1134.25792427494,942.862144897769,1120.77433972415,1148.69398956965,1117.98607620532,"FBXW2"
"ENSG00000136243",128.602900279361,-0.00580599593976151,0.238638091011578,-0.0243297116363533,0.980589613682868,0.996601194753854,117.98458630794,92.2319851764723,128.756044699457,175.673220230282,129.436378250404,100.393892871995,137.06421921199,114.090801049764,148.016829871951,142.38104512336,"NUPL2"
"ENSG00000126945",167.381870227388,-0.00741524408330422,0.306696318068665,-0.0241778060134522,0.980710781190643,0.996601194753854,147.964276271434,157.184087413425,193.959426310079,172.956624041154,118.420516271646,101.359218764995,143.175362743735,161.069366187902,180.330363153856,297.399461115657,"HNRNPH2"
"ENSG00000059573",425.70700917808,-0.00563524982446501,0.233225057248161,-0.024162282950879,0.980723163185353,0.996601194753854,377.163841476203,387.114529332236,325.191548792218,616.667334932071,476.436030581273,500.038812573974,377.144857959108,482.249352336396,367.957330597175,347.106453200143,"ALDH18A1"
"ENSG00000197879",3304.26231265758,-0.00438308827650336,0.182509637782123,-0.0240156538019972,0.980840122379934,0.996601194753854,3582.08940725091,3849.06157856179,3086.84363574339,2722.93491356937,4122.68634555009,3376.70997371383,2736.0462612126,2889.66112910914,3571.16661367116,3105.42326819351,"MYO1C"
"ENSG00000120709",518.535170961358,0.00493220743777431,0.205680174694123,0.0239799846781987,0.980868574029343,0.996601194753854,502.885121968271,607.951676937873,472.105497231342,487.176249916967,629.281115536537,644.837696523967,465.31992891714,375.828521105104,456.558954112075,543.406947364302,"FAM53C"
"ENSG00000071994",609.648739029041,0.00435170620197252,0.181599253167419,0.0239632384278619,0.980881931765455,0.996601194753854,712.742951712722,440.375253166537,657.811330932482,621.194995247285,630.658098283882,638.080415272967,602.38414812913,622.226301523501,658.779130134318,512.23476588759,"PDCD2"
"ENSG00000188997",144.571553845706,0.00567624978569599,0.238111074326194,0.0238386635386809,0.980981299759823,0.996601194753854,92.8403302095269,157.184087413425,155.167541048064,172.051091978111,122.55146451368,122.596388410994,151.905567789085,142.853187869032,184.499851319263,144.066027905885,"KCTD21"
"ENSG00000198417",9.4071111933814,0.0213183628961681,0.896749850742965,0.0237729204844647,0.981033740266217,0.996601194753854,19.3417354603181,2.59808408947809,1.65071852178791,13.5829809456403,8.26189648406832,7.7226071439996,13.9683280725595,0,21.8898128683872,5.0549483475749,"MT1F"
"ENSG00000070501",90.0815622065555,-0.00539429437027293,0.228612221077587,-0.0235958267884646,0.981175000966267,0.996601194753854,86.0707227984156,64.9521022369523,94.9163150028048,114.097039943379,92.2578440720962,78.1913973329959,103.889440039662,95.8746227308938,85.4745073908451,85.0916305175108,"POLB"
"ENSG00000103647",136.383765913431,0.00925143326134784,0.393487476838498,0.0235113791566611,0.981242361740325,0.996601194753854,268.850122898422,68.8492283711694,99.8684705681686,105.041719312952,191.400601880916,147.694861628992,130.953075680246,71.9059670481704,164.69478253358,114.578829211698,"CORO2B"
"ENSG00000188706",374.661885138735,0.00572791642217464,0.2437752559615,0.0234967097032984,0.981254063038098,0.996601194753854,324.941155733344,327.35859527424,286.399663530202,555.996686708211,388.309134751211,380.33840184198,352.700283832128,489.919322154867,291.864171578495,348.791435982668,"ZDHHC9"
"ENSG00000180964",437.790848796268,-0.00536007767966733,0.230319115761292,-0.0232723960490654,0.981432990510415,0.996601194753854,538.667332569859,306.573922558415,455.598312013463,452.766031521344,527.384392233028,289.597767899985,433.891190753881,445.816995698656,426.330164912874,501.282377801177,"TCEAL8"
"ENSG00000170006",71.6816629508786,-0.00845524236068434,0.364052016894106,-0.0232253688163023,0.981470502674141,0.996601194753854,88.9719831174633,57.157849968518,55.299070479895,86.0255459890555,55.0793098937888,82.0527009049957,33.1747791723289,81.4934293212597,121.957528838157,55.6044318233239,"TMEM154"
"ENSG00000245680",116.798759110731,-0.00583618394355933,0.251399494407678,-0.0232147799553454,0.981478949085475,0.996601194753854,91.873243436511,151.987919234468,90.7895186983351,134.924277393361,110.158619787578,102.324544657995,131.826096184781,150.523157687503,90.6863675976039,112.893846429173,"ZNF585B"
"ENSG00000073792",1087.4091484209,-0.00534004878764189,0.230696605339513,-0.0231474961661573,0.981532619359845,0.996601194753854,1304.60005679846,1015.85087898593,1061.41200950963,976.163563960019,1376.98274734472,1251.06235732794,936.751001366024,790.006891302565,1363.42263008811,797.839347525571,"IGF2BP2"
"ENSG00000174276",28.5428724879402,-0.0139091480451049,0.607156146009472,-0.0229086836006234,0.981723113702759,0.996601194753854,29.0126031904772,55.858807923779,28.8875741312884,1.81106412608538,19.2777584628261,17.3758660739991,38.4129021995387,36.4323566377396,18.7626967443319,39.5970953893367,"ZNHIT2"
"ENSG00000020426",129.243325727096,0.00749326190328718,0.328478888426371,0.0228120045680403,0.98180023225665,0.996601194753854,156.668057228577,111.717615847558,174.150804048625,72.4425650434151,125.305430008369,164.105401809991,116.984747607686,66.1534896843167,170.94901478169,133.956131210735,"MNAT1"
"ENSG00000172164",370.13051535843,0.00768816984830462,0.342346162408348,0.0224572981750975,0.982083174520887,0.996601194753854,260.146341941279,275.396913484678,610.765853061527,328.708138884496,285.035428700357,325.314825940983,360.557468372943,286.665121965372,689.00791933352,279.707141899144,"SNTB1"
"ENSG00000255737",62.3199994484672,-0.00764562899071175,0.344783601826587,-0.022175152618068,0.982308238054629,0.996601194753854,85.1036360253997,76.6434806396037,60.2512260452587,28.0714939543234,82.6189648406832,56.954227686997,70.7146608673327,54.6485349566095,67.754182687865,40.4395867805992,"AGAP2-AS1"
"ENSG00000090661",13.1561574865725,0.0257193205570048,1.17045883656886,0.0219737078771602,0.982468928547544,0.996601194753854,25.1442560984135,15.5885045368685,1.65071852178791,9.96085269346958,0,0,41.0319637131436,0.958746227308938,5.21186020675885,32.0146728679744,"CERS4"
"ENSG00000105717",15.7084061537092,-0.0140435364373492,0.63955314843983,-0.0219583571304558,0.982481173716792,0.996601194753854,7.73669418412724,28.578924984259,9.90431113072746,17.2051091978111,19.2777584628261,20.2718437529989,9.60322554988468,32.5973717285039,9.38134837216593,2.52747417378745,"PBX4"
"ENSG00000170871",472.344853778573,-0.00328242646712939,0.150828004140899,-0.0217627123412907,0.982637238378441,0.996601194753854,440.024481722237,542.999574700921,453.122234230781,456.388159773515,527.384392233028,458.529799174976,423.414944699461,435.270787198258,473.236906773703,513.077257278852,"KIAA0232"
"ENSG00000142546",215.297560936472,0.00542610515794972,0.250181303845371,0.0216886916590035,0.982696284401318,0.996601194753854,235.002085842865,246.817988500419,232.751311572095,145.790662149873,187.269653638882,196.92648217199,318.652484155264,182.161783188698,179.287991112504,228.315167032133,"NOSIP"
"ENSG00000132950",111.445349070915,-0.00519321551350194,0.240288719195112,-0.021612398330215,0.982757143405054,0.996601194753854,117.017499534925,67.5501863264304,112.248859481578,148.507258339001,111.535602534922,104.255196443995,111.746624580476,116.008293504381,121.957528838157,103.626441125285,"ZMYM5"
"ENSG00000078668",559.111376010662,0.00388712392326961,0.17999133483896,0.0215961725421252,0.982770086689898,0.996601194753854,596.692538950814,596.260298535222,609.115134539739,431.938794071363,481.943961570652,541.547825972972,547.383856343427,507.176754246428,598.321551735916,680.733044140086,"VDAC3"
"ENSG00000133424",173.655739506863,0.00701202727296932,0.326714467697916,0.0214622490469346,0.982876917417699,0.996601194753854,151.832623363497,133.801330608122,142.787152134654,262.60429828238,297.428273426459,132.249647340993,144.921403752805,149.564411460194,208.474408270354,112.893846429173,"LARGE1"
"ENSG00000151233",83.869481589364,0.00693550328116883,0.324273183906707,0.0213878409482178,0.982936272866245,0.996601194753854,81.2352889333361,61.0549761027352,54.473711219001,137.640873582489,60.5872408831677,120.665736624994,73.3337223809376,88.2046529124223,86.5168794321969,74.981733822361,"GXYLT1"
"ENSG00000175426",8.72082835710501,0.0127744610791272,0.604540502977305,0.021130860572971,0.983141267209664,0.996601194753854,6.76960741111134,3.89712613421714,6.60287408715164,17.2051091978111,6.8849137367236,9.6532589299995,7.85718454081474,3.83498490923575,13.550836537573,10.9523880864123,"PCSK1"
"ENSG00000145817",743.443887591648,-0.00355771295466367,0.16880036584822,-0.0210764528665931,0.983184668612772,0.996601194753854,777.537765504788,602.755508758917,723.014712543105,873.838440836195,691.245339167049,825.353638514957,625.955701751574,817.810531894524,732.787545070294,764.139691875072,"YIPF5"
"ENSG00000198498",150.348208338982,0.00663018675607308,0.316497954359435,0.0209485927626041,0.983286663696386,0.996601194753854,220.495784247626,98.7271954001675,175.801522570412,104.136187249909,122.55146451368,184.37724556299,96.0322554988468,135.18321805056,213.686268477113,152.490941818509,"TMA16"
"ENSG00000196455",46.1553930867291,0.00719088502384613,0.343564593373695,0.0209302272775955,0.983301314021191,0.996601194753854,30.946776736509,38.9712613421714,39.6172445229098,74.2536291695005,50.9483616517546,53.0929241149972,36.6668611904688,48.8960575927558,29.1864171578495,58.9743973883738,"PIK3R4"
"ENSG00000141971",223.0063140411,-0.00614997629670635,0.294719123708571,-0.0208672454617763,0.983351555266826,0.996601194753854,286.257684812708,265.004577126765,220.370922658686,123.152360573806,234.087067048602,169.897357167991,312.54134062352,256.943988918795,208.474408270354,153.333433209772,"MVB12A"
"ENSG00000090539",8.64908975201102,-0.0210132708575101,1.0187142142634,-0.0206272481165919,0.983543004233852,0.996601194753854,8.70378095714315,0,1.65071852178791,24.4493657021526,6.8849137367236,5.7919553579997,13.0953075680246,19.1749245461788,0,6.73993113009986,"CHRD"
"ENSG00000151287",117.326575772786,-0.00887590579102459,0.430345035036562,-0.0206250916552819,0.983544724475069,0.996601194753854,103.478284712702,118.212826071253,163.421133657003,86.0255459890555,57.8332753884782,240.366147356988,97.7782965079168,55.6072811839184,173.033758864394,77.5092079961484,"TEX30"
"ENSG00000091428",9.37589939151636,-0.0153316885917607,0.745791132356533,-0.0205576171753558,0.983598549908535,0.996601194753854,9.67086773015905,2.59808408947809,1.65071852178791,23.5438336391099,12.3928447261025,18.341191966999,7.85718454081474,5.75247736385363,5.21186020675885,6.73993113009986,"RAPGEF4"
"ENSG00000073910",45.3410330318446,-0.00852202246226,0.416976643338649,-0.0204376494424864,0.983694250203835,0.996601194753854,39.6505576936521,77.9425226843427,37.141166740228,28.0714939543234,60.5872408831677,36.6823839339981,59.365394308378,36.4323566377396,17.7203247029801,59.8168887796363,"FRY"
"ENSG00000102172",1856.86459844958,-0.00605661639690749,0.29709534363682,-0.0203861034062901,0.983735369423337,0.996601194753854,1818.1231332699,1712.13741496606,2348.1470972433,1567.47600112689,1430.68507449116,2973.20375043985,1522.54775990899,1257.87505022933,2635.11652053727,1303.33418228306,"SMS"
"ENSG00000082701",1051.01527548949,-0.00517294844065793,0.253830407321968,-0.0203795459150659,0.983740600457588,0.996601194753854,1038.65119421908,1479.60888895777,1035.00051316102,661.038406021163,1046.50688798199,1387.17330824093,770.87710550438,888.757752715386,1077.81269075773,1124.72600733542,"GSK3B"
"ENSG00000011009",259.503507748991,0.00479879132072041,0.237426006287094,0.0202117341556836,0.983874467295778,0.996601194753854,275.619730309533,306.573922558415,274.019274616793,180.200880545495,296.051290679115,257.742013430987,275.874479433051,165.863097324446,256.423522172535,306.666866419544,"LYPLA2"
"ENSG00000188315",47.1553889192908,-0.0088238601056821,0.438528099301485,-0.0201215386647681,0.983946418252938,0.996601194753854,27.0784296444454,33.7750931632152,22.2847000441368,105.947251375995,49.5713789044099,37.647709826998,54.1272712811682,53.6897887293005,38.5677655300155,48.864500693224,"C3orf62"
"ENSG00000179021",181.293344748052,0.00473087263390753,0.235453430230261,0.0200926044240723,0.983969499770532,0.996601194753854,229.19956520477,183.164928308205,195.610144831867,115.908104069464,174.876808912779,176.654638418991,140.55630123013,183.120529416007,207.432036229002,206.410390859308,"C3orf38"
"ENSG00000029364",490.584807174991,-0.00419974811136838,0.209605777190298,-0.0200364139179021,0.984014324284127,0.996601194753854,409.077704985728,441.674295211276,393.696367446417,720.80352218198,506.729651022857,479.766968820975,474.923154467024,524.434186337989,471.152162691,483.590058584665,"SLC39A9"
"ENSG00000011243",94.5201520860117,-0.00729868732057947,0.364366204925287,-0.0200311862678814,0.984018494508418,0.996601194753854,55.1239460619066,72.7463545053866,61.9019445670466,189.256201175922,93.6348268194409,81.0873750119958,117.857768112221,94.9158765035849,75.0507869773274,103.626441125285,"AKAP8L"
"ENSG00000066629",410.428464501321,0.00632850700872699,0.316771611518025,0.0199781381241826,0.98406081233489,0.996601194753854,383.933448887314,589.765088311527,505.119867667101,159.373643095513,386.932152003866,505.830767931974,359.684447868408,346.107388058527,451.347093905316,416.190747283667,"EML1"
"ENSG00000167264",42.8258905658288,0.0052990208444395,0.266286658022948,0.0198996858640317,0.984123395740436,0.996601194753854,36.7492973746044,37.6722192974323,42.0933223055917,54.3319237825613,38.5555169256522,46.3356428639976,50.6351892630283,39.3085953196665,39.6101375713672,42.9670609543866,"DUS2"
"ENSG00000121542",72.6987938735144,-0.0055305364995008,0.278692226795401,-0.0198446026396028,0.984167337117634,0.996601194753854,75.4327682952406,46.7655136106057,63.5526630888345,105.041719312952,66.0951718725465,77.226071439996,89.921111967102,74.7822057300972,70.8812988119203,57.2894146058489,"SEC22A"
"ENSG00000127957",32.298763817903,-0.00812069837444661,0.410316577191484,-0.0197912997569603,0.98420985831379,0.996601194753854,22.2429957793658,33.7750931632152,23.1100593050307,50.7097955303906,27.5396549468944,36.6823839339981,29.682697154189,55.6072811839184,16.6779526616283,26.9597245203995,"PMS2P3"
"ENSG00000186310",14.354896376756,-0.00952751934086352,0.482501431304472,-0.0197460954988367,0.984245919046446,0.996601194753854,13.5392148222227,20.7846727158247,13.2057481743033,10.8663847565123,8.26189648406832,21.2371696459989,13.0953075680246,9.58746227308938,9.38134837216593,23.5897589553495,"NAP1L3"
"ENSG00000271605",13.3256502026091,0.0132896556427328,0.676479399530211,0.0196453220186187,0.984326309056419,0.996601194753854,22.2429957793658,0,12.3803889134093,18.1106412608538,6.8849137367236,21.2371696459989,6.1111435317448,18.2161783188698,14.5932085789248,13.4798622601997,"MILR1"
"ENSG00000185085",137.622244162894,-0.00731636021778649,0.372624903229942,-0.0196346517754656,0.984334821036874,0.996601194753854,193.417354603181,167.576423771337,146.913948439124,44.3710710890918,180.384739902158,106.185848229994,172.858059897924,91.0808915943491,138.635481499785,134.798622601997,"INTS5"
"ENSG00000124104",486.875631578038,-0.00616938842493255,0.314296575692651,-0.0196291938954039,0.984339174956002,0.996601194753854,483.543386507953,784.621395022384,384.617415576583,300.636644930173,660.951718725466,387.09568309298,607.62227115634,554.155319384566,313.753984446883,391.758496937055,"SNX21"
"ENSG00000101955",177.409431348357,0.00755437799032397,0.39051517932248,0.0193446462271463,0.984566168043276,0.996601194753854,129.589627584131,192.258222621379,260.81352644249,124.963424699891,154.222067702609,85.9140044769955,311.668320118985,267.490197419194,111.533808424639,135.64111399326,"SRPX"
"ENSG00000142082",151.608881518274,0.00468403942813546,0.242863868712521,0.0192866870356907,0.984612404161252,0.996601194753854,117.98458630794,146.791751055512,130.406763221245,210.083438625904,156.976033197298,125.492366089993,156.27067031176,185.996768097934,116.745668631398,169.340769643759,"SIRT3"
"ENSG00000067191",112.631382265621,0.00394751912764183,0.205356962030305,0.0192227187654796,0.984663433996057,0.996601194753854,95.7415905285746,124.708036294948,100.693829829063,128.585552952062,122.55146451368,111.012477694994,110.873604075941,119.843278413617,122.999900879509,89.3040874738232,"CACNB1"
"ENSG00000100296",494.994997000377,0.0035774863491354,0.187985426083422,0.0190306579806236,0.98481664830302,0.996601194753854,387.801795979378,526.112028119314,585.179715973814,477.215397223497,560.431978169301,534.790544721972,530.796466757262,498.548038200648,464.897930442889,384.176074415692,"THOC5"
"ENSG00000149658",435.080206247355,-0.00281484676146206,0.148082935705233,-0.0190085829137339,0.984834258472578,0.996601194753854,436.156134630173,485.841724732403,416.806426751447,403.867300117039,495.713789044099,398.679593808979,468.81201093528,410.343385288225,420.075932664763,414.505764501142,"YTHDF1"
"ENSG00000129465",15.0411688284912,-0.0165153052072577,0.870302581868058,-0.0189765094937539,0.984859844744076,0.996601194753854,7.73669418412724,18.1865886263466,33.8397296966522,0.905532063042689,15.1468102207919,3.8613035719998,15.7143690816295,14.3811934096341,1.04237204135177,39.5970953893367,"RIPK3"
"ENSG00000049860",188.222975677113,0.00718885378248041,0.379245079902729,0.0189556942553461,0.984876449914614,0.996601194753854,175.042705915879,74.0453965501256,136.184278047503,364.929421406204,147.337153965885,191.13452681399,233.969495215372,219.552886053747,134.465993334378,205.567899468046,"HEXB"
"ENSG00000173599",41.6948525474193,0.00816408869901466,0.433580547898962,0.0188294625729315,0.984977150251964,0.996601194753854,37.7163841476203,37.6722192974323,25.5861370877126,64.2927764760309,85.3729303353726,25.0984732179987,27.9366561451191,45.0610726835201,43.7796257367743,24.432250346612,"PC"
"ENSG00000091542",1891.88710386743,0.00504505655716227,0.268807258146915,0.0187683048141688,0.985025938461856,0.996601194753854,1489.31363044449,2952.72256769185,1889.24734818626,1221.56275304459,2254.12075740331,1664.22183953191,2233.18645060046,2146.63280294471,1539.58350507656,1528.27938375014,"ALKBH5"
"ENSG00000162542",102.073153067491,-0.00460076041433579,0.245286507840672,-0.0187566795044604,0.985035212484471,0.996601194753854,102.511197939686,116.913784026514,109.772781698896,79.6868215477566,134.944309239783,69.5034642959964,109.127563066871,90.1221453670402,96.9405998457146,111.208863646648,"TMCO4"
"ENSG00000088035",17.9370627179121,-0.0086056696410247,0.46019106430476,-0.018700210213829,0.985080260558516,0.996601194753854,15.4733883682545,6.49521022369523,19.8086222614549,29.8825580804087,11.0158619787578,20.2718437529989,23.5715536224442,22.0511632281056,15.6355806202765,15.1648450427247,"ALG6"
"ENSG00000205413",99.2569389901185,-0.00742986776754109,0.40135661199187,-0.018511885803171,0.985230495691154,0.996601194753854,87.0378095714315,175.370676039771,97.3923927854867,39.8434107738783,60.5872408831677,103.289870550995,67.2225788491928,108.33832368591,91.7287396389557,161.758347122397,"SAMD9"
"ENSG00000035681",773.334216551994,0.0029366823710096,0.158982837076883,0.01847169433509,0.985262558360685,0.996601194753854,850.069273480981,771.630974574993,745.299412587241,721.709054245023,871.630079069208,856.244067090956,757.781797936355,636.607494933135,839.109493288174,683.260518313874,"NSMAF"
"ENSG00000181915",335.543180680971,0.00387763174491143,0.210649162842501,0.0184080092822903,0.985313363042814,0.996601194753854,356.855019242869,326.059553229501,347.476248836355,309.6919655606,269.888618479565,369.719817018981,247.937823287932,342.272403149291,458.643698194779,326.886659809843,"ADO"
"ENSG00000188986",726.712725312243,0.00569825006336827,0.311241495634556,0.0183081309635488,0.985393040983653,0.996601194753854,793.978240646058,995.066206270109,825.359260893955,286.14813192149,822.058700164798,758.746151897961,916.67152976172,591.546422249615,682.753687085409,594.798922231313,"NELFB"
"ENSG00000174529",11.9857474065649,0.00993476704748983,0.542642984188706,0.0183081092669853,0.985393058292105,0.996601194753854,4.83543386507953,7.79425226843427,14.0311074351972,20.8272374499818,9.63887923141304,5.7919553579997,13.9683280725595,15.339939636943,16.6779526616283,10.9523880864123,"TMEM81"
"ENSG00000048342",56.4735344311826,-0.00668821401690144,0.36895350339192,-0.0181275254345448,0.985537119435616,0.996601194753854,72.5315079761929,42.8683874763885,50.3469149145313,59.7651161608175,85.3729303353726,41.5090133989979,45.3970662358185,29.7211330465771,91.7287396389557,45.4945351281741,"CC2D2A"
"ENSG00000100528",782.521798697403,0.00527048027123241,0.292142743998562,0.0180407707516376,0.985606328339822,0.996601194753854,635.37600987145,458.561841792883,850.945397981668,1177.1916819555,681.606459935636,880.377214415954,731.591182800306,963.539958445483,950.643301712814,495.38493806234,"CNIH1"
"ENSG00000138138",197.059114647157,-0.00575863695815605,0.320907080703723,-0.0179448734678207,0.985682830917435,0.996601194753854,165.37183818572,113.016657892297,155.167541048064,355.874100775777,162.483964186677,219.128977710989,161.50879333897,248.315272873015,217.85575664252,171.868243817547,"ATAD1"
"ENSG00000164402",803.75892810078,0.00408256395756278,0.227642316072049,0.0179341171185003,0.985691411861594,0.996601194753854,881.983136990506,887.245716556768,653.684534628012,786.907362784097,896.415768521413,1010.69620997095,558.733122902382,584.835198658452,831.812888998712,945.275340996506,"SEPT8"
"ENSG00000182134",6.71178092678214,0.0138923215413365,0.794422828246661,0.0174873141196077,0.986047853166409,0.996633589114983,10.637954503175,10.3923363579124,3.30143704357582,2.71659618912807,2.75396549468944,3.8613035719998,1.74604100906994,3.83498490923575,13.550836537573,14.3223536514622,"TDRKH"
"ENSG00000110435",182.185539745343,0.00512707536549944,0.299389142976349,0.017125121220259,0.986336798013775,0.996633589114983,253.376734530167,184.463970352945,175.801522570412,113.191507880336,209.301377596397,193.06517859999,129.207034671176,129.430740686707,273.101474834164,160.915855731134,"PDHX"
"ENSG00000145388",81.0537014249711,-0.00485187330967279,0.284084674170396,-0.0170789688808154,0.986373616868076,0.996633589114983,56.0910328349225,87.0358169975161,64.3780223497285,117.71916819555,77.1110338513043,78.1913973329959,66.3495583446578,70.9472208208614,82.3473912667898,110.366372255385,"METTL14"
"ENSG00000171574",100.392600210808,0.00414887824975083,0.244151346364992,0.0169930590657014,0.986442153036953,0.996633589114983,115.083325988893,89.6339010869942,114.72493726426,80.5923536107993,122.55146451368,108.116500015994,123.095891139431,92.998384048967,81.305019225438,75.8242252136235,"ZNF584"
"ENSG00000172936",288.551478246486,0.00461051201121354,0.271323499861227,0.0169926748459741,0.986442459555684,0.996633589114983,369.427147292076,319.564343005805,283.923585747521,179.295348482452,335.983790352112,306.973633973984,218.255126133743,200.377961507568,282.48282320633,389.231022763267,"MYD88"
"ENSG00000205771",28.9285258592613,0.00639511877554069,0.383586645272522,0.0166719015230502,0.986698363381803,0.996633589114983,34.8151238285726,25.9808408947809,18.983263000561,35.3157504586649,42.6864651676863,20.2718437529989,26.1906151360491,37.3911028650486,15.6355806202765,32.0146728679744,"CATSPER2P1"
"ENSG00000096401",184.257424038467,-0.00339106212935951,0.204615503223333,-0.0165728504240377,0.986777383806844,0.996633589114983,150.865536590481,202.650558979291,213.768048571534,172.051091978111,139.075257481817,192.09985270699,200.794716043043,173.533067142918,176.160874988449,221.575235902033,"CDC5L"
"ENSG00000120742",1879.69497015048,0.00285714478837237,0.172635252954029,0.0165501816082327,0.986795468424657,0.996633589114983,2067.63152070801,1925.18031030327,2118.69722271478,1398.14150533791,1911.25205331447,2130.47424585089,1886.59731030007,1705.6095383826,1991.97297102323,1661.39302356962,"SERP1"
"ENSG00000006837",9.68343833628306,0.00793871728020441,0.480508128793151,0.0165215046416454,0.98681834620555,0.996633589114983,8.70378095714315,9.09329431317332,10.7296703916214,9.96085269346958,9.63887923141304,8.68793303699955,10.4762460544197,13.4224471823251,9.38134837216593,6.73993113009986,"CDKL3"
"ENSG00000129245",256.163990783854,0.00332142037744056,0.201783262637643,0.0164603363729185,0.986867144786921,0.996633589114983,244.672953573024,309.172006647893,248.43313752908,221.855355445459,265.757670237531,254.846035751987,222.620228656418,193.666737916405,293.948915661199,306.666866419544,"FXR2"
"ENSG00000135966",288.825895621286,0.00375402615677172,0.229455288532798,0.016360599839629,0.986946712312322,0.996633589114983,320.105721868265,345.545183900586,245.131700485505,242.682592895441,389.686117498556,344.621343800982,245.318761774327,218.594139826438,254.338778089832,282.234616072932,"TGFBRAP1"
"ENSG00000105568",1183.5404643229,0.00474181621567603,0.29744060801318,0.0159420606599416,0.987280614704806,0.996633589114983,1154.70160698099,1502.99164576308,1493.07490295716,575.012860032107,1074.04654292888,981.736433180949,1295.5624287299,949.158765035849,1038.20255318636,1770.91690443374,"PPP2R1A"
"ENSG00000187091",148.559741196924,0.00681226120201216,0.427912071798824,0.015919768688402,0.987298398867826,0.996633589114983,127.6554540381,261.107450992548,161.770415135215,42.5600069630064,220.317239575155,85.9140044769955,137.06421921199,152.440650142121,102.152460052473,194.615511381634,"PLCD1"
"ENSG00000227097",500.34811190799,-0.00825872971289831,0.521667221607208,-0.015831413918348,0.98736888689144,0.996633589114983,455.497870090491,429.982916808624,483.660526883858,639.305636508138,247.85689452205,171.828008953991,1280.7210801528,406.50840037899,743.211265483812,144.908519297147,"RPS28P7"
"ENSG00000101846",1168.86657086599,-0.00658566873031483,0.416040376432766,-0.0158293980665579,0.987370495106937,0.996633589114983,604.429233134941,1601.71884116324,2131.90297088909,350.440908397521,1105.71714611781,893.891776917954,986.513170124517,1553.16888824048,1106.99910791558,1353.88366575881,"STS"
"ENSG00000178035",1984.46470508899,0.0042565074788968,0.270733015106745,0.015722158884902,0.987456048947476,0.996633589114983,1855.83951741752,1860.22820806631,1950.32393349242,2256.58590110238,2747.08058095272,1568.65457612492,2749.14156878062,2251.13614172139,1304.00742373106,1301.64919950054,"IMPDH2"
"ENSG00000134901",28.1157645318186,0.00650797025704568,0.41767120609972,0.0155815631099355,0.987568214405512,0.996633589114983,25.1442560984135,10.3923363579124,27.2368556095005,48.8987314043052,20.6547412101708,27.0291250039986,39.2859227040737,24.9274019100324,32.3135332819049,25.2747417378745,"KDELC1"
"ENSG00000117758",762.265367541144,-0.00418379067123005,0.269979965201731,-0.0154966709033535,0.987635940409262,0.996633589114983,730.150513627009,579.372751953614,725.490790325787,1018.72357092303,644.427925757329,772.26071439996,435.637231762951,754.533280892134,1093.44827137801,868.60862439162,"STX12"
"ENSG00000152684",197.071771158285,-0.00460416507902649,0.298642522904521,-0.0154169775765606,0.987699518888962,0.996633589114983,162.470577866672,242.920862366202,277.320711660369,107.75831550208,159.729998691988,198.85713395799,226.985331179092,134.224471823251,222.025244807927,238.425063727283,"PELO"
"ENSG00000152558",1083.13851626747,0.00420475093085641,0.273400712821171,0.015379443921226,0.987729462862921,0.996633589114983,1374.2303044556,653.41814850374,814.629590502334,1482.35598720088,848.221372364347,1268.43822340193,990.878272647192,1357.58465786946,893.312839438467,1148.31576629076,"TMEM123"
"ENSG00000133302",44.7688069127012,-0.00559549068863878,0.364802506735287,-0.0153384107437043,0.987762198740374,0.996633589114983,44.4859915587317,25.9808408947809,47.8708371318494,60.6706482238602,27.5396549468944,58.8848794729969,42.7780047222136,39.3085953196665,69.8389267705686,30.3296900854494,"SLF1"
"ENSG00000131876",228.98044543932,-0.00404211538870163,0.264296492032355,-0.0152938669659179,0.987797735364538,0.996633589114983,276.586817082549,146.791751055512,211.291970788852,282.526003669319,144.583188471196,254.846035751987,244.445741269792,210.924170007966,297.076031785254,220.732744510771,"SNRPA1"
"ENSG00000172346",29.5442365669936,0.00791774566460944,0.518430636689429,0.0152725265527713,0.987814760562253,0.996633589114983,37.7163841476203,41.5693454316495,29.7129333921824,9.05532063042689,31.6706031889286,15.4452142879992,20.0794716043043,13.4224471823251,52.1186020675885,44.6520437369116,"CSDC2"
"ENSG00000171262",178.159603074765,0.00407145164295804,0.268394344807502,0.0151696625570787,0.987896824649318,0.996633589114983,240.80460648096,144.193666966034,182.404396657564,143.979598023788,134.944309239783,201.75311163699,116.984747607686,172.574320915609,228.279477056038,215.677796163196,"FAM98B"
"ENSG00000122126",346.274654155915,-0.00307336379438956,0.203138141705393,-0.0151294275343269,0.987928923869036,0.996633589114983,322.039895414296,374.124108884845,366.459511836916,324.180478569283,363.523445299006,325.314825940983,227.858351683627,354.736104104307,395.059003672321,409.450816153567,"OCRL"
"ENSG00000214595",9.71693838789949,-0.00843832478425388,0.558155246169629,-0.0151182396692718,0.987937849472995,0.996633589114983,5.80252063809543,15.5885045368685,9.07895186983351,9.05532063042689,5.50793098937888,14.4798883949993,4.36510252267486,9.58746227308938,9.38134837216593,14.3223536514622,"EML6"
"ENSG00000214517",340.456640500291,0.00496176315723821,0.328944731835935,0.0150838808986093,0.987965260680002,0.996633589114983,234.034999069849,313.06913278211,295.478615400036,516.153275934333,291.920342437081,226.851584854988,273.255417919446,289.541360647299,630.635085017821,333.626590939943,"PPME1"
"ENSG00000132313",187.642847660221,-0.0041272824008167,0.276498711612947,-0.0149269498463133,0.988090459447784,0.996646266541082,232.100825523817,166.277381726598,222.021641180474,131.30214914119,162.483964186677,209.475718780989,123.095891139431,146.688172778268,242.872685634962,240.110046509808,"MRPL35"
"ENSG00000102158",236.659764196387,-0.00531506402584762,0.361873702748468,-0.0146876216356125,0.988281394798631,0.996646266541082,160.53640432064,126.007078339687,207.165174484383,454.57709564743,150.091119460574,250.984732179987,212.143982601998,335.561179558128,260.593010337942,208.937865033096,"MAGT1"
"ENSG00000186017",44.7423007854398,0.00426865703763786,0.291295067092556,0.0146540656532352,0.988308165717735,0.996646266541082,44.4859915587317,41.5693454316495,38.7918852620159,54.3319237825613,33.0475859362733,32.8210803619983,48.0161277494234,53.6897887293005,41.6948816540708,58.9743973883738,"ZNF566"
"ENSG00000123353",48.3170877752218,-0.00500783285339646,0.342862554454411,-0.0146059486179974,0.988346553448839,0.996646266541082,44.4859915587317,35.0741352079542,36.315807479334,77.8757574216713,26.1626721995497,55.0235759009971,53.2542507766332,56.5660274112273,56.2880902329956,42.1245695631242,"ORMDL2"
"ENSG00000135241",275.65061884866,0.00420087501769077,0.289399123535815,0.0145158525926596,0.988418432056173,0.996646266541082,301.731073180962,246.817988500419,390.394930402841,161.184707221599,263.003704742841,280.909834862985,221.747208151883,197.501722825641,403.397980003135,289.817038594294,"PNPLA8"
"ENSG00000159658",1415.76116556556,0.00258371439259548,0.178112002964512,0.0145061217076442,0.988426195361692,0.996646266541082,1519.29332040799,1515.98206621047,1380.82604347559,1240.57892636848,1627.59360736146,1579.27316094792,1020.56096980138,1344.16221068713,1410.32937194894,1519.01197844626,"EFCAB14"
"ENSG00000103707",146.640678994031,-0.00295656029623599,0.208343344989972,-0.0141908074691721,0.988677753826764,0.996824554187145,180.845226553974,155.885045368685,144.437870656442,106.852783439037,130.813360997748,142.868232163993,157.143690816295,163.945604869828,152.186318037358,131.428657036947,"MTFMT"
"ENSG00000167635",824.592200628108,-0.00325419922752133,0.232161919101231,-0.0140169380065401,0.988816467789295,0.996889049127359,1063.7954503175,681.997073487999,977.225364898443,578.634988284278,926.709388962996,874.585259057955,841.591766371712,636.607494933135,979.829718870663,684.945501096399,"ZNF146"
"ENSG00000164011",41.9371576998567,-0.00495963813308243,0.367539417029697,-0.0134941666207238,0.98923353954209,0.997045906054997,31.9138635095249,31.1770090737371,38.7918852620159,66.1038406021163,34.424568683618,24.1331473249987,62.8574763265179,53.6897887293005,37.5253934886637,38.7546039980742,"ZNF691"
"ENSG00000141338",28.8013003514078,0.00949222087833648,0.705041064441229,0.013463358883726,0.989258118326991,0.997045906054997,10.637954503175,20.7846727158247,17.3325444787731,66.1038406021163,12.3928447261025,9.6532589299995,53.2542507766332,72.8647132754793,7.29660428946239,17.6923192165121,"ABCA8"
"ENSG00000124784",154.112408836895,0.0034071829627044,0.254980985590517,0.0133624982067334,0.989338586265237,0.997045906054997,199.219875241277,129.904204473905,173.325444787731,113.191507880336,122.55146451368,178.585290204991,195.556593015834,113.132054822455,169.906642740338,145.75101068841,"RIOK1"
"ENSG00000134453",717.669674822749,-0.00255057502806492,0.197001554316108,-0.0129469792099826,0.989670093770625,0.997045906054997,775.603591958756,617.044971251047,620.670164192254,859.349927827512,744.947666313493,844.660156374956,713.257752205071,697.967253480907,790.118007344641,513.077257278852,"RBM17"
"ENSG00000244479",15.4210396418213,0.00594894292413194,0.460950751178167,0.0129058102387874,0.989702939112917,0.997045906054997,14.5063015952386,9.09329431317332,14.0311074351972,23.5438336391099,19.2777584628261,9.6532589299995,17.4604100906994,10.5462085003983,12.5084644962212,23.5897589553495,"OR2A1-AS1"
"ENSG00000134452",755.547393308179,0.00286106711052302,0.22210376242591,0.0128816688167425,0.989722199579764,0.997045906054997,810.418715787329,835.284034767206,735.395101456514,636.58904031901,1109.84809435984,668.970843848965,848.575930407992,624.143793978119,697.346895664334,588.901482492476,"FBXO18"
"ENSG00000253276",582.074187635998,0.00333236155558148,0.261046477720176,0.0127653955904111,0.989814964564247,0.997045906054997,688.565782387325,559.887121282529,721.363994021317,354.968568712734,571.447840148059,633.253785807967,418.176821672251,447.734488153274,750.507869773274,674.835604401249,"CCDC71L"
"ENSG00000156052",996.411993812681,0.00180379552453327,0.141356014023931,0.012760656396465,0.98981874558596,0.997045906054997,1062.82836354448,996.365248314848,989.605753811852,933.603556997012,1018.96723303509,1109.15945105694,839.845725362642,922.313870671198,1047.58390155853,1043.84683377422,"GNAQ"
"ENSG00000135821",1285.53742418207,-0.00388117904449776,0.304900170457512,-0.0127293436362267,0.989843727524856,0.997045906054997,1230.13437527623,1274.360245889,1511.23280669683,1134.63167499249,906.054647752826,1576.37718326892,815.401151235663,981.756136764353,2323.44728017309,1101.97873977133,"GLUL"
"ENSG00000237276",8.47449646225492,0.00791750539820195,0.624046186183344,0.0126873708605212,0.989877214250362,0.997045906054997,10.637954503175,7.79425226843427,4.12679630446978,10.8663847565123,19.2777584628261,3.8613035719998,10.4762460544197,5.75247736385363,5.21186020675885,6.73993113009986,"ANO7L1"
"ENSG00000071127",3906.70778704416,-0.0035347069252876,0.281011452417217,-0.0125785155547313,0.98996406128788,0.997045906054997,4197.15659488903,4237.47514993877,3719.89418884906,3495.35376334478,3373.60773099456,5000.38812573974,2598.98204200061,2656.68579587307,6468.96088862908,3318.57359018292,"WDR1"
"ENSG00000173726",1818.77359020939,0.00249838814393436,0.199589714737252,0.0125176196940976,0.990012645329862,0.997045906054997,1900.32550897625,1339.31234812596,1989.11581875443,2036.54160978301,2110.91455167946,1594.71837523592,1842.94628507332,2127.45787839853,1873.14255830913,1373.26096775785,"TOMM20"
"ENSG00000166086",218.52702762194,-0.00441098595170212,0.352594693833842,-0.0125100746801958,0.990018664908625,0.997045906054997,180.845226553974,150.688877189729,178.277600353094,365.834953469246,139.075257481817,157.348120558992,204.286798061183,399.797176787827,195.965943774133,213.150321989408,"JAM3"
"ENSG00000012660",742.146765729685,0.00441503052843071,0.361060958214765,0.0122279366627188,0.990243761256376,0.997197300202075,612.165927319068,511.822565627184,666.064923541422,1172.66402164028,542.53120245382,493.281531322974,518.574179693773,1375.80083618833,994.422927449588,534.139542060414,"ELOVL5"
"ENSG00000131871",199.492077771638,0.00546609497833562,0.450561996716229,0.01213172663956,0.99032052005469,0.997199303583949,147.964276271434,80.5406067738208,116.375655786048,450.954967395259,110.158619787578,278.979183076986,184.207326456879,273.242674783047,212.643896435761,139.853570949572,"SELENOS"
"ENSG00000225791",169.317592003151,-0.00245085893624935,0.205986045782378,-0.0118981794467701,0.990506850303894,0.997254726025902,176.976879461911,171.473549905554,155.992900308958,173.862156104196,173.499826165435,134.180299126993,150.159526780015,206.130438871422,142.804969665192,208.095373641833,"TRAM2-AS1"
"ENSG00000143079",349.557027853086,-0.00297169593567197,0.250534332731688,-0.0118614319373726,0.99053616850538,0.997254726025902,277.553903855565,391.011655466453,360.681997010658,371.268145847502,267.134652984876,377.44242416298,215.636064620138,348.983626740453,472.194534732352,413.663273109879,"CTTNBP2NL"
"ENSG00000188428",146.981928784779,0.00374368492928974,0.32065851018846,0.011674990091763,0.99068491727474,0.997254726025902,180.845226553974,163.67929763712,180.753678135776,61.5761802869029,166.614912428711,189.20387502799,110.873604075941,122.719517095544,168.864270698987,124.688725906847,"BLOC1S5"
"ENSG00000105053",198.638117154345,-0.00255527964290586,0.220541418126362,-0.0115863934521441,0.990755602384553,0.997254726025902,171.174358823815,214.341937381943,231.100593050307,178.38981641941,246.479911774705,209.475718780989,237.461577233512,152.440650142121,154.271062120062,191.245545816584,"VRK3"
"ENSG00000066827",43.4273406987444,0.00371814330873673,0.328400775148898,0.0113219687348512,0.990966568943684,0.997254726025902,38.6834709206362,62.3540181474742,47.0454778709554,26.260429828238,45.4404306623758,42.4743392919978,53.2542507766332,40.2673415469754,27.101673075146,51.3919748670115,"ZFAT"
"ENSG00000198431",4698.64749978878,0.00490847819615776,0.434159680397404,0.011305697921246,0.990979550343796,0.997254726025902,3362.5607097763,7464.29558907056,6895.87662476899,1034.11761599475,3816.99617563956,4919.30075072775,3006.68261761844,3958.6631725586,6200.02890196033,6327.95283977251,"TXNRD1"
"ENSG00000160392",149.579108276875,0.00347314156506548,0.307903060609611,0.0112799838955451,0.991000065859703,0.997254726025902,131.523801130163,192.258222621379,201.387659658125,72.4425650434151,167.991895176056,202.71843752999,147.54046526641,127.513248232089,134.465993334378,117.948794776748,"C19orf47"
"ENSG00000112186",122.437864231512,0.00494047378482864,0.439320139737924,0.011245725697383,0.99102739821346,0.997254726025902,107.346631804766,90.9329431317332,143.612511395548,146.696194212916,75.7340511039596,167.966705381991,39.2859227040737,64.2359972296989,207.432036229002,181.135649121434,"CAP2"
"ENSG00000179456",169.873883754657,-0.00404906629239481,0.364530344585686,-0.0111076247904598,0.991137579912782,0.997254726025902,145.063015952386,138.997498787078,89.1388001765472,306.975369371472,176.253791660124,215.267674138989,111.746624580476,135.18321805056,251.211661965776,128.90118286316,"ZBTB18"
"ENSG00000126749",236.036437971934,0.00290526649426056,0.262788104381626,0.0110555479712334,0.991179128651611,0.997254726025902,249.508387438104,262.406493037287,285.574304269308,145.790662149873,212.055343091087,297.320375043985,264.525212874096,169.698082233682,285.609939330385,187.875580251534,"EMG1"
"ENSG00000177469",8431.09531839952,0.00297636832523086,0.272059170528295,0.0109401507012288,0.991271196783543,0.997254726025902,8722.15560583045,11825.1797332595,8717.44451356195,4418.99646764832,8658.4675153036,7112.52117962363,7446.8649036833,6739.98597798183,9721.1616576466,10948.175629456,"CAVIN1"
"ENSG00000172409",34.9554300730947,0.00437143677598296,0.403106663169734,0.0108443674475862,0.991347616229392,0.997254726025902,23.2100825523817,31.1770090737371,56.1244297407889,28.977026017366,28.9166376942391,41.5090133989979,22.6985331179092,23.9686556827235,32.3135332819049,60.6593801708988,"CLP1"
"ENSG00000213762",149.425854054891,0.00273592927547893,0.256744035757403,0.0106562525100451,0.991497701560623,0.997289042361157,150.865536590481,172.772591950293,171.674726265943,101.419591060781,188.646636386227,148.660187521992,116.111727103151,104.503338776674,176.160874988449,163.443329904922,"ZNF134"
"ENSG00000128245",1873.59084106658,-0.00337899407296396,0.323517999405689,-0.0104445319245645,0.991666620745142,0.997349952558477,1963.18614922229,2165.50308857999,2306.05377493771,1070.33889851646,1423.80016075444,2697.12054504186,1207.38735777187,1607.81742319709,2933.23492436388,1361.46608828017,"YWHAH"
"ENSG00000101311",28.4047925650776,-0.00656497682367945,0.636005858723217,-0.01032219551697,0.991764225814175,0.9973729060235,64.7948137920657,15.5885045368685,13.2057481743033,19.9217053869392,41.3094824203416,37.647709826998,6.98416403627977,23.0099094554145,53.1609741089403,8.42491391262483,"FERMT1"
"ENSG00000102921",339.542879362308,-0.00202583477442547,0.198739817578708,-0.0101934015996727,0.991866983085913,0.997396438033783,333.644936690487,431.281958853363,314.461878400597,280.714939543234,395.194048487935,355.239928623982,352.700283832128,254.067750236869,355.448866100953,322.674202853531,"N4BP1"
"ENSG00000253540",31.5953005980604,0.00478223057209217,0.473235114055351,0.0101054009519945,0.991937193827704,0.997396438033783,30.946776736509,31.1770090737371,15.6818259569851,47.9931993412625,57.8332753884782,18.341191966999,27.9366561451191,38.3498490923575,11.4660924548695,36.2271298242868,"FAM86HP"
"ENSG00000185437",27.9994083472557,-0.00498356667954397,0.507394507217062,-0.00982187747139332,0.992163401606177,0.997408787700657,45.4530783317476,27.27988293952,31.3636519139703,8.1497885673842,19.2777584628261,33.7864062549982,15.7143690816295,20.1336707734877,55.2457181916438,23.5897589553495,"SH3BGR"
"ENSG00000163513",4739.19201953653,-0.00255908518205705,0.262314782934531,-0.00975577950060005,0.99221613762989,0.997408787700657,5259.01787166049,4768.78334623704,5622.34728520962,3327.83033168188,3206.99281856585,5575.72235796771,5083.59839790714,4861.80211868362,3135.45510038612,6550.37056706581,"TGFBR2"
"ENSG00000100897",404.205748113385,0.00249770681779177,0.258996255142085,0.00964379510592359,0.99230548404619,0.997408787700657,411.01187853176,489.73885086662,450.646156448099,263.509830345422,526.007409485683,470.113709890976,364.922570895618,256.943988918795,454.474210029372,354.688875721505,"DCAF11"
"ENSG00000183878",35.8760165661928,0.0115514148892946,1.20060378780592,0.00962133803559343,0.992323401364626,0.997408787700657,42.5518180126998,0,32.1890111748642,67.9149047282017,55.0793098937888,41.5090133989979,32.3017586677939,38.3498490923575,0,48.864500693224,"UTY"
"ENSG00000167797",339.130281271389,0.0024147286360136,0.258785360115031,0.00933100943167819,0.992555039673889,0.997566432865913,349.118325058742,426.085790674407,407.727474881614,172.956624041154,322.213962878664,405.436875059979,357.938406859338,307.757538966169,338.770913439325,303.296900854494,"CDK2AP2"
"ENSG00000115459",165.315500992324,-0.00303865013629536,0.329168991666581,-0.00923127698301924,0.992634611227647,0.997571231251837,107.346631804766,123.408994250209,142.787152134654,287.959196047575,180.384739902158,156.382794665992,224.366269665488,194.625484143714,122.999900879509,112.893846429173,"ELMOD3"
"ENSG00000100372",105.889953504852,-0.00195139825889955,0.231177439218745,-0.0084411275836181,0.993265034606031,0.997759808373934,86.0707227984156,124.708036294948,103.995266872638,110.474911691208,68.849137367236,112.943129480994,105.635481048732,111.214562367837,127.169389044916,107.838898081598,"SLC25A17"
"ENSG00000212694",38.0416994339725,-0.00500971991581152,0.599448694295204,-0.00835721215758365,0.993331987067199,0.997759808373934,14.5063015952386,19.4856306710857,14.0311074351972,104.136187249909,48.1943961570652,28.9597767899985,56.7463327947731,53.6897887293005,18.7626967443319,21.9047761728246,"LINC01089"
"ENSG00000127527",154.013078781125,-0.00172073027184234,0.209873121158975,-0.00819890733191562,0.993458291715701,0.997759808373934,153.766796909529,201.351516934552,137.009637308397,125.868956762934,151.468102207919,190.16920092099,138.81026022106,140.935695414414,144.889713747896,155.860907383559,"EPS15L1"
"ENSG00000166896",56.8098676747496,0.00348708163736235,0.426053351770366,0.00818461261452958,0.993469696867327,0.997759808373934,58.9922931539702,64.9521022369523,45.3947593491675,57.9540520347321,59.2102581358229,44.4049910779977,82.0639274262873,85.3284142304955,12.5084644962212,57.2894146058489,"ATP23"
"ENSG00000068354",206.709470155448,-0.00190596662017297,0.236745216493944,-0.00805070804977267,0.993576533731947,0.997759808373934,204.055309106356,241.621820321463,217.894844876004,163.901303410727,261.626721995497,262.568642895986,202.540757052113,182.161783188698,138.635481499785,192.088037207846,"TBC1D25"
"ENSG00000101782",750.831313955792,-0.00189265457065558,0.237273573736337,-0.00797667663049042,0.993635600361755,0.997759808373934,547.371113527003,766.434806396037,730.44294589115,961.675050951336,581.086719379472,1018.41881711495,583.177697029361,738.234595027882,888.100979231708,693.370415009024,"RIOK3"
"ENSG00000237298",19.4991342213985,-0.00370124947761548,0.46769740577921,-0.00791376952679265,0.993685791384333,0.997759808373934,17.4075619142863,15.5885045368685,16.5071852178791,28.0714939543234,27.5396549468944,34.7517321479982,13.0953075680246,9.58746227308938,19.8050687856836,12.6373708689372,"TTN-AS1"
"ENSG00000162390",11.393903255158,0.00418374735764236,0.540216008756857,0.00774458233340767,0.993820779096493,0.997759808373934,14.5063015952386,14.2894624921295,11.5550296525154,5.43319237825613,8.26189648406832,9.6532589299995,10.4762460544197,4.79373113654469,19.8050687856836,15.1648450427247,"ACOT11"
"ENSG00000197841",54.9889845794692,0.00191289586134242,0.247047357425447,0.0077430330819049,0.993822015183286,0.997759808373934,66.7289873380975,46.7655136106057,56.1244297407889,49.8042634673479,55.0793098937888,52.1275982219973,44.5240457312835,54.6485349566095,58.3728343156991,65.7143285184737,"ZNF181"
"ENSG00000123064",249.992482239589,-0.00240725151197109,0.311839833229376,-0.00771951256849352,0.993840781276941,0.997759808373934,209.857829744451,357.236562303238,294.653256139142,139.451937708574,356.638531562282,195.96115627899,277.620520442121,157.234381278666,236.618453386852,274.652193551569,"DDX54"
"ENSG00000148672",1017.99506848437,0.00158837180946292,0.206657747886967,0.00768600173815742,0.993867518257887,0.997759808373934,1132.45861120163,1127.56849483349,1087.82350585823,722.614586308066,856.483268848416,1176.73226356694,831.988540821828,993.26109149206,992.338183366885,1258.68213854615,"GLUD1"
"ENSG00000100442",352.135511234451,-0.00220811844213309,0.297596611678445,-0.00741983730822505,0.994079880689175,0.997759808373934,555.10780771113,259.808408947809,404.426037838038,190.161733238965,308.444135405217,376.477098269981,333.493832732359,276.118913464974,439.881001450447,377.436143285592,"FKBP3"
"ENSG00000177096",300.924918971807,0.00159838930435893,0.219473129703488,0.00728284736504365,0.994189179896313,0.997759808373934,274.652643536517,329.956679363718,345.000171053673,253.548977651953,331.852842110077,302.147004508984,406.827555113297,265.572704964576,215.771012559816,283.919598855457,"FAM109B"
"ENSG00000139174",32.0815013821443,-0.00370490962133117,0.508722282587802,-0.00728277440981117,0.994189238104623,0.997759808373934,26.1113428714294,24.6817988500419,25.5861370877126,52.520859656476,11.0158619787578,29.9251026829984,23.5715536224442,47.9373113654469,14.5932085789248,64.8718371272112,"PRICKLE1"
"ENSG00000181982",274.091906435367,0.00156024286457746,0.215861887107394,0.00722796824156929,0.994232965949153,0.997759808373934,269.817209671438,232.528526008289,282.272867225733,308.786433497557,403.455944972003,234.574191998988,264.525212874096,259.820227600722,258.508266255239,226.630184249608,"CCDC149"
"ENSG00000067560",9534.51817217623,0.00170826831482949,0.242936270148796,0.00703175492808545,0.99438951754316,0.997759808373934,10381.6765083257,10932.7378485238,11495.603785731,5300.9846970519,10365.9261220111,11850.3406624674,7864.16870485102,8458.05921731945,10039.0851302589,8656.59904522201,"RHOA"
"ENSG00000183283",1356.93683885303,0.001749454739803,0.249022928014335,0.00702527575975774,0.994394687043847,0.997759808373934,1402.27582087306,1639.39106046068,1608.62519948232,774.229913901499,1425.17714350178,1337.94168769793,1265.00671107117,1119.81559349684,1169.54143039669,1827.36382764833,"DAZAP2"
"ENSG00000114767",96.7375681593056,-0.00187370699923353,0.267183216336047,-0.00701281699100774,0.994404627458209,0.997759808373934,115.083325988893,85.736774952777,113.899578003366,72.4425650434151,85.3729303353726,87.8446562629954,124.841932148501,65.1947434570078,120.915156796805,96.0440186039231,"RRP9"
"ENSG00000125445",345.862745208881,-0.00161915230477803,0.233534179757264,-0.00693325622168445,0.994468106224391,0.997759808373934,393.604316617474,355.937520258499,410.203552664296,224.571951634587,333.229824857422,369.719817018981,358.811427363873,258.861481373413,441.96574553315,311.721814767119,"MRPS7"
"ENSG00000057935",277.720306903751,-0.00136245969160879,0.203926538859633,-0.00668112987759089,0.994669269280393,0.997885026325665,285.290598039692,223.435231695116,243.480981963717,357.685164901862,348.376635078214,243.262125035987,276.747499937586,288.58261441999,244.957429717666,265.384788247682,"MTA3"
"ENSG00000167904",41.8118820438939,-0.00281122076462382,0.432671435100417,-0.00649735697012532,0.994815895662591,0.997885026325665,31.9138635095249,18.1865886263466,28.0622148703945,88.7421421781835,41.3094824203416,26.0637991109986,43.6510252267486,45.0610726835201,47.9491139021814,47.1795179106991,"TMEM68"
"ENSG00000140365",421.717384697033,-0.00152358039496258,0.235243134409236,-0.00647662002459174,0.994832441003144,0.997885026325665,474.83960555081,517.01873380614,452.296874969887,244.493657021526,459.912237613136,412.194156310979,500.240749098539,348.983626740453,400.27086387908,406.923341979779,"COMMD4"
"ENSG00000116044",857.29488066234,0.00146768823393778,0.229264354692398,0.00640172885098935,0.994892194275501,0.997885026325665,1036.71702067305,963.889197196372,949.988509288942,477.215397223497,779.372234997111,974.979151929949,851.194991921597,844.655426259174,873.507770652783,821.429106480921,"NFE2L2"
"ENSG00000100300",2137.6958167178,0.00232469031932507,0.399836875488073,0.0058140968525911,0.99536104802196,0.998209776152011,2813.25542270327,2729.28733599674,2559.43906803215,440.99411470179,2152.2240340998,1917.1372234979,2536.99758617863,2531.0900400956,1522.90555241494,2173.62778945721,"TSPO"
"ENSG00000105364",273.549608803611,-0.00181846919385101,0.32104752510898,-0.00566417446524069,0.995480666810035,0.998209776152011,389.73596952541,311.770090737371,276.495352399475,117.71916819555,249.233877269394,214.302348245989,409.446616626901,239.686556827235,253.29640604848,273.809702160307,"MRPL4"
"ENSG00000139990",643.583532303531,-0.00133666185467587,0.238506350393137,-0.00560430299852651,0.995528436570729,0.998209776152011,534.798985477796,542.999574700921,531.531364015707,965.297179203507,816.550769175419,682.485406350965,605.87623014727,638.524987387753,490.957231476683,626.813595099287,"DCAF5"
"ENSG00000006757",96.0834911053104,-0.0021824731652426,0.390193857008929,-0.00559330477925144,0.995537211742548,0.998209776152011,121.852933400004,80.5406067738208,121.327811351411,60.6706482238602,75.7340511039596,71.4341160819963,109.127563066871,124.637009550162,158.440550285469,37.0696212155493,"PNPLA4"
"ENSG00000174599",10.5098197112902,0.00368342881094961,0.666455001809553,0.0055268979915349,0.995590195874188,0.998209776152011,20.308822233334,3.89712613421714,9.90431113072746,7.24425650434151,23.4087067048602,13.5145625019993,2.61906151360491,5.75247736385363,8.33897633081416,10.1098966951498,"TRAM1L1"
"ENSG00000108479",164.698164297815,0.00187203692188588,0.344743573634099,0.00543023007550769,0.995667324554377,0.998212065517682,242.738780026992,177.968760129249,182.404396657564,55.237455845604,196.908532870295,169.897357167991,185.080346961414,134.224471823251,136.550737417082,165.970804078709,"GALK1"
"ENSG00000011451",1139.25600491614,-0.00120950263595562,0.242834451078512,-0.00498077035850472,0.996025936661527,0.998496536173691,1032.84867358099,1592.62554685007,1222.35706538395,712.653733614596,1270.95507579918,971.11784835795,1221.35568584442,1312.52358518594,876.634886776838,1179.48794776748,"WIZ"
"ENSG00000213672",208.453265086797,-0.00120747975266887,0.273792175714835,-0.00441020547616565,0.996481176547404,0.998845470257527,238.870432934929,250.715114634636,164.246492917897,181.106412608538,235.464049795947,156.382794665992,294.207910028285,252.150257782251,134.465993334378,176.923192165121,"NCKIPSD"
"ENSG00000157985",599.525308592724,-0.00105911184872851,0.243094360885561,-0.00435679315994952,0.996523793000424,0.998845470257527,556.074894484146,780.724268888167,622.320882714042,440.088582638747,790.388096975869,746.196915288961,568.336348452266,435.270787198258,572.262250702121,483.590058584665,"AGAP1"
"ENSG00000006715",203.801276021752,-0.00136769541397394,0.326733264457678,-0.00418596929897568,0.996660089478196,0.998903830482932,200.186962014292,201.351516934552,166.722570700579,248.115785273697,161.106981439332,141.902906270993,161.50879333897,180.24429073408,165.737154574931,411.135798936092,"VPS41"
"ENSG00000142459",300.556922166012,-0.0013189034010004,0.321991790030155,-0.00409607773191012,0.996731811956726,0.998903830482932,322.039895414296,429.982916808624,330.143704357582,121.34129644772,366.277410793695,237.470169677988,341.351017273174,217.635393599129,298.118403826606,341.209013461306,"EVI5L"
"ENSG00000197045",1498.9370330405,-0.00111340445494879,0.297886111484108,-0.00373768501459053,0.997017765777495,0.998905333890582,1656.61964217625,1502.99164576308,1984.98902244996,853.916735449256,1217.25274865273,1753.03182168791,930.639857834279,1203.22651527272,2158.75249763951,1727.94984347935,"GMFB"
"ENSG00000140743",500.368245391251,-0.000876391638675375,0.246017593876756,-0.00356231286090217,0.997157691579055,0.998905333890582,514.490163244462,419.590580450712,557.942860364314,508.909019429991,538.400254211785,621.669875091968,357.938406859338,376.787267332413,707.770616077852,400.183410849679,"CDR2"
"ENSG00000109189",311.152820786448,0.000848621342843437,0.24052064027218,0.00352826826788384,0.997184855063491,0.998905333890582,325.90824250636,293.583502111024,387.093493359265,237.249400517185,283.658445953012,395.783616129979,215.636064620138,254.067750236869,377.338678969341,341.209013461306,"USP46"
"ENSG00000168811",11.4197304994994,-0.00171124647886828,0.493038717706056,-0.00347081561227106,0.997230695369676,0.998905333890582,17.4075619142863,6.49521022369523,9.07895186983351,12.6774488825976,9.63887923141304,13.5145625019993,15.7143690816295,12.4637009550162,6.25423224811062,10.9523880864123,"IL12A"
"ENSG00000167549",26.9183788059204,0.00230935548401863,0.667947528079262,0.00345739056877622,0.997241406940339,0.998905333890582,8.70378095714315,12.9904204473905,6.60287408715164,78.7812894847139,50.9483616517546,13.5145625019993,19.2064510997694,33.5561179558128,18.7626967443319,26.117233129137,"CORO6"
"ENSG00000139974",67.4585454290323,-0.00119391400904073,0.35081985419457,-0.00340321106335838,0.997284635676882,0.998905333890582,63.8277270190498,36.3731772526933,52.8229926972131,115.908104069464,85.3729303353726,46.3356428639976,71.5876813718676,83.4109217758776,66.7118106465133,52.234466258274,"SLC38A6"
"ENSG00000168806",46.0609217754581,0.00109401004998592,0.325244530479871,0.00336365395098819,0.997316197505456,0.998905333890582,54.1568592888907,41.5693454316495,59.4258667843648,28.977026017366,41.3094824203416,33.7864062549982,41.0319637131436,38.3498490923575,56.2880902329956,65.7143285184737,"LCMT2"
"ENSG00000105618",201.558931695782,-0.000750629801013899,0.228562510932016,-0.00328413350882887,0.997379645288011,0.998905333890582,221.462871020642,227.332357829333,215.418767093322,143.074065960745,202.416463859674,147.694861628992,241.826679756187,180.24429073408,191.796455608726,244.32250346612,"PRPF31"
"ENSG00000100403",2112.13272381926,0.000754069533672522,0.238959762334386,0.00315563392893454,0.997482172587323,0.998905333890582,1863.57621160165,2905.95705408125,2177.29773023825,1499.56109639869,2769.11230491023,2397.86951821188,1698.02488132052,1839.83401020585,1710.53251985825,2259.56191136598,"ZC3H7B"
"ENSG00000037965",312.267186833824,0.00154860415202301,0.490764584591147,0.00315549287916352,0.997482285128197,0.998905333890582,159.569317547624,431.281958853363,506.770586188888,151.223854528129,139.075257481817,268.360598253986,460.08180588993,633.731256251208,124.042272920861,248.534960422433,"HOXC8"
"ENSG00000144567",936.658676338925,-0.000523330162261495,0.172915336863509,-0.00302651096053202,0.997585197317997,0.998933386637895,871.345182487331,1063.91543464128,869.928660982229,941.753345564397,1195.22102469522,850.452111732956,944.608185906839,991.343599037442,857.872190032506,780.147028309059,"RETREG2"
"ENSG00000169410",866.74408106757,-0.000580816247698863,0.202064980472583,-0.00287440330501836,0.997706561139545,0.998979910354213,858.773054438124,1001.5614164938,987.12967602917,620.289463184242,961.133957646614,1034.82935729595,714.130772709606,781.378175256785,933.965349051186,774.249588570222,"PTPN9"
"ENSG00000143633",82.845446850257,-0.000697157149780157,0.276164297855317,-0.0025244289547717,0.997985799251474,0.999034122863013,110.247892123813,66.2511442816913,86.6627223938653,67.9149047282017,77.1110338513043,92.6712857279952,83.8099684353572,51.7722962746827,109.449064341936,82.5641563437233,"C1orf131"
"ENSG00000153896",48.0678182106042,-0.000726618620621909,0.29599572601023,-0.00245482808287845,0.99804133254046,0.999034122863013,64.7948137920657,35.0741352079542,47.8708371318494,44.3710710890918,44.063447915031,54.0582500079972,50.6351892630283,61.359758547772,31.2711612405531,47.1795179106991,"ZNF599"
"ENSG00000120694",194.134575197454,0.0007587263656359,0.311477308163069,0.00243589611747473,0.998056438018197,0.999034122863013,197.285701695245,175.370676039771,245.131700485505,158.468111032471,145.96017121854,218.163651817989,175.477121411529,93.9571302762759,293.948915661199,237.58257233602,"HSPH1"
"ENSG00000205208",260.862326701866,0.00105361026626903,0.433403398754562,0.00243101523729789,0.998060332385603,0.999034122863013,206.956569425404,396.207823645409,365.634152576022,75.1591612325432,118.420516271646,341.725366121982,367.541632409223,300.087569147698,178.245619071153,258.644857117582,"C4orf46"
"ENSG00000101220",415.502436211552,-0.000672986542436316,0.313085573447965,-0.00214952907291388,0.998284925260469,0.999121244507788,550.27237384605,470.253220195535,488.612682449221,153.940450717257,323.590945626009,440.188607207977,440.87535479016,464.033174017526,435.71151328504,387.546039980742,"C20orf27"
"ENSG00000188760",24.92031551507,0.000996599305787216,0.466977197525686,0.00213414982801681,0.998297196094383,0.999121244507788,28.0455164174613,7.79425226843427,18.983263000561,44.3710710890918,23.4087067048602,23.1678214319988,37.5398816950038,30.679879273886,16.6779526616283,18.5348106077746,"TMEM198"
"ENSG00000104866",291.148964993438,0.000657964121037553,0.326771345866401,0.00201353065181718,0.998393436065795,0.999142586989534,300.763986407947,402.703033869104,341.698734010097,119.530232321635,373.162324530419,247.123428607987,391.113186031667,260.778973828031,216.813384601168,257.80236572632,"PPP1R37"
"ENSG00000117448",355.648199606828,-0.000244965922293698,0.175782241432771,-0.00139357605351384,0.998888087542496,0.999360516162754,336.546197009535,342.947099811108,398.64852301178,343.196651893179,410.340858708727,362.962535767981,393.732247545272,324.056224830421,371.08444672123,272.967210769045,"AKR1A1"
"ENSG00000103769",859.82241320014,-0.000391503717574976,0.294587753609904,-0.00132898843477862,0.998939620958547,0.999360516162754,1085.07135932385,918.422725630505,1039.12730946549,397.52857567574,819.304734670108,881.342540308954,710.638690691467,628.937525114663,956.897533960924,1160.9531371597,"RAB11A"
"ENSG00000148225",54.7656251971116,-0.000370615253396309,0.291584808262626,-0.00127103759487532,0.998985858999913,0.999360516162754,57.0581196079384,76.6434806396037,47.8708371318494,38.0323466477929,72.9800856092701,60.8155312589968,55.0002917857032,48.8960575927558,40.652509612719,49.7069920844865,"WDR31"
"ENSG00000119844",223.75091747775,0.000194242880212457,0.177464507578211,0.00109454494796292,0.999126679659293,0.999426425156828,248.541300665088,206.547685113508,252.55993383355,186.539604986794,232.710084301258,222.024955389988,209.524921088393,192.707991689097,242.872685634962,243.480012074858,"AFTPH"
"ENSG00000023041",496.719948356816,0.000199810707112252,0.295096879733953,0.000677102066590447,0.999459750756261,0.999684617956821,385.867622433346,401.403991824365,611.591212322421,586.784776851663,535.646288717096,758.746151897961,458.33576488086,441.98201078942,535.77922925481,251.06243459622,"ZDHHC6"
"ENSG00000128335",191.942175071279,-0.0000885601275562953,0.247954485628423,-0.000357162837090226,0.999715025292652,0.999792288628993,141.194668860322,228.631399874072,172.500085526837,226.383015760672,195.53155012295,144.798883949993,204.286798061183,185.996768097934,152.186318037358,267.91226242147,"APOL2"
"ENSG00000177485",89.1915965085229,0.0000993077655377094,0.28030806207869,0.000354280803774496,0.999717324822393,0.999792288628993,112.182065669845,72.7463545053866,94.9163150028048,76.9702253586286,68.849137367236,71.4341160819963,68.0955993537277,86.2871604578044,111.533808424639,128.90118286316,"ZBTB33"
"ENSG00000184788",40.6006295112919,0.0000354313796964978,0.308243260410187,0.000114946161837726,0.999908286232348,0.999908286232348,50.2885121968271,27.27988293952,37.141166740228,47.0876672782198,37.1785341783074,35.7170580409981,41.9049842176786,51.7722962746827,48.9914859435332,28.6447073029244,"SATL1"
"ENSG00000003756",410.313299476141,-1.05909138835416,0.587416487852441,-1.80296503461477,NA,NA,225.331218112706,168.875465816076,159.294337352533,1831.89136353536,269.888618479565,241.331473249987,286.350725487471,430.477056061713,286.652311371737,203.040425294258,"RBM5"
"ENSG00000005206",120.489196124094,-0.742577742186005,0.528595545264284,-1.40481271330945,NA,NA,88.0048963444474,71.4473124606475,52.8229926972131,422.883473440936,81.2419820933385,75.2954196539961,110.000583571406,162.986858642519,67.754182687865,72.4542596485736,"SPPL2B"
"ENSG00000007392",204.036454519642,-0.763833594736334,0.491338444533498,-1.55459765714355,NA,NA,159.569317547624,107.820489713341,115.550296525154,699.976284731999,151.468102207919,173.758660739991,185.080346961414,182.161783188698,182.41510723656,82.5641563437233,"LUC7L"
"ENSG00000008869",77.9261750503101,-0.92895592940553,0.487351204833006,-1.906132415788,NA,NA,45.4530783317476,54.5597658790399,61.0765853061527,274.376215101935,59.2102581358229,69.5034642959964,34.0477996768639,61.359758547772,57.3304622743473,62.3443629534237,"HEATR5B"
"ENSG00000013293",33.5040044845869,-1.38453075836787,0.726315189964819,-1.90623957408206,NA,NA,16.4404751412704,164.978339681859,23.1100593050307,9.05532063042689,13.7698274734472,17.3758660739991,37.5398816950038,23.9686556827235,5.21186020675885,23.5897589553495,"SLC7A14"
"ENSG00000013523",44.3809319726298,-0.66118786555996,0.55793210467097,-1.18506868492517,NA,NA,34.8151238285726,16.8875465816076,20.6339815223489,154.8459827803,50.9483616517546,30.8904285759984,34.9208201813988,39.3085953196665,30.2287891992013,30.3296900854494,"ANGEL1"
"ENSG00000026652",54.1542775577574,-0.841378814782456,0.525448911538073,-1.60125712758564,NA,NA,41.5847312396839,31.1770090737371,30.5382926530763,191.067265302007,48.1943961570652,32.8210803619983,55.8733122902382,50.8135500473737,33.3559053232566,26.117233129137,"AGPAT4"
"ENSG00000049192",294.200917721437,-0.900033879375206,0.521423111302427,-1.72611044632654,NA,NA,156.668057228577,153.286961279207,180.753678135776,1140.06486737075,152.845084955264,254.846035751987,176.350141916064,232.975333236072,297.076031785254,197.142985555421,"ADAMTS6"
"ENSG00000054967",26.6944685590545,-0.615529190840872,0.579614630685654,-1.06196282539095,NA,NA,11.6050412761909,16.8875465816076,16.5071852178791,89.6476742412262,17.9007757154814,35.7170580409981,19.2064510997694,20.1336707734877,25.0169289924425,14.3223536514622,"RELT"
"ENSG00000060718",159.92882216304,-1.28663509763545,1.24447707984596,-1.03387609018456,NA,NA,49.3214254238112,2.59808408947809,16.5071852178791,921.831640177457,82.6189648406832,17.3758660739991,40.1589432086087,129.430740686707,232.448965221445,106.996406690335,"COL11A1"
"ENSG00000062716",766.371582868584,-1.70639343592251,0.829117286830829,-2.05808449905191,NA,NA,448.72826267938,184.463970352945,252.55993383355,4364.66454386576,271.26560122691,395.783616129979,428.653067726671,601.133884522704,375.253934886637,341.209013461306,"VMP1"
"ENSG00000067445",38.0316656252927,-2.53286690742818,0.691786589665803,-3.66134143862458,NA,NA,29.0126031904772,28.578924984259,23.9354185659247,220.044291319373,22.0317239575155,7.7226071439996,15.7143690816295,23.0099094554145,5.21186020675885,5.0549483475749,"TRO"
"ENSG00000070371",106.711761601183,-1.09575269144486,0.55060546865365,-1.99008682954822,NA,NA,59.9593799269861,67.5501863264304,53.6483519581071,445.521775017003,75.7340511039596,96.532589299995,49.7621687584934,91.0808915943491,70.8812988119203,56.4469232145864,"CLTCL1"
"ENSG00000072042",139.796246059093,-0.152273673035243,0.498354491682968,-0.305552925831987,NA,NA,83.1694624793679,50.6626397448228,75.9330520022439,384.851126793143,93.6348268194409,115.839107159994,153.651608798155,204.212946416804,132.381249251675,103.626441125285,"RDH11"
"ENSG00000073008",478.476078216243,-0.130249772691228,0.470381737939021,-0.276902273591482,NA,NA,248.541300665088,190.95918057664,269.067119051429,1309.39936315973,370.40835903573,465.287080425976,409.446616626901,577.165228839981,567.050390495363,377.436143285592,"PVR"
"ENSG00000073605",105.005117978262,-2.22060902001691,1.05799941103318,-2.09887547843566,NA,NA,36.7492973746044,11.6913784026514,21.4593407832428,724.425650434151,34.424568683618,30.8904285759984,42.7780047222136,87.2459066851134,46.9067418608296,13.4798622601997,"GSDMB"
"ENSG00000082512",158.804733747504,-1.17054434638733,0.631371513847549,-1.85397079328791,NA,NA,82.202375706352,46.7655136106057,78.4091297849257,745.252887884133,93.6348268194409,88.8099821559954,74.2067428854726,118.884532186308,186.584595401967,73.296751039836,"TRAF5"
"ENSG00000086991",25.1028001152219,-0.569539677649481,0.708770833137029,-0.803559699442894,NA,NA,6.76960741111134,11.6913784026514,6.60287408715164,99.6085269346958,19.2777584628261,10.6185848229995,19.2064510997694,27.8036405919592,25.0169289924425,24.432250346612,"NOX4"
"ENSG00000088340",201.139007720871,-2.15479223425105,1.17741172038886,-1.83010938054821,NA,NA,41.5847312396839,19.4856306710857,18.983263000561,1424.40193516615,110.158619787578,54.0582500079972,99.5243375169867,183.120529416007,36.4830214473119,23.5897589553495,"FER1L4"
"ENSG00000088448",203.877125388906,-0.809615821972556,0.481218915774825,-1.68242726009423,NA,NA,175.042705915879,100.026237444907,109.772781698896,713.559265677639,132.190343745093,141.902906270993,191.191490493159,174.491813370227,139.677853541137,160.915855731134,"ANKRD10"
"ENSG00000089280",847.601688674568,-1.05593157289147,0.461863953006721,-2.28623941318084,NA,NA,493.214254238112,546.896700835138,740.347257021878,3143.10179082117,402.078962224658,695.034642959964,563.971245929591,583.876452431143,720.279080574073,587.216499709951,"FUS"
"ENSG00000095752",113.675587076883,-0.858927228701938,0.688848713295279,-1.24690256673784,NA,NA,54.1568592888907,27.27988293952,57.7751482625769,482.648589601753,53.7023271464441,79.1567232259959,47.1431072448884,62.318504775081,222.025244807927,50.549483475749,"IL11"
"ENSG00000100813",787.175782034311,-0.644220942250859,0.386663739567045,-1.66610125628073,NA,NA,611.198840546052,528.710112208792,593.433308582754,2282.84633093062,625.150167294503,646.768348309966,657.384439914833,729.605878982102,643.143549514042,553.516844059451,"ACIN1"
"ENSG00000102287",430.473516652926,-2.52018602340522,1.00637859144918,-2.50421267385684,NA,NA,165.37183818572,72.7463545053866,106.47134465532,3067.94262958863,83.9959475880279,103.289870550995,228.731372188162,289.541360647299,99.0253439284181,87.6191046912982,"GABRE"
"ENSG00000103241",15.4431081150918,-0.656217843198745,0.988399127219865,-0.663919893418494,NA,NA,3.86834709206362,71.4473124606475,3.30143704357582,0.905532063042689,8.26189648406832,4.82662946499975,10.4762460544197,4.79373113654469,40.652509612719,5.89743973883738,"FOXF1"
"ENSG00000105639",19.5032802934076,-1.04485278272012,0.729623126884231,-1.43204449560424,NA,NA,4.83543386507953,10.3923363579124,9.90431113072746,87.8366101151408,6.8849137367236,12.5492366089993,14.8413485770945,24.9274019100324,9.38134837216593,13.4798622601997,"JAK3"
"ENSG00000106624",586.129781222275,-1.33689792488362,0.589989873403609,-2.26596757868258,NA,NA,351.052498604774,236.425652142506,268.241759790535,2821.63790844102,396.571031235279,242.296799142987,540.399692307147,347.066134285836,261.635382379294,395.970953893367,"AEBP1"
"ENSG00000108465",231.008445691217,-0.716950035835703,0.511096502171031,-1.4027684259044,NA,NA,125.721280492068,127.306120384426,130.406763221245,824.034177368847,203.793446607019,109.081825908994,232.223454206302,220.511632281056,162.610038450876,174.395717991334,"CDK5RAP3"
"ENSG00000108474",25.6194462808311,-1.06486049406023,0.57341790034493,-1.85704090057127,NA,NA,14.5063015952386,20.7846727158247,14.0311074351972,99.6085269346958,20.6547412101708,13.5145625019993,15.7143690816295,23.0099094554145,16.6779526616283,17.6923192165121,"PIGL"
"ENSG00000108654",1471.99287314365,-0.655301074121974,0.447765917614991,-1.46349029334884,NA,NA,890.686917947649,896.339010869942,1031.69907611744,4720.53864464154,889.530854784689,1002.00827693395,1244.92723946687,1122.69183217877,1250.84644962212,1670.6604288735,"DDX5"
"ENSG00000109046",1146.1989097879,-1.83618242408174,0.838952745012054,-2.18866013014279,NA,NA,574.449543171448,378.021235019062,397.823163750886,6720.85897190284,495.713789044099,445.015236672977,335.239873741429,920.396378216581,794.287495510048,400.183410849679,"WSB1"
"ENSG00000109920",341.450506935946,-1.01283374548731,0.423535389418992,-2.39137925847641,NA,NA,267.883036125406,280.593081663634,245.131700485505,1164.5142330729,251.987842764084,222.024955389988,239.207618242582,315.427508784641,249.126917883073,178.608174947646,"FNBP4"
"ENSG00000110237",437.662785696841,-0.882687534993137,0.424321599226254,-2.08023239119269,NA,NA,321.072808641281,375.423150929584,295.478615400036,1420.77980691398,369.031376288385,266.429946467986,267.144274387701,271.325182328429,459.68607023613,330.256625374893,"ARHGEF17"
"ENSG00000111664",19.5506965220624,-1.94393910219212,0.808971926863357,-2.40297473576048,NA,NA,10.637954503175,3.89712613421714,7.4282333480456,118.624700258592,6.8849137367236,11.5839107159994,10.4762460544197,13.4224471823251,8.33897633081416,4.21245695631242,"GNB3"
"ENSG00000112655",370.366267170243,-0.539354697585914,0.463828359753582,-1.16283251389039,NA,NA,244.672953573024,229.930441918811,221.19628191958,1126.48188642511,318.08301463663,300.216352722984,530.796466757262,262.696466282649,234.533709304148,235.055098162233,"PTK7"
"ENSG00000112715",2200.65081280898,-1.12462055875358,0.553766930168101,-2.03085539689449,NA,NA,1193.38507790163,1378.28360946813,1245.46712468898,9220.12746590066,1331.54231668234,1284.84876358293,1640.40552802121,2489.86395232131,1626.10038450876,596.483905013838,"VEGFA"
"ENSG00000112763",119.376669235074,-0.426088495789313,0.465747122611272,-0.914849443192246,NA,NA,79.3011153873043,71.4473124606475,63.5526630888345,349.535376334478,71.6031028619254,134.180299126993,92.5401734807069,114.090801049764,128.211761086268,89.3040874738232,"BTN2A1"
"ENSG00000113108",60.9550196352616,-0.869873388883691,0.535444398289573,-1.62458210724105,NA,NA,38.6834709206362,33.7750931632152,35.4904482184401,226.383015760672,57.8332753884782,27.0291250039986,50.6351892630283,52.7310425019916,40.652509612719,46.3370265194366,"APBB3"
"ENSG00000113140",12476.3363831748,-0.310579194288423,0.46111918051168,-0.67353345385414,NA,NA,6948.51846411928,5919.73459787583,7614.76454100763,35984.0331211904,8819.57449674293,11166.8899302234,12778.4011248784,16225.8211509765,11185.6943757458,8119.93202898781,"SPARC"
"ENSG00000113916",198.929267222709,-0.919668660699369,0.462763845570577,-1.9873390488521,NA,NA,125.721280492068,171.473549905554,124.629248394987,687.298835849401,150.091119460574,154.452142879992,130.080055175711,204.212946416804,146.9744578306,94.3590358213981,"BCL6"
"ENSG00000114251",1747.26360748298,0.214137008820182,0.509185034317889,0.420548512599242,NA,NA,697.269563344468,532.607238343009,677.619953193937,4468.80073111567,1876.82748463085,1715.38411186091,1327.86418739769,2292.36222949567,1797.04939929045,2086.85117615717,"WNT5A"
"ENSG00000114270",114.250735303508,-1.63515813709897,0.976751589574469,-1.6740777845177,NA,NA,42.5518180126998,25.9808408947809,27.2368556095005,674.621386966803,41.3094824203416,153.486816986992,52.3812302720983,45.0610726835201,56.2880902329956,23.5897589553495,"COL7A1"
"ENSG00000114770",181.801259941391,-1.04302461112633,0.51887960196168,-2.01014764732139,NA,NA,123.787106946036,94.8300692659503,101.519189089956,731.669906938493,112.912585282267,132.249647340993,117.857768112221,166.821843551755,138.635481499785,97.729001386448,"ABCC5"
"ENSG00000115275",82.6951799321053,-0.84603165454402,0.584007877713101,-1.44866479859308,NA,NA,63.8277270190498,31.1770090737371,29.7129333921824,325.991542695368,39.9324996729969,69.5034642959964,83.8099684353572,70.9472208208614,61.4999504397544,50.549483475749,"MOGS"
"ENSG00000115414",55942.1230706437,-0.636664997404451,0.46901039565036,-1.35746457500502,NA,NA,32277.4881361789,29329.7712861182,33759.6698483454,189354.904170794,51050.2583750581,41650.9163052688,49598.9139241453,52394.5225762062,40087.5439663064,39917.2421180165,"FN1"
"ENSG00000115457",55.2048069308126,3.06569105082874,1.41020154057005,2.17393823693419,NA,NA,19.3417354603181,15.5885045368685,4.12679630446978,1.81106412608538,1.37698274734472,9.6532589299995,22.6985331179092,27.8036405919592,3.12711612405531,446.520437369116,"IGFBP2"
"ENSG00000115524",850.41521302621,-1.29787424326871,0.546945819368324,-2.3729484663904,NA,NA,586.054584447639,381.918361153279,450.646156448099,3862.99978094011,428.241634424208,464.321754532976,401.589432086087,716.183431799777,627.507968893765,584.689025536163,"SF3B1"
"ENSG00000115548",317.363612311629,-0.770334302612425,0.398399337523139,-1.93357325190754,NA,NA,227.265391658738,272.7988293952,223.672359702262,964.391647140464,271.26560122691,294.424397364985,213.890023611068,223.387870962983,244.957429717666,237.58257233602,"KDM3A"
"ENSG00000116560",769.62495576915,-1.03250092122948,0.413603194548152,-2.49635625362481,NA,NA,710.808778166691,623.540181474742,533.182082537495,2572.61659110428,392.440082993245,615.877919733968,520.320220702843,464.991920244835,735.914661194349,526.557119539052,"SFPQ"
"ENSG00000117228",115.047809264443,-0.774361149278294,0.506673571498224,-1.52832354564799,NA,NA,84.1365492523838,81.8396488185599,54.473711219001,392.095383297484,85.3729303353726,84.9486785839956,54.1272712811682,79.5759368666419,152.186318037358,81.7216649524609,"GBP1"
"ENSG00000117335",263.556198407125,-0.74615403957522,0.622092679737421,-1.19942584743187,NA,NA,152.799710136513,70.1482704159085,91.614877959229,1076.67762295776,143.206205723851,139.006928591993,160.635772834435,283.788883283446,186.584595401967,331.099116766156,"CD46"
"ENSG00000117360",150.863890572039,-0.735776785418304,0.428401033809648,-1.71749535447021,NA,NA,95.7415905285746,103.923363579124,123.803889134093,469.971140719156,106.027671545543,127.423017875993,151.905567789085,116.96703973169,108.406692300584,104.468932516548,"PRPF3"
"ENSG00000117479",38.73551225032,-1.39013205150993,0.744081165119487,-1.86825324531189,NA,NA,14.5063015952386,5.19616817895618,18.983263000561,207.366842436776,26.1626721995497,24.1331473249987,15.7143690816295,25.8861481373413,29.1864171578495,20.2197933902996,"SLC19A2"
"ENSG00000117616",221.092198175493,-1.49941275740224,0.624897662877571,-2.39945329687688,NA,NA,122.82002017302,75.3444385948647,136.184278047503,1110.18230929034,71.6031028619254,101.359218764995,161.50879333897,222.429124735674,130.296505168971,79.1941907786734,"RSRP1"
"ENSG00000117899",177.377577989728,-0.0540457993030244,0.436814240099697,-0.123727191885249,NA,NA,121.852933400004,81.8396488185599,94.0909557419109,427.411133756149,128.059395503059,154.452142879992,195.556593015834,248.315272873015,168.864270698987,153.333433209772,"MESD"
"ENSG00000118523",4040.10102765777,-0.458846615417889,0.586534529780994,-0.782301112927175,NA,NA,1575.38435324291,1549.75715937368,1517.01032152309,14675.9581457329,1503.66516010043,3879.6447639668,3466.76442350837,5101.48867551086,3508.62429119006,3622.71298242868,"CTGF"
"ENSG00000119681",1759.6708790913,-1.210746865214,0.538499550829552,-2.24837117013163,NA,NA,998.033549752415,1041.83171988071,817.105668285016,7820.17489643666,850.975337859037,1133.29259838194,1118.3392663093,1036.40467172096,1337.36332905432,1443.18775323263,"LTBP2"
"ENSG00000120458",67.7930535734718,-0.937377575078003,0.521757517370474,-1.79657703793545,NA,NA,57.0581196079384,33.7750931632152,42.9186815664857,246.304721147611,28.9166376942391,64.6768348309966,41.0319637131436,44.1023264562111,67.754182687865,51.3919748670115,"MSANTD2"
"ENSG00000120798",85.5159180248189,-0.490253486441053,0.494469462241186,-0.991473738780501,NA,NA,54.1568592888907,49.3635977000837,39.6172445229098,269.848554786721,93.6348268194409,64.6768348309966,66.3495583446578,85.3284142304955,69.8389267705686,62.3443629534237,"NR2C1"
"ENSG00000123358",167.764421154579,-0.707337466115351,0.425564039314805,-1.66211756814374,NA,NA,117.98458630794,100.026237444907,137.009637308397,518.869872123461,128.059395503059,139.006928591993,134.445157698386,112.173308595146,159.482922326821,130.586165645685,"NR4A1"
"ENSG00000124549",34.5553474614052,-0.989930494523583,0.591316951384341,-1.67411147643585,NA,NA,20.308822233334,24.6817988500419,17.3325444787731,134.018745330318,34.424568683618,28.9597767899985,17.4604100906994,32.5973717285039,23.9745569510907,11.7948794776748,"BTN2A3P"
"ENSG00000125740",21.170782977018,-1.45678518005137,0.891152803777985,-1.63471985261722,NA,NA,6.76960741111134,7.79425226843427,9.90431113072746,112.285975817293,9.63887923141304,42.4743392919978,2.61906151360491,7.6699698184715,8.33897633081416,4.21245695631242,"FOSB"
"ENSG00000128159",145.221302556439,-1.02236999057791,0.539264364727441,-1.89586046742519,NA,NA,95.7415905285746,97.4281533554284,64.3780223497285,577.729456221236,75.7340511039596,101.359218764995,114.365686094081,165.863097324446,85.4745073908451,74.1392424310985,"TUBGCP6"
"ENSG00000128342",29.9727566032295,-2.2910481227449,0.963432847448369,-2.37800499413393,NA,NA,7.73669418412724,3.89712613421714,3.30143704357582,214.611098941117,2.75396549468944,21.2371696459989,19.2064510997694,11.5049547277073,10.4237204135177,5.0549483475749,"LIF"
"ENSG00000128617",25.0622559790139,-0.0179646690956641,0.662269003673643,-0.0271259397556175,NA,NA,8.70378095714315,6.49521022369523,12.3803889134093,73.3480971064578,6.8849137367236,24.1331473249987,32.3017586677939,33.5561179558128,25.0169289924425,27.8022159116619,"OPN1SW"
"ENSG00000129566",159.470537550664,-0.679244750889474,0.439342360591658,-1.54604884895402,NA,NA,115.083325988893,103.923363579124,113.074218742472,490.798378169137,122.55146451368,132.249647340993,90.794132471637,159.151873733284,162.610038450876,104.468932516548,"TEP1"
"ENSG00000130164",97.9355694520242,-0.615443711479628,0.559274448097202,-1.10043237908245,NA,NA,51.255598969843,62.3540181474742,37.141166740228,344.102183956222,61.9642236305124,82.0527009049957,70.7146608673327,49.8548038200648,79.2202751427345,140.696062340835,"LDLR"
"ENSG00000130684",23.4746333461535,-1.87372546962652,0.759479986526995,-2.46711632020066,NA,NA,9.67086773015905,15.5885045368685,9.07895186983351,132.207681204233,9.63887923141304,6.75728125099965,14.8413485770945,23.9686556827235,6.25423224811062,6.73993113009986,"ZNF337"
"ENSG00000131067",93.244691765812,-0.459085112424084,0.597640976709534,-0.768162040949225,NA,NA,56.0910328349225,33.7750931632152,37.9665260011219,317.841754127984,64.7181891252018,74.3300937609961,94.2862144897769,159.151873733284,47.9491139021814,46.3370265194366,"GGT7"
"ENSG00000132680",155.06941653205,-0.900702944578159,0.459909144087786,-1.95843669593626,NA,NA,110.247892123813,103.923363579124,105.645985394426,539.697109573443,100.519740556165,99.4285669789949,110.000583571406,129.430740686707,153.22869007871,98.5714927777105,"KIAA0907"
"ENSG00000133110",2110.25710561715,-3.50316417346863,1.23303596188006,-2.84108840436998,NA,NA,720.47964589685,387.114529332236,99.8684705681686,17429.6811494457,38.5555169256522,583.05683937197,400.716411581552,290.500106874608,953.770417836869,198.827968337946,"POSTN"
"ENSG00000133624",64.2805447566484,-0.768002671599765,0.533486510767331,-1.43959154748847,NA,NA,43.5189047857157,24.6817988500419,40.4426037838038,232.721740201971,45.4404306623758,56.954227686997,44.5240457312835,49.8548038200648,62.5423224811062,42.1245695631242,"ZNF767P"
"ENSG00000135473",69.0879567888941,-1.51122520450544,0.554144042152783,-2.72713426392624,NA,NA,46.4201651047635,49.3635977000837,37.9665260011219,318.747286191027,34.424568683618,46.3356428639976,41.9049842176786,46.019818910829,42.7372536954226,26.9597245203995,"PAN2"
"ENSG00000136244",171.12329613526,-1.10694599258904,0.844865902821618,-1.31020318004567,NA,NA,117.017499534925,32.4760511184761,40.4426037838038,818.600984990591,114.289568029612,72.3994419749963,117.857768112221,168.739336006373,159.482922326821,69.9267854747861,"IL6"
"ENSG00000137496",18.3412401320951,-1.38340223558814,0.807131658545203,-1.71397345270984,NA,NA,5.80252063809543,7.79425226843427,5.77751482625769,96.8919307455677,8.26189648406832,11.5839107159994,6.98416403627977,16.2986858642519,19.8050687856836,4.21245695631242,"IL18BP"
"ENSG00000137801",14203.7628756994,-0.113673389026311,0.54467152633765,-0.208700810542909,NA,NA,6535.57241204149,5558.60090943838,4119.36807112173,43307.0709150166,11558.3931812116,15920.1546273552,9322.98596792896,18736.7775202986,15898.2583746972,11080.4467778842,"THBS1"
"ENSG00000138002",71.4733697909028,-1.04245094399157,0.485524253606075,-2.14706255403124,NA,NA,56.0910328349225,54.5597658790399,44.5694000882736,258.076637967166,49.5713789044099,46.3356428639976,57.6193532993081,69.9884745935525,41.6948816540708,36.2271298242868,"IFT172"
"ENSG00000138834",334.133952015087,-1.03421790376709,0.600153967741747,-1.72325429699087,NA,NA,185.680660419054,146.791751055512,135.358918786609,1460.62321768786,214.809308585776,186.30789734899,248.810843792467,431.435802289022,204.304920104947,127.216200080635,"MAPK8IP3"
"ENSG00000139182",164.264993464564,-1.88006645830662,0.895144535336649,-2.1002937336813,NA,NA,75.4327682952406,81.8396488185599,45.3947593491675,964.391647140464,60.5872408831677,26.0637991109986,123.968911643966,150.523157687503,74.0084149359756,40.4395867805992,"CLSTN3"
"ENSG00000139211",338.259335531992,-2.07388433744309,1.04208507623196,-1.9901295822621,NA,NA,29.0126031904772,97.4281533554284,136.184278047503,2231.23100333719,173.499826165435,322.418848261983,48.8891482539584,120.802024640926,135.50836537573,87.6191046912982,"AMIGO2"
"ENSG00000139631",72.6215522925371,-0.865996102203773,0.631662110893587,-1.37097997057111,NA,NA,42.5518180126998,24.6817988500419,33.0143704357582,297.920048741045,39.9324996729969,33.7864062549982,46.2700867403535,112.173308595146,56.2880902329956,39.5970953893367,"CSAD"
"ENSG00000140398",24.5953903221461,-0.926733504462819,0.779618059174565,-1.18870194649418,NA,NA,10.637954503175,7.79425226843427,5.77751482625769,113.191507880336,12.3928447261025,17.3758660739991,13.0953075680246,42.1848340015933,8.33897633081416,15.1648450427247,"NEIL1"
"ENSG00000140400",262.781580973746,-1.33928058041246,0.621410822990109,-2.15522570715473,NA,NA,158.602230774609,90.9329431317332,110.59814095979,1289.47765777279,147.337153965885,97.4979151929949,198.175654529438,265.572704964576,140.720225582489,128.90118286316,"MAN2C1"
"ENSG00000142102",119.697597407964,-1.71648362874979,0.909177310814814,-1.88795255703363,NA,NA,52.2226857428589,23.3827568053028,47.0454778709554,699.070752668956,66.0951718725465,44.4049910779977,83.8099684353572,113.132054822455,41.6948816540708,26.117233129137,"PGGHG"
"ENSG00000142303",117.389592199248,-1.21347142620746,0.529022994214775,-2.29379713070621,NA,NA,64.7948137920657,92.2319851764723,77.5837705240318,478.12092928654,71.6031028619254,71.4341160819963,106.508501553266,107.379577458601,42.7372536954226,61.5018715621613,"ADAMTS10"
"ENSG00000142871",4397.58250323219,-0.678570853238454,0.475162916615924,-1.42808041096975,NA,NA,3229.10273510011,2148.61554199838,2589.97736068523,14733.0066657045,3066.54057833669,3685.61425947381,4420.97583496509,4772.63871954389,2885.2858104617,2444.06752605246,"CYR61"
"ENSG00000144802",216.14610552051,-0.958795041532532,0.577269131844847,-1.66091514103378,NA,NA,134.425061449211,75.3444385948647,109.772781698896,900.098870664433,167.991895176056,226.851584854988,126.587973157571,177.368052052154,85.4745073908451,157.545890166084,"NFKBIZ"
"ENSG00000145020",27.8356657340094,-2.22054245754483,0.853768801543759,-2.60087093078327,NA,NA,13.5392148222227,3.89712613421714,8.25359260893955,184.728540860709,11.0158619787578,8.68793303699955,12.2222870634896,20.1336707734877,12.5084644962212,3.36996556504993,"AMT"
"ENSG00000145495",516.610699933024,-0.499850615261389,0.51376590848907,-0.972915109784911,NA,NA,300.763986407947,253.313198724114,249.258496789974,1703.3058105833,316.706031889286,519.345330433973,305.55717658724,719.059670481704,417.99118858206,380.806108850642,"MARCH6"
"ENSG00000146197",148.47020266779,2.0752468843844,1.18077975862043,1.75752240774268,NA,NA,64.7948137920657,24.6817988500419,65.2033816106225,47.9931993412625,16.5237929681366,47.3009687569975,44.5240457312835,18.2161783188698,1104.91436383288,50.549483475749,"SCUBE3"
"ENSG00000147162",1118.43832729846,-1.97997804735197,0.88771571892391,-2.23041904648495,NA,NA,509.654729379382,265.004577126765,354.904482184401,6973.50241749175,455.781289371102,551.201084902971,321.271545668869,673.998597798183,772.397682641661,306.666866419544,"OGT"
"ENSG00000149428",217.937595859336,-0.763425388870944,0.440741462624563,-1.73213880156597,NA,NA,189.549007511117,163.67929763712,136.184278047503,667.377130462462,133.567326492438,277.048531290986,149.28650627548,191.749245461788,156.355806202765,114.578829211698,"HYOU1"
"ENSG00000151006",14.343579742727,-1.75948002774548,0.944633786851421,-1.86260543740453,NA,NA,5.80252063809543,2.59808408947809,6.60287408715164,84.2144818629701,8.26189648406832,7.7226071439996,11.3492665589546,9.58746227308938,7.29660428946239,0,"PRSS53"
"ENSG00000152527",26.8894267158719,-1.28312959185282,0.693636798983256,-1.84985801464636,NA,NA,20.308822233334,9.09329431317332,10.7296703916214,125.868956762934,19.2777584628261,7.7226071439996,13.9683280725595,18.2161783188698,30.2287891992013,13.4798622601997,"PLEKHH2"
"ENSG00000152926",52.2056775370987,-0.323990305743146,0.525239969385913,-0.616842442744677,NA,NA,34.8151238285726,19.4856306710857,28.0622148703945,154.8459827803,34.424568683618,47.3009687569975,35.7938406859338,69.0297283662435,46.9067418608296,51.3919748670115,"ZNF117"
"ENSG00000154874",19.7716466126481,-2.46091177846111,1.02411868425879,-2.40295564985438,NA,NA,5.80252063809543,0,8.25359260893955,141.263001834659,5.50793098937888,8.68793303699955,0.873020504534971,5.75247736385363,11.4660924548695,10.1098966951498,"CCDC144B"
"ENSG00000155256",87.1870083933425,-0.525516717632027,0.520231556534258,-1.01015924741855,NA,NA,59.9593799269861,35.0741352079542,45.3947593491675,286.14813192149,72.9800856092701,92.6712857279952,76.8258043990775,91.0808915943491,51.0762300262367,60.6593801708988,"ZFYVE27"
"ENSG00000156466",61.8808911628369,-1.10663232075925,0.782824499246787,-1.41364037766322,NA,NA,23.2100825523817,9.09329431317332,9.07895186983351,323.27494650624,33.0475859362733,30.8904285759984,41.9049842176786,62.318504775081,35.4406494059602,50.549483475749,"GDF6"
"ENSG00000158163",87.7927553219249,-1.2026589016109,0.498800130780363,-2.41110382174393,NA,NA,64.7948137920657,64.9521022369523,63.5526630888345,337.763459514923,56.4562926411335,65.6421607239966,48.0161277494234,54.6485349566095,87.5592514735486,34.5421470417618,"DZIP1L"
"ENSG00000159322",212.035090801686,-0.641064726755617,0.50551318371553,-1.26814640529013,NA,NA,136.359234995243,106.521447668602,110.59814095979,727.142246623279,119.797499018991,163.140075916992,189.445449484089,256.943988918795,168.864270698987,141.538553732097,"ADPGK"
"ENSG00000161647",58.9346497894054,-0.770283549714926,0.529064705432762,-1.45593448552735,NA,NA,41.5847312396839,27.27988293952,37.141166740228,207.366842436776,30.2936204415838,44.4049910779977,44.5240457312835,64.2359972296989,56.2880902329956,36.2271298242868,"MPP3"
"ENSG00000161960",41.4531622713396,-2.61772679476839,0.813837854770477,-3.2165213001878,NA,NA,27.0784296444454,6.49521022369523,12.3803889134093,287.053663984532,11.0158619787578,21.2371696459989,8.73020504534971,21.0924170007966,13.550836537573,5.89743973883738,"EIF4A1"
"ENSG00000162231",315.582414315571,-0.626666858164586,0.414086468157894,-1.5133719798968,NA,NA,205.022395879372,235.126610097767,220.370922658686,939.942281438311,229.956118806568,231.678214319988,267.144274387701,342.272403149291,236.618453386852,247.69246903117,"NXF1"
"ENSG00000162298",118.059845823663,-0.839596596178068,0.515716826326616,-1.62801862052554,NA,NA,70.5973344301611,76.6434806396037,62.7273038279406,431.938794071363,89.5038785774068,92.6712857279952,88.1750709580321,130.389486914016,82.3473912667898,55.6044318233239,"SYVN1"
"ENSG00000163162",100.703736624205,-0.423385016751307,0.464979147541677,-0.910546244900926,NA,NA,65.7619005650816,55.858807923779,60.2512260452587,293.392388425831,56.4562926411335,87.8446562629954,96.0322554988468,114.090801049764,81.305019225438,96.0440186039231,"RNF149"
"ENSG00000163359",2096.66807381024,-1.3110068177471,0.749231340993479,-1.74980242552148,NA,NA,1739.78910465561,963.889197196372,847.643960938092,9515.33091845258,1265.4471448098,1639.12336631392,763.8929414681,746.863311073663,2764.37065366489,720.330139529423,"COL6A3"
"ENSG00000163516",197.59174633821,-0.861274515601396,0.481412037094918,-1.78905895415237,NA,NA,106.37954503175,124.708036294948,146.08858917823,704.503945047212,187.269653638882,139.006928591993,169.365977879784,162.986858642519,130.296505168971,105.31142390781,"ANKZF1"
"ENSG00000163660",407.667036991475,-1.23031595849438,0.562148686541729,-2.18859527372221,NA,NA,325.90824250636,196.155348755596,161.770415135215,1802.91433751799,184.515688144192,290.563093792985,340.477996768639,370.07604374125,214.728640518465,189.560563034059,"CCNL1"
"ENSG00000164465",124.24899932806,-0.902144103601962,0.520068298447387,-1.73466467057351,NA,NA,97.6757640746064,55.858807923779,73.456974219562,461.821352151771,89.5038785774068,125.492366089993,67.2225788491928,112.173308595146,96.9405998457146,62.3443629534237,"DCBLD1"
"ENSG00000164692",37820.9723279961,-0.547032086788433,0.492729205356888,-1.11020836768183,NA,NA,29626.7032913423,16946.0034736209,18607.7245368542,121438.188378466,33822.8272230284,38766.522536985,26806.0945917463,31669.3053804688,43830.7019668006,16695.6519006486,"COL1A2"
"ENSG00000164828",333.347588361559,-0.501497491919853,0.490836167613151,-1.02172073903711,NA,NA,247.574213892072,166.277381726598,147.739307700018,1056.75591757082,234.087067048602,229.747562533988,293.33488952375,432.394548516331,218.898128683872,306.666866419544,"SUN1"
"ENSG00000166341",66.61107560874,-2.2211166047498,0.634707019165769,-3.49943601958135,NA,NA,55.1239460619066,50.6626397448228,33.0143704357582,364.929421406204,33.0475859362733,42.4743392919978,35.7938406859338,27.8036405919592,11.4660924548695,11.7948794776748,"DCHS1"
"ENSG00000166343",13.5560296158146,-1.4247116321755,0.866838928120987,-1.64357135559635,NA,NA,4.83543386507953,2.59808408947809,3.30143704357582,76.0646932955859,6.8849137367236,6.75728125099965,4.36510252267486,11.5049547277073,12.5084644962212,6.73993113009986,"MSS51"
"ENSG00000166471",109.40775653046,-0.735619926808247,0.557463294072634,-1.31958450830738,NA,NA,69.6302476571452,58.4568920132571,54.473711219001,393.000915360527,41.3094824203416,83.0180267979957,71.5876813718676,162.986858642519,85.4745073908451,74.1392424310985,"TMEM41B"
"ENSG00000166482",431.686672865625,-0.269507920653321,0.47231300816841,-0.570612953681817,NA,NA,210.824916517467,203.94960102403,237.703467137459,1270.46148444889,406.209910466692,331.106781298983,460.08180588993,462.115681562908,350.237005894195,384.176074415692,"MFAP4"
"ENSG00000166979",23.5949606417251,-1.31398042444897,0.735847677703768,-1.78566905116732,NA,NA,9.67086773015905,116.913784026514,15.6818259569851,5.43319237825613,16.5237929681366,21.2371696459989,10.4762460544197,14.3811934096341,6.25423224811062,19.3773019990371,"EVA1C"
"ENSG00000167615",589.376400778026,-1.90014465185196,0.883987878066873,-2.14951437570303,NA,NA,336.546197009535,142.894624921295,137.83499656929,3586.81250171209,247.85689452205,262.568642895986,276.747499937586,416.095862652079,339.813285480677,146.593502079672,"LENG8"
"ENSG00000168906",567.509863172439,-0.857679706189418,0.431839449040536,-1.98610781876231,NA,NA,528.029378066684,354.63847821376,400.299241533568,1821.93051084189,322.213962878664,444.049910779977,336.112894245964,368.158551286632,449.262349822613,650.403354054637,"MAT2A"
"ENSG00000169246",47.6095345022492,-0.915175302239851,0.561319057210629,-1.63040126730713,NA,NA,23.2100825523817,37.6722192974323,25.5861370877126,178.38981641941,39.9324996729969,27.9944508969985,38.4129021995387,54.6485349566095,29.1864171578495,21.0622847815621,"NPIPB3"
"ENSG00000169908",48.8272910109614,1.87918383294872,1.11121448430993,1.6911081159239,NA,NA,28.0455164174613,19.4856306710857,6.60287408715164,20.8272374499818,4.13094824203416,32.8210803619983,13.0953075680246,15.339939636943,329.389565067159,18.5348106077746,"TM4SF1"
"ENSG00000172575",15.5827343734362,-1.1481173961139,1.01244247757013,-1.1340075328224,NA,NA,4.83543386507953,1.29904204473905,3.30143704357582,83.3089497999274,5.50793098937888,2.89597767899985,5.23812302720983,9.58746227308938,36.4830214473119,3.36996556504993,"RASGRP1"
"ENSG00000173209",213.686604397201,-1.70177164585456,0.921716581462708,-1.84630685839887,NA,NA,98.6428508476224,42.8683874763885,49.5215556536373,1271.36701651194,103.273706050854,94.6019375139951,148.413485770945,180.24429073408,94.855855763011,53.0769576495364,"AHSA2"
"ENSG00000174227",147.336380881381,-0.773277888239625,0.444394325489272,-1.74007147230842,NA,NA,102.511197939686,102.624321534385,95.7416742636988,483.554121664796,97.7657750614751,116.804433052994,107.381522057801,136.141964277869,122.999900879509,107.838898081598,"PIGG"
"ENSG00000175265",503.614207645171,-2.32062840406519,1.06990356917844,-2.16900706841007,NA,NA,146.030102725402,71.4473124606475,102.34454835085,3553.30781537951,133.567326492438,129.353669661993,234.842515719907,407.467146606299,206.38966418765,51.3919748670115,"GOLGA8A"
"ENSG00000176142",184.382027885506,-0.799035395921457,0.473805569751704,-1.68642043684752,NA,NA,137.326321768259,101.325279489646,125.454607655881,625.722655562498,140.452240229161,115.839107159994,177.223162420599,199.419215280259,111.533808424639,109.523880864123,"TMEM39A"
"ENSG00000176155",113.935309891535,-1.22327428530266,0.576586830773243,-2.1215786070975,NA,NA,72.5315079761929,81.8396488185599,42.9186815664857,496.231570547394,67.4721546198913,76.260745546996,109.127563066871,81.4934293212597,76.0931590186792,35.3846384330243,"CCDC57"
"ENSG00000178252",309.629476146747,-0.881651244976526,0.405502145189131,-2.17422091457818,NA,NA,214.693263609531,276.695955529417,237.703467137459,977.069096023061,275.396549468944,236.504843784988,165.00087535711,232.975333236072,241.830313593611,238.425063727283,"WDR6"
"ENSG00000179406",20.4251975069888,-0.846065721205792,0.633907485169148,-1.334683279501,NA,NA,7.73669418412724,15.5885045368685,10.7296703916214,76.9702253586286,20.6547412101708,13.5145625019993,21.8255126133743,16.2986858642519,12.5084644962212,8.42491391262483,"LINC00174"
"ENSG00000182944",698.039603164085,-0.916509510064271,0.492200607660058,-1.86206497066592,NA,NA,452.596609771444,401.403991824365,391.220289663735,2644.15362408465,373.162324530419,538.651848293972,436.510252267486,529.227917474534,585.813087239694,627.65608649055,"EWSR1"
"ENSG00000182983",32.7540907467306,-1.74178740903057,0.633517244865797,-2.74939225908451,NA,NA,22.2429957793658,28.578924984259,24.7607778268187,150.318322465086,17.9007757154814,15.4452142879992,24.4445741269792,25.8861481373413,14.5932085789248,3.36996556504993,"ZNF662"
"ENSG00000182985",23.2283049326829,-1.36036865057075,0.853786393206234,-1.5933360632068,NA,NA,9.67086773015905,2.59808408947809,6.60287408715164,127.680020889019,15.1468102207919,15.4452142879992,22.6985331179092,12.4637009550162,3.12711612405531,16.8498278252497,"CADM1"
"ENSG00000184205",291.579295714636,-0.836787262962169,0.539725684368035,-1.55039362994549,NA,NA,135.392148222227,128.605162429166,191.483348527398,1129.19848261423,165.237929681366,208.510392887989,181.588264943274,307.757538966169,182.41510723656,285.604581637982,"TSPYL2"
"ENSG00000184465",72.1235695898745,-1.04369081469489,0.453375124065298,-2.3020469348569,NA,NA,58.9922931539702,51.9616817895618,56.1244297407889,249.926849399782,59.2102581358229,51.1622723289973,55.8733122902382,55.6072811839184,38.5677655300155,43.8095523456491,"WDR27"
"ENSG00000184677",108.317786185071,-1.15448756120697,0.474102885079881,-2.43509921061217,NA,NA,67.6960741111134,90.9329431317332,75.1076927413499,412.922620747466,85.3729303353726,73.3647678679962,61.111435317448,65.1947434570078,78.1779031013827,73.296751039836,"ZBTB40"
"ENSG00000185112",241.973543586271,-0.879410784540322,0.493132373338951,-1.78331586422915,NA,NA,187.614833965086,849.573497259336,158.468978091639,138.546405645531,156.976033197298,148.660187521992,295.953951037355,202.295453962186,97.9829718870663,183.663123295221,"FAM43A"
"ENSG00000185864",48.4554452547786,-1.06591433159409,0.684150758715981,-1.55801088870325,NA,NA,20.308822233334,14.2894624921295,18.157903739667,229.0996119498,44.063447915031,32.8210803619983,34.0477996768639,37.3911028650486,37.5253934886637,16.8498278252497,"NPIPB4"
"ENSG00000186166",79.2084558154076,-1.03024026102151,0.607619020769038,-1.69553655466147,NA,NA,57.0581196079384,24.6817988500419,29.7129333921824,345.007716019265,50.9483616517546,51.1622723289973,56.7463327947731,75.7409519574061,47.9491139021814,53.0769576495364,"CCDC84"
"ENSG00000186340",644.388497586536,-0.578002278849085,0.562905769150927,-1.02681889318869,NA,NA,396.505576936521,274.097871439939,197.260863353655,2346.23357534361,422.733703434829,408.332852738979,507.224913134818,510.052992928355,473.236906773703,908.205719780957,"THBS2"
"ENSG00000187800",109.904184336017,-2.21229415879557,1.06474119387768,-2.07777643197839,NA,NA,34.8151238285726,40.2703033869104,19.8086222614549,735.292035190663,44.063447915031,30.8904285759984,85.5560094444272,18.2161783188698,83.3897633081416,6.73993113009986,"PEAR1"
"ENSG00000196187",111.472360315098,-0.791910260693874,0.49227375039151,-1.60867862660575,NA,NA,74.4656815222247,75.3444385948647,60.2512260452587,386.662190919228,106.027671545543,83.9833526909956,81.1909069217523,112.173308595146,78.1779031013827,56.4469232145864,"TMEM63A"
"ENSG00000196562",98.8444554077826,-0.164865263972469,0.63800827291121,-0.258406153920536,NA,NA,38.6834709206362,23.3827568053028,27.2368556095005,333.23579919971,71.6031028619254,65.6421607239966,84.6829889398922,156.275635051357,78.1779031013827,109.523880864123,"SULF2"
"ENSG00000197217",404.494385736456,-0.752758855902335,0.475259319218188,-1.58389078438407,NA,NA,338.480370555567,192.258222621379,227.799156006732,1380.9363961401,318.08301463663,347.517321479982,284.604684478401,421.848340015933,294.991287702551,238.425063727283,"ENTPD4"
"ENSG00000197457",106.652312557709,-0.370583146061443,0.691563657792128,-0.535862666995196,NA,NA,393.604316617474,16.8875465816076,38.7918852620159,44.3710710890918,95.0118095667857,90.7406339419953,52.3812302720983,46.019818910829,86.5168794321969,202.197933902996,"STMN3"
"ENSG00000197608",76.800515183887,-0.914189410561637,0.464542455773006,-1.96793511378936,NA,NA,60.926466700002,63.6530601922132,44.5694000882736,258.076637967166,59.2102581358229,55.0235759009971,41.0319637131436,72.8647132754793,64.6270665638097,48.0220093019615,"ZNF841"
"ENSG00000197989",77.518904467787,-0.383000685431398,0.571493513417617,-0.670175035130314,NA,NA,37.7163841476203,23.3827568053028,44.5694000882736,254.454509714996,56.4562926411335,56.954227686997,83.8099684353572,88.2046529124223,91.7287396389557,37.9121126068117,"SNHG12"
"ENSG00000198408",778.491496419387,-0.787309035062795,0.448117540247452,-1.7569252804254,NA,NA,587.988757993671,437.777169077058,528.229926972131,2610.64893775207,516.36853025427,589.814120622969,440.87535479016,633.731256251208,727.575684863535,711.905225616798,"MGEA5"
"ENSG00000198563",372.510931082972,-1.60952948310117,0.848731844910454,-1.89639341654605,NA,NA,174.075619142863,97.4281533554284,121.327811351411,2104.45651451121,188.646636386227,264.499294681986,142.3023422392,263.655212509958,253.29640604848,115.42132060296,"DDX39B"
"ENSG00000198932",10.2979071892966,-0.812266659352963,0.801907437601473,-1.01291822630112,NA,NA,3.86834709206362,6.49521022369523,1.65071852178791,43.4655390260491,8.26189648406832,5.7919553579997,12.2222870634896,8.62871604578044,4.16948816540708,8.42491391262483,"GPRASP1"
"ENSG00000204248",14.039507876535,-1.43384429879303,0.835422453553958,-1.71631046387769,NA,NA,8.70378095714315,3.89712613421714,3.30143704357582,74.2536291695005,6.8849137367236,6.75728125099965,11.3492665589546,14.3811934096341,8.33897633081416,2.52747417378745,"COL11A2"
"ENSG00000204257",30.1841283621503,-3.13556937542245,0.925794512045143,-3.38689561736088,NA,NA,9.67086773015905,2.59808408947809,8.25359260893955,237.249400517185,9.63887923141304,7.7226071439996,9.60322554988468,5.75247736385363,2.08474408270354,9.26740530388731,"HLA-DMA"
"ENSG00000204262",1552.11790864673,-0.953231189800498,0.574779414323747,-1.65842959237156,NA,NA,938.074169825428,667.70761099587,571.148608538617,6568.72958531167,765.602407523664,923.816879600952,1165.48237355419,1849.42147247894,1069.47371442692,1001.72226421109,"COL5A2"
"ENSG00000204681",182.826186218291,-1.3234078044568,0.657038095990901,-2.01420254401067,NA,NA,101.54411116667,41.5693454316495,75.1076927413499,924.548236366585,119.797499018991,109.081825908994,124.841932148501,151.481903914812,122.999900879509,57.2894146058489,"GABBR1"
"ENSG00000206573",124.156146861173,-0.605448406120712,0.461659349127264,-1.31146137788669,NA,NA,71.564421203177,67.5501863264304,90.7895186983351,394.811979486612,100.519740556165,116.804433052994,98.6513170124517,110.255816140528,102.152460052473,88.4615960825607,"THUMPD3-AS1"
"ENSG00000212907",567.142012293001,-0.556131667207293,0.563690457287951,-0.986590530347054,NA,NA,345.249977966678,259.808408947809,204.689096701701,1997.60373107217,264.380687490186,370.685142911981,426.907026717601,904.097692352329,377.338678969341,520.659679800215,"MT-ND4L"
"ENSG00000213903",20.9097401730615,-1.25920466621181,0.785463324116362,-1.60313617141629,NA,NA,9.67086773015905,10.3923363579124,3.30143704357582,105.041719312952,15.1468102207919,7.7226071439996,19.2064510997694,22.0511632281056,7.29660428946239,9.26740530388731,"LTB4R"
"ENSG00000213983",33.4901568184649,-1.3997597395811,0.674491159909867,-2.07528255784427,NA,NA,13.5392148222227,23.3827568053028,10.7296703916214,165.712367536812,19.2777584628261,24.1331473249987,19.2064510997694,28.7623868192681,16.6779526616283,13.4798622601997,"AP1G2"
"ENSG00000214021",174.981867074304,-1.54675675627861,0.933062201552112,-1.6577209469054,NA,NA,59.9593799269861,40.2703033869104,46.2201186100615,1009.6682502926,85.3729303353726,76.260745546996,101.270378526057,209.965423780657,67.754182687865,53.0769576495364,"TTLL3"
"ENSG00000214548",1965.38505121664,-2.4117717674043,1.06301201259131,-2.2688095137562,NA,NA,693.401216252404,297.480628245242,231.925952311201,14109.0950742681,662.32870147281,498.108160787974,770.004084999845,1301.97737668554,840.151865329526,249.377451813695,"MEG3"
"ENSG00000215252",73.0503473992195,-1.53349718829407,0.767253370401468,-1.99868419931693,NA,NA,29.9796899634931,14.2894624921295,23.9354185659247,412.922620747466,23.4087067048602,52.1275982219973,24.4445741269792,90.1221453670402,32.3135332819049,26.9597245203995,"GOLGA8B"
"ENSG00000221978",856.220440934895,-1.60378419941022,0.876533308812285,-1.82968996532872,NA,NA,439.057394949221,196.155348755596,229.44987452852,4868.1403709175,402.078962224658,371.650468804981,456.58972387179,843.696680031865,481.575883104518,273.809702160307,"CCNL2"
"ENSG00000223403",38.9273830421783,-3.07265112903548,0.914157404093684,-3.36118387848291,NA,NA,7.73669418412724,5.19616817895618,5.77751482625769,311.503029686685,12.3928447261025,7.7226071439996,10.4762460544197,11.5049547277073,9.38134837216593,7.58242252136235,"MEG9"
"ENSG00000223705",62.1933805299692,-1.09633514774007,0.528755780341285,-2.07342442106721,NA,NA,54.1568592888907,37.6722192974323,34.6650889575461,239.06046464327,28.9166376942391,28.9597767899985,55.8733122902382,57.5247736385363,39.6101375713672,45.4945351281741,"NSUN5P1"
"ENSG00000223959",87.113929250153,-1.1985680958904,0.521297337079782,-2.2992024141243,NA,NA,59.9593799269861,57.157849968518,52.8229926972131,356.779632838819,41.3094824203416,56.954227686997,64.6035173355879,69.9884745935525,67.754182687865,43.8095523456491,"AFG3L1P"
"ENSG00000224660",29.8359285997648,-1.23328375582944,0.659480311658209,-1.87008426791157,NA,NA,20.308822233334,11.6913784026514,12.3803889134093,137.640873582489,13.7698274734472,16.4105401809991,21.8255126133743,28.7623868192681,22.9321849097389,12.6373708689372,"SH3BP5-AS1"
"ENSG00000225697",77.7507404888522,-0.939289847222186,0.576336464106945,-1.6297595340903,NA,NA,48.3543386507953,38.9712613421714,36.315807479334,312.408561749728,46.8174134097205,70.4687901889964,72.4607018764026,70.9472208208614,52.1186020675885,28.6447073029244,"SLC26A6"
"ENSG00000225855",15.5471661983227,-1.9653484483574,0.852898967235836,-2.30431566206125,NA,NA,13.5392148222227,5.19616817895618,4.95215556536373,88.7421421781835,1.37698274734472,10.6185848229995,10.4762460544197,10.5462085003983,8.33897633081416,1.68498278252497,"RUSC1-AS1"
"ENSG00000228495",18.7189113169337,2.24564531836399,0.902624681629486,2.48790595257154,NA,NA,0.967086773015906,5.19616817895618,2.47607778268187,14.488513008683,8.26189648406832,11.5839107159994,12.2222870634896,17.2574320915609,5.21186020675885,109.523880864123,"LINC01013"
"ENSG00000230373",25.3076008668441,-1.18124543025024,0.634840277682417,-1.86069704739366,NA,NA,14.5063015952386,14.2894624921295,15.6818259569851,107.75831550208,13.7698274734472,12.5492366089993,8.73020504534971,16.2986858642519,20.8474408270354,28.6447073029244,"GOLGA6L5P"
"ENSG00000234771",16.2448936241374,-1.55354591347005,0.741623914386291,-2.09478939841853,NA,NA,7.73669418412724,6.49521022369523,9.07895186983351,84.2144818629701,4.13094824203416,8.68793303699955,10.4762460544197,13.4224471823251,11.4660924548695,6.73993113009986,"SLC25A25-AS1"
"ENSG00000236017",25.615398264443,-1.44637578527893,1.38310485514072,-1.04574557735304,NA,NA,0.967086773015906,1.29904204473905,0.825359260893955,162.090239284641,11.0158619787578,8.68793303699955,18.3334305952344,41.2260877742843,8.33897633081416,3.36996556504993,"ASMTL-AS1"
"ENSG00000239382",11.3669974658812,-0.177999638409489,0.75253905780451,-0.236532093003642,NA,NA,3.86834709206362,2.59808408947809,4.12679630446978,38.0323466477929,9.63887923141304,10.6185848229995,13.9683280725595,15.339939636943,10.4237204135177,5.0549483475749,"ALKBH6"
"ENSG00000240053",17.0464117062903,-2.89834214975434,1.04153453170351,-2.78276145584331,NA,NA,10.637954503175,3.89712613421714,1.65071852178791,125.868956762934,1.37698274734472,4.82662946499975,7.85718454081474,12.4637009550162,1.04237204135177,0.842491391262483,"LY6G5B"
"ENSG00000241343",30.4136560834953,-1.4951115556219,0.717858443079686,-2.08273869317149,NA,NA,13.5392148222227,10.3923363579124,14.0311074351972,160.279175158556,17.9007757154814,14.4798883949993,22.6985331179092,18.2161783188698,25.0169289924425,7.58242252136235,"RPL36A"
"ENSG00000242086",116.044685102296,-0.73486332894709,0.618835459204936,-1.18749389359689,NA,NA,47.3872518777794,58.4568920132571,63.5526630888345,440.99411470179,72.9800856092701,70.4687901889964,63.7304968310529,60.4010123204631,58.3728343156991,224.102710075821,"LINC00969"
"ENSG00000243678",70.0163082652168,-1.75610066192934,0.615478788148506,-2.85322694420075,NA,NA,47.3872518777794,35.0741352079542,352.428404401719,49.8042634673479,26.1626721995497,22.2024955389988,34.0477996768639,74.7822057300972,27.101673075146,31.1721814767119,"NME2"
"ENSG00000243716",42.7843897944082,-1.14470292624197,0.658205339303805,-1.73912737847545,NA,NA,17.4075619142863,27.27988293952,16.5071852178791,193.783861491135,12.3928447261025,27.0291250039986,34.0477996768639,46.019818910829,32.3135332819049,21.0622847815621,"NPIPB5"
"ENSG00000244754",350.65611331296,-0.593292200381002,0.414254589949358,-1.43219221892878,NA,NA,294.961465769851,214.341937381943,224.497718963156,1024.15676330128,250.610860016739,279.944508969985,327.382689200614,260.778973828031,376.296306927989,253.589908770007,"N4BP2L2"
"ENSG00000245532",3003.85981396242,-1.05140414043481,0.585649849501941,-1.7952777437388,NA,NA,2004.77088046197,1679.66136384759,1153.02688746886,12588.7067404195,1809.35533001096,1330.21908055393,2451.4415767342,4274.09068134325,1700.10879944474,1047.21679933927,"NEAT1"
"ENSG00000245849",19.0875238634069,-1.65568128758503,0.990120734991641,-1.67220140844643,NA,NA,11.6050412761909,0,1.65071852178791,115.908104069464,12.3928447261025,14.4798883949993,11.3492665589546,13.4224471823251,4.16948816540708,5.89743973883738,"RAD51-AS1"
"ENSG00000246922",15.924875764005,-1.51711292497368,0.903223377905738,-1.679665254559,NA,NA,8.70378095714315,2.59808408947809,1.65071852178791,91.4587383673116,6.8849137367236,7.7226071439996,12.2222870634896,16.2986858642519,8.33897633081416,3.36996556504993,"UBAP1L"
"ENSG00000249669",56.589441733799,-2.3299080242249,0.761060050170608,-3.0613984056877,NA,NA,23.2100825523817,19.4856306710857,28.8875741312884,364.023889343161,20.6547412101708,29.9251026829984,16.5873895861645,29.7211330465771,29.1864171578495,4.21245695631242,"CARMN"
"ENSG00000251474",33.0654518111807,-0.818078897199251,0.516592183156674,-1.58360680605022,NA,NA,19.3417354603181,22.0837147605638,23.9354185659247,113.191507880336,19.2777584628261,27.0291250039986,29.682697154189,22.0511632281056,27.101673075146,26.9597245203995,"RPL32P3"
"ENSG00000251562",11639.4607607239,-1.58633780845195,0.895608115831057,-1.77124099303181,NA,NA,5032.71956677477,6352.31559877393,2245.80254889245,63990.3287669747,3684.80583189447,3837.1704246748,6123.36581880829,12741.7373609358,9723.24640172931,2663.11528778071,"MALAT1"
"ENSG00000261326",16.1148410718429,-2.06773821522509,0.89062684120557,-2.32166617887483,NA,NA,7.73669418412724,1.29904204473905,8.25359260893955,101.419591060781,2.75396549468944,3.8613035719998,5.23812302720983,13.4224471823251,10.4237204135177,6.73993113009986,"LINC01355"
"ENSG00000261556",44.9503617159196,-1.03162012243865,0.570224852277622,-1.80914619613316,NA,NA,32.8809502825408,29.8779670289981,20.6339815223489,175.673220230282,27.5396549468944,44.4049910779977,36.6668611904688,36.4323566377396,30.2287891992013,15.1648450427247,"SMG1P7"
"ENSG00000266173",25.6809331170346,-0.999872635460668,0.619613847711693,-1.61370285566295,NA,NA,11.6050412761909,16.8875465816076,14.0311074351972,104.136187249909,12.3928447261025,21.2371696459989,15.7143690816295,28.7623868192681,17.7203247029801,14.3223536514622,"STRADA"
"ENSG00000269821",48.4538208508898,-2.19133896336868,0.688417876047491,-3.1831523259537,NA,NA,16.4404751412704,41.5693454316495,19.8086222614549,287.053663984532,11.0158619787578,27.9944508969985,24.4445741269792,23.9686556827235,18.7626967443319,13.4798622601997,"KCNQ1OT1"
"ENSG00000270069",52.1439256830647,-1.3193994085849,0.671892991261551,-1.96370467581092,NA,NA,37.7163841476203,18.1865886263466,20.6339815223489,249.021317336739,23.4087067048602,40.5436875059979,50.6351892630283,27.8036405919592,41.6948816540708,11.7948794776748,"MIR222HG"
